Entity,Code,Date,stringency_index
Afghanistan,AFG,2020-01-01,0
Afghanistan,AFG,2020-01-02,0
Afghanistan,AFG,2020-01-03,0
Afghanistan,AFG,2020-01-04,0
Afghanistan,AFG,2020-01-05,0
Afghanistan,AFG,2020-01-06,0
Afghanistan,AFG,2020-01-07,0
Afghanistan,AFG,2020-01-08,0
Afghanistan,AFG,2020-01-09,0
Afghanistan,AFG,2020-01-10,0
Afghanistan,AFG,2020-01-11,0
Afghanistan,AFG,2020-01-12,0
Afghanistan,AFG,2020-01-13,0
Afghanistan,AFG,2020-01-14,0
Afghanistan,AFG,2020-01-15,0
Afghanistan,AFG,2020-01-16,0
Afghanistan,AFG,2020-01-17,0
Afghanistan,AFG,2020-01-18,0
Afghanistan,AFG,2020-01-19,0
Afghanistan,AFG,2020-01-20,0
Afghanistan,AFG,2020-01-21,0
Afghanistan,AFG,2020-01-22,0
Afghanistan,AFG,2020-01-23,0
Afghanistan,AFG,2020-01-24,0
Afghanistan,AFG,2020-01-25,0
Afghanistan,AFG,2020-01-26,0
Afghanistan,AFG,2020-01-27,0
Afghanistan,AFG,2020-01-28,0
Afghanistan,AFG,2020-01-29,0
Afghanistan,AFG,2020-01-30,0
Afghanistan,AFG,2020-01-31,0
Afghanistan,AFG,2020-02-01,0
Afghanistan,AFG,2020-02-02,0
Afghanistan,AFG,2020-02-03,0
Afghanistan,AFG,2020-02-04,0
Afghanistan,AFG,2020-02-05,0
Afghanistan,AFG,2020-02-06,0
Afghanistan,AFG,2020-02-07,0
Afghanistan,AFG,2020-02-08,0
Afghanistan,AFG,2020-02-09,0
Afghanistan,AFG,2020-02-10,0
Afghanistan,AFG,2020-02-11,0
Afghanistan,AFG,2020-02-12,0
Afghanistan,AFG,2020-02-13,0
Afghanistan,AFG,2020-02-14,0
Afghanistan,AFG,2020-02-15,0
Afghanistan,AFG,2020-02-16,0
Afghanistan,AFG,2020-02-17,0
Afghanistan,AFG,2020-02-18,0
Afghanistan,AFG,2020-02-19,0
Afghanistan,AFG,2020-02-20,0
Afghanistan,AFG,2020-02-21,0
Afghanistan,AFG,2020-02-22,0
Afghanistan,AFG,2020-02-23,8.33
Afghanistan,AFG,2020-02-24,8.33
Afghanistan,AFG,2020-02-25,8.33
Afghanistan,AFG,2020-02-26,8.33
Afghanistan,AFG,2020-02-27,8.33
Afghanistan,AFG,2020-02-28,8.33
Afghanistan,AFG,2020-02-29,8.33
Afghanistan,AFG,2020-03-01,27.78
Afghanistan,AFG,2020-03-02,27.78
Afghanistan,AFG,2020-03-03,27.78
Afghanistan,AFG,2020-03-04,27.78
Afghanistan,AFG,2020-03-05,27.78
Afghanistan,AFG,2020-03-06,27.78
Afghanistan,AFG,2020-03-07,27.78
Afghanistan,AFG,2020-03-08,27.78
Afghanistan,AFG,2020-03-09,27.78
Afghanistan,AFG,2020-03-10,27.78
Afghanistan,AFG,2020-03-11,27.78
Afghanistan,AFG,2020-03-12,27.78
Afghanistan,AFG,2020-03-13,27.78
Afghanistan,AFG,2020-03-14,38.89
Afghanistan,AFG,2020-03-15,38.89
Afghanistan,AFG,2020-03-16,38.89
Afghanistan,AFG,2020-03-17,38.89
Afghanistan,AFG,2020-03-18,41.67
Afghanistan,AFG,2020-03-19,41.67
Afghanistan,AFG,2020-03-20,41.67
Afghanistan,AFG,2020-03-21,41.67
Afghanistan,AFG,2020-03-22,41.67
Afghanistan,AFG,2020-03-23,41.67
Afghanistan,AFG,2020-03-24,50.93
Afghanistan,AFG,2020-03-25,59.26
Afghanistan,AFG,2020-03-26,59.26
Afghanistan,AFG,2020-03-27,59.26
Afghanistan,AFG,2020-03-28,67.59
Afghanistan,AFG,2020-03-29,67.59
Afghanistan,AFG,2020-03-30,67.59
Afghanistan,AFG,2020-03-31,67.59
Afghanistan,AFG,2020-04-01,67.59
Afghanistan,AFG,2020-04-02,67.59
Afghanistan,AFG,2020-04-03,67.59
Afghanistan,AFG,2020-04-04,67.59
Afghanistan,AFG,2020-04-05,78.7
Afghanistan,AFG,2020-04-06,78.7
Afghanistan,AFG,2020-04-07,78.7
Afghanistan,AFG,2020-04-08,78.7
Afghanistan,AFG,2020-04-09,78.7
Afghanistan,AFG,2020-04-10,78.7
Afghanistan,AFG,2020-04-11,78.7
Afghanistan,AFG,2020-04-12,84.26
Afghanistan,AFG,2020-04-13,84.26
Afghanistan,AFG,2020-04-14,84.26
Afghanistan,AFG,2020-04-15,84.26
Afghanistan,AFG,2020-04-16,84.26
Afghanistan,AFG,2020-04-17,84.26
Afghanistan,AFG,2020-04-18,84.26
Afghanistan,AFG,2020-04-19,84.26
Afghanistan,AFG,2020-04-20,84.26
Afghanistan,AFG,2020-04-21,84.26
Afghanistan,AFG,2020-04-22,84.26
Afghanistan,AFG,2020-04-23,84.26
Afghanistan,AFG,2020-04-24,84.26
Afghanistan,AFG,2020-04-25,84.26
Afghanistan,AFG,2020-04-26,84.26
Afghanistan,AFG,2020-04-27,84.26
Afghanistan,AFG,2020-04-28,84.26
Afghanistan,AFG,2020-04-29,84.26
Afghanistan,AFG,2020-04-30,84.26
Afghanistan,AFG,2020-05-01,84.26
Afghanistan,AFG,2020-05-02,84.26
Afghanistan,AFG,2020-05-03,84.26
Afghanistan,AFG,2020-05-04,84.26
Afghanistan,AFG,2020-05-05,84.26
Afghanistan,AFG,2020-05-06,84.26
Afghanistan,AFG,2020-05-07,84.26
Afghanistan,AFG,2020-05-08,84.26
Afghanistan,AFG,2020-05-09,84.26
Afghanistan,AFG,2020-05-10,84.26
Afghanistan,AFG,2020-05-11,84.26
Afghanistan,AFG,2020-05-12,84.26
Afghanistan,AFG,2020-05-13,84.26
Afghanistan,AFG,2020-05-14,84.26
Afghanistan,AFG,2020-05-15,84.26
Afghanistan,AFG,2020-05-16,84.26
Afghanistan,AFG,2020-05-17,84.26
Afghanistan,AFG,2020-05-18,84.26
Afghanistan,AFG,2020-05-19,84.26
Afghanistan,AFG,2020-05-20,84.26
Afghanistan,AFG,2020-05-21,84.26
Afghanistan,AFG,2020-05-22,84.26
Afghanistan,AFG,2020-05-23,84.26
Afghanistan,AFG,2020-05-24,84.26
Afghanistan,AFG,2020-05-25,84.26
Afghanistan,AFG,2020-05-26,84.26
Afghanistan,AFG,2020-05-27,84.26
Afghanistan,AFG,2020-05-28,84.26
Afghanistan,AFG,2020-05-29,84.26
Afghanistan,AFG,2020-05-30,84.26
Afghanistan,AFG,2020-05-31,84.26
Afghanistan,AFG,2020-06-01,84.26
Afghanistan,AFG,2020-06-02,84.26
Afghanistan,AFG,2020-06-03,84.26
Afghanistan,AFG,2020-06-04,84.26
Afghanistan,AFG,2020-06-05,84.26
Afghanistan,AFG,2020-06-06,84.26
Afghanistan,AFG,2020-06-07,84.26
Afghanistan,AFG,2020-06-08,84.26
Afghanistan,AFG,2020-06-09,78.7
Afghanistan,AFG,2020-06-10,78.7
Afghanistan,AFG,2020-06-11,78.7
Afghanistan,AFG,2020-06-12,78.7
Afghanistan,AFG,2020-06-13,78.7
Afghanistan,AFG,2020-06-14,78.7
Afghanistan,AFG,2020-06-15,78.7
Afghanistan,AFG,2020-06-16,78.7
Afghanistan,AFG,2020-06-17,78.7
Afghanistan,AFG,2020-06-18,78.7
Afghanistan,AFG,2020-06-19,78.7
Afghanistan,AFG,2020-06-20,78.7
Afghanistan,AFG,2020-06-21,78.7
Afghanistan,AFG,2020-06-22,78.7
Afghanistan,AFG,2020-06-23,78.7
Afghanistan,AFG,2020-06-24,78.7
Afghanistan,AFG,2020-06-25,78.7
Afghanistan,AFG,2020-06-26,78.7
Afghanistan,AFG,2020-06-27,78.7
Afghanistan,AFG,2020-06-28,78.7
Afghanistan,AFG,2020-06-29,78.7
Afghanistan,AFG,2020-06-30,78.7
Afghanistan,AFG,2020-07-01,78.7
Afghanistan,AFG,2020-07-02,78.7
Afghanistan,AFG,2020-07-03,78.7
Afghanistan,AFG,2020-07-04,78.7
Afghanistan,AFG,2020-07-05,78.7
Afghanistan,AFG,2020-07-06,78.7
Afghanistan,AFG,2020-07-07,78.7
Afghanistan,AFG,2020-07-08,78.7
Afghanistan,AFG,2020-07-09,78.7
Afghanistan,AFG,2020-07-10,78.7
Afghanistan,AFG,2020-07-11,78.7
Afghanistan,AFG,2020-07-12,78.7
Afghanistan,AFG,2020-07-13,78.7
Afghanistan,AFG,2020-07-14,78.7
Afghanistan,AFG,2020-07-15,78.7
Afghanistan,AFG,2020-07-16,78.7
Afghanistan,AFG,2020-07-17,78.7
Afghanistan,AFG,2020-07-18,78.7
Afghanistan,AFG,2020-07-19,78.7
Afghanistan,AFG,2020-07-20,78.7
Afghanistan,AFG,2020-07-21,78.7
Afghanistan,AFG,2020-07-22,78.7
Afghanistan,AFG,2020-07-23,78.7
Afghanistan,AFG,2020-07-24,78.7
Afghanistan,AFG,2020-07-25,78.7
Afghanistan,AFG,2020-07-26,78.7
Afghanistan,AFG,2020-07-27,78.7
Afghanistan,AFG,2020-07-28,78.7
Afghanistan,AFG,2020-07-29,78.7
Afghanistan,AFG,2020-07-30,78.7
Afghanistan,AFG,2020-07-31,78.7
Afghanistan,AFG,2020-08-01,78.7
Afghanistan,AFG,2020-08-02,78.7
Afghanistan,AFG,2020-08-03,78.7
Afghanistan,AFG,2020-08-04,75
Afghanistan,AFG,2020-08-05,71.3
Afghanistan,AFG,2020-08-06,71.3
Afghanistan,AFG,2020-08-07,71.3
Afghanistan,AFG,2020-08-08,71.3
Afghanistan,AFG,2020-08-09,71.3
Afghanistan,AFG,2020-08-10,71.3
Afghanistan,AFG,2020-08-11,71.3
Afghanistan,AFG,2020-08-12,71.3
Afghanistan,AFG,2020-08-13,71.3
Afghanistan,AFG,2020-08-14,71.3
Afghanistan,AFG,2020-08-15,60.19
Afghanistan,AFG,2020-08-16,60.19
Afghanistan,AFG,2020-08-17,60.19
Afghanistan,AFG,2020-08-18,48.15
Afghanistan,AFG,2020-08-19,48.15
Afghanistan,AFG,2020-08-20,48.15
Afghanistan,AFG,2020-08-21,48.15
Afghanistan,AFG,2020-08-22,48.15
Afghanistan,AFG,2020-08-23,48.15
Afghanistan,AFG,2020-08-24,48.15
Afghanistan,AFG,2020-08-25,48.15
Afghanistan,AFG,2020-08-26,21.3
Afghanistan,AFG,2020-08-27,21.3
Afghanistan,AFG,2020-08-28,21.3
Afghanistan,AFG,2020-08-29,21.3
Afghanistan,AFG,2020-08-30,21.3
Afghanistan,AFG,2020-08-31,21.3
Afghanistan,AFG,2020-09-01,21.3
Afghanistan,AFG,2020-09-02,21.3
Afghanistan,AFG,2020-09-03,21.3
Afghanistan,AFG,2020-09-04,21.3
Afghanistan,AFG,2020-09-05,21.3
Afghanistan,AFG,2020-09-06,21.3
Afghanistan,AFG,2020-09-07,21.3
Afghanistan,AFG,2020-09-08,21.3
Afghanistan,AFG,2020-09-09,21.3
Afghanistan,AFG,2020-09-10,21.3
Afghanistan,AFG,2020-09-11,21.3
Afghanistan,AFG,2020-09-12,21.3
Afghanistan,AFG,2020-09-13,21.3
Afghanistan,AFG,2020-09-14,21.3
Afghanistan,AFG,2020-09-15,21.3
Afghanistan,AFG,2020-09-16,21.3
Afghanistan,AFG,2020-09-17,21.3
Afghanistan,AFG,2020-09-18,21.3
Afghanistan,AFG,2020-09-19,21.3
Afghanistan,AFG,2020-09-20,21.3
Afghanistan,AFG,2020-09-21,21.3
Afghanistan,AFG,2020-09-22,28.7
Afghanistan,AFG,2020-09-23,28.7
Afghanistan,AFG,2020-09-24,28.7
Afghanistan,AFG,2020-09-25,28.7
Afghanistan,AFG,2020-09-26,28.7
Afghanistan,AFG,2020-09-27,28.7
Afghanistan,AFG,2020-09-28,28.7
Afghanistan,AFG,2020-09-29,28.7
Afghanistan,AFG,2020-09-30,28.7
Afghanistan,AFG,2020-10-01,28.7
Afghanistan,AFG,2020-10-02,28.7
Afghanistan,AFG,2020-10-03,25
Afghanistan,AFG,2020-10-04,25
Afghanistan,AFG,2020-10-05,25
Afghanistan,AFG,2020-10-06,16.67
Afghanistan,AFG,2020-10-07,16.67
Afghanistan,AFG,2020-10-08,16.67
Afghanistan,AFG,2020-10-09,16.67
Afghanistan,AFG,2020-10-10,16.67
Afghanistan,AFG,2020-10-11,16.67
Afghanistan,AFG,2020-10-12,16.67
Afghanistan,AFG,2020-10-13,16.67
Afghanistan,AFG,2020-10-14,16.67
Afghanistan,AFG,2020-10-15,16.67
Afghanistan,AFG,2020-10-16,16.67
Afghanistan,AFG,2020-10-17,16.67
Afghanistan,AFG,2020-10-18,16.67
Afghanistan,AFG,2020-10-19,16.67
Afghanistan,AFG,2020-10-20,16.67
Afghanistan,AFG,2020-10-21,16.67
Afghanistan,AFG,2020-10-22,16.67
Afghanistan,AFG,2020-10-23,16.67
Afghanistan,AFG,2020-10-24,16.67
Afghanistan,AFG,2020-10-25,16.67
Afghanistan,AFG,2020-10-26,16.67
Afghanistan,AFG,2020-10-27,9.26
Afghanistan,AFG,2020-10-28,9.26
Afghanistan,AFG,2020-10-29,9.26
Afghanistan,AFG,2020-10-30,9.26
Afghanistan,AFG,2020-10-31,9.26
Afghanistan,AFG,2020-11-01,9.26
Afghanistan,AFG,2020-11-02,9.26
Afghanistan,AFG,2020-11-03,9.26
Afghanistan,AFG,2020-11-04,9.26
Afghanistan,AFG,2020-11-05,9.26
Afghanistan,AFG,2020-11-06,9.26
Afghanistan,AFG,2020-11-07,9.26
Afghanistan,AFG,2020-11-08,9.26
Afghanistan,AFG,2020-11-09,12.04
Afghanistan,AFG,2020-11-10,12.04
Afghanistan,AFG,2020-11-11,12.04
Afghanistan,AFG,2020-11-12,12.04
Afghanistan,AFG,2020-11-13,12.04
Afghanistan,AFG,2020-11-14,12.04
Afghanistan,AFG,2020-11-15,12.04
Afghanistan,AFG,2020-11-16,12.04
Afghanistan,AFG,2020-11-17,12.04
Afghanistan,AFG,2020-11-18,12.04
Afghanistan,AFG,2020-11-19,12.04
Afghanistan,AFG,2020-11-20,12.04
Afghanistan,AFG,2020-11-21,12.04
Afghanistan,AFG,2020-11-22,12.04
Afghanistan,AFG,2020-11-23,12.04
Afghanistan,AFG,2020-11-24,12.04
Afghanistan,AFG,2020-11-25,12.04
Afghanistan,AFG,2020-11-26,12.04
Afghanistan,AFG,2020-11-27,12.04
Afghanistan,AFG,2020-11-28,12.04
Afghanistan,AFG,2020-11-29,12.04
Afghanistan,AFG,2020-11-30,12.04
Afghanistan,AFG,2020-12-01,12.04
Afghanistan,AFG,2020-12-02,12.04
Afghanistan,AFG,2020-12-03,12.04
Afghanistan,AFG,2020-12-04,12.04
Afghanistan,AFG,2020-12-05,12.04
Afghanistan,AFG,2020-12-06,12.04
Afghanistan,AFG,2020-12-07,12.04
Afghanistan,AFG,2020-12-08,12.04
Afghanistan,AFG,2020-12-09,12.04
Afghanistan,AFG,2020-12-10,12.04
Afghanistan,AFG,2020-12-11,12.04
Afghanistan,AFG,2020-12-12,12.04
Afghanistan,AFG,2020-12-13,12.04
Afghanistan,AFG,2020-12-14,12.04
Afghanistan,AFG,2020-12-15,12.04
Afghanistan,AFG,2020-12-16,12.04
Afghanistan,AFG,2020-12-17,12.04
Afghanistan,AFG,2020-12-18,12.04
Afghanistan,AFG,2020-12-19,12.04
Afghanistan,AFG,2020-12-20,12.04
Afghanistan,AFG,2020-12-21,12.04
Afghanistan,AFG,2020-12-22,12.04
Afghanistan,AFG,2020-12-23,12.04
Afghanistan,AFG,2020-12-24,12.04
Afghanistan,AFG,2020-12-25,12.04
Afghanistan,AFG,2020-12-26,12.04
Afghanistan,AFG,2020-12-27,12.04
Afghanistan,AFG,2020-12-28,12.04
Afghanistan,AFG,2020-12-29,12.04
Afghanistan,AFG,2020-12-30,12.04
Afghanistan,AFG,2020-12-31,12.04
Afghanistan,AFG,2021-01-01,12.04
Afghanistan,AFG,2021-01-02,12.04
Afghanistan,AFG,2021-01-03,12.04
Afghanistan,AFG,2021-01-04,12.04
Afghanistan,AFG,2021-01-05,12.04
Afghanistan,AFG,2021-01-06,12.04
Afghanistan,AFG,2021-01-07,12.04
Afghanistan,AFG,2021-01-08,12.04
Afghanistan,AFG,2021-01-09,12.04
Afghanistan,AFG,2021-01-10,12.04
Afghanistan,AFG,2021-01-11,12.04
Afghanistan,AFG,2021-01-12,12.04
Afghanistan,AFG,2021-01-13,12.04
Afghanistan,AFG,2021-01-14,12.04
Afghanistan,AFG,2021-01-15,12.04
Afghanistan,AFG,2021-01-16,12.04
Afghanistan,AFG,2021-01-17,12.04
Afghanistan,AFG,2021-01-18,12.04
Afghanistan,AFG,2021-01-19,12.04
Afghanistan,AFG,2021-01-20,12.04
Afghanistan,AFG,2021-01-21,12.04
Afghanistan,AFG,2021-01-22,12.04
Afghanistan,AFG,2021-01-23,12.04
Afghanistan,AFG,2021-01-24,12.04
Afghanistan,AFG,2021-01-25,12.04
Afghanistan,AFG,2021-01-26,12.04
Afghanistan,AFG,2021-01-27,12.04
Afghanistan,AFG,2021-01-28,12.04
Afghanistan,AFG,2021-01-29,12.04
Afghanistan,AFG,2021-01-30,12.04
Afghanistan,AFG,2021-01-31,12.04
Afghanistan,AFG,2021-02-01,12.04
Afghanistan,AFG,2021-02-02,12.04
Afghanistan,AFG,2021-02-03,12.04
Afghanistan,AFG,2021-02-04,12.04
Afghanistan,AFG,2021-02-05,12.04
Afghanistan,AFG,2021-02-06,12.04
Afghanistan,AFG,2021-02-07,12.04
Afghanistan,AFG,2021-02-08,12.04
Afghanistan,AFG,2021-02-09,12.04
Afghanistan,AFG,2021-02-10,12.04
Afghanistan,AFG,2021-02-11,12.04
Afghanistan,AFG,2021-02-12,12.04
Afghanistan,AFG,2021-02-13,12.04
Afghanistan,AFG,2021-02-14,12.04
Afghanistan,AFG,2021-02-15,12.04
Afghanistan,AFG,2021-02-16,12.04
Afghanistan,AFG,2021-02-17,12.04
Afghanistan,AFG,2021-02-18,12.04
Afghanistan,AFG,2021-02-19,12.04
Afghanistan,AFG,2021-02-20,12.04
Afghanistan,AFG,2021-02-21,12.04
Afghanistan,AFG,2021-02-22,12.04
Afghanistan,AFG,2021-02-23,12.04
Afghanistan,AFG,2021-02-24,12.04
Afghanistan,AFG,2021-02-25,12.04
Afghanistan,AFG,2021-02-26,12.04
Afghanistan,AFG,2021-02-27,12.04
Afghanistan,AFG,2021-02-28,12.04
Afghanistan,AFG,2021-03-01,12.04
Albania,ALB,2020-01-01,0
Albania,ALB,2020-01-02,0
Albania,ALB,2020-01-03,0
Albania,ALB,2020-01-04,0
Albania,ALB,2020-01-05,0
Albania,ALB,2020-01-06,0
Albania,ALB,2020-01-07,0
Albania,ALB,2020-01-08,0
Albania,ALB,2020-01-09,0
Albania,ALB,2020-01-10,0
Albania,ALB,2020-01-11,0
Albania,ALB,2020-01-12,0
Albania,ALB,2020-01-13,0
Albania,ALB,2020-01-14,0
Albania,ALB,2020-01-15,0
Albania,ALB,2020-01-16,0
Albania,ALB,2020-01-17,0
Albania,ALB,2020-01-18,0
Albania,ALB,2020-01-19,0
Albania,ALB,2020-01-20,0
Albania,ALB,2020-01-21,0
Albania,ALB,2020-01-22,0
Albania,ALB,2020-01-23,0
Albania,ALB,2020-01-24,0
Albania,ALB,2020-01-25,0
Albania,ALB,2020-01-26,0
Albania,ALB,2020-01-27,0
Albania,ALB,2020-01-28,0
Albania,ALB,2020-01-29,0
Albania,ALB,2020-01-30,0
Albania,ALB,2020-01-31,0
Albania,ALB,2020-02-01,0
Albania,ALB,2020-02-02,0
Albania,ALB,2020-02-03,0
Albania,ALB,2020-02-04,0
Albania,ALB,2020-02-05,0
Albania,ALB,2020-02-06,0
Albania,ALB,2020-02-07,0
Albania,ALB,2020-02-08,0
Albania,ALB,2020-02-09,0
Albania,ALB,2020-02-10,0
Albania,ALB,2020-02-11,0
Albania,ALB,2020-02-12,0
Albania,ALB,2020-02-13,0
Albania,ALB,2020-02-14,5.56
Albania,ALB,2020-02-15,5.56
Albania,ALB,2020-02-16,5.56
Albania,ALB,2020-02-17,5.56
Albania,ALB,2020-02-18,5.56
Albania,ALB,2020-02-19,5.56
Albania,ALB,2020-02-20,5.56
Albania,ALB,2020-02-21,5.56
Albania,ALB,2020-02-22,5.56
Albania,ALB,2020-02-23,5.56
Albania,ALB,2020-02-24,5.56
Albania,ALB,2020-02-25,8.33
Albania,ALB,2020-02-26,8.33
Albania,ALB,2020-02-27,8.33
Albania,ALB,2020-02-28,8.33
Albania,ALB,2020-02-29,8.33
Albania,ALB,2020-03-01,8.33
Albania,ALB,2020-03-02,8.33
Albania,ALB,2020-03-03,8.33
Albania,ALB,2020-03-04,8.33
Albania,ALB,2020-03-05,8.33
Albania,ALB,2020-03-06,8.33
Albania,ALB,2020-03-07,8.33
Albania,ALB,2020-03-08,8.33
Albania,ALB,2020-03-09,36.11
Albania,ALB,2020-03-10,41.67
Albania,ALB,2020-03-11,51.85
Albania,ALB,2020-03-12,51.85
Albania,ALB,2020-03-13,78.7
Albania,ALB,2020-03-14,78.7
Albania,ALB,2020-03-15,81.48
Albania,ALB,2020-03-16,81.48
Albania,ALB,2020-03-17,81.48
Albania,ALB,2020-03-18,81.48
Albania,ALB,2020-03-19,81.48
Albania,ALB,2020-03-20,81.48
Albania,ALB,2020-03-21,81.48
Albania,ALB,2020-03-22,81.48
Albania,ALB,2020-03-23,84.26
Albania,ALB,2020-03-24,84.26
Albania,ALB,2020-03-25,84.26
Albania,ALB,2020-03-26,84.26
Albania,ALB,2020-03-27,84.26
Albania,ALB,2020-03-28,84.26
Albania,ALB,2020-03-29,84.26
Albania,ALB,2020-03-30,84.26
Albania,ALB,2020-03-31,84.26
Albania,ALB,2020-04-01,84.26
Albania,ALB,2020-04-02,84.26
Albania,ALB,2020-04-03,84.26
Albania,ALB,2020-04-04,84.26
Albania,ALB,2020-04-05,84.26
Albania,ALB,2020-04-06,84.26
Albania,ALB,2020-04-07,84.26
Albania,ALB,2020-04-08,84.26
Albania,ALB,2020-04-09,84.26
Albania,ALB,2020-04-10,84.26
Albania,ALB,2020-04-11,84.26
Albania,ALB,2020-04-12,84.26
Albania,ALB,2020-04-13,84.26
Albania,ALB,2020-04-14,84.26
Albania,ALB,2020-04-15,84.26
Albania,ALB,2020-04-16,84.26
Albania,ALB,2020-04-17,84.26
Albania,ALB,2020-04-18,89.81
Albania,ALB,2020-04-19,89.81
Albania,ALB,2020-04-20,89.81
Albania,ALB,2020-04-21,89.81
Albania,ALB,2020-04-22,89.81
Albania,ALB,2020-04-23,89.81
Albania,ALB,2020-04-24,89.81
Albania,ALB,2020-04-25,89.81
Albania,ALB,2020-04-26,89.81
Albania,ALB,2020-04-27,89.81
Albania,ALB,2020-04-28,89.81
Albania,ALB,2020-04-29,89.81
Albania,ALB,2020-04-30,89.81
Albania,ALB,2020-05-01,89.81
Albania,ALB,2020-05-02,89.81
Albania,ALB,2020-05-03,89.81
Albania,ALB,2020-05-04,89.81
Albania,ALB,2020-05-05,89.81
Albania,ALB,2020-05-06,89.81
Albania,ALB,2020-05-07,89.81
Albania,ALB,2020-05-08,89.81
Albania,ALB,2020-05-09,89.81
Albania,ALB,2020-05-10,89.81
Albania,ALB,2020-05-11,89.81
Albania,ALB,2020-05-12,89.81
Albania,ALB,2020-05-13,89.81
Albania,ALB,2020-05-14,89.81
Albania,ALB,2020-05-15,89.81
Albania,ALB,2020-05-16,89.81
Albania,ALB,2020-05-17,89.81
Albania,ALB,2020-05-18,83.33
Albania,ALB,2020-05-19,83.33
Albania,ALB,2020-05-20,83.33
Albania,ALB,2020-05-21,83.33
Albania,ALB,2020-05-22,83.33
Albania,ALB,2020-05-23,83.33
Albania,ALB,2020-05-24,83.33
Albania,ALB,2020-05-25,83.33
Albania,ALB,2020-05-26,86.11
Albania,ALB,2020-05-27,86.11
Albania,ALB,2020-05-28,86.11
Albania,ALB,2020-05-29,86.11
Albania,ALB,2020-05-30,86.11
Albania,ALB,2020-05-31,86.11
Albania,ALB,2020-06-01,71.3
Albania,ALB,2020-06-02,71.3
Albania,ALB,2020-06-03,71.3
Albania,ALB,2020-06-04,71.3
Albania,ALB,2020-06-05,71.3
Albania,ALB,2020-06-06,71.3
Albania,ALB,2020-06-07,71.3
Albania,ALB,2020-06-08,71.3
Albania,ALB,2020-06-09,71.3
Albania,ALB,2020-06-10,71.3
Albania,ALB,2020-06-11,71.3
Albania,ALB,2020-06-12,71.3
Albania,ALB,2020-06-13,71.3
Albania,ALB,2020-06-14,71.3
Albania,ALB,2020-06-15,71.3
Albania,ALB,2020-06-16,71.3
Albania,ALB,2020-06-17,71.3
Albania,ALB,2020-06-18,71.3
Albania,ALB,2020-06-19,71.3
Albania,ALB,2020-06-20,71.3
Albania,ALB,2020-06-21,71.3
Albania,ALB,2020-06-22,68.52
Albania,ALB,2020-06-23,68.52
Albania,ALB,2020-06-24,68.52
Albania,ALB,2020-06-25,68.52
Albania,ALB,2020-06-26,68.52
Albania,ALB,2020-06-27,68.52
Albania,ALB,2020-06-28,68.52
Albania,ALB,2020-06-29,68.52
Albania,ALB,2020-06-30,68.52
Albania,ALB,2020-07-01,68.52
Albania,ALB,2020-07-02,68.52
Albania,ALB,2020-07-03,68.52
Albania,ALB,2020-07-04,68.52
Albania,ALB,2020-07-05,68.52
Albania,ALB,2020-07-06,62.96
Albania,ALB,2020-07-07,62.96
Albania,ALB,2020-07-08,62.96
Albania,ALB,2020-07-09,62.96
Albania,ALB,2020-07-10,62.96
Albania,ALB,2020-07-11,62.96
Albania,ALB,2020-07-12,62.96
Albania,ALB,2020-07-13,62.96
Albania,ALB,2020-07-14,62.96
Albania,ALB,2020-07-15,62.96
Albania,ALB,2020-07-16,62.96
Albania,ALB,2020-07-17,62.96
Albania,ALB,2020-07-18,62.96
Albania,ALB,2020-07-19,62.96
Albania,ALB,2020-07-20,62.96
Albania,ALB,2020-07-21,62.96
Albania,ALB,2020-07-22,62.96
Albania,ALB,2020-07-23,62.96
Albania,ALB,2020-07-24,62.96
Albania,ALB,2020-07-25,62.96
Albania,ALB,2020-07-26,62.96
Albania,ALB,2020-07-27,62.96
Albania,ALB,2020-07-28,62.96
Albania,ALB,2020-07-29,62.96
Albania,ALB,2020-07-30,62.96
Albania,ALB,2020-07-31,62.96
Albania,ALB,2020-08-01,62.96
Albania,ALB,2020-08-02,62.96
Albania,ALB,2020-08-03,62.96
Albania,ALB,2020-08-04,62.96
Albania,ALB,2020-08-05,62.96
Albania,ALB,2020-08-06,62.96
Albania,ALB,2020-08-07,57.41
Albania,ALB,2020-08-08,57.41
Albania,ALB,2020-08-09,57.41
Albania,ALB,2020-08-10,57.41
Albania,ALB,2020-08-11,57.41
Albania,ALB,2020-08-12,57.41
Albania,ALB,2020-08-13,57.41
Albania,ALB,2020-08-14,57.41
Albania,ALB,2020-08-15,57.41
Albania,ALB,2020-08-16,57.41
Albania,ALB,2020-08-17,57.41
Albania,ALB,2020-08-18,57.41
Albania,ALB,2020-08-19,57.41
Albania,ALB,2020-08-20,57.41
Albania,ALB,2020-08-21,57.41
Albania,ALB,2020-08-22,57.41
Albania,ALB,2020-08-23,57.41
Albania,ALB,2020-08-24,57.41
Albania,ALB,2020-08-25,57.41
Albania,ALB,2020-08-26,57.41
Albania,ALB,2020-08-27,57.41
Albania,ALB,2020-08-28,54.63
Albania,ALB,2020-08-29,54.63
Albania,ALB,2020-08-30,54.63
Albania,ALB,2020-08-31,54.63
Albania,ALB,2020-09-01,54.63
Albania,ALB,2020-09-02,54.63
Albania,ALB,2020-09-03,54.63
Albania,ALB,2020-09-04,54.63
Albania,ALB,2020-09-05,54.63
Albania,ALB,2020-09-06,54.63
Albania,ALB,2020-09-07,54.63
Albania,ALB,2020-09-08,54.63
Albania,ALB,2020-09-09,54.63
Albania,ALB,2020-09-10,54.63
Albania,ALB,2020-09-11,54.63
Albania,ALB,2020-09-12,54.63
Albania,ALB,2020-09-13,54.63
Albania,ALB,2020-09-14,54.63
Albania,ALB,2020-09-15,54.63
Albania,ALB,2020-09-16,54.63
Albania,ALB,2020-09-17,54.63
Albania,ALB,2020-09-18,54.63
Albania,ALB,2020-09-19,54.63
Albania,ALB,2020-09-20,54.63
Albania,ALB,2020-09-21,54.63
Albania,ALB,2020-09-22,54.63
Albania,ALB,2020-09-23,54.63
Albania,ALB,2020-09-24,54.63
Albania,ALB,2020-09-25,54.63
Albania,ALB,2020-09-26,54.63
Albania,ALB,2020-09-27,54.63
Albania,ALB,2020-09-28,54.63
Albania,ALB,2020-09-29,54.63
Albania,ALB,2020-09-30,54.63
Albania,ALB,2020-10-01,54.63
Albania,ALB,2020-10-02,54.63
Albania,ALB,2020-10-03,54.63
Albania,ALB,2020-10-04,54.63
Albania,ALB,2020-10-05,54.63
Albania,ALB,2020-10-06,54.63
Albania,ALB,2020-10-07,54.63
Albania,ALB,2020-10-08,54.63
Albania,ALB,2020-10-09,54.63
Albania,ALB,2020-10-10,54.63
Albania,ALB,2020-10-11,54.63
Albania,ALB,2020-10-12,54.63
Albania,ALB,2020-10-13,54.63
Albania,ALB,2020-10-14,54.63
Albania,ALB,2020-10-15,54.63
Albania,ALB,2020-10-16,54.63
Albania,ALB,2020-10-17,54.63
Albania,ALB,2020-10-18,54.63
Albania,ALB,2020-10-19,54.63
Albania,ALB,2020-10-20,54.63
Albania,ALB,2020-10-21,54.63
Albania,ALB,2020-10-22,54.63
Albania,ALB,2020-10-23,54.63
Albania,ALB,2020-10-24,54.63
Albania,ALB,2020-10-25,54.63
Albania,ALB,2020-10-26,54.63
Albania,ALB,2020-10-27,54.63
Albania,ALB,2020-10-28,54.63
Albania,ALB,2020-10-29,54.63
Albania,ALB,2020-10-30,54.63
Albania,ALB,2020-10-31,54.63
Albania,ALB,2020-11-01,50.93
Albania,ALB,2020-11-02,50.93
Albania,ALB,2020-11-03,50.93
Albania,ALB,2020-11-04,50.93
Albania,ALB,2020-11-05,50.93
Albania,ALB,2020-11-06,50.93
Albania,ALB,2020-11-07,50.93
Albania,ALB,2020-11-08,50.93
Albania,ALB,2020-11-09,50.93
Albania,ALB,2020-11-10,50.93
Albania,ALB,2020-11-11,50.93
Albania,ALB,2020-11-12,65.74
Albania,ALB,2020-11-13,65.74
Albania,ALB,2020-11-14,65.74
Albania,ALB,2020-11-15,65.74
Albania,ALB,2020-11-16,65.74
Albania,ALB,2020-11-17,65.74
Albania,ALB,2020-11-18,65.74
Albania,ALB,2020-11-19,65.74
Albania,ALB,2020-11-20,65.74
Albania,ALB,2020-11-21,65.74
Albania,ALB,2020-11-22,65.74
Albania,ALB,2020-11-23,65.74
Albania,ALB,2020-11-24,65.74
Albania,ALB,2020-11-25,65.74
Albania,ALB,2020-11-26,65.74
Albania,ALB,2020-11-27,65.74
Albania,ALB,2020-11-28,65.74
Albania,ALB,2020-11-29,65.74
Albania,ALB,2020-11-30,65.74
Albania,ALB,2020-12-01,65.74
Albania,ALB,2020-12-02,65.74
Albania,ALB,2020-12-03,65.74
Albania,ALB,2020-12-04,65.74
Albania,ALB,2020-12-05,65.74
Albania,ALB,2020-12-06,65.74
Albania,ALB,2020-12-07,65.74
Albania,ALB,2020-12-08,65.74
Albania,ALB,2020-12-09,65.74
Albania,ALB,2020-12-10,65.74
Albania,ALB,2020-12-11,65.74
Albania,ALB,2020-12-12,65.74
Albania,ALB,2020-12-13,65.74
Albania,ALB,2020-12-14,65.74
Albania,ALB,2020-12-15,65.74
Albania,ALB,2020-12-16,65.74
Albania,ALB,2020-12-17,65.74
Albania,ALB,2020-12-18,65.74
Albania,ALB,2020-12-19,65.74
Albania,ALB,2020-12-20,54.63
Albania,ALB,2020-12-21,60.19
Albania,ALB,2020-12-22,60.19
Albania,ALB,2020-12-23,60.19
Albania,ALB,2020-12-24,56.48
Albania,ALB,2020-12-25,56.48
Albania,ALB,2020-12-26,56.48
Albania,ALB,2020-12-27,56.48
Albania,ALB,2020-12-28,56.48
Albania,ALB,2020-12-29,56.48
Albania,ALB,2020-12-30,56.48
Albania,ALB,2020-12-31,56.48
Albania,ALB,2021-01-01,56.48
Albania,ALB,2021-01-02,56.48
Albania,ALB,2021-01-03,56.48
Albania,ALB,2021-01-04,56.48
Albania,ALB,2021-01-05,56.48
Albania,ALB,2021-01-06,56.48
Albania,ALB,2021-01-07,56.48
Albania,ALB,2021-01-08,56.48
Albania,ALB,2021-01-09,56.48
Albania,ALB,2021-01-10,56.48
Albania,ALB,2021-01-11,60.19
Albania,ALB,2021-01-12,60.19
Albania,ALB,2021-01-13,60.19
Albania,ALB,2021-01-14,60.19
Albania,ALB,2021-01-15,60.19
Albania,ALB,2021-01-16,60.19
Albania,ALB,2021-01-17,60.19
Albania,ALB,2021-01-18,60.19
Albania,ALB,2021-01-19,60.19
Albania,ALB,2021-01-20,60.19
Albania,ALB,2021-01-21,60.19
Albania,ALB,2021-01-22,60.19
Albania,ALB,2021-01-23,60.19
Albania,ALB,2021-01-24,60.19
Albania,ALB,2021-01-25,60.19
Albania,ALB,2021-01-26,60.19
Albania,ALB,2021-01-27,60.19
Albania,ALB,2021-01-28,60.19
Albania,ALB,2021-01-29,60.19
Albania,ALB,2021-01-30,60.19
Albania,ALB,2021-01-31,60.19
Albania,ALB,2021-02-01,60.19
Albania,ALB,2021-02-02,60.19
Albania,ALB,2021-02-03,60.19
Albania,ALB,2021-02-04,60.19
Albania,ALB,2021-02-05,60.19
Albania,ALB,2021-02-06,60.19
Albania,ALB,2021-02-07,60.19
Albania,ALB,2021-02-08,60.19
Albania,ALB,2021-02-09,60.19
Albania,ALB,2021-02-10,60.19
Albania,ALB,2021-02-11,60.19
Albania,ALB,2021-02-12,60.19
Albania,ALB,2021-02-13,60.19
Albania,ALB,2021-02-14,60.19
Albania,ALB,2021-02-15,60.19
Albania,ALB,2021-02-16,60.19
Albania,ALB,2021-02-17,60.19
Albania,ALB,2021-02-18,60.19
Albania,ALB,2021-02-19,60.19
Albania,ALB,2021-02-20,60.19
Albania,ALB,2021-02-21,60.19
Albania,ALB,2021-02-22,60.19
Albania,ALB,2021-02-23,60.19
Albania,ALB,2021-02-24,60.19
Albania,ALB,2021-02-25,60.19
Albania,ALB,2021-02-26,60.19
Albania,ALB,2021-02-27,60.19
Albania,ALB,2021-02-28,60.19
Albania,ALB,2021-03-01,60.19
Algeria,DZA,2020-01-01,0
Algeria,DZA,2020-01-02,0
Algeria,DZA,2020-01-03,0
Algeria,DZA,2020-01-04,0
Algeria,DZA,2020-01-05,0
Algeria,DZA,2020-01-06,0
Algeria,DZA,2020-01-07,0
Algeria,DZA,2020-01-08,0
Algeria,DZA,2020-01-09,0
Algeria,DZA,2020-01-10,0
Algeria,DZA,2020-01-11,0
Algeria,DZA,2020-01-12,0
Algeria,DZA,2020-01-13,0
Algeria,DZA,2020-01-14,0
Algeria,DZA,2020-01-15,0
Algeria,DZA,2020-01-16,0
Algeria,DZA,2020-01-17,0
Algeria,DZA,2020-01-18,0
Algeria,DZA,2020-01-19,0
Algeria,DZA,2020-01-20,0
Algeria,DZA,2020-01-21,0
Algeria,DZA,2020-01-22,0
Algeria,DZA,2020-01-23,0
Algeria,DZA,2020-01-24,0
Algeria,DZA,2020-01-25,0
Algeria,DZA,2020-01-26,0
Algeria,DZA,2020-01-27,0
Algeria,DZA,2020-01-28,0
Algeria,DZA,2020-01-29,0
Algeria,DZA,2020-01-30,0
Algeria,DZA,2020-01-31,0
Algeria,DZA,2020-02-01,0
Algeria,DZA,2020-02-02,0
Algeria,DZA,2020-02-03,0
Algeria,DZA,2020-02-04,0
Algeria,DZA,2020-02-05,0
Algeria,DZA,2020-02-06,0
Algeria,DZA,2020-02-07,0
Algeria,DZA,2020-02-08,0
Algeria,DZA,2020-02-09,0
Algeria,DZA,2020-02-10,0
Algeria,DZA,2020-02-11,0
Algeria,DZA,2020-02-12,0
Algeria,DZA,2020-02-13,0
Algeria,DZA,2020-02-14,0
Algeria,DZA,2020-02-15,0
Algeria,DZA,2020-02-16,0
Algeria,DZA,2020-02-17,0
Algeria,DZA,2020-02-18,0
Algeria,DZA,2020-02-19,0
Algeria,DZA,2020-02-20,0
Algeria,DZA,2020-02-21,0
Algeria,DZA,2020-02-22,0
Algeria,DZA,2020-02-23,0
Algeria,DZA,2020-02-24,0
Algeria,DZA,2020-02-25,0
Algeria,DZA,2020-02-26,0
Algeria,DZA,2020-02-27,0
Algeria,DZA,2020-02-28,0
Algeria,DZA,2020-02-29,0
Algeria,DZA,2020-03-01,0
Algeria,DZA,2020-03-02,0
Algeria,DZA,2020-03-03,0
Algeria,DZA,2020-03-04,0
Algeria,DZA,2020-03-05,5.56
Algeria,DZA,2020-03-06,5.56
Algeria,DZA,2020-03-07,5.56
Algeria,DZA,2020-03-08,5.56
Algeria,DZA,2020-03-09,5.56
Algeria,DZA,2020-03-10,16.67
Algeria,DZA,2020-03-11,16.67
Algeria,DZA,2020-03-12,30.56
Algeria,DZA,2020-03-13,30.56
Algeria,DZA,2020-03-14,36.11
Algeria,DZA,2020-03-15,36.11
Algeria,DZA,2020-03-16,36.11
Algeria,DZA,2020-03-17,38.89
Algeria,DZA,2020-03-18,38.89
Algeria,DZA,2020-03-19,38.89
Algeria,DZA,2020-03-20,38.89
Algeria,DZA,2020-03-21,38.89
Algeria,DZA,2020-03-22,38.89
Algeria,DZA,2020-03-23,75
Algeria,DZA,2020-03-24,75
Algeria,DZA,2020-03-25,75
Algeria,DZA,2020-03-26,75
Algeria,DZA,2020-03-27,75
Algeria,DZA,2020-03-28,75
Algeria,DZA,2020-03-29,75
Algeria,DZA,2020-03-30,86.57
Algeria,DZA,2020-03-31,86.57
Algeria,DZA,2020-04-01,86.57
Algeria,DZA,2020-04-02,86.57
Algeria,DZA,2020-04-03,86.57
Algeria,DZA,2020-04-04,86.57
Algeria,DZA,2020-04-05,86.57
Algeria,DZA,2020-04-06,86.57
Algeria,DZA,2020-04-07,86.57
Algeria,DZA,2020-04-08,86.57
Algeria,DZA,2020-04-09,86.57
Algeria,DZA,2020-04-10,86.57
Algeria,DZA,2020-04-11,86.57
Algeria,DZA,2020-04-12,86.57
Algeria,DZA,2020-04-13,86.57
Algeria,DZA,2020-04-14,92.13
Algeria,DZA,2020-04-15,92.13
Algeria,DZA,2020-04-16,92.13
Algeria,DZA,2020-04-17,92.13
Algeria,DZA,2020-04-18,92.13
Algeria,DZA,2020-04-19,92.13
Algeria,DZA,2020-04-20,92.13
Algeria,DZA,2020-04-21,92.13
Algeria,DZA,2020-04-22,92.13
Algeria,DZA,2020-04-23,92.13
Algeria,DZA,2020-04-24,76.85
Algeria,DZA,2020-04-25,76.85
Algeria,DZA,2020-04-26,76.85
Algeria,DZA,2020-04-27,76.85
Algeria,DZA,2020-04-28,76.85
Algeria,DZA,2020-04-29,76.85
Algeria,DZA,2020-04-30,76.85
Algeria,DZA,2020-05-01,76.85
Algeria,DZA,2020-05-02,76.85
Algeria,DZA,2020-05-03,76.85
Algeria,DZA,2020-05-04,76.85
Algeria,DZA,2020-05-05,76.85
Algeria,DZA,2020-05-06,76.85
Algeria,DZA,2020-05-07,76.85
Algeria,DZA,2020-05-08,76.85
Algeria,DZA,2020-05-09,76.85
Algeria,DZA,2020-05-10,76.85
Algeria,DZA,2020-05-11,76.85
Algeria,DZA,2020-05-12,87.96
Algeria,DZA,2020-05-13,87.96
Algeria,DZA,2020-05-14,76.85
Algeria,DZA,2020-05-15,76.85
Algeria,DZA,2020-05-16,76.85
Algeria,DZA,2020-05-17,76.85
Algeria,DZA,2020-05-18,76.85
Algeria,DZA,2020-05-19,76.85
Algeria,DZA,2020-05-20,76.85
Algeria,DZA,2020-05-21,76.85
Algeria,DZA,2020-05-22,76.85
Algeria,DZA,2020-05-23,76.85
Algeria,DZA,2020-05-24,76.85
Algeria,DZA,2020-05-25,76.85
Algeria,DZA,2020-05-26,76.85
Algeria,DZA,2020-05-27,76.85
Algeria,DZA,2020-05-28,76.85
Algeria,DZA,2020-05-29,76.85
Algeria,DZA,2020-05-30,76.85
Algeria,DZA,2020-05-31,76.85
Algeria,DZA,2020-06-01,76.85
Algeria,DZA,2020-06-02,76.85
Algeria,DZA,2020-06-03,76.85
Algeria,DZA,2020-06-04,76.85
Algeria,DZA,2020-06-05,76.85
Algeria,DZA,2020-06-06,76.85
Algeria,DZA,2020-06-07,76.85
Algeria,DZA,2020-06-08,76.85
Algeria,DZA,2020-06-09,76.85
Algeria,DZA,2020-06-10,76.85
Algeria,DZA,2020-06-11,76.85
Algeria,DZA,2020-06-12,76.85
Algeria,DZA,2020-06-13,76.85
Algeria,DZA,2020-06-14,65.74
Algeria,DZA,2020-06-15,65.74
Algeria,DZA,2020-06-16,65.74
Algeria,DZA,2020-06-17,65.74
Algeria,DZA,2020-06-18,65.74
Algeria,DZA,2020-06-19,65.74
Algeria,DZA,2020-06-20,65.74
Algeria,DZA,2020-06-21,65.74
Algeria,DZA,2020-06-22,65.74
Algeria,DZA,2020-06-23,65.74
Algeria,DZA,2020-06-24,65.74
Algeria,DZA,2020-06-25,65.74
Algeria,DZA,2020-06-26,65.74
Algeria,DZA,2020-06-27,65.74
Algeria,DZA,2020-06-28,65.74
Algeria,DZA,2020-06-29,65.74
Algeria,DZA,2020-06-30,65.74
Algeria,DZA,2020-07-01,65.74
Algeria,DZA,2020-07-02,65.74
Algeria,DZA,2020-07-03,65.74
Algeria,DZA,2020-07-04,65.74
Algeria,DZA,2020-07-05,65.74
Algeria,DZA,2020-07-06,65.74
Algeria,DZA,2020-07-07,65.74
Algeria,DZA,2020-07-08,65.74
Algeria,DZA,2020-07-09,65.74
Algeria,DZA,2020-07-10,74.07
Algeria,DZA,2020-07-11,74.07
Algeria,DZA,2020-07-12,74.07
Algeria,DZA,2020-07-13,74.07
Algeria,DZA,2020-07-14,74.07
Algeria,DZA,2020-07-15,74.07
Algeria,DZA,2020-07-16,74.07
Algeria,DZA,2020-07-17,74.07
Algeria,DZA,2020-07-18,74.07
Algeria,DZA,2020-07-19,74.07
Algeria,DZA,2020-07-20,74.07
Algeria,DZA,2020-07-21,74.07
Algeria,DZA,2020-07-22,74.07
Algeria,DZA,2020-07-23,74.07
Algeria,DZA,2020-07-24,74.07
Algeria,DZA,2020-07-25,74.07
Algeria,DZA,2020-07-26,74.07
Algeria,DZA,2020-07-27,79.63
Algeria,DZA,2020-07-28,79.63
Algeria,DZA,2020-07-29,79.63
Algeria,DZA,2020-07-30,79.63
Algeria,DZA,2020-07-31,79.63
Algeria,DZA,2020-08-01,79.63
Algeria,DZA,2020-08-02,79.63
Algeria,DZA,2020-08-03,79.63
Algeria,DZA,2020-08-04,79.63
Algeria,DZA,2020-08-05,79.63
Algeria,DZA,2020-08-06,79.63
Algeria,DZA,2020-08-07,79.63
Algeria,DZA,2020-08-08,87.96
Algeria,DZA,2020-08-09,87.96
Algeria,DZA,2020-08-10,85.19
Algeria,DZA,2020-08-11,85.19
Algeria,DZA,2020-08-12,85.19
Algeria,DZA,2020-08-13,85.19
Algeria,DZA,2020-08-14,85.19
Algeria,DZA,2020-08-15,68.52
Algeria,DZA,2020-08-16,68.52
Algeria,DZA,2020-08-17,68.52
Algeria,DZA,2020-08-18,79.63
Algeria,DZA,2020-08-19,79.63
Algeria,DZA,2020-08-20,79.63
Algeria,DZA,2020-08-21,79.63
Algeria,DZA,2020-08-22,79.63
Algeria,DZA,2020-08-23,79.63
Algeria,DZA,2020-08-24,79.63
Algeria,DZA,2020-08-25,79.63
Algeria,DZA,2020-08-26,79.63
Algeria,DZA,2020-08-27,79.63
Algeria,DZA,2020-08-28,79.63
Algeria,DZA,2020-08-29,79.63
Algeria,DZA,2020-08-30,79.63
Algeria,DZA,2020-08-31,79.63
Algeria,DZA,2020-09-01,75.93
Algeria,DZA,2020-09-02,75.93
Algeria,DZA,2020-09-03,75.93
Algeria,DZA,2020-09-04,75.93
Algeria,DZA,2020-09-05,75.93
Algeria,DZA,2020-09-06,75.93
Algeria,DZA,2020-09-07,75.93
Algeria,DZA,2020-09-08,75.93
Algeria,DZA,2020-09-09,75.93
Algeria,DZA,2020-09-10,75.93
Algeria,DZA,2020-09-11,75.93
Algeria,DZA,2020-09-12,75.93
Algeria,DZA,2020-09-13,75.93
Algeria,DZA,2020-09-14,75.93
Algeria,DZA,2020-09-15,75.93
Algeria,DZA,2020-09-16,75.93
Algeria,DZA,2020-09-17,75.93
Algeria,DZA,2020-09-18,75.93
Algeria,DZA,2020-09-19,75.93
Algeria,DZA,2020-09-20,75.93
Algeria,DZA,2020-09-21,75.93
Algeria,DZA,2020-09-22,75.93
Algeria,DZA,2020-09-23,75.93
Algeria,DZA,2020-09-24,75.93
Algeria,DZA,2020-09-25,75.93
Algeria,DZA,2020-09-26,75.93
Algeria,DZA,2020-09-27,75.93
Algeria,DZA,2020-09-28,75.93
Algeria,DZA,2020-09-29,75.93
Algeria,DZA,2020-09-30,75.93
Algeria,DZA,2020-10-01,75.93
Algeria,DZA,2020-10-02,75.93
Algeria,DZA,2020-10-03,75.93
Algeria,DZA,2020-10-04,75.93
Algeria,DZA,2020-10-05,75.93
Algeria,DZA,2020-10-06,75.93
Algeria,DZA,2020-10-07,75.93
Algeria,DZA,2020-10-08,75.93
Algeria,DZA,2020-10-09,75.93
Algeria,DZA,2020-10-10,75.93
Algeria,DZA,2020-10-11,75.93
Algeria,DZA,2020-10-12,75.93
Algeria,DZA,2020-10-13,75.93
Algeria,DZA,2020-10-14,75.93
Algeria,DZA,2020-10-15,75.93
Algeria,DZA,2020-10-16,75.93
Algeria,DZA,2020-10-17,75.93
Algeria,DZA,2020-10-18,75.93
Algeria,DZA,2020-10-19,75.93
Algeria,DZA,2020-10-20,75.93
Algeria,DZA,2020-10-21,75.93
Algeria,DZA,2020-10-22,75
Algeria,DZA,2020-10-23,75
Algeria,DZA,2020-10-24,75
Algeria,DZA,2020-10-25,75
Algeria,DZA,2020-10-26,75
Algeria,DZA,2020-10-27,75
Algeria,DZA,2020-10-28,75
Algeria,DZA,2020-10-29,75
Algeria,DZA,2020-10-30,75
Algeria,DZA,2020-10-31,75
Algeria,DZA,2020-11-01,75
Algeria,DZA,2020-11-02,75
Algeria,DZA,2020-11-03,75
Algeria,DZA,2020-11-04,71.3
Algeria,DZA,2020-11-05,71.3
Algeria,DZA,2020-11-06,71.3
Algeria,DZA,2020-11-07,71.3
Algeria,DZA,2020-11-08,71.3
Algeria,DZA,2020-11-09,71.3
Algeria,DZA,2020-11-10,68.52
Algeria,DZA,2020-11-11,68.52
Algeria,DZA,2020-11-12,68.52
Algeria,DZA,2020-11-13,68.52
Algeria,DZA,2020-11-14,68.52
Algeria,DZA,2020-11-15,72.22
Algeria,DZA,2020-11-16,72.22
Algeria,DZA,2020-11-17,72.22
Algeria,DZA,2020-11-18,72.22
Algeria,DZA,2020-11-19,72.22
Algeria,DZA,2020-11-20,72.22
Algeria,DZA,2020-11-21,72.22
Algeria,DZA,2020-11-22,72.22
Algeria,DZA,2020-11-23,72.22
Algeria,DZA,2020-11-24,72.22
Algeria,DZA,2020-11-25,72.22
Algeria,DZA,2020-11-26,72.22
Algeria,DZA,2020-11-27,72.22
Algeria,DZA,2020-11-28,72.22
Algeria,DZA,2020-11-29,72.22
Algeria,DZA,2020-11-30,72.22
Algeria,DZA,2020-12-01,72.22
Algeria,DZA,2020-12-02,72.22
Algeria,DZA,2020-12-03,72.22
Algeria,DZA,2020-12-04,72.22
Algeria,DZA,2020-12-05,72.22
Algeria,DZA,2020-12-06,72.22
Algeria,DZA,2020-12-07,72.22
Algeria,DZA,2020-12-08,72.22
Algeria,DZA,2020-12-09,72.22
Algeria,DZA,2020-12-10,72.22
Algeria,DZA,2020-12-11,72.22
Algeria,DZA,2020-12-12,72.22
Algeria,DZA,2020-12-13,72.22
Algeria,DZA,2020-12-14,72.22
Algeria,DZA,2020-12-15,72.22
Algeria,DZA,2020-12-16,72.22
Algeria,DZA,2020-12-17,72.22
Algeria,DZA,2020-12-18,72.22
Algeria,DZA,2020-12-19,72.22
Algeria,DZA,2020-12-20,72.22
Algeria,DZA,2020-12-21,72.22
Algeria,DZA,2020-12-22,72.22
Algeria,DZA,2020-12-23,72.22
Algeria,DZA,2020-12-24,72.22
Algeria,DZA,2020-12-25,72.22
Algeria,DZA,2020-12-26,72.22
Algeria,DZA,2020-12-27,72.22
Algeria,DZA,2020-12-28,72.22
Algeria,DZA,2020-12-29,72.22
Algeria,DZA,2020-12-30,72.22
Algeria,DZA,2020-12-31,72.22
Algeria,DZA,2021-01-01,72.22
Algeria,DZA,2021-01-02,72.22
Algeria,DZA,2021-01-03,72.22
Algeria,DZA,2021-01-04,72.22
Algeria,DZA,2021-01-05,72.22
Algeria,DZA,2021-01-06,72.22
Algeria,DZA,2021-01-07,72.22
Algeria,DZA,2021-01-08,72.22
Algeria,DZA,2021-01-09,72.22
Algeria,DZA,2021-01-10,72.22
Algeria,DZA,2021-01-11,72.22
Algeria,DZA,2021-01-12,72.22
Algeria,DZA,2021-01-13,72.22
Algeria,DZA,2021-01-14,72.22
Algeria,DZA,2021-01-15,72.22
Algeria,DZA,2021-01-16,72.22
Algeria,DZA,2021-01-17,72.22
Algeria,DZA,2021-01-18,72.22
Algeria,DZA,2021-01-19,72.22
Algeria,DZA,2021-01-20,72.22
Algeria,DZA,2021-01-21,72.22
Algeria,DZA,2021-01-22,72.22
Algeria,DZA,2021-01-23,72.22
Algeria,DZA,2021-01-24,72.22
Algeria,DZA,2021-01-25,72.22
Algeria,DZA,2021-01-26,72.22
Algeria,DZA,2021-01-27,72.22
Algeria,DZA,2021-01-28,72.22
Algeria,DZA,2021-01-29,72.22
Algeria,DZA,2021-01-30,72.22
Algeria,DZA,2021-01-31,72.22
Algeria,DZA,2021-02-01,72.22
Algeria,DZA,2021-02-02,72.22
Algeria,DZA,2021-02-03,72.22
Algeria,DZA,2021-02-04,72.22
Algeria,DZA,2021-02-05,72.22
Algeria,DZA,2021-02-06,72.22
Algeria,DZA,2021-02-07,72.22
Algeria,DZA,2021-02-08,72.22
Algeria,DZA,2021-02-09,72.22
Algeria,DZA,2021-02-10,72.22
Algeria,DZA,2021-02-11,72.22
Algeria,DZA,2021-02-12,72.22
Algeria,DZA,2021-02-13,72.22
Algeria,DZA,2021-02-14,72.22
Algeria,DZA,2021-02-15,72.22
Algeria,DZA,2021-02-16,72.22
Algeria,DZA,2021-02-17,72.22
Algeria,DZA,2021-02-18,72.22
Algeria,DZA,2021-02-19,72.22
Algeria,DZA,2021-02-20,72.22
Algeria,DZA,2021-02-21,72.22
Algeria,DZA,2021-02-22,69.44
Algeria,DZA,2021-02-23,69.44
Algeria,DZA,2021-02-24,69.44
Algeria,DZA,2021-02-25,69.44
Algeria,DZA,2021-02-26,69.44
Algeria,DZA,2021-02-27,69.44
Algeria,DZA,2021-02-28,69.44
Algeria,DZA,2021-03-01,69.44
Andorra,AND,2020-01-01,0
Andorra,AND,2020-01-02,0
Andorra,AND,2020-01-03,0
Andorra,AND,2020-01-04,0
Andorra,AND,2020-01-05,0
Andorra,AND,2020-01-06,0
Andorra,AND,2020-01-07,0
Andorra,AND,2020-01-08,0
Andorra,AND,2020-01-09,0
Andorra,AND,2020-01-10,0
Andorra,AND,2020-01-11,0
Andorra,AND,2020-01-12,0
Andorra,AND,2020-01-13,0
Andorra,AND,2020-01-14,0
Andorra,AND,2020-01-15,0
Andorra,AND,2020-01-16,0
Andorra,AND,2020-01-17,0
Andorra,AND,2020-01-18,0
Andorra,AND,2020-01-19,0
Andorra,AND,2020-01-20,0
Andorra,AND,2020-01-21,0
Andorra,AND,2020-01-22,0
Andorra,AND,2020-01-23,0
Andorra,AND,2020-01-24,0
Andorra,AND,2020-01-25,0
Andorra,AND,2020-01-26,0
Andorra,AND,2020-01-27,0
Andorra,AND,2020-01-28,0
Andorra,AND,2020-01-29,0
Andorra,AND,2020-01-30,0
Andorra,AND,2020-01-31,0
Andorra,AND,2020-02-01,0
Andorra,AND,2020-02-02,0
Andorra,AND,2020-02-03,0
Andorra,AND,2020-02-04,0
Andorra,AND,2020-02-05,0
Andorra,AND,2020-02-06,0
Andorra,AND,2020-02-07,0
Andorra,AND,2020-02-08,0
Andorra,AND,2020-02-09,0
Andorra,AND,2020-02-10,0
Andorra,AND,2020-02-11,0
Andorra,AND,2020-02-12,0
Andorra,AND,2020-02-13,0
Andorra,AND,2020-02-14,0
Andorra,AND,2020-02-15,0
Andorra,AND,2020-02-16,0
Andorra,AND,2020-02-17,0
Andorra,AND,2020-02-18,0
Andorra,AND,2020-02-19,0
Andorra,AND,2020-02-20,0
Andorra,AND,2020-02-21,0
Andorra,AND,2020-02-22,0
Andorra,AND,2020-02-23,0
Andorra,AND,2020-02-24,0
Andorra,AND,2020-02-25,0
Andorra,AND,2020-02-26,0
Andorra,AND,2020-02-27,0
Andorra,AND,2020-02-28,0
Andorra,AND,2020-02-29,0
Andorra,AND,2020-03-01,0
Andorra,AND,2020-03-02,0
Andorra,AND,2020-03-03,0
Andorra,AND,2020-03-04,0
Andorra,AND,2020-03-05,0
Andorra,AND,2020-03-06,0
Andorra,AND,2020-03-07,0
Andorra,AND,2020-03-08,0
Andorra,AND,2020-03-09,0
Andorra,AND,2020-03-10,0
Andorra,AND,2020-03-11,0
Andorra,AND,2020-03-12,0
Andorra,AND,2020-03-13,9.26
Andorra,AND,2020-03-14,20.37
Andorra,AND,2020-03-15,20.37
Andorra,AND,2020-03-16,31.48
Andorra,AND,2020-03-17,31.48
Andorra,AND,2020-03-18,31.48
Andorra,AND,2020-03-19,31.48
Andorra,AND,2020-03-20,31.48
Andorra,AND,2020-03-21,31.48
Andorra,AND,2020-03-22,31.48
Andorra,AND,2020-03-23,31.48
Andorra,AND,2020-03-24,31.48
Andorra,AND,2020-03-25,48.15
Andorra,AND,2020-03-26,48.15
Andorra,AND,2020-03-27,48.15
Andorra,AND,2020-03-28,48.15
Andorra,AND,2020-03-29,48.15
Andorra,AND,2020-03-30,48.15
Andorra,AND,2020-03-31,48.15
Andorra,AND,2020-04-01,48.15
Andorra,AND,2020-04-02,48.15
Andorra,AND,2020-04-03,48.15
Andorra,AND,2020-04-04,48.15
Andorra,AND,2020-04-05,48.15
Andorra,AND,2020-04-06,48.15
Andorra,AND,2020-04-07,48.15
Andorra,AND,2020-04-08,56.48
Andorra,AND,2020-04-09,56.48
Andorra,AND,2020-04-10,56.48
Andorra,AND,2020-04-11,56.48
Andorra,AND,2020-04-12,56.48
Andorra,AND,2020-04-13,56.48
Andorra,AND,2020-04-14,56.48
Andorra,AND,2020-04-15,56.48
Andorra,AND,2020-04-16,56.48
Andorra,AND,2020-04-17,56.48
Andorra,AND,2020-04-18,56.48
Andorra,AND,2020-04-19,56.48
Andorra,AND,2020-04-20,52.78
Andorra,AND,2020-04-21,52.78
Andorra,AND,2020-04-22,52.78
Andorra,AND,2020-04-23,52.78
Andorra,AND,2020-04-24,52.78
Andorra,AND,2020-04-25,52.78
Andorra,AND,2020-04-26,52.78
Andorra,AND,2020-04-27,52.78
Andorra,AND,2020-04-28,52.78
Andorra,AND,2020-04-29,52.78
Andorra,AND,2020-04-30,52.78
Andorra,AND,2020-05-01,52.78
Andorra,AND,2020-05-02,52.78
Andorra,AND,2020-05-03,52.78
Andorra,AND,2020-05-04,52.78
Andorra,AND,2020-05-05,52.78
Andorra,AND,2020-05-06,52.78
Andorra,AND,2020-05-07,52.78
Andorra,AND,2020-05-08,52.78
Andorra,AND,2020-05-09,52.78
Andorra,AND,2020-05-10,52.78
Andorra,AND,2020-05-11,50
Andorra,AND,2020-05-12,50
Andorra,AND,2020-05-13,50
Andorra,AND,2020-05-14,50
Andorra,AND,2020-05-15,50
Andorra,AND,2020-05-16,50
Andorra,AND,2020-05-17,50
Andorra,AND,2020-05-18,50
Andorra,AND,2020-05-19,50
Andorra,AND,2020-05-20,50
Andorra,AND,2020-05-21,50
Andorra,AND,2020-05-22,50
Andorra,AND,2020-05-23,50
Andorra,AND,2020-05-24,50
Andorra,AND,2020-05-25,50
Andorra,AND,2020-05-26,50
Andorra,AND,2020-05-27,50
Andorra,AND,2020-05-28,50
Andorra,AND,2020-05-29,50
Andorra,AND,2020-05-30,50
Andorra,AND,2020-05-31,50
Andorra,AND,2020-06-01,50
Andorra,AND,2020-06-02,42.59
Andorra,AND,2020-06-03,42.59
Andorra,AND,2020-06-04,42.59
Andorra,AND,2020-06-05,42.59
Andorra,AND,2020-06-06,42.59
Andorra,AND,2020-06-07,42.59
Andorra,AND,2020-06-08,42.59
Andorra,AND,2020-06-09,42.59
Andorra,AND,2020-06-10,42.59
Andorra,AND,2020-06-11,42.59
Andorra,AND,2020-06-12,42.59
Andorra,AND,2020-06-13,42.59
Andorra,AND,2020-06-14,42.59
Andorra,AND,2020-06-15,42.59
Andorra,AND,2020-06-16,42.59
Andorra,AND,2020-06-17,42.59
Andorra,AND,2020-06-18,42.59
Andorra,AND,2020-06-19,42.59
Andorra,AND,2020-06-20,42.59
Andorra,AND,2020-06-21,42.59
Andorra,AND,2020-06-22,42.59
Andorra,AND,2020-06-23,42.59
Andorra,AND,2020-06-24,42.59
Andorra,AND,2020-06-25,42.59
Andorra,AND,2020-06-26,42.59
Andorra,AND,2020-06-27,42.59
Andorra,AND,2020-06-28,42.59
Andorra,AND,2020-06-29,42.59
Andorra,AND,2020-06-30,42.59
Andorra,AND,2020-07-01,31.48
Andorra,AND,2020-07-02,31.48
Andorra,AND,2020-07-03,31.48
Andorra,AND,2020-07-04,31.48
Andorra,AND,2020-07-05,31.48
Andorra,AND,2020-07-06,31.48
Andorra,AND,2020-07-07,41.67
Andorra,AND,2020-07-08,41.67
Andorra,AND,2020-07-09,41.67
Andorra,AND,2020-07-10,41.67
Andorra,AND,2020-07-11,41.67
Andorra,AND,2020-07-12,41.67
Andorra,AND,2020-07-13,41.67
Andorra,AND,2020-07-14,41.67
Andorra,AND,2020-07-15,41.67
Andorra,AND,2020-07-16,41.67
Andorra,AND,2020-07-17,41.67
Andorra,AND,2020-07-18,41.67
Andorra,AND,2020-07-19,41.67
Andorra,AND,2020-07-20,41.67
Andorra,AND,2020-07-21,36.11
Andorra,AND,2020-07-22,41.67
Andorra,AND,2020-07-23,41.67
Andorra,AND,2020-07-24,41.67
Andorra,AND,2020-07-25,41.67
Andorra,AND,2020-07-26,41.67
Andorra,AND,2020-07-27,41.67
Andorra,AND,2020-07-28,41.67
Andorra,AND,2020-07-29,41.67
Andorra,AND,2020-07-30,41.67
Andorra,AND,2020-07-31,41.67
Andorra,AND,2020-08-01,41.67
Andorra,AND,2020-08-02,41.67
Andorra,AND,2020-08-03,41.67
Andorra,AND,2020-08-04,41.67
Andorra,AND,2020-08-05,41.67
Andorra,AND,2020-08-06,41.67
Andorra,AND,2020-08-07,41.67
Andorra,AND,2020-08-08,41.67
Andorra,AND,2020-08-09,41.67
Andorra,AND,2020-08-10,41.67
Andorra,AND,2020-08-11,41.67
Andorra,AND,2020-08-12,41.67
Andorra,AND,2020-08-13,41.67
Andorra,AND,2020-08-14,41.67
Andorra,AND,2020-08-15,41.67
Andorra,AND,2020-08-16,41.67
Andorra,AND,2020-08-17,41.67
Andorra,AND,2020-08-18,41.67
Andorra,AND,2020-08-19,41.67
Andorra,AND,2020-08-20,41.67
Andorra,AND,2020-08-21,41.67
Andorra,AND,2020-08-22,41.67
Andorra,AND,2020-08-23,41.67
Andorra,AND,2020-08-24,41.67
Andorra,AND,2020-08-25,41.67
Andorra,AND,2020-08-26,41.67
Andorra,AND,2020-08-27,41.67
Andorra,AND,2020-08-28,41.67
Andorra,AND,2020-08-29,41.67
Andorra,AND,2020-08-30,41.67
Andorra,AND,2020-08-31,41.67
Andorra,AND,2020-09-01,41.67
Andorra,AND,2020-09-02,41.67
Andorra,AND,2020-09-03,41.67
Andorra,AND,2020-09-04,41.67
Andorra,AND,2020-09-05,41.67
Andorra,AND,2020-09-06,41.67
Andorra,AND,2020-09-07,41.67
Andorra,AND,2020-09-08,41.67
Andorra,AND,2020-09-09,41.67
Andorra,AND,2020-09-10,41.67
Andorra,AND,2020-09-11,41.67
Andorra,AND,2020-09-12,41.67
Andorra,AND,2020-09-13,41.67
Andorra,AND,2020-09-14,41.67
Andorra,AND,2020-09-15,41.67
Andorra,AND,2020-09-16,41.67
Andorra,AND,2020-09-17,41.67
Andorra,AND,2020-09-18,41.67
Andorra,AND,2020-09-19,41.67
Andorra,AND,2020-09-20,41.67
Andorra,AND,2020-09-21,50
Andorra,AND,2020-09-22,50
Andorra,AND,2020-09-23,50
Andorra,AND,2020-09-24,50
Andorra,AND,2020-09-25,50
Andorra,AND,2020-09-26,50
Andorra,AND,2020-09-27,50
Andorra,AND,2020-09-28,50
Andorra,AND,2020-09-29,50
Andorra,AND,2020-09-30,50
Andorra,AND,2020-10-01,50
Andorra,AND,2020-10-02,50
Andorra,AND,2020-10-03,50
Andorra,AND,2020-10-04,50
Andorra,AND,2020-10-05,50
Andorra,AND,2020-10-06,50
Andorra,AND,2020-10-07,50
Andorra,AND,2020-10-08,50
Andorra,AND,2020-10-09,50
Andorra,AND,2020-10-10,50
Andorra,AND,2020-10-11,50
Andorra,AND,2020-10-12,50
Andorra,AND,2020-10-13,50
Andorra,AND,2020-10-14,50
Andorra,AND,2020-10-15,50
Andorra,AND,2020-10-16,53.7
Andorra,AND,2020-10-17,53.7
Andorra,AND,2020-10-18,53.7
Andorra,AND,2020-10-19,53.7
Andorra,AND,2020-10-20,53.7
Andorra,AND,2020-10-21,53.7
Andorra,AND,2020-10-22,59.26
Andorra,AND,2020-10-23,59.26
Andorra,AND,2020-10-24,59.26
Andorra,AND,2020-10-25,59.26
Andorra,AND,2020-10-26,59.26
Andorra,AND,2020-10-27,59.26
Andorra,AND,2020-10-28,59.26
Andorra,AND,2020-10-29,59.26
Andorra,AND,2020-10-30,59.26
Andorra,AND,2020-10-31,59.26
Andorra,AND,2020-11-01,59.26
Andorra,AND,2020-11-02,59.26
Andorra,AND,2020-11-03,59.26
Andorra,AND,2020-11-04,59.26
Andorra,AND,2020-11-05,59.26
Andorra,AND,2020-11-06,59.26
Andorra,AND,2020-11-07,59.26
Andorra,AND,2020-11-08,59.26
Andorra,AND,2020-11-09,59.26
Andorra,AND,2020-11-10,59.26
Andorra,AND,2020-11-11,59.26
Andorra,AND,2020-11-12,59.26
Andorra,AND,2020-11-13,59.26
Andorra,AND,2020-11-14,59.26
Andorra,AND,2020-11-15,59.26
Andorra,AND,2020-11-16,59.26
Andorra,AND,2020-11-17,59.26
Andorra,AND,2020-11-18,59.26
Andorra,AND,2020-11-19,59.26
Andorra,AND,2020-11-20,59.26
Andorra,AND,2020-11-21,59.26
Andorra,AND,2020-11-22,59.26
Andorra,AND,2020-11-23,59.26
Andorra,AND,2020-11-24,59.26
Andorra,AND,2020-11-25,55.56
Andorra,AND,2020-11-26,55.56
Andorra,AND,2020-11-27,55.56
Andorra,AND,2020-11-28,55.56
Andorra,AND,2020-11-29,55.56
Andorra,AND,2020-11-30,55.56
Andorra,AND,2020-12-01,55.56
Andorra,AND,2020-12-02,55.56
Andorra,AND,2020-12-03,55.56
Andorra,AND,2020-12-04,55.56
Andorra,AND,2020-12-05,55.56
Andorra,AND,2020-12-06,55.56
Andorra,AND,2020-12-07,55.56
Andorra,AND,2020-12-08,55.56
Andorra,AND,2020-12-09,52.78
Andorra,AND,2020-12-10,52.78
Andorra,AND,2020-12-11,52.78
Andorra,AND,2020-12-12,52.78
Andorra,AND,2020-12-13,52.78
Andorra,AND,2020-12-14,52.78
Andorra,AND,2020-12-15,52.78
Andorra,AND,2020-12-16,52.78
Andorra,AND,2020-12-17,52.78
Andorra,AND,2020-12-18,52.78
Andorra,AND,2020-12-19,52.78
Andorra,AND,2020-12-20,52.78
Andorra,AND,2020-12-21,52.78
Andorra,AND,2020-12-22,52.78
Andorra,AND,2020-12-23,52.78
Andorra,AND,2020-12-24,52.78
Andorra,AND,2020-12-25,52.78
Andorra,AND,2020-12-26,52.78
Andorra,AND,2020-12-27,52.78
Andorra,AND,2020-12-28,52.78
Andorra,AND,2020-12-29,52.78
Andorra,AND,2020-12-30,52.78
Andorra,AND,2020-12-31,52.78
Andorra,AND,2021-01-01,52.78
Andorra,AND,2021-01-02,52.78
Andorra,AND,2021-01-03,52.78
Andorra,AND,2021-01-04,52.78
Andorra,AND,2021-01-05,52.78
Andorra,AND,2021-01-06,52.78
Andorra,AND,2021-01-07,52.78
Andorra,AND,2021-01-08,52.78
Andorra,AND,2021-01-09,52.78
Andorra,AND,2021-01-10,52.78
Andorra,AND,2021-01-11,52.78
Andorra,AND,2021-01-12,52.78
Andorra,AND,2021-01-13,52.78
Andorra,AND,2021-01-14,52.78
Andorra,AND,2021-01-15,52.78
Andorra,AND,2021-01-16,52.78
Andorra,AND,2021-01-17,52.78
Andorra,AND,2021-01-18,52.78
Andorra,AND,2021-01-19,52.78
Andorra,AND,2021-01-20,52.78
Andorra,AND,2021-01-21,52.78
Andorra,AND,2021-01-22,52.78
Andorra,AND,2021-01-23,52.78
Andorra,AND,2021-01-24,52.78
Andorra,AND,2021-01-25,52.78
Andorra,AND,2021-01-26,55.56
Andorra,AND,2021-01-27,55.56
Andorra,AND,2021-01-28,55.56
Andorra,AND,2021-01-29,55.56
Andorra,AND,2021-01-30,55.56
Andorra,AND,2021-01-31,55.56
Andorra,AND,2021-02-01,55.56
Andorra,AND,2021-02-02,55.56
Andorra,AND,2021-02-03,55.56
Andorra,AND,2021-02-04,55.56
Andorra,AND,2021-02-05,55.56
Andorra,AND,2021-02-06,55.56
Andorra,AND,2021-02-07,55.56
Andorra,AND,2021-02-08,55.56
Andorra,AND,2021-02-09,55.56
Andorra,AND,2021-02-10,55.56
Andorra,AND,2021-02-11,55.56
Andorra,AND,2021-02-12,55.56
Andorra,AND,2021-02-13,55.56
Andorra,AND,2021-02-14,55.56
Andorra,AND,2021-02-15,55.56
Andorra,AND,2021-02-16,55.56
Andorra,AND,2021-02-17,55.56
Andorra,AND,2021-02-18,55.56
Andorra,AND,2021-02-19,55.56
Andorra,AND,2021-02-20,55.56
Andorra,AND,2021-02-21,55.56
Andorra,AND,2021-02-22,55.56
Andorra,AND,2021-02-23,55.56
Andorra,AND,2021-02-24,55.56
Andorra,AND,2021-02-25,55.56
Andorra,AND,2021-02-26,55.56
Andorra,AND,2021-02-27,55.56
Andorra,AND,2021-02-28,55.56
Andorra,AND,2021-03-01,55.56
Angola,AGO,2020-01-01,0
Angola,AGO,2020-01-02,0
Angola,AGO,2020-01-03,0
Angola,AGO,2020-01-04,0
Angola,AGO,2020-01-05,0
Angola,AGO,2020-01-06,0
Angola,AGO,2020-01-07,0
Angola,AGO,2020-01-08,0
Angola,AGO,2020-01-09,0
Angola,AGO,2020-01-10,0
Angola,AGO,2020-01-11,0
Angola,AGO,2020-01-12,0
Angola,AGO,2020-01-13,0
Angola,AGO,2020-01-14,0
Angola,AGO,2020-01-15,0
Angola,AGO,2020-01-16,0
Angola,AGO,2020-01-17,0
Angola,AGO,2020-01-18,0
Angola,AGO,2020-01-19,0
Angola,AGO,2020-01-20,0
Angola,AGO,2020-01-21,0
Angola,AGO,2020-01-22,0
Angola,AGO,2020-01-23,0
Angola,AGO,2020-01-24,0
Angola,AGO,2020-01-25,0
Angola,AGO,2020-01-26,0
Angola,AGO,2020-01-27,0
Angola,AGO,2020-01-28,0
Angola,AGO,2020-01-29,0
Angola,AGO,2020-01-30,0
Angola,AGO,2020-01-31,0
Angola,AGO,2020-02-01,0
Angola,AGO,2020-02-02,0
Angola,AGO,2020-02-03,0
Angola,AGO,2020-02-04,0
Angola,AGO,2020-02-05,0
Angola,AGO,2020-02-06,5.56
Angola,AGO,2020-02-07,5.56
Angola,AGO,2020-02-08,5.56
Angola,AGO,2020-02-09,5.56
Angola,AGO,2020-02-10,5.56
Angola,AGO,2020-02-11,5.56
Angola,AGO,2020-02-12,5.56
Angola,AGO,2020-02-13,5.56
Angola,AGO,2020-02-14,5.56
Angola,AGO,2020-02-15,5.56
Angola,AGO,2020-02-16,5.56
Angola,AGO,2020-02-17,5.56
Angola,AGO,2020-02-18,5.56
Angola,AGO,2020-02-19,5.56
Angola,AGO,2020-02-20,5.56
Angola,AGO,2020-02-21,5.56
Angola,AGO,2020-02-22,5.56
Angola,AGO,2020-02-23,5.56
Angola,AGO,2020-02-24,5.56
Angola,AGO,2020-02-25,5.56
Angola,AGO,2020-02-26,5.56
Angola,AGO,2020-02-27,5.56
Angola,AGO,2020-02-28,5.56
Angola,AGO,2020-02-29,5.56
Angola,AGO,2020-03-01,8.33
Angola,AGO,2020-03-02,8.33
Angola,AGO,2020-03-03,8.33
Angola,AGO,2020-03-04,8.33
Angola,AGO,2020-03-05,8.33
Angola,AGO,2020-03-06,8.33
Angola,AGO,2020-03-07,8.33
Angola,AGO,2020-03-08,8.33
Angola,AGO,2020-03-09,8.33
Angola,AGO,2020-03-10,8.33
Angola,AGO,2020-03-11,8.33
Angola,AGO,2020-03-12,8.33
Angola,AGO,2020-03-13,8.33
Angola,AGO,2020-03-14,8.33
Angola,AGO,2020-03-15,8.33
Angola,AGO,2020-03-16,8.33
Angola,AGO,2020-03-17,8.33
Angola,AGO,2020-03-18,8.33
Angola,AGO,2020-03-19,8.33
Angola,AGO,2020-03-20,11.11
Angola,AGO,2020-03-21,11.11
Angola,AGO,2020-03-22,11.11
Angola,AGO,2020-03-23,11.11
Angola,AGO,2020-03-24,33.33
Angola,AGO,2020-03-25,33.33
Angola,AGO,2020-03-26,33.33
Angola,AGO,2020-03-27,90.74
Angola,AGO,2020-03-28,90.74
Angola,AGO,2020-03-29,90.74
Angola,AGO,2020-03-30,90.74
Angola,AGO,2020-03-31,90.74
Angola,AGO,2020-04-01,90.74
Angola,AGO,2020-04-02,90.74
Angola,AGO,2020-04-03,90.74
Angola,AGO,2020-04-04,90.74
Angola,AGO,2020-04-05,90.74
Angola,AGO,2020-04-06,90.74
Angola,AGO,2020-04-07,90.74
Angola,AGO,2020-04-08,90.74
Angola,AGO,2020-04-09,90.74
Angola,AGO,2020-04-10,90.74
Angola,AGO,2020-04-11,90.74
Angola,AGO,2020-04-12,90.74
Angola,AGO,2020-04-13,90.74
Angola,AGO,2020-04-14,90.74
Angola,AGO,2020-04-15,90.74
Angola,AGO,2020-04-16,90.74
Angola,AGO,2020-04-17,90.74
Angola,AGO,2020-04-18,90.74
Angola,AGO,2020-04-19,90.74
Angola,AGO,2020-04-20,90.74
Angola,AGO,2020-04-21,90.74
Angola,AGO,2020-04-22,90.74
Angola,AGO,2020-04-23,78.7
Angola,AGO,2020-04-24,78.7
Angola,AGO,2020-04-25,78.7
Angola,AGO,2020-04-26,78.7
Angola,AGO,2020-04-27,78.7
Angola,AGO,2020-04-28,78.7
Angola,AGO,2020-04-29,78.7
Angola,AGO,2020-04-30,78.7
Angola,AGO,2020-05-01,78.7
Angola,AGO,2020-05-02,78.7
Angola,AGO,2020-05-03,78.7
Angola,AGO,2020-05-04,78.7
Angola,AGO,2020-05-05,78.7
Angola,AGO,2020-05-06,78.7
Angola,AGO,2020-05-07,78.7
Angola,AGO,2020-05-08,75.93
Angola,AGO,2020-05-09,75.93
Angola,AGO,2020-05-10,75.93
Angola,AGO,2020-05-11,75.93
Angola,AGO,2020-05-12,75.93
Angola,AGO,2020-05-13,75.93
Angola,AGO,2020-05-14,75.93
Angola,AGO,2020-05-15,75.93
Angola,AGO,2020-05-16,75.93
Angola,AGO,2020-05-17,81.48
Angola,AGO,2020-05-18,81.48
Angola,AGO,2020-05-19,81.48
Angola,AGO,2020-05-20,81.48
Angola,AGO,2020-05-21,81.48
Angola,AGO,2020-05-22,81.48
Angola,AGO,2020-05-23,81.48
Angola,AGO,2020-05-24,81.48
Angola,AGO,2020-05-25,81.48
Angola,AGO,2020-05-26,77.78
Angola,AGO,2020-05-27,77.78
Angola,AGO,2020-05-28,77.78
Angola,AGO,2020-05-29,77.78
Angola,AGO,2020-05-30,77.78
Angola,AGO,2020-05-31,77.78
Angola,AGO,2020-06-01,77.78
Angola,AGO,2020-06-02,77.78
Angola,AGO,2020-06-03,77.78
Angola,AGO,2020-06-04,77.78
Angola,AGO,2020-06-05,77.78
Angola,AGO,2020-06-06,77.78
Angola,AGO,2020-06-07,77.78
Angola,AGO,2020-06-08,75.93
Angola,AGO,2020-06-09,75.93
Angola,AGO,2020-06-10,75.93
Angola,AGO,2020-06-11,75.93
Angola,AGO,2020-06-12,75.93
Angola,AGO,2020-06-13,75.93
Angola,AGO,2020-06-14,75.93
Angola,AGO,2020-06-15,75.93
Angola,AGO,2020-06-16,75.93
Angola,AGO,2020-06-17,75.93
Angola,AGO,2020-06-18,75.93
Angola,AGO,2020-06-19,75.93
Angola,AGO,2020-06-20,75.93
Angola,AGO,2020-06-21,75.93
Angola,AGO,2020-06-22,75.93
Angola,AGO,2020-06-23,75.93
Angola,AGO,2020-06-24,75.93
Angola,AGO,2020-06-25,75.93
Angola,AGO,2020-06-26,75.93
Angola,AGO,2020-06-27,75.93
Angola,AGO,2020-06-28,75.93
Angola,AGO,2020-06-29,75.93
Angola,AGO,2020-06-30,75.93
Angola,AGO,2020-07-01,75.93
Angola,AGO,2020-07-02,75.93
Angola,AGO,2020-07-03,75.93
Angola,AGO,2020-07-04,75.93
Angola,AGO,2020-07-05,75.93
Angola,AGO,2020-07-06,75.93
Angola,AGO,2020-07-07,75.93
Angola,AGO,2020-07-08,75.93
Angola,AGO,2020-07-09,76.39
Angola,AGO,2020-07-10,76.39
Angola,AGO,2020-07-11,76.39
Angola,AGO,2020-07-12,76.39
Angola,AGO,2020-07-13,76.39
Angola,AGO,2020-07-14,76.39
Angola,AGO,2020-07-15,76.39
Angola,AGO,2020-07-16,76.39
Angola,AGO,2020-07-17,76.39
Angola,AGO,2020-07-18,76.39
Angola,AGO,2020-07-19,76.39
Angola,AGO,2020-07-20,76.39
Angola,AGO,2020-07-21,76.39
Angola,AGO,2020-07-22,76.39
Angola,AGO,2020-07-23,76.39
Angola,AGO,2020-07-24,76.39
Angola,AGO,2020-07-25,76.39
Angola,AGO,2020-07-26,76.39
Angola,AGO,2020-07-27,76.39
Angola,AGO,2020-07-28,76.39
Angola,AGO,2020-07-29,76.39
Angola,AGO,2020-07-30,79.17
Angola,AGO,2020-07-31,79.17
Angola,AGO,2020-08-01,79.17
Angola,AGO,2020-08-02,79.17
Angola,AGO,2020-08-03,79.17
Angola,AGO,2020-08-04,79.17
Angola,AGO,2020-08-05,79.17
Angola,AGO,2020-08-06,79.17
Angola,AGO,2020-08-07,79.17
Angola,AGO,2020-08-08,79.17
Angola,AGO,2020-08-09,79.17
Angola,AGO,2020-08-10,79.17
Angola,AGO,2020-08-11,79.17
Angola,AGO,2020-08-12,79.17
Angola,AGO,2020-08-13,79.17
Angola,AGO,2020-08-14,79.17
Angola,AGO,2020-08-15,79.17
Angola,AGO,2020-08-16,79.17
Angola,AGO,2020-08-17,79.17
Angola,AGO,2020-08-18,79.17
Angola,AGO,2020-08-19,79.17
Angola,AGO,2020-08-20,79.17
Angola,AGO,2020-08-21,76.39
Angola,AGO,2020-08-22,76.39
Angola,AGO,2020-08-23,76.39
Angola,AGO,2020-08-24,76.39
Angola,AGO,2020-08-25,76.39
Angola,AGO,2020-08-26,76.39
Angola,AGO,2020-08-27,76.39
Angola,AGO,2020-08-28,76.39
Angola,AGO,2020-08-29,76.39
Angola,AGO,2020-08-30,76.39
Angola,AGO,2020-08-31,76.39
Angola,AGO,2020-09-01,81.02
Angola,AGO,2020-09-02,81.02
Angola,AGO,2020-09-03,81.02
Angola,AGO,2020-09-04,81.02
Angola,AGO,2020-09-05,81.02
Angola,AGO,2020-09-06,81.02
Angola,AGO,2020-09-07,81.02
Angola,AGO,2020-09-08,81.02
Angola,AGO,2020-09-09,81.02
Angola,AGO,2020-09-10,81.02
Angola,AGO,2020-09-11,81.02
Angola,AGO,2020-09-12,81.02
Angola,AGO,2020-09-13,81.02
Angola,AGO,2020-09-14,81.02
Angola,AGO,2020-09-15,81.02
Angola,AGO,2020-09-16,75
Angola,AGO,2020-09-17,75
Angola,AGO,2020-09-18,75
Angola,AGO,2020-09-19,75
Angola,AGO,2020-09-20,75
Angola,AGO,2020-09-21,75
Angola,AGO,2020-09-22,75
Angola,AGO,2020-09-23,75
Angola,AGO,2020-09-24,75
Angola,AGO,2020-09-25,75
Angola,AGO,2020-09-26,75
Angola,AGO,2020-09-27,75
Angola,AGO,2020-09-28,75
Angola,AGO,2020-09-29,75
Angola,AGO,2020-09-30,75
Angola,AGO,2020-10-01,75
Angola,AGO,2020-10-02,75
Angola,AGO,2020-10-03,75
Angola,AGO,2020-10-04,75
Angola,AGO,2020-10-05,71.3
Angola,AGO,2020-10-06,71.3
Angola,AGO,2020-10-07,71.3
Angola,AGO,2020-10-08,71.3
Angola,AGO,2020-10-09,71.3
Angola,AGO,2020-10-10,71.3
Angola,AGO,2020-10-11,71.3
Angola,AGO,2020-10-12,71.3
Angola,AGO,2020-10-13,71.3
Angola,AGO,2020-10-14,71.3
Angola,AGO,2020-10-15,71.3
Angola,AGO,2020-10-16,71.3
Angola,AGO,2020-10-17,71.3
Angola,AGO,2020-10-18,71.3
Angola,AGO,2020-10-19,71.3
Angola,AGO,2020-10-20,71.3
Angola,AGO,2020-10-21,60.19
Angola,AGO,2020-10-22,71.3
Angola,AGO,2020-10-23,65.74
Angola,AGO,2020-10-24,65.74
Angola,AGO,2020-10-25,65.74
Angola,AGO,2020-10-26,65.74
Angola,AGO,2020-10-27,65.74
Angola,AGO,2020-10-28,65.74
Angola,AGO,2020-10-29,65.74
Angola,AGO,2020-10-30,65.74
Angola,AGO,2020-10-31,65.74
Angola,AGO,2020-11-01,60.19
Angola,AGO,2020-11-02,60.19
Angola,AGO,2020-11-03,60.19
Angola,AGO,2020-11-04,60.19
Angola,AGO,2020-11-05,60.19
Angola,AGO,2020-11-06,60.19
Angola,AGO,2020-11-07,60.19
Angola,AGO,2020-11-08,60.19
Angola,AGO,2020-11-09,60.19
Angola,AGO,2020-11-10,60.19
Angola,AGO,2020-11-11,60.19
Angola,AGO,2020-11-12,60.19
Angola,AGO,2020-11-13,60.19
Angola,AGO,2020-11-14,60.19
Angola,AGO,2020-11-15,60.19
Angola,AGO,2020-11-16,60.19
Angola,AGO,2020-11-17,60.19
Angola,AGO,2020-11-18,58.8
Angola,AGO,2020-11-19,58.8
Angola,AGO,2020-11-20,58.8
Angola,AGO,2020-11-21,58.8
Angola,AGO,2020-11-22,58.8
Angola,AGO,2020-11-23,57.41
Angola,AGO,2020-11-24,57.41
Angola,AGO,2020-11-25,57.41
Angola,AGO,2020-11-26,57.41
Angola,AGO,2020-11-27,57.41
Angola,AGO,2020-11-28,57.41
Angola,AGO,2020-11-29,57.41
Angola,AGO,2020-11-30,57.41
Angola,AGO,2020-12-01,57.41
Angola,AGO,2020-12-02,57.41
Angola,AGO,2020-12-03,65.74
Angola,AGO,2020-12-04,65.74
Angola,AGO,2020-12-05,65.74
Angola,AGO,2020-12-06,65.74
Angola,AGO,2020-12-07,65.74
Angola,AGO,2020-12-08,65.74
Angola,AGO,2020-12-09,65.74
Angola,AGO,2020-12-10,65.74
Angola,AGO,2020-12-11,65.74
Angola,AGO,2020-12-12,65.74
Angola,AGO,2020-12-13,65.74
Angola,AGO,2020-12-14,65.74
Angola,AGO,2020-12-15,65.74
Angola,AGO,2020-12-16,65.74
Angola,AGO,2020-12-17,65.74
Angola,AGO,2020-12-18,65.74
Angola,AGO,2020-12-19,65.74
Angola,AGO,2020-12-20,65.74
Angola,AGO,2020-12-21,65.74
Angola,AGO,2020-12-22,65.74
Angola,AGO,2020-12-23,65.74
Angola,AGO,2020-12-24,65.74
Angola,AGO,2020-12-25,65.74
Angola,AGO,2020-12-26,65.74
Angola,AGO,2020-12-27,65.74
Angola,AGO,2020-12-28,65.74
Angola,AGO,2020-12-29,65.74
Angola,AGO,2020-12-30,65.74
Angola,AGO,2020-12-31,65.74
Angola,AGO,2021-01-01,65.74
Angola,AGO,2021-01-02,65.74
Angola,AGO,2021-01-03,65.74
Angola,AGO,2021-01-04,65.74
Angola,AGO,2021-01-06,65.74
Angola,AGO,2021-01-07,65.74
Angola,AGO,2021-01-08,65.74
Angola,AGO,2021-01-09,65.74
Angola,AGO,2021-01-10,65.74
Angola,AGO,2021-01-11,65.74
Angola,AGO,2021-01-12,65.74
Angola,AGO,2021-01-13,65.74
Angola,AGO,2021-01-14,65.74
Angola,AGO,2021-01-15,65.74
Angola,AGO,2021-01-16,65.74
Angola,AGO,2021-01-17,65.74
Angola,AGO,2021-01-18,65.74
Angola,AGO,2021-01-19,62.96
Angola,AGO,2021-01-20,62.96
Angola,AGO,2021-01-21,62.96
Angola,AGO,2021-01-22,62.96
Angola,AGO,2021-01-23,62.96
Angola,AGO,2021-01-24,62.96
Angola,AGO,2021-01-25,62.96
Angola,AGO,2021-01-26,62.96
Angola,AGO,2021-01-27,62.96
Angola,AGO,2021-01-28,62.96
Angola,AGO,2021-01-29,62.96
Angola,AGO,2021-01-30,62.96
Angola,AGO,2021-01-31,62.96
Angola,AGO,2021-02-01,62.96
Angola,AGO,2021-02-02,62.96
Angola,AGO,2021-02-03,62.96
Angola,AGO,2021-02-04,62.96
Angola,AGO,2021-02-05,61.11
Angola,AGO,2021-02-06,61.11
Angola,AGO,2021-02-07,61.11
Angola,AGO,2021-02-08,61.11
Angola,AGO,2021-02-09,61.11
Angola,AGO,2021-02-10,61.11
Angola,AGO,2021-02-11,61.11
Angola,AGO,2021-02-12,61.11
Angola,AGO,2021-02-13,61.11
Angola,AGO,2021-02-14,61.11
Angola,AGO,2021-02-15,61.11
Angola,AGO,2021-02-16,58.33
Angola,AGO,2021-02-17,58.33
Angola,AGO,2021-02-18,58.33
Angola,AGO,2021-02-19,58.33
Angola,AGO,2021-02-20,58.33
Angola,AGO,2021-02-21,58.33
Angola,AGO,2021-02-22,58.33
Angola,AGO,2021-02-23,58.33
Angola,AGO,2021-02-24,58.33
Angola,AGO,2021-02-25,58.33
Angola,AGO,2021-02-26,58.33
Angola,AGO,2021-02-27,58.33
Angola,AGO,2021-02-28,58.33
Angola,AGO,2021-03-01,58.33
Angola,AGO,2021-03-02,58.33
Angola,AGO,2021-03-03,58.33
Angola,AGO,2021-03-04,58.33
Angola,AGO,2021-03-05,58.33
Angola,AGO,2021-03-06,58.33
Angola,AGO,2021-03-07,58.33
Argentina,ARG,2020-01-01,0
Argentina,ARG,2020-01-02,0
Argentina,ARG,2020-01-03,0
Argentina,ARG,2020-01-04,0
Argentina,ARG,2020-01-05,0
Argentina,ARG,2020-01-06,0
Argentina,ARG,2020-01-07,0
Argentina,ARG,2020-01-08,0
Argentina,ARG,2020-01-09,0
Argentina,ARG,2020-01-10,0
Argentina,ARG,2020-01-11,0
Argentina,ARG,2020-01-12,0
Argentina,ARG,2020-01-13,0
Argentina,ARG,2020-01-14,0
Argentina,ARG,2020-01-15,0
Argentina,ARG,2020-01-16,0
Argentina,ARG,2020-01-17,0
Argentina,ARG,2020-01-18,0
Argentina,ARG,2020-01-19,0
Argentina,ARG,2020-01-20,0
Argentina,ARG,2020-01-21,0
Argentina,ARG,2020-01-22,0
Argentina,ARG,2020-01-23,11.11
Argentina,ARG,2020-01-24,11.11
Argentina,ARG,2020-01-25,11.11
Argentina,ARG,2020-01-26,11.11
Argentina,ARG,2020-01-27,11.11
Argentina,ARG,2020-01-28,11.11
Argentina,ARG,2020-01-29,11.11
Argentina,ARG,2020-01-30,11.11
Argentina,ARG,2020-01-31,11.11
Argentina,ARG,2020-02-01,11.11
Argentina,ARG,2020-02-02,11.11
Argentina,ARG,2020-02-03,11.11
Argentina,ARG,2020-02-04,11.11
Argentina,ARG,2020-02-05,11.11
Argentina,ARG,2020-02-06,11.11
Argentina,ARG,2020-02-07,11.11
Argentina,ARG,2020-02-08,11.11
Argentina,ARG,2020-02-09,11.11
Argentina,ARG,2020-02-10,11.11
Argentina,ARG,2020-02-11,11.11
Argentina,ARG,2020-02-12,11.11
Argentina,ARG,2020-02-13,11.11
Argentina,ARG,2020-02-14,11.11
Argentina,ARG,2020-02-15,11.11
Argentina,ARG,2020-02-16,11.11
Argentina,ARG,2020-02-17,11.11
Argentina,ARG,2020-02-18,11.11
Argentina,ARG,2020-02-19,11.11
Argentina,ARG,2020-02-20,11.11
Argentina,ARG,2020-02-21,11.11
Argentina,ARG,2020-02-22,11.11
Argentina,ARG,2020-02-23,11.11
Argentina,ARG,2020-02-24,11.11
Argentina,ARG,2020-02-25,11.11
Argentina,ARG,2020-02-26,11.11
Argentina,ARG,2020-02-27,11.11
Argentina,ARG,2020-02-28,11.11
Argentina,ARG,2020-02-29,11.11
Argentina,ARG,2020-03-01,11.11
Argentina,ARG,2020-03-02,11.11
Argentina,ARG,2020-03-03,11.11
Argentina,ARG,2020-03-04,11.11
Argentina,ARG,2020-03-05,11.11
Argentina,ARG,2020-03-06,11.11
Argentina,ARG,2020-03-07,11.11
Argentina,ARG,2020-03-08,11.11
Argentina,ARG,2020-03-09,11.11
Argentina,ARG,2020-03-10,11.11
Argentina,ARG,2020-03-11,25
Argentina,ARG,2020-03-12,25
Argentina,ARG,2020-03-13,25
Argentina,ARG,2020-03-14,25
Argentina,ARG,2020-03-15,25
Argentina,ARG,2020-03-16,41.67
Argentina,ARG,2020-03-17,41.67
Argentina,ARG,2020-03-18,41.67
Argentina,ARG,2020-03-19,75
Argentina,ARG,2020-03-20,88.89
Argentina,ARG,2020-03-21,88.89
Argentina,ARG,2020-03-22,88.89
Argentina,ARG,2020-03-23,100
Argentina,ARG,2020-03-24,100
Argentina,ARG,2020-03-25,100
Argentina,ARG,2020-03-26,100
Argentina,ARG,2020-03-27,100
Argentina,ARG,2020-03-28,100
Argentina,ARG,2020-03-29,100
Argentina,ARG,2020-03-30,100
Argentina,ARG,2020-03-31,100
Argentina,ARG,2020-04-01,100
Argentina,ARG,2020-04-02,100
Argentina,ARG,2020-04-03,100
Argentina,ARG,2020-04-04,100
Argentina,ARG,2020-04-05,100
Argentina,ARG,2020-04-06,100
Argentina,ARG,2020-04-07,100
Argentina,ARG,2020-04-08,100
Argentina,ARG,2020-04-09,100
Argentina,ARG,2020-04-10,100
Argentina,ARG,2020-04-11,100
Argentina,ARG,2020-04-12,100
Argentina,ARG,2020-04-13,100
Argentina,ARG,2020-04-14,100
Argentina,ARG,2020-04-15,100
Argentina,ARG,2020-04-16,100
Argentina,ARG,2020-04-17,100
Argentina,ARG,2020-04-18,100
Argentina,ARG,2020-04-19,100
Argentina,ARG,2020-04-20,100
Argentina,ARG,2020-04-21,100
Argentina,ARG,2020-04-22,100
Argentina,ARG,2020-04-23,100
Argentina,ARG,2020-04-24,100
Argentina,ARG,2020-04-25,100
Argentina,ARG,2020-04-26,98.15
Argentina,ARG,2020-04-27,88.89
Argentina,ARG,2020-04-28,88.89
Argentina,ARG,2020-04-29,88.89
Argentina,ARG,2020-04-30,88.89
Argentina,ARG,2020-05-01,88.89
Argentina,ARG,2020-05-02,88.89
Argentina,ARG,2020-05-03,88.89
Argentina,ARG,2020-05-04,88.89
Argentina,ARG,2020-05-05,88.89
Argentina,ARG,2020-05-06,88.89
Argentina,ARG,2020-05-07,88.89
Argentina,ARG,2020-05-08,88.89
Argentina,ARG,2020-05-09,88.89
Argentina,ARG,2020-05-10,88.89
Argentina,ARG,2020-05-11,94.44
Argentina,ARG,2020-05-12,90.74
Argentina,ARG,2020-05-13,90.74
Argentina,ARG,2020-05-14,90.74
Argentina,ARG,2020-05-15,90.74
Argentina,ARG,2020-05-16,90.74
Argentina,ARG,2020-05-17,90.74
Argentina,ARG,2020-05-18,90.74
Argentina,ARG,2020-05-19,90.74
Argentina,ARG,2020-05-20,90.74
Argentina,ARG,2020-05-21,90.74
Argentina,ARG,2020-05-22,90.74
Argentina,ARG,2020-05-23,90.74
Argentina,ARG,2020-05-24,90.74
Argentina,ARG,2020-05-25,90.74
Argentina,ARG,2020-05-26,90.74
Argentina,ARG,2020-05-27,90.74
Argentina,ARG,2020-05-28,90.74
Argentina,ARG,2020-05-29,90.74
Argentina,ARG,2020-05-30,90.74
Argentina,ARG,2020-05-31,90.74
Argentina,ARG,2020-06-01,90.74
Argentina,ARG,2020-06-02,90.74
Argentina,ARG,2020-06-03,90.74
Argentina,ARG,2020-06-04,90.74
Argentina,ARG,2020-06-05,88.89
Argentina,ARG,2020-06-06,88.89
Argentina,ARG,2020-06-07,88.89
Argentina,ARG,2020-06-08,88.89
Argentina,ARG,2020-06-09,88.89
Argentina,ARG,2020-06-10,88.89
Argentina,ARG,2020-06-11,88.89
Argentina,ARG,2020-06-12,88.89
Argentina,ARG,2020-06-13,88.89
Argentina,ARG,2020-06-14,88.89
Argentina,ARG,2020-06-15,88.89
Argentina,ARG,2020-06-16,88.89
Argentina,ARG,2020-06-17,88.89
Argentina,ARG,2020-06-18,88.89
Argentina,ARG,2020-06-19,88.89
Argentina,ARG,2020-06-20,88.89
Argentina,ARG,2020-06-21,88.89
Argentina,ARG,2020-06-22,88.89
Argentina,ARG,2020-06-23,88.89
Argentina,ARG,2020-06-24,88.89
Argentina,ARG,2020-06-25,88.89
Argentina,ARG,2020-06-26,88.89
Argentina,ARG,2020-06-27,88.89
Argentina,ARG,2020-06-28,88.89
Argentina,ARG,2020-06-29,88.89
Argentina,ARG,2020-06-30,88.89
Argentina,ARG,2020-07-01,92.59
Argentina,ARG,2020-07-02,81.48
Argentina,ARG,2020-07-03,92.59
Argentina,ARG,2020-07-04,92.59
Argentina,ARG,2020-07-05,92.59
Argentina,ARG,2020-07-06,92.59
Argentina,ARG,2020-07-07,92.59
Argentina,ARG,2020-07-08,92.59
Argentina,ARG,2020-07-09,92.59
Argentina,ARG,2020-07-10,92.59
Argentina,ARG,2020-07-11,92.59
Argentina,ARG,2020-07-12,92.59
Argentina,ARG,2020-07-13,92.59
Argentina,ARG,2020-07-14,92.59
Argentina,ARG,2020-07-15,92.59
Argentina,ARG,2020-07-16,92.59
Argentina,ARG,2020-07-17,92.59
Argentina,ARG,2020-07-18,92.59
Argentina,ARG,2020-07-19,92.59
Argentina,ARG,2020-07-20,90.74
Argentina,ARG,2020-07-21,90.74
Argentina,ARG,2020-07-22,90.74
Argentina,ARG,2020-07-23,90.74
Argentina,ARG,2020-07-24,90.74
Argentina,ARG,2020-07-25,90.74
Argentina,ARG,2020-07-26,90.74
Argentina,ARG,2020-07-27,90.74
Argentina,ARG,2020-07-28,90.74
Argentina,ARG,2020-07-29,90.74
Argentina,ARG,2020-07-30,90.74
Argentina,ARG,2020-07-31,90.74
Argentina,ARG,2020-08-01,90.74
Argentina,ARG,2020-08-02,90.74
Argentina,ARG,2020-08-03,88.89
Argentina,ARG,2020-08-04,88.89
Argentina,ARG,2020-08-05,88.89
Argentina,ARG,2020-08-06,88.89
Argentina,ARG,2020-08-07,87.96
Argentina,ARG,2020-08-08,87.96
Argentina,ARG,2020-08-09,87.96
Argentina,ARG,2020-08-10,87.96
Argentina,ARG,2020-08-11,87.96
Argentina,ARG,2020-08-12,87.96
Argentina,ARG,2020-08-13,87.96
Argentina,ARG,2020-08-14,87.96
Argentina,ARG,2020-08-15,87.96
Argentina,ARG,2020-08-16,87.96
Argentina,ARG,2020-08-17,87.96
Argentina,ARG,2020-08-18,87.96
Argentina,ARG,2020-08-19,87.96
Argentina,ARG,2020-08-20,87.96
Argentina,ARG,2020-08-21,87.96
Argentina,ARG,2020-08-22,87.96
Argentina,ARG,2020-08-23,87.96
Argentina,ARG,2020-08-24,87.96
Argentina,ARG,2020-08-25,87.96
Argentina,ARG,2020-08-26,87.96
Argentina,ARG,2020-08-27,87.96
Argentina,ARG,2020-08-28,87.96
Argentina,ARG,2020-08-29,87.96
Argentina,ARG,2020-08-30,87.96
Argentina,ARG,2020-08-31,87.96
Argentina,ARG,2020-09-01,87.96
Argentina,ARG,2020-09-02,87.96
Argentina,ARG,2020-09-03,87.96
Argentina,ARG,2020-09-04,87.96
Argentina,ARG,2020-09-05,87.96
Argentina,ARG,2020-09-06,87.96
Argentina,ARG,2020-09-07,87.96
Argentina,ARG,2020-09-08,87.96
Argentina,ARG,2020-09-09,87.96
Argentina,ARG,2020-09-10,87.96
Argentina,ARG,2020-09-11,87.96
Argentina,ARG,2020-09-12,87.96
Argentina,ARG,2020-09-13,87.96
Argentina,ARG,2020-09-14,87.96
Argentina,ARG,2020-09-15,87.96
Argentina,ARG,2020-09-16,87.96
Argentina,ARG,2020-09-17,87.96
Argentina,ARG,2020-09-18,87.96
Argentina,ARG,2020-09-19,87.96
Argentina,ARG,2020-09-20,87.96
Argentina,ARG,2020-09-21,87.96
Argentina,ARG,2020-09-22,87.96
Argentina,ARG,2020-09-23,87.96
Argentina,ARG,2020-09-24,87.96
Argentina,ARG,2020-09-25,87.96
Argentina,ARG,2020-09-26,87.96
Argentina,ARG,2020-09-27,87.96
Argentina,ARG,2020-09-28,87.96
Argentina,ARG,2020-09-29,87.96
Argentina,ARG,2020-09-30,87.96
Argentina,ARG,2020-10-01,87.96
Argentina,ARG,2020-10-02,87.96
Argentina,ARG,2020-10-03,87.96
Argentina,ARG,2020-10-04,87.96
Argentina,ARG,2020-10-05,87.96
Argentina,ARG,2020-10-06,87.96
Argentina,ARG,2020-10-07,87.96
Argentina,ARG,2020-10-08,87.96
Argentina,ARG,2020-10-09,87.96
Argentina,ARG,2020-10-10,82.87
Argentina,ARG,2020-10-11,82.87
Argentina,ARG,2020-10-12,82.87
Argentina,ARG,2020-10-13,82.87
Argentina,ARG,2020-10-14,82.87
Argentina,ARG,2020-10-15,82.87
Argentina,ARG,2020-10-16,82.87
Argentina,ARG,2020-10-17,82.87
Argentina,ARG,2020-10-18,82.87
Argentina,ARG,2020-10-19,82.87
Argentina,ARG,2020-10-20,82.87
Argentina,ARG,2020-10-21,82.87
Argentina,ARG,2020-10-22,82.87
Argentina,ARG,2020-10-23,82.87
Argentina,ARG,2020-10-24,82.87
Argentina,ARG,2020-10-25,80.09
Argentina,ARG,2020-10-26,80.09
Argentina,ARG,2020-10-27,80.09
Argentina,ARG,2020-10-28,81.94
Argentina,ARG,2020-10-29,81.94
Argentina,ARG,2020-10-30,81.94
Argentina,ARG,2020-10-31,81.94
Argentina,ARG,2020-11-01,81.94
Argentina,ARG,2020-11-02,81.94
Argentina,ARG,2020-11-03,81.94
Argentina,ARG,2020-11-04,81.94
Argentina,ARG,2020-11-05,81.94
Argentina,ARG,2020-11-06,79.17
Argentina,ARG,2020-11-07,79.17
Argentina,ARG,2020-11-08,79.17
Argentina,ARG,2020-11-09,79.17
Argentina,ARG,2020-11-10,79.17
Argentina,ARG,2020-11-11,79.17
Argentina,ARG,2020-11-12,79.17
Argentina,ARG,2020-11-13,79.17
Argentina,ARG,2020-11-14,79.17
Argentina,ARG,2020-11-15,79.17
Argentina,ARG,2020-11-16,79.17
Argentina,ARG,2020-11-17,79.17
Argentina,ARG,2020-11-18,79.17
Argentina,ARG,2020-11-19,79.17
Argentina,ARG,2020-11-20,79.17
Argentina,ARG,2020-11-21,79.17
Argentina,ARG,2020-11-22,79.17
Argentina,ARG,2020-11-23,79.17
Argentina,ARG,2020-11-24,79.17
Argentina,ARG,2020-11-25,79.17
Argentina,ARG,2020-11-26,79.17
Argentina,ARG,2020-11-27,79.17
Argentina,ARG,2020-11-28,79.17
Argentina,ARG,2020-11-29,79.17
Argentina,ARG,2020-11-30,79.17
Argentina,ARG,2020-12-01,79.17
Argentina,ARG,2020-12-02,79.17
Argentina,ARG,2020-12-03,79.17
Argentina,ARG,2020-12-04,79.17
Argentina,ARG,2020-12-05,79.17
Argentina,ARG,2020-12-06,79.17
Argentina,ARG,2020-12-07,79.17
Argentina,ARG,2020-12-08,79.17
Argentina,ARG,2020-12-09,79.17
Argentina,ARG,2020-12-10,79.17
Argentina,ARG,2020-12-11,79.17
Argentina,ARG,2020-12-12,79.17
Argentina,ARG,2020-12-13,79.17
Argentina,ARG,2020-12-14,79.17
Argentina,ARG,2020-12-15,79.17
Argentina,ARG,2020-12-16,79.17
Argentina,ARG,2020-12-17,79.17
Argentina,ARG,2020-12-18,79.17
Argentina,ARG,2020-12-19,79.17
Argentina,ARG,2020-12-20,79.17
Argentina,ARG,2020-12-21,79.17
Argentina,ARG,2020-12-22,79.17
Argentina,ARG,2020-12-23,79.17
Argentina,ARG,2020-12-24,79.17
Argentina,ARG,2020-12-25,79.17
Argentina,ARG,2020-12-26,79.17
Argentina,ARG,2020-12-27,79.17
Argentina,ARG,2020-12-28,79.17
Argentina,ARG,2020-12-29,79.17
Argentina,ARG,2020-12-30,79.17
Argentina,ARG,2020-12-31,79.17
Argentina,ARG,2021-01-01,79.17
Argentina,ARG,2021-01-02,79.17
Argentina,ARG,2021-01-03,79.17
Argentina,ARG,2021-01-04,79.17
Argentina,ARG,2021-01-05,79.17
Argentina,ARG,2021-01-06,79.17
Argentina,ARG,2021-01-07,79.17
Argentina,ARG,2021-01-08,79.17
Argentina,ARG,2021-01-09,79.17
Argentina,ARG,2021-01-10,79.17
Argentina,ARG,2021-01-11,79.17
Argentina,ARG,2021-01-12,79.17
Argentina,ARG,2021-01-13,79.17
Argentina,ARG,2021-01-14,79.17
Argentina,ARG,2021-01-15,79.17
Argentina,ARG,2021-01-16,79.17
Argentina,ARG,2021-01-17,79.17
Argentina,ARG,2021-01-18,79.17
Argentina,ARG,2021-01-19,79.17
Argentina,ARG,2021-01-20,79.17
Argentina,ARG,2021-01-21,79.17
Argentina,ARG,2021-01-22,79.17
Argentina,ARG,2021-01-23,79.17
Argentina,ARG,2021-01-24,79.17
Argentina,ARG,2021-01-25,79.17
Argentina,ARG,2021-01-26,79.17
Argentina,ARG,2021-01-27,79.17
Argentina,ARG,2021-01-28,79.17
Argentina,ARG,2021-01-29,79.17
Argentina,ARG,2021-01-30,79.17
Argentina,ARG,2021-01-31,79.17
Argentina,ARG,2021-02-01,79.17
Argentina,ARG,2021-02-02,79.17
Argentina,ARG,2021-02-03,79.17
Argentina,ARG,2021-02-04,79.17
Argentina,ARG,2021-02-05,79.17
Argentina,ARG,2021-02-06,79.17
Argentina,ARG,2021-02-07,79.17
Argentina,ARG,2021-02-08,79.17
Argentina,ARG,2021-02-09,79.17
Argentina,ARG,2021-02-10,79.17
Argentina,ARG,2021-02-11,79.17
Argentina,ARG,2021-02-12,79.17
Argentina,ARG,2021-02-13,79.17
Argentina,ARG,2021-02-14,79.17
Argentina,ARG,2021-02-15,79.17
Argentina,ARG,2021-02-16,79.17
Argentina,ARG,2021-02-17,79.17
Argentina,ARG,2021-02-18,77.31
Argentina,ARG,2021-02-19,77.31
Argentina,ARG,2021-02-20,77.31
Argentina,ARG,2021-02-21,77.31
Argentina,ARG,2021-02-22,77.31
Argentina,ARG,2021-02-23,77.31
Argentina,ARG,2021-02-24,77.31
Argentina,ARG,2021-02-25,77.31
Argentina,ARG,2021-02-26,77.31
Argentina,ARG,2021-02-27,77.31
Argentina,ARG,2021-02-28,77.31
Argentina,ARG,2021-03-01,77.31
Argentina,ARG,2021-03-02,77.31
Argentina,ARG,2021-03-03,77.31
Argentina,ARG,2021-03-04,77.31
Argentina,ARG,2021-03-05,77.31
Argentina,ARG,2021-03-06,77.31
Argentina,ARG,2021-03-07,77.31
Aruba,ABW,2020-01-01,0
Aruba,ABW,2020-01-02,0
Aruba,ABW,2020-01-03,0
Aruba,ABW,2020-01-04,0
Aruba,ABW,2020-01-05,0
Aruba,ABW,2020-01-06,0
Aruba,ABW,2020-01-07,0
Aruba,ABW,2020-01-08,0
Aruba,ABW,2020-01-09,0
Aruba,ABW,2020-01-10,0
Aruba,ABW,2020-01-11,0
Aruba,ABW,2020-01-12,0
Aruba,ABW,2020-01-13,0
Aruba,ABW,2020-01-14,0
Aruba,ABW,2020-01-15,0
Aruba,ABW,2020-01-16,0
Aruba,ABW,2020-01-17,0
Aruba,ABW,2020-01-18,0
Aruba,ABW,2020-01-19,0
Aruba,ABW,2020-01-20,0
Aruba,ABW,2020-01-21,0
Aruba,ABW,2020-01-22,0
Aruba,ABW,2020-01-23,0
Aruba,ABW,2020-01-24,0
Aruba,ABW,2020-01-25,0
Aruba,ABW,2020-01-26,0
Aruba,ABW,2020-01-27,0
Aruba,ABW,2020-01-28,0
Aruba,ABW,2020-01-29,0
Aruba,ABW,2020-01-30,0
Aruba,ABW,2020-01-31,0
Aruba,ABW,2020-02-01,0
Aruba,ABW,2020-02-02,0
Aruba,ABW,2020-02-03,0
Aruba,ABW,2020-02-04,0
Aruba,ABW,2020-02-05,0
Aruba,ABW,2020-02-06,0
Aruba,ABW,2020-02-07,0
Aruba,ABW,2020-02-08,0
Aruba,ABW,2020-02-09,0
Aruba,ABW,2020-02-10,0
Aruba,ABW,2020-02-11,0
Aruba,ABW,2020-02-12,0
Aruba,ABW,2020-02-13,0
Aruba,ABW,2020-02-14,0
Aruba,ABW,2020-02-15,0
Aruba,ABW,2020-02-16,0
Aruba,ABW,2020-02-17,0
Aruba,ABW,2020-02-18,0
Aruba,ABW,2020-02-19,0
Aruba,ABW,2020-02-20,0
Aruba,ABW,2020-02-21,0
Aruba,ABW,2020-02-22,0
Aruba,ABW,2020-02-23,0
Aruba,ABW,2020-02-24,0
Aruba,ABW,2020-02-25,0
Aruba,ABW,2020-02-26,0
Aruba,ABW,2020-02-27,0
Aruba,ABW,2020-02-28,0
Aruba,ABW,2020-02-29,0
Aruba,ABW,2020-03-01,0
Aruba,ABW,2020-03-02,0
Aruba,ABW,2020-03-03,0
Aruba,ABW,2020-03-04,0
Aruba,ABW,2020-03-05,0
Aruba,ABW,2020-03-06,0
Aruba,ABW,2020-03-07,0
Aruba,ABW,2020-03-08,0
Aruba,ABW,2020-03-09,0
Aruba,ABW,2020-03-10,0
Aruba,ABW,2020-03-11,0
Aruba,ABW,2020-03-12,0
Aruba,ABW,2020-03-13,0
Aruba,ABW,2020-03-14,0
Aruba,ABW,2020-03-15,0
Aruba,ABW,2020-03-16,11.11
Aruba,ABW,2020-03-17,22.22
Aruba,ABW,2020-03-18,33.33
Aruba,ABW,2020-03-19,33.33
Aruba,ABW,2020-03-20,33.33
Aruba,ABW,2020-03-21,44.44
Aruba,ABW,2020-03-22,44.44
Aruba,ABW,2020-03-23,44.44
Aruba,ABW,2020-03-24,44.44
Aruba,ABW,2020-03-25,44.44
Aruba,ABW,2020-03-26,44.44
Aruba,ABW,2020-03-27,44.44
Aruba,ABW,2020-03-28,44.44
Aruba,ABW,2020-03-29,85.19
Aruba,ABW,2020-03-30,85.19
Aruba,ABW,2020-03-31,85.19
Aruba,ABW,2020-04-01,85.19
Aruba,ABW,2020-04-02,85.19
Aruba,ABW,2020-04-03,85.19
Aruba,ABW,2020-04-04,85.19
Aruba,ABW,2020-04-05,85.19
Aruba,ABW,2020-04-06,85.19
Aruba,ABW,2020-04-07,85.19
Aruba,ABW,2020-04-08,85.19
Aruba,ABW,2020-04-09,85.19
Aruba,ABW,2020-04-10,88.89
Aruba,ABW,2020-04-11,85.19
Aruba,ABW,2020-04-12,88.89
Aruba,ABW,2020-04-13,88.89
Aruba,ABW,2020-04-14,85.19
Aruba,ABW,2020-04-15,85.19
Aruba,ABW,2020-04-16,85.19
Aruba,ABW,2020-04-17,85.19
Aruba,ABW,2020-04-18,85.19
Aruba,ABW,2020-04-19,85.19
Aruba,ABW,2020-04-20,85.19
Aruba,ABW,2020-04-21,85.19
Aruba,ABW,2020-04-22,85.19
Aruba,ABW,2020-04-23,85.19
Aruba,ABW,2020-04-24,85.19
Aruba,ABW,2020-04-25,85.19
Aruba,ABW,2020-04-26,85.19
Aruba,ABW,2020-04-27,85.19
Aruba,ABW,2020-04-28,85.19
Aruba,ABW,2020-04-29,85.19
Aruba,ABW,2020-04-30,85.19
Aruba,ABW,2020-05-01,85.19
Aruba,ABW,2020-05-02,85.19
Aruba,ABW,2020-05-03,85.19
Aruba,ABW,2020-05-04,81.48
Aruba,ABW,2020-05-05,81.48
Aruba,ABW,2020-05-06,81.48
Aruba,ABW,2020-05-07,81.48
Aruba,ABW,2020-05-08,81.48
Aruba,ABW,2020-05-09,81.48
Aruba,ABW,2020-05-10,81.48
Aruba,ABW,2020-05-11,81.48
Aruba,ABW,2020-05-12,81.48
Aruba,ABW,2020-05-13,81.48
Aruba,ABW,2020-05-14,81.48
Aruba,ABW,2020-05-15,81.48
Aruba,ABW,2020-05-16,81.48
Aruba,ABW,2020-05-17,81.48
Aruba,ABW,2020-05-18,66.67
Aruba,ABW,2020-05-19,66.67
Aruba,ABW,2020-05-20,66.67
Aruba,ABW,2020-05-21,66.67
Aruba,ABW,2020-05-22,66.67
Aruba,ABW,2020-05-23,66.67
Aruba,ABW,2020-05-24,66.67
Aruba,ABW,2020-05-25,66.67
Aruba,ABW,2020-05-26,66.67
Aruba,ABW,2020-05-27,66.67
Aruba,ABW,2020-05-28,62.96
Aruba,ABW,2020-05-29,62.96
Aruba,ABW,2020-05-30,62.96
Aruba,ABW,2020-05-31,57.41
Aruba,ABW,2020-06-01,57.41
Aruba,ABW,2020-06-02,57.41
Aruba,ABW,2020-06-03,57.41
Aruba,ABW,2020-06-04,57.41
Aruba,ABW,2020-06-05,57.41
Aruba,ABW,2020-06-06,57.41
Aruba,ABW,2020-06-07,57.41
Aruba,ABW,2020-06-08,57.41
Aruba,ABW,2020-06-09,53.7
Aruba,ABW,2020-06-10,47.22
Aruba,ABW,2020-06-11,47.22
Aruba,ABW,2020-06-12,47.22
Aruba,ABW,2020-06-13,47.22
Aruba,ABW,2020-06-14,47.22
Aruba,ABW,2020-06-15,47.22
Aruba,ABW,2020-06-16,47.22
Aruba,ABW,2020-06-17,47.22
Aruba,ABW,2020-06-18,47.22
Aruba,ABW,2020-06-19,47.22
Aruba,ABW,2020-06-20,47.22
Aruba,ABW,2020-06-21,47.22
Aruba,ABW,2020-06-22,47.22
Aruba,ABW,2020-06-23,47.22
Aruba,ABW,2020-06-24,47.22
Aruba,ABW,2020-06-25,47.22
Aruba,ABW,2020-06-26,47.22
Aruba,ABW,2020-06-27,47.22
Aruba,ABW,2020-06-28,47.22
Aruba,ABW,2020-06-29,47.22
Aruba,ABW,2020-06-30,47.22
Aruba,ABW,2020-07-01,47.22
Aruba,ABW,2020-07-02,47.22
Aruba,ABW,2020-07-03,47.22
Aruba,ABW,2020-07-04,47.22
Aruba,ABW,2020-07-05,47.22
Aruba,ABW,2020-07-06,47.22
Aruba,ABW,2020-07-07,47.22
Aruba,ABW,2020-07-08,47.22
Aruba,ABW,2020-07-09,47.22
Aruba,ABW,2020-07-10,47.22
Aruba,ABW,2020-07-11,47.22
Aruba,ABW,2020-07-12,47.22
Aruba,ABW,2020-07-13,43.52
Aruba,ABW,2020-07-14,43.52
Aruba,ABW,2020-07-15,43.52
Aruba,ABW,2020-07-16,43.52
Aruba,ABW,2020-07-17,43.52
Aruba,ABW,2020-07-18,43.52
Aruba,ABW,2020-07-19,43.52
Aruba,ABW,2020-07-20,43.52
Aruba,ABW,2020-07-21,43.52
Aruba,ABW,2020-07-22,43.52
Aruba,ABW,2020-07-23,43.52
Aruba,ABW,2020-07-24,43.52
Aruba,ABW,2020-07-25,43.52
Aruba,ABW,2020-07-26,43.52
Aruba,ABW,2020-07-27,43.52
Aruba,ABW,2020-07-28,43.52
Aruba,ABW,2020-07-29,43.52
Aruba,ABW,2020-07-30,43.52
Aruba,ABW,2020-07-31,43.52
Aruba,ABW,2020-08-01,43.52
Aruba,ABW,2020-08-02,43.52
Aruba,ABW,2020-08-03,43.52
Aruba,ABW,2020-08-04,54.63
Aruba,ABW,2020-08-05,54.63
Aruba,ABW,2020-08-06,54.63
Aruba,ABW,2020-08-07,58.33
Aruba,ABW,2020-08-08,58.33
Aruba,ABW,2020-08-09,58.33
Aruba,ABW,2020-08-10,58.33
Aruba,ABW,2020-08-11,58.33
Aruba,ABW,2020-08-12,58.33
Aruba,ABW,2020-08-13,58.33
Aruba,ABW,2020-08-14,58.33
Aruba,ABW,2020-08-15,58.33
Aruba,ABW,2020-08-16,58.33
Aruba,ABW,2020-08-17,58.33
Aruba,ABW,2020-08-18,69.44
Aruba,ABW,2020-08-19,69.44
Aruba,ABW,2020-08-20,69.44
Aruba,ABW,2020-08-21,69.44
Aruba,ABW,2020-08-22,69.44
Aruba,ABW,2020-08-23,69.44
Aruba,ABW,2020-08-24,69.44
Aruba,ABW,2020-08-25,69.44
Aruba,ABW,2020-08-26,69.44
Aruba,ABW,2020-08-27,69.44
Aruba,ABW,2020-08-28,71.76
Aruba,ABW,2020-08-29,71.76
Aruba,ABW,2020-08-30,71.76
Aruba,ABW,2020-08-31,71.76
Aruba,ABW,2020-09-01,71.76
Aruba,ABW,2020-09-02,71.76
Aruba,ABW,2020-09-03,68.06
Aruba,ABW,2020-09-04,68.06
Aruba,ABW,2020-09-05,68.06
Aruba,ABW,2020-09-06,68.06
Aruba,ABW,2020-09-07,62.5
Aruba,ABW,2020-09-08,62.5
Aruba,ABW,2020-09-09,62.5
Aruba,ABW,2020-09-10,62.5
Aruba,ABW,2020-09-11,59.72
Aruba,ABW,2020-09-12,59.72
Aruba,ABW,2020-09-13,59.72
Aruba,ABW,2020-09-14,59.72
Aruba,ABW,2020-09-15,59.72
Aruba,ABW,2020-09-16,59.72
Aruba,ABW,2020-09-17,59.72
Aruba,ABW,2020-09-18,59.72
Aruba,ABW,2020-09-19,59.72
Aruba,ABW,2020-09-20,59.72
Aruba,ABW,2020-09-21,54.17
Aruba,ABW,2020-09-22,54.17
Aruba,ABW,2020-09-23,54.17
Aruba,ABW,2020-09-24,54.17
Aruba,ABW,2020-09-25,54.17
Aruba,ABW,2020-09-26,54.17
Aruba,ABW,2020-09-27,54.17
Aruba,ABW,2020-09-28,54.17
Aruba,ABW,2020-09-29,54.17
Aruba,ABW,2020-09-30,54.17
Aruba,ABW,2020-10-01,54.17
Aruba,ABW,2020-10-02,54.17
Aruba,ABW,2020-10-03,54.17
Aruba,ABW,2020-10-04,54.17
Aruba,ABW,2020-10-05,54.17
Aruba,ABW,2020-10-06,54.17
Aruba,ABW,2020-10-07,54.17
Aruba,ABW,2020-10-08,54.17
Aruba,ABW,2020-10-09,54.17
Aruba,ABW,2020-10-10,54.17
Aruba,ABW,2020-10-11,54.17
Aruba,ABW,2020-10-12,54.17
Aruba,ABW,2020-10-13,54.17
Aruba,ABW,2020-10-14,54.17
Aruba,ABW,2020-10-15,54.17
Aruba,ABW,2020-10-16,54.17
Aruba,ABW,2020-10-17,54.17
Aruba,ABW,2020-10-18,54.17
Aruba,ABW,2020-10-19,54.17
Aruba,ABW,2020-10-20,54.17
Aruba,ABW,2020-10-21,54.17
Aruba,ABW,2020-10-22,40.74
Aruba,ABW,2020-10-23,40.74
Aruba,ABW,2020-10-24,40.74
Aruba,ABW,2020-10-25,40.74
Aruba,ABW,2020-10-26,40.74
Aruba,ABW,2020-10-27,40.74
Aruba,ABW,2020-10-28,40.74
Aruba,ABW,2020-10-29,40.74
Aruba,ABW,2020-10-30,40.74
Aruba,ABW,2020-10-31,40.74
Aruba,ABW,2020-11-01,40.74
Aruba,ABW,2020-11-02,40.74
Aruba,ABW,2020-11-03,40.74
Aruba,ABW,2020-11-04,40.74
Aruba,ABW,2020-11-05,40.74
Aruba,ABW,2020-11-06,40.74
Aruba,ABW,2020-11-07,40.74
Aruba,ABW,2020-11-08,40.74
Aruba,ABW,2020-11-09,40.74
Aruba,ABW,2020-11-10,37.04
Aruba,ABW,2020-11-11,37.04
Aruba,ABW,2020-11-12,37.04
Aruba,ABW,2020-11-13,37.04
Aruba,ABW,2020-11-14,37.04
Aruba,ABW,2020-11-15,37.04
Aruba,ABW,2020-11-16,37.04
Aruba,ABW,2020-11-17,37.04
Aruba,ABW,2020-11-18,37.04
Aruba,ABW,2020-11-19,35.19
Aruba,ABW,2020-11-20,35.19
Aruba,ABW,2020-11-21,35.19
Aruba,ABW,2020-11-22,35.19
Aruba,ABW,2020-11-23,35.19
Aruba,ABW,2020-11-24,26.85
Aruba,ABW,2020-11-25,26.85
Aruba,ABW,2020-11-26,26.85
Aruba,ABW,2020-11-27,26.85
Aruba,ABW,2020-11-28,26.85
Aruba,ABW,2020-11-29,26.85
Aruba,ABW,2020-11-30,26.85
Aruba,ABW,2020-12-01,28.7
Aruba,ABW,2020-12-02,28.7
Aruba,ABW,2020-12-03,28.7
Aruba,ABW,2020-12-04,28.7
Aruba,ABW,2020-12-05,32.41
Aruba,ABW,2020-12-06,32.41
Aruba,ABW,2020-12-07,32.41
Aruba,ABW,2020-12-08,32.41
Aruba,ABW,2020-12-09,32.41
Aruba,ABW,2020-12-10,32.41
Aruba,ABW,2020-12-11,32.41
Aruba,ABW,2020-12-12,32.41
Aruba,ABW,2020-12-13,32.41
Aruba,ABW,2020-12-14,32.41
Aruba,ABW,2020-12-15,35.19
Aruba,ABW,2020-12-16,35.19
Aruba,ABW,2020-12-17,35.19
Aruba,ABW,2020-12-18,35.19
Aruba,ABW,2020-12-19,31.48
Aruba,ABW,2020-12-20,31.48
Aruba,ABW,2020-12-21,31.48
Aruba,ABW,2020-12-22,31.48
Aruba,ABW,2020-12-23,31.48
Aruba,ABW,2020-12-24,31.48
Aruba,ABW,2020-12-25,31.48
Aruba,ABW,2020-12-26,31.48
Aruba,ABW,2020-12-27,31.48
Aruba,ABW,2020-12-28,31.48
Aruba,ABW,2020-12-29,31.48
Aruba,ABW,2020-12-30,31.48
Aruba,ABW,2020-12-31,31.48
Aruba,ABW,2021-01-01,35.19
Aruba,ABW,2021-01-02,35.19
Aruba,ABW,2021-01-03,35.19
Aruba,ABW,2021-01-04,35.19
Aruba,ABW,2021-01-05,35.19
Aruba,ABW,2021-01-06,35.19
Aruba,ABW,2021-01-07,40.74
Aruba,ABW,2021-01-08,40.74
Aruba,ABW,2021-01-09,40.74
Aruba,ABW,2021-01-10,40.74
Aruba,ABW,2021-01-11,40.74
Aruba,ABW,2021-01-12,40.74
Aruba,ABW,2021-01-13,40.74
Aruba,ABW,2021-01-14,37.04
Aruba,ABW,2021-01-15,37.04
Aruba,ABW,2021-01-16,37.04
Aruba,ABW,2021-01-17,37.04
Aruba,ABW,2021-01-18,37.04
Aruba,ABW,2021-01-19,40.74
Aruba,ABW,2021-01-20,40.74
Aruba,ABW,2021-01-21,40.74
Aruba,ABW,2021-01-22,40.74
Aruba,ABW,2021-01-23,40.74
Aruba,ABW,2021-01-24,40.74
Aruba,ABW,2021-01-25,40.74
Aruba,ABW,2021-01-26,46.3
Aruba,ABW,2021-01-27,46.3
Aruba,ABW,2021-01-28,46.3
Aruba,ABW,2021-01-29,46.3
Aruba,ABW,2021-01-30,46.3
Aruba,ABW,2021-01-31,46.3
Aruba,ABW,2021-02-01,46.3
Aruba,ABW,2021-02-02,46.3
Aruba,ABW,2021-02-03,46.3
Aruba,ABW,2021-02-04,46.3
Aruba,ABW,2021-02-05,53.7
Aruba,ABW,2021-02-06,53.7
Aruba,ABW,2021-02-07,53.7
Aruba,ABW,2021-02-08,53.7
Aruba,ABW,2021-02-09,56.48
Aruba,ABW,2021-02-10,56.48
Aruba,ABW,2021-02-11,56.48
Aruba,ABW,2021-02-12,56.48
Aruba,ABW,2021-02-13,56.48
Aruba,ABW,2021-02-14,56.48
Aruba,ABW,2021-02-15,56.48
Aruba,ABW,2021-02-16,56.48
Aruba,ABW,2021-02-17,56.48
Aruba,ABW,2021-02-18,56.48
Aruba,ABW,2021-02-19,56.48
Aruba,ABW,2021-02-20,56.48
Aruba,ABW,2021-02-21,56.48
Aruba,ABW,2021-02-22,56.48
Aruba,ABW,2021-02-23,56.48
Aruba,ABW,2021-02-24,56.48
Aruba,ABW,2021-02-25,56.48
Aruba,ABW,2021-02-26,56.48
Aruba,ABW,2021-02-27,56.48
Aruba,ABW,2021-02-28,56.48
Aruba,ABW,2021-03-01,56.48
Aruba,ABW,2021-03-02,56.48
Aruba,ABW,2021-03-03,56.48
Aruba,ABW,2021-03-04,56.48
Aruba,ABW,2021-03-05,56.48
Aruba,ABW,2021-03-06,56.48
Aruba,ABW,2021-03-07,56.48
Aruba,ABW,2021-03-08,56.48
Australia,AUS,2020-01-01,0
Australia,AUS,2020-01-02,0
Australia,AUS,2020-01-03,0
Australia,AUS,2020-01-04,0
Australia,AUS,2020-01-05,0
Australia,AUS,2020-01-06,0
Australia,AUS,2020-01-07,0
Australia,AUS,2020-01-08,0
Australia,AUS,2020-01-09,0
Australia,AUS,2020-01-10,0
Australia,AUS,2020-01-11,0
Australia,AUS,2020-01-12,0
Australia,AUS,2020-01-13,0
Australia,AUS,2020-01-14,0
Australia,AUS,2020-01-15,0
Australia,AUS,2020-01-16,0
Australia,AUS,2020-01-17,0
Australia,AUS,2020-01-18,0
Australia,AUS,2020-01-19,0
Australia,AUS,2020-01-20,0
Australia,AUS,2020-01-21,0
Australia,AUS,2020-01-22,0
Australia,AUS,2020-01-23,0
Australia,AUS,2020-01-24,0
Australia,AUS,2020-01-25,11.11
Australia,AUS,2020-01-26,11.11
Australia,AUS,2020-01-27,11.11
Australia,AUS,2020-01-28,11.11
Australia,AUS,2020-01-29,11.11
Australia,AUS,2020-01-30,11.11
Australia,AUS,2020-01-31,11.11
Australia,AUS,2020-02-01,19.44
Australia,AUS,2020-02-02,19.44
Australia,AUS,2020-02-03,19.44
Australia,AUS,2020-02-04,19.44
Australia,AUS,2020-02-05,19.44
Australia,AUS,2020-02-06,19.44
Australia,AUS,2020-02-07,19.44
Australia,AUS,2020-02-08,19.44
Australia,AUS,2020-02-09,19.44
Australia,AUS,2020-02-10,19.44
Australia,AUS,2020-02-11,19.44
Australia,AUS,2020-02-12,19.44
Australia,AUS,2020-02-13,19.44
Australia,AUS,2020-02-14,19.44
Australia,AUS,2020-02-15,19.44
Australia,AUS,2020-02-16,19.44
Australia,AUS,2020-02-17,19.44
Australia,AUS,2020-02-18,19.44
Australia,AUS,2020-02-19,19.44
Australia,AUS,2020-02-20,19.44
Australia,AUS,2020-02-21,19.44
Australia,AUS,2020-02-22,19.44
Australia,AUS,2020-02-23,19.44
Australia,AUS,2020-02-24,19.44
Australia,AUS,2020-02-25,19.44
Australia,AUS,2020-02-26,19.44
Australia,AUS,2020-02-27,19.44
Australia,AUS,2020-02-28,19.44
Australia,AUS,2020-02-29,19.44
Australia,AUS,2020-03-01,19.44
Australia,AUS,2020-03-02,19.44
Australia,AUS,2020-03-03,19.44
Australia,AUS,2020-03-04,19.44
Australia,AUS,2020-03-05,19.44
Australia,AUS,2020-03-06,19.44
Australia,AUS,2020-03-07,19.44
Australia,AUS,2020-03-08,19.44
Australia,AUS,2020-03-09,19.44
Australia,AUS,2020-03-10,19.44
Australia,AUS,2020-03-11,19.44
Australia,AUS,2020-03-12,19.44
Australia,AUS,2020-03-13,19.44
Australia,AUS,2020-03-14,19.44
Australia,AUS,2020-03-15,19.44
Australia,AUS,2020-03-16,30.56
Australia,AUS,2020-03-17,30.56
Australia,AUS,2020-03-18,36.11
Australia,AUS,2020-03-19,44.44
Australia,AUS,2020-03-20,47.22
Australia,AUS,2020-03-21,47.22
Australia,AUS,2020-03-22,47.22
Australia,AUS,2020-03-23,52.78
Australia,AUS,2020-03-24,68.52
Australia,AUS,2020-03-25,68.52
Australia,AUS,2020-03-26,68.52
Australia,AUS,2020-03-27,68.52
Australia,AUS,2020-03-28,68.52
Australia,AUS,2020-03-29,71.3
Australia,AUS,2020-03-30,71.3
Australia,AUS,2020-03-31,71.3
Australia,AUS,2020-04-01,71.3
Australia,AUS,2020-04-02,73.15
Australia,AUS,2020-04-03,73.15
Australia,AUS,2020-04-04,73.15
Australia,AUS,2020-04-05,73.15
Australia,AUS,2020-04-06,73.15
Australia,AUS,2020-04-07,73.15
Australia,AUS,2020-04-08,73.15
Australia,AUS,2020-04-09,73.15
Australia,AUS,2020-04-10,73.15
Australia,AUS,2020-04-11,73.15
Australia,AUS,2020-04-12,73.15
Australia,AUS,2020-04-13,73.15
Australia,AUS,2020-04-14,73.15
Australia,AUS,2020-04-15,73.15
Australia,AUS,2020-04-16,73.15
Australia,AUS,2020-04-17,73.15
Australia,AUS,2020-04-18,69.44
Australia,AUS,2020-04-19,69.44
Australia,AUS,2020-04-20,69.44
Australia,AUS,2020-04-21,69.44
Australia,AUS,2020-04-22,69.44
Australia,AUS,2020-04-23,69.44
Australia,AUS,2020-04-24,69.44
Australia,AUS,2020-04-25,69.44
Australia,AUS,2020-04-26,69.44
Australia,AUS,2020-04-27,69.44
Australia,AUS,2020-04-28,69.44
Australia,AUS,2020-04-29,69.44
Australia,AUS,2020-04-30,69.44
Australia,AUS,2020-05-01,69.44
Australia,AUS,2020-05-02,69.44
Australia,AUS,2020-05-03,69.44
Australia,AUS,2020-05-04,69.44
Australia,AUS,2020-05-05,69.44
Australia,AUS,2020-05-06,69.44
Australia,AUS,2020-05-07,69.44
Australia,AUS,2020-05-08,69.44
Australia,AUS,2020-05-09,69.44
Australia,AUS,2020-05-10,69.44
Australia,AUS,2020-05-11,69.44
Australia,AUS,2020-05-12,69.44
Australia,AUS,2020-05-13,69.44
Australia,AUS,2020-05-14,69.44
Australia,AUS,2020-05-15,65.74
Australia,AUS,2020-05-16,64.35
Australia,AUS,2020-05-17,64.35
Australia,AUS,2020-05-18,67.13
Australia,AUS,2020-05-19,67.13
Australia,AUS,2020-05-20,67.13
Australia,AUS,2020-05-21,67.13
Australia,AUS,2020-05-22,67.13
Australia,AUS,2020-05-23,67.13
Australia,AUS,2020-05-24,67.13
Australia,AUS,2020-05-25,65.28
Australia,AUS,2020-05-26,65.28
Australia,AUS,2020-05-27,65.28
Australia,AUS,2020-05-28,65.28
Australia,AUS,2020-05-29,63.43
Australia,AUS,2020-05-30,63.43
Australia,AUS,2020-05-31,63.43
Australia,AUS,2020-06-01,62.04
Australia,AUS,2020-06-02,62.04
Australia,AUS,2020-06-03,62.04
Australia,AUS,2020-06-04,62.04
Australia,AUS,2020-06-05,62.04
Australia,AUS,2020-06-06,62.04
Australia,AUS,2020-06-07,62.04
Australia,AUS,2020-06-08,62.04
Australia,AUS,2020-06-09,60.19
Australia,AUS,2020-06-10,60.19
Australia,AUS,2020-06-11,60.19
Australia,AUS,2020-06-12,50.46
Australia,AUS,2020-06-13,50.46
Australia,AUS,2020-06-14,50.46
Australia,AUS,2020-06-15,50.46
Australia,AUS,2020-06-16,50.46
Australia,AUS,2020-06-17,50.46
Australia,AUS,2020-06-18,50.46
Australia,AUS,2020-06-19,50.46
Australia,AUS,2020-06-20,50.46
Australia,AUS,2020-06-21,50.46
Australia,AUS,2020-06-22,50.46
Australia,AUS,2020-06-23,52.31
Australia,AUS,2020-06-24,52.31
Australia,AUS,2020-06-25,52.31
Australia,AUS,2020-06-26,52.31
Australia,AUS,2020-06-27,52.31
Australia,AUS,2020-06-28,52.31
Australia,AUS,2020-06-29,52.31
Australia,AUS,2020-06-30,52.31
Australia,AUS,2020-07-01,68.98
Australia,AUS,2020-07-02,68.98
Australia,AUS,2020-07-03,68.98
Australia,AUS,2020-07-04,68.98
Australia,AUS,2020-07-05,68.98
Australia,AUS,2020-07-06,68.98
Australia,AUS,2020-07-07,68.98
Australia,AUS,2020-07-08,75.46
Australia,AUS,2020-07-09,75.46
Australia,AUS,2020-07-10,75.46
Australia,AUS,2020-07-11,75.46
Australia,AUS,2020-07-12,75.46
Australia,AUS,2020-07-13,71.76
Australia,AUS,2020-07-14,71.76
Australia,AUS,2020-07-15,71.76
Australia,AUS,2020-07-16,68.06
Australia,AUS,2020-07-17,68.06
Australia,AUS,2020-07-18,68.06
Australia,AUS,2020-07-19,68.06
Australia,AUS,2020-07-20,68.06
Australia,AUS,2020-07-21,68.06
Australia,AUS,2020-07-22,68.06
Australia,AUS,2020-07-23,68.06
Australia,AUS,2020-07-24,68.06
Australia,AUS,2020-07-25,68.06
Australia,AUS,2020-07-26,68.06
Australia,AUS,2020-07-27,68.06
Australia,AUS,2020-07-28,68.06
Australia,AUS,2020-07-29,68.06
Australia,AUS,2020-07-30,68.06
Australia,AUS,2020-07-31,68.06
Australia,AUS,2020-08-01,68.06
Australia,AUS,2020-08-02,71.76
Australia,AUS,2020-08-03,75.46
Australia,AUS,2020-08-04,75.46
Australia,AUS,2020-08-05,75.46
Australia,AUS,2020-08-06,75.46
Australia,AUS,2020-08-07,75.46
Australia,AUS,2020-08-08,75.46
Australia,AUS,2020-08-09,75.46
Australia,AUS,2020-08-10,75.46
Australia,AUS,2020-08-11,75.46
Australia,AUS,2020-08-12,75.46
Australia,AUS,2020-08-13,75.46
Australia,AUS,2020-08-14,75.46
Australia,AUS,2020-08-15,75.46
Australia,AUS,2020-08-16,75.46
Australia,AUS,2020-08-17,75.46
Australia,AUS,2020-08-18,75.46
Australia,AUS,2020-08-19,75.46
Australia,AUS,2020-08-20,75.46
Australia,AUS,2020-08-21,75.46
Australia,AUS,2020-08-22,75.46
Australia,AUS,2020-08-23,75.46
Australia,AUS,2020-08-24,75.46
Australia,AUS,2020-08-25,75.46
Australia,AUS,2020-08-26,75.46
Australia,AUS,2020-08-27,75.46
Australia,AUS,2020-08-28,75.46
Australia,AUS,2020-08-29,75.46
Australia,AUS,2020-08-30,75.46
Australia,AUS,2020-08-31,75.46
Australia,AUS,2020-09-01,75.46
Australia,AUS,2020-09-02,75.46
Australia,AUS,2020-09-03,75.46
Australia,AUS,2020-09-04,75.46
Australia,AUS,2020-09-05,75.46
Australia,AUS,2020-09-06,75.46
Australia,AUS,2020-09-07,75.46
Australia,AUS,2020-09-08,75.46
Australia,AUS,2020-09-09,75.46
Australia,AUS,2020-09-10,75.46
Australia,AUS,2020-09-11,75.46
Australia,AUS,2020-09-12,75.46
Australia,AUS,2020-09-13,75.46
Australia,AUS,2020-09-14,75.46
Australia,AUS,2020-09-15,75.46
Australia,AUS,2020-09-16,75.46
Australia,AUS,2020-09-17,75.46
Australia,AUS,2020-09-18,75.46
Australia,AUS,2020-09-19,75.46
Australia,AUS,2020-09-20,75.46
Australia,AUS,2020-09-21,75.46
Australia,AUS,2020-09-22,75.46
Australia,AUS,2020-09-23,75.46
Australia,AUS,2020-09-24,75.46
Australia,AUS,2020-09-25,75.46
Australia,AUS,2020-09-26,75.46
Australia,AUS,2020-09-27,75.46
Australia,AUS,2020-09-28,68.06
Australia,AUS,2020-09-29,68.06
Australia,AUS,2020-09-30,68.06
Australia,AUS,2020-10-01,68.06
Australia,AUS,2020-10-02,68.06
Australia,AUS,2020-10-03,68.06
Australia,AUS,2020-10-04,68.06
Australia,AUS,2020-10-05,68.06
Australia,AUS,2020-10-06,68.06
Australia,AUS,2020-10-07,68.06
Australia,AUS,2020-10-08,68.06
Australia,AUS,2020-10-09,68.06
Australia,AUS,2020-10-10,68.06
Australia,AUS,2020-10-11,68.06
Australia,AUS,2020-10-12,68.06
Australia,AUS,2020-10-13,68.06
Australia,AUS,2020-10-14,68.06
Australia,AUS,2020-10-15,68.06
Australia,AUS,2020-10-16,68.06
Australia,AUS,2020-10-17,68.06
Australia,AUS,2020-10-18,68.06
Australia,AUS,2020-10-19,68.06
Australia,AUS,2020-10-20,68.06
Australia,AUS,2020-10-21,68.06
Australia,AUS,2020-10-22,68.06
Australia,AUS,2020-10-23,68.06
Australia,AUS,2020-10-24,68.06
Australia,AUS,2020-10-25,68.06
Australia,AUS,2020-10-26,68.06
Australia,AUS,2020-10-27,68.06
Australia,AUS,2020-10-28,48.61
Australia,AUS,2020-10-29,48.61
Australia,AUS,2020-10-30,50.46
Australia,AUS,2020-10-31,50.46
Australia,AUS,2020-11-01,50.46
Australia,AUS,2020-11-02,50.46
Australia,AUS,2020-11-03,50.46
Australia,AUS,2020-11-04,50.46
Australia,AUS,2020-11-05,53.24
Australia,AUS,2020-11-06,53.24
Australia,AUS,2020-11-07,53.24
Australia,AUS,2020-11-08,55.09
Australia,AUS,2020-11-09,55.09
Australia,AUS,2020-11-10,55.09
Australia,AUS,2020-11-11,55.09
Australia,AUS,2020-11-12,55.09
Australia,AUS,2020-11-13,55.09
Australia,AUS,2020-11-14,55.09
Australia,AUS,2020-11-15,55.09
Australia,AUS,2020-11-16,55.09
Australia,AUS,2020-11-17,55.09
Australia,AUS,2020-11-18,55.09
Australia,AUS,2020-11-19,55.09
Australia,AUS,2020-11-20,55.09
Australia,AUS,2020-11-21,55.09
Australia,AUS,2020-11-22,50
Australia,AUS,2020-11-23,50
Australia,AUS,2020-11-24,50
Australia,AUS,2020-11-25,50
Australia,AUS,2020-11-26,50
Australia,AUS,2020-11-27,50
Australia,AUS,2020-11-28,50
Australia,AUS,2020-11-29,50
Australia,AUS,2020-11-30,50
Australia,AUS,2020-12-01,62.5
Australia,AUS,2020-12-02,62.5
Australia,AUS,2020-12-03,62.5
Australia,AUS,2020-12-04,62.5
Australia,AUS,2020-12-05,62.5
Australia,AUS,2020-12-06,62.5
Australia,AUS,2020-12-07,62.5
Australia,AUS,2020-12-08,62.5
Australia,AUS,2020-12-09,62.5
Australia,AUS,2020-12-10,62.5
Australia,AUS,2020-12-11,62.5
Australia,AUS,2020-12-12,62.5
Australia,AUS,2020-12-13,62.5
Australia,AUS,2020-12-14,62.5
Australia,AUS,2020-12-15,62.5
Australia,AUS,2020-12-16,62.5
Australia,AUS,2020-12-17,62.5
Australia,AUS,2020-12-18,62.5
Australia,AUS,2020-12-19,70.83
Australia,AUS,2020-12-20,70.83
Australia,AUS,2020-12-21,70.83
Australia,AUS,2020-12-22,70.83
Australia,AUS,2020-12-23,70.83
Australia,AUS,2020-12-24,70.83
Australia,AUS,2020-12-25,70.83
Australia,AUS,2020-12-26,70.83
Australia,AUS,2020-12-27,70.83
Australia,AUS,2020-12-28,70.83
Australia,AUS,2020-12-29,70.83
Australia,AUS,2020-12-30,70.83
Australia,AUS,2020-12-31,70.83
Australia,AUS,2021-01-01,70.83
Australia,AUS,2021-01-02,70.83
Australia,AUS,2021-01-03,70.83
Australia,AUS,2021-01-04,70.83
Australia,AUS,2021-01-05,70.83
Australia,AUS,2021-01-06,70.83
Australia,AUS,2021-01-07,70.83
Australia,AUS,2021-01-08,70.83
Australia,AUS,2021-01-09,70.83
Australia,AUS,2021-01-10,70.83
Australia,AUS,2021-01-11,55.09
Australia,AUS,2021-01-12,55.09
Australia,AUS,2021-01-13,55.09
Australia,AUS,2021-01-14,55.09
Australia,AUS,2021-01-15,55.09
Australia,AUS,2021-01-16,55.09
Australia,AUS,2021-01-17,55.09
Australia,AUS,2021-01-18,55.09
Australia,AUS,2021-01-19,55.09
Australia,AUS,2021-01-20,55.09
Australia,AUS,2021-01-21,55.09
Australia,AUS,2021-01-22,55.09
Australia,AUS,2021-01-23,55.09
Australia,AUS,2021-01-24,55.09
Australia,AUS,2021-01-25,55.09
Australia,AUS,2021-01-26,55.09
Australia,AUS,2021-01-27,55.09
Australia,AUS,2021-01-28,55.09
Australia,AUS,2021-01-29,55.09
Australia,AUS,2021-01-30,55.09
Australia,AUS,2021-01-31,70.83
Australia,AUS,2021-02-01,78.24
Australia,AUS,2021-02-02,78.24
Australia,AUS,2021-02-03,78.24
Australia,AUS,2021-02-04,78.24
Australia,AUS,2021-02-05,63.43
Australia,AUS,2021-02-06,63.43
Australia,AUS,2021-02-07,63.43
Australia,AUS,2021-02-08,56.02
Australia,AUS,2021-02-09,56.02
Australia,AUS,2021-02-10,56.02
Australia,AUS,2021-02-11,56.02
Australia,AUS,2021-02-12,74.54
Australia,AUS,2021-02-13,74.54
Australia,AUS,2021-02-14,74.54
Australia,AUS,2021-02-15,81.94
Australia,AUS,2021-02-16,79.17
Australia,AUS,2021-02-17,79.17
Australia,AUS,2021-02-18,53.24
Australia,AUS,2021-02-19,53.24
Australia,AUS,2021-02-20,53.24
Australia,AUS,2021-02-21,53.24
Australia,AUS,2021-02-22,53.24
Australia,AUS,2021-02-23,53.24
Australia,AUS,2021-02-24,53.24
Australia,AUS,2021-02-25,53.24
Australia,AUS,2021-02-26,53.24
Australia,AUS,2021-02-27,50.46
Australia,AUS,2021-02-28,50.46
Australia,AUS,2021-03-01,50.46
Australia,AUS,2021-03-02,50.46
Australia,AUS,2021-03-03,50.46
Australia,AUS,2021-03-04,50.46
Australia,AUS,2021-03-05,50.46
Australia,AUS,2021-03-06,50.46
Australia,AUS,2021-03-07,50.46
Australia,AUS,2021-03-08,50.46
Austria,AUT,2020-01-01,0
Austria,AUT,2020-01-02,0
Austria,AUT,2020-01-03,0
Austria,AUT,2020-01-04,0
Austria,AUT,2020-01-05,0
Austria,AUT,2020-01-06,0
Austria,AUT,2020-01-07,0
Austria,AUT,2020-01-08,0
Austria,AUT,2020-01-09,0
Austria,AUT,2020-01-10,0
Austria,AUT,2020-01-11,0
Austria,AUT,2020-01-12,0
Austria,AUT,2020-01-13,0
Austria,AUT,2020-01-14,0
Austria,AUT,2020-01-15,0
Austria,AUT,2020-01-16,0
Austria,AUT,2020-01-17,0
Austria,AUT,2020-01-18,0
Austria,AUT,2020-01-19,0
Austria,AUT,2020-01-20,0
Austria,AUT,2020-01-21,0
Austria,AUT,2020-01-22,0
Austria,AUT,2020-01-23,0
Austria,AUT,2020-01-24,0
Austria,AUT,2020-01-25,0
Austria,AUT,2020-01-26,0
Austria,AUT,2020-01-27,0
Austria,AUT,2020-01-28,0
Austria,AUT,2020-01-29,0
Austria,AUT,2020-01-30,0
Austria,AUT,2020-01-31,0
Austria,AUT,2020-02-01,0
Austria,AUT,2020-02-02,0
Austria,AUT,2020-02-03,0
Austria,AUT,2020-02-04,0
Austria,AUT,2020-02-05,0
Austria,AUT,2020-02-06,0
Austria,AUT,2020-02-07,0
Austria,AUT,2020-02-08,0
Austria,AUT,2020-02-09,0
Austria,AUT,2020-02-10,0
Austria,AUT,2020-02-11,0
Austria,AUT,2020-02-12,0
Austria,AUT,2020-02-13,0
Austria,AUT,2020-02-14,0
Austria,AUT,2020-02-15,0
Austria,AUT,2020-02-16,0
Austria,AUT,2020-02-17,0
Austria,AUT,2020-02-18,0
Austria,AUT,2020-02-19,0
Austria,AUT,2020-02-20,0
Austria,AUT,2020-02-21,0
Austria,AUT,2020-02-22,0
Austria,AUT,2020-02-23,0
Austria,AUT,2020-02-24,11.11
Austria,AUT,2020-02-25,11.11
Austria,AUT,2020-02-26,11.11
Austria,AUT,2020-02-27,11.11
Austria,AUT,2020-02-28,11.11
Austria,AUT,2020-02-29,11.11
Austria,AUT,2020-03-01,11.11
Austria,AUT,2020-03-02,11.11
Austria,AUT,2020-03-03,11.11
Austria,AUT,2020-03-04,11.11
Austria,AUT,2020-03-05,11.11
Austria,AUT,2020-03-06,11.11
Austria,AUT,2020-03-07,11.11
Austria,AUT,2020-03-08,11.11
Austria,AUT,2020-03-09,19.44
Austria,AUT,2020-03-10,19.44
Austria,AUT,2020-03-11,30.56
Austria,AUT,2020-03-12,34.26
Austria,AUT,2020-03-13,48.15
Austria,AUT,2020-03-14,48.15
Austria,AUT,2020-03-15,48.15
Austria,AUT,2020-03-16,81.48
Austria,AUT,2020-03-17,81.48
Austria,AUT,2020-03-18,81.48
Austria,AUT,2020-03-19,81.48
Austria,AUT,2020-03-20,81.48
Austria,AUT,2020-03-21,81.48
Austria,AUT,2020-03-22,81.48
Austria,AUT,2020-03-23,81.48
Austria,AUT,2020-03-24,81.48
Austria,AUT,2020-03-25,81.48
Austria,AUT,2020-03-26,81.48
Austria,AUT,2020-03-27,81.48
Austria,AUT,2020-03-28,81.48
Austria,AUT,2020-03-29,81.48
Austria,AUT,2020-03-30,81.48
Austria,AUT,2020-03-31,81.48
Austria,AUT,2020-04-01,81.48
Austria,AUT,2020-04-02,81.48
Austria,AUT,2020-04-03,81.48
Austria,AUT,2020-04-04,81.48
Austria,AUT,2020-04-05,81.48
Austria,AUT,2020-04-06,81.48
Austria,AUT,2020-04-07,81.48
Austria,AUT,2020-04-08,81.48
Austria,AUT,2020-04-09,81.48
Austria,AUT,2020-04-10,81.48
Austria,AUT,2020-04-11,81.48
Austria,AUT,2020-04-12,81.48
Austria,AUT,2020-04-13,81.48
Austria,AUT,2020-04-14,77.78
Austria,AUT,2020-04-15,77.78
Austria,AUT,2020-04-16,77.78
Austria,AUT,2020-04-17,77.78
Austria,AUT,2020-04-18,77.78
Austria,AUT,2020-04-19,77.78
Austria,AUT,2020-04-20,77.78
Austria,AUT,2020-04-21,77.78
Austria,AUT,2020-04-22,77.78
Austria,AUT,2020-04-23,75
Austria,AUT,2020-04-24,75
Austria,AUT,2020-04-25,75
Austria,AUT,2020-04-26,75
Austria,AUT,2020-04-27,75
Austria,AUT,2020-04-28,75
Austria,AUT,2020-04-29,75
Austria,AUT,2020-04-30,75
Austria,AUT,2020-05-01,67.59
Austria,AUT,2020-05-02,64.81
Austria,AUT,2020-05-03,64.81
Austria,AUT,2020-05-04,64.81
Austria,AUT,2020-05-05,64.81
Austria,AUT,2020-05-06,64.81
Austria,AUT,2020-05-07,64.81
Austria,AUT,2020-05-08,64.81
Austria,AUT,2020-05-09,64.81
Austria,AUT,2020-05-10,64.81
Austria,AUT,2020-05-11,59.26
Austria,AUT,2020-05-12,59.26
Austria,AUT,2020-05-13,59.26
Austria,AUT,2020-05-14,59.26
Austria,AUT,2020-05-15,59.26
Austria,AUT,2020-05-16,59.26
Austria,AUT,2020-05-17,59.26
Austria,AUT,2020-05-18,59.26
Austria,AUT,2020-05-19,59.26
Austria,AUT,2020-05-20,59.26
Austria,AUT,2020-05-21,59.26
Austria,AUT,2020-05-22,59.26
Austria,AUT,2020-05-23,59.26
Austria,AUT,2020-05-24,59.26
Austria,AUT,2020-05-25,59.26
Austria,AUT,2020-05-26,59.26
Austria,AUT,2020-05-27,59.26
Austria,AUT,2020-05-28,59.26
Austria,AUT,2020-05-29,53.7
Austria,AUT,2020-05-30,53.7
Austria,AUT,2020-05-31,53.7
Austria,AUT,2020-06-01,53.7
Austria,AUT,2020-06-02,53.7
Austria,AUT,2020-06-03,50
Austria,AUT,2020-06-04,47.22
Austria,AUT,2020-06-05,47.22
Austria,AUT,2020-06-06,47.22
Austria,AUT,2020-06-07,47.22
Austria,AUT,2020-06-08,47.22
Austria,AUT,2020-06-09,47.22
Austria,AUT,2020-06-10,47.22
Austria,AUT,2020-06-11,47.22
Austria,AUT,2020-06-12,47.22
Austria,AUT,2020-06-13,47.22
Austria,AUT,2020-06-14,47.22
Austria,AUT,2020-06-15,47.22
Austria,AUT,2020-06-16,47.22
Austria,AUT,2020-06-17,47.22
Austria,AUT,2020-06-18,47.22
Austria,AUT,2020-06-19,47.22
Austria,AUT,2020-06-20,47.22
Austria,AUT,2020-06-21,47.22
Austria,AUT,2020-06-22,47.22
Austria,AUT,2020-06-23,47.22
Austria,AUT,2020-06-24,47.22
Austria,AUT,2020-06-25,47.22
Austria,AUT,2020-06-26,47.22
Austria,AUT,2020-06-27,47.22
Austria,AUT,2020-06-28,47.22
Austria,AUT,2020-06-29,47.22
Austria,AUT,2020-06-30,47.22
Austria,AUT,2020-07-01,47.22
Austria,AUT,2020-07-02,47.22
Austria,AUT,2020-07-03,47.22
Austria,AUT,2020-07-04,47.22
Austria,AUT,2020-07-05,47.22
Austria,AUT,2020-07-06,47.22
Austria,AUT,2020-07-07,47.22
Austria,AUT,2020-07-08,47.22
Austria,AUT,2020-07-09,47.22
Austria,AUT,2020-07-10,35.19
Austria,AUT,2020-07-11,35.19
Austria,AUT,2020-07-12,35.19
Austria,AUT,2020-07-13,35.19
Austria,AUT,2020-07-14,35.19
Austria,AUT,2020-07-15,35.19
Austria,AUT,2020-07-16,35.19
Austria,AUT,2020-07-17,35.19
Austria,AUT,2020-07-18,35.19
Austria,AUT,2020-07-19,35.19
Austria,AUT,2020-07-20,35.19
Austria,AUT,2020-07-21,35.19
Austria,AUT,2020-07-22,35.19
Austria,AUT,2020-07-23,35.19
Austria,AUT,2020-07-24,35.19
Austria,AUT,2020-07-25,35.19
Austria,AUT,2020-07-26,35.19
Austria,AUT,2020-07-27,35.19
Austria,AUT,2020-07-28,35.19
Austria,AUT,2020-07-29,35.19
Austria,AUT,2020-07-30,35.19
Austria,AUT,2020-07-31,35.19
Austria,AUT,2020-08-01,35.19
Austria,AUT,2020-08-02,35.19
Austria,AUT,2020-08-03,35.19
Austria,AUT,2020-08-04,35.19
Austria,AUT,2020-08-05,35.19
Austria,AUT,2020-08-06,35.19
Austria,AUT,2020-08-07,35.19
Austria,AUT,2020-08-08,35.19
Austria,AUT,2020-08-09,35.19
Austria,AUT,2020-08-10,35.19
Austria,AUT,2020-08-11,35.19
Austria,AUT,2020-08-12,35.19
Austria,AUT,2020-08-13,35.19
Austria,AUT,2020-08-14,35.19
Austria,AUT,2020-08-15,35.19
Austria,AUT,2020-08-16,35.19
Austria,AUT,2020-08-17,35.19
Austria,AUT,2020-08-18,35.19
Austria,AUT,2020-08-19,35.19
Austria,AUT,2020-08-20,35.19
Austria,AUT,2020-08-21,35.19
Austria,AUT,2020-08-22,35.19
Austria,AUT,2020-08-23,35.19
Austria,AUT,2020-08-24,35.19
Austria,AUT,2020-08-25,35.19
Austria,AUT,2020-08-26,35.19
Austria,AUT,2020-08-27,35.19
Austria,AUT,2020-08-28,35.19
Austria,AUT,2020-08-29,35.19
Austria,AUT,2020-08-30,35.19
Austria,AUT,2020-08-31,35.19
Austria,AUT,2020-09-01,35.19
Austria,AUT,2020-09-02,35.19
Austria,AUT,2020-09-03,35.19
Austria,AUT,2020-09-04,35.19
Austria,AUT,2020-09-05,35.19
Austria,AUT,2020-09-06,36.11
Austria,AUT,2020-09-07,36.11
Austria,AUT,2020-09-08,36.11
Austria,AUT,2020-09-09,36.11
Austria,AUT,2020-09-10,36.11
Austria,AUT,2020-09-11,36.11
Austria,AUT,2020-09-12,36.11
Austria,AUT,2020-09-13,36.11
Austria,AUT,2020-09-14,36.11
Austria,AUT,2020-09-15,36.11
Austria,AUT,2020-09-16,36.11
Austria,AUT,2020-09-17,37.04
Austria,AUT,2020-09-18,37.04
Austria,AUT,2020-09-19,37.04
Austria,AUT,2020-09-20,37.04
Austria,AUT,2020-09-21,37.04
Austria,AUT,2020-09-22,37.04
Austria,AUT,2020-09-23,37.04
Austria,AUT,2020-09-24,37.04
Austria,AUT,2020-09-25,37.04
Austria,AUT,2020-09-26,37.04
Austria,AUT,2020-09-27,37.04
Austria,AUT,2020-09-28,37.04
Austria,AUT,2020-09-29,40.74
Austria,AUT,2020-09-30,40.74
Austria,AUT,2020-10-01,40.74
Austria,AUT,2020-10-02,40.74
Austria,AUT,2020-10-03,40.74
Austria,AUT,2020-10-04,40.74
Austria,AUT,2020-10-05,40.74
Austria,AUT,2020-10-06,40.74
Austria,AUT,2020-10-07,40.74
Austria,AUT,2020-10-08,40.74
Austria,AUT,2020-10-09,40.74
Austria,AUT,2020-10-10,40.74
Austria,AUT,2020-10-11,40.74
Austria,AUT,2020-10-12,40.74
Austria,AUT,2020-10-13,44.91
Austria,AUT,2020-10-14,44.91
Austria,AUT,2020-10-15,44.91
Austria,AUT,2020-10-16,44.91
Austria,AUT,2020-10-17,58.8
Austria,AUT,2020-10-18,58.8
Austria,AUT,2020-10-19,58.8
Austria,AUT,2020-10-20,58.8
Austria,AUT,2020-10-21,58.8
Austria,AUT,2020-10-22,58.8
Austria,AUT,2020-10-23,60.19
Austria,AUT,2020-10-24,60.19
Austria,AUT,2020-10-25,60.19
Austria,AUT,2020-10-26,60.19
Austria,AUT,2020-10-27,64.81
Austria,AUT,2020-10-28,64.81
Austria,AUT,2020-10-29,64.81
Austria,AUT,2020-10-30,64.81
Austria,AUT,2020-10-31,64.81
Austria,AUT,2020-11-01,64.81
Austria,AUT,2020-11-02,75
Austria,AUT,2020-11-03,75
Austria,AUT,2020-11-04,75
Austria,AUT,2020-11-05,75
Austria,AUT,2020-11-06,75
Austria,AUT,2020-11-07,75
Austria,AUT,2020-11-08,75
Austria,AUT,2020-11-09,75
Austria,AUT,2020-11-10,75
Austria,AUT,2020-11-11,75
Austria,AUT,2020-11-12,75
Austria,AUT,2020-11-13,75
Austria,AUT,2020-11-14,75
Austria,AUT,2020-11-15,75
Austria,AUT,2020-11-16,75
Austria,AUT,2020-11-17,82.41
Austria,AUT,2020-11-18,82.41
Austria,AUT,2020-11-19,82.41
Austria,AUT,2020-11-20,82.41
Austria,AUT,2020-11-21,82.41
Austria,AUT,2020-11-22,82.41
Austria,AUT,2020-11-23,82.41
Austria,AUT,2020-11-24,82.41
Austria,AUT,2020-11-25,82.41
Austria,AUT,2020-11-26,82.41
Austria,AUT,2020-11-27,82.41
Austria,AUT,2020-11-28,82.41
Austria,AUT,2020-11-29,82.41
Austria,AUT,2020-11-30,82.41
Austria,AUT,2020-12-01,82.41
Austria,AUT,2020-12-02,82.41
Austria,AUT,2020-12-03,82.41
Austria,AUT,2020-12-04,82.41
Austria,AUT,2020-12-05,82.41
Austria,AUT,2020-12-06,82.41
Austria,AUT,2020-12-07,71.3
Austria,AUT,2020-12-08,71.3
Austria,AUT,2020-12-09,71.3
Austria,AUT,2020-12-10,71.3
Austria,AUT,2020-12-11,71.3
Austria,AUT,2020-12-12,71.3
Austria,AUT,2020-12-13,71.3
Austria,AUT,2020-12-14,71.3
Austria,AUT,2020-12-15,71.3
Austria,AUT,2020-12-16,71.3
Austria,AUT,2020-12-17,71.3
Austria,AUT,2020-12-18,71.3
Austria,AUT,2020-12-19,71.3
Austria,AUT,2020-12-20,71.3
Austria,AUT,2020-12-21,71.3
Austria,AUT,2020-12-22,71.3
Austria,AUT,2020-12-23,71.3
Austria,AUT,2020-12-24,71.3
Austria,AUT,2020-12-25,71.3
Austria,AUT,2020-12-26,82.41
Austria,AUT,2020-12-27,82.41
Austria,AUT,2020-12-28,82.41
Austria,AUT,2020-12-29,82.41
Austria,AUT,2020-12-30,82.41
Austria,AUT,2020-12-31,82.41
Austria,AUT,2021-01-01,82.41
Austria,AUT,2021-01-02,82.41
Austria,AUT,2021-01-03,82.41
Austria,AUT,2021-01-04,82.41
Austria,AUT,2021-01-05,82.41
Austria,AUT,2021-01-06,82.41
Austria,AUT,2021-01-07,82.41
Austria,AUT,2021-01-08,82.41
Austria,AUT,2021-01-09,82.41
Austria,AUT,2021-01-10,82.41
Austria,AUT,2021-01-11,82.41
Austria,AUT,2021-01-12,82.41
Austria,AUT,2021-01-13,82.41
Austria,AUT,2021-01-14,82.41
Austria,AUT,2021-01-15,82.41
Austria,AUT,2021-01-16,82.41
Austria,AUT,2021-01-17,82.41
Austria,AUT,2021-01-18,82.41
Austria,AUT,2021-01-19,82.41
Austria,AUT,2021-01-20,82.41
Austria,AUT,2021-01-21,82.41
Austria,AUT,2021-01-22,82.41
Austria,AUT,2021-01-23,82.41
Austria,AUT,2021-01-24,82.41
Austria,AUT,2021-01-25,82.41
Austria,AUT,2021-01-26,82.41
Austria,AUT,2021-01-27,82.41
Austria,AUT,2021-01-28,82.41
Austria,AUT,2021-01-29,82.41
Austria,AUT,2021-01-30,82.41
Austria,AUT,2021-01-31,82.41
Austria,AUT,2021-02-01,82.41
Austria,AUT,2021-02-02,82.41
Austria,AUT,2021-02-03,82.41
Austria,AUT,2021-02-04,82.41
Austria,AUT,2021-02-05,82.41
Austria,AUT,2021-02-06,82.41
Austria,AUT,2021-02-07,82.41
Austria,AUT,2021-02-08,74.07
Austria,AUT,2021-02-09,74.07
Austria,AUT,2021-02-10,74.07
Austria,AUT,2021-02-11,74.07
Austria,AUT,2021-02-12,79.63
Austria,AUT,2021-02-13,79.63
Austria,AUT,2021-02-14,79.63
Austria,AUT,2021-02-15,74.07
Austria,AUT,2021-02-16,74.07
Austria,AUT,2021-02-17,74.07
Austria,AUT,2021-02-18,74.07
Austria,AUT,2021-02-19,74.07
Austria,AUT,2021-02-20,74.07
Austria,AUT,2021-02-21,74.07
Austria,AUT,2021-02-22,74.07
Austria,AUT,2021-02-23,74.07
Austria,AUT,2021-02-24,74.07
Austria,AUT,2021-02-25,74.07
Austria,AUT,2021-02-26,74.07
Austria,AUT,2021-02-27,74.07
Austria,AUT,2021-02-28,74.07
Austria,AUT,2021-03-01,74.07
Austria,AUT,2021-03-02,74.07
Austria,AUT,2021-03-03,74.07
Austria,AUT,2021-03-04,74.07
Austria,AUT,2021-03-05,74.07
Austria,AUT,2021-03-06,74.07
Austria,AUT,2021-03-07,74.07
Austria,AUT,2021-03-08,74.07
Austria,AUT,2021-03-09,75.93
Austria,AUT,2021-03-10,75.93
Austria,AUT,2021-03-11,75.93
Azerbaijan,AZE,2020-01-01,0
Azerbaijan,AZE,2020-01-02,0
Azerbaijan,AZE,2020-01-03,0
Azerbaijan,AZE,2020-01-04,0
Azerbaijan,AZE,2020-01-05,0
Azerbaijan,AZE,2020-01-06,0
Azerbaijan,AZE,2020-01-07,0
Azerbaijan,AZE,2020-01-08,0
Azerbaijan,AZE,2020-01-09,0
Azerbaijan,AZE,2020-01-10,0
Azerbaijan,AZE,2020-01-11,0
Azerbaijan,AZE,2020-01-12,0
Azerbaijan,AZE,2020-01-13,0
Azerbaijan,AZE,2020-01-14,0
Azerbaijan,AZE,2020-01-15,0
Azerbaijan,AZE,2020-01-16,0
Azerbaijan,AZE,2020-01-17,0
Azerbaijan,AZE,2020-01-18,0
Azerbaijan,AZE,2020-01-19,0
Azerbaijan,AZE,2020-01-20,0
Azerbaijan,AZE,2020-01-21,0
Azerbaijan,AZE,2020-01-22,0
Azerbaijan,AZE,2020-01-23,0
Azerbaijan,AZE,2020-01-24,0
Azerbaijan,AZE,2020-01-25,0
Azerbaijan,AZE,2020-01-26,0
Azerbaijan,AZE,2020-01-27,0
Azerbaijan,AZE,2020-01-28,0
Azerbaijan,AZE,2020-01-29,0
Azerbaijan,AZE,2020-01-30,2.78
Azerbaijan,AZE,2020-01-31,2.78
Azerbaijan,AZE,2020-02-01,2.78
Azerbaijan,AZE,2020-02-02,2.78
Azerbaijan,AZE,2020-02-03,2.78
Azerbaijan,AZE,2020-02-04,2.78
Azerbaijan,AZE,2020-02-05,2.78
Azerbaijan,AZE,2020-02-06,2.78
Azerbaijan,AZE,2020-02-07,2.78
Azerbaijan,AZE,2020-02-08,2.78
Azerbaijan,AZE,2020-02-09,2.78
Azerbaijan,AZE,2020-02-10,2.78
Azerbaijan,AZE,2020-02-11,2.78
Azerbaijan,AZE,2020-02-12,2.78
Azerbaijan,AZE,2020-02-13,2.78
Azerbaijan,AZE,2020-02-14,2.78
Azerbaijan,AZE,2020-02-15,2.78
Azerbaijan,AZE,2020-02-16,2.78
Azerbaijan,AZE,2020-02-17,2.78
Azerbaijan,AZE,2020-02-18,2.78
Azerbaijan,AZE,2020-02-19,2.78
Azerbaijan,AZE,2020-02-20,2.78
Azerbaijan,AZE,2020-02-21,2.78
Azerbaijan,AZE,2020-02-22,2.78
Azerbaijan,AZE,2020-02-23,2.78
Azerbaijan,AZE,2020-02-24,2.78
Azerbaijan,AZE,2020-02-25,2.78
Azerbaijan,AZE,2020-02-26,2.78
Azerbaijan,AZE,2020-02-27,13.89
Azerbaijan,AZE,2020-02-28,13.89
Azerbaijan,AZE,2020-02-29,19.44
Azerbaijan,AZE,2020-03-01,19.44
Azerbaijan,AZE,2020-03-02,19.44
Azerbaijan,AZE,2020-03-03,30.56
Azerbaijan,AZE,2020-03-04,30.56
Azerbaijan,AZE,2020-03-05,30.56
Azerbaijan,AZE,2020-03-06,30.56
Azerbaijan,AZE,2020-03-07,30.56
Azerbaijan,AZE,2020-03-08,30.56
Azerbaijan,AZE,2020-03-09,30.56
Azerbaijan,AZE,2020-03-10,36.11
Azerbaijan,AZE,2020-03-11,36.11
Azerbaijan,AZE,2020-03-12,36.11
Azerbaijan,AZE,2020-03-13,36.11
Azerbaijan,AZE,2020-03-14,52.78
Azerbaijan,AZE,2020-03-15,52.78
Azerbaijan,AZE,2020-03-16,52.78
Azerbaijan,AZE,2020-03-17,52.78
Azerbaijan,AZE,2020-03-18,52.78
Azerbaijan,AZE,2020-03-19,61.11
Azerbaijan,AZE,2020-03-20,61.11
Azerbaijan,AZE,2020-03-21,61.11
Azerbaijan,AZE,2020-03-22,61.11
Azerbaijan,AZE,2020-03-23,68.52
Azerbaijan,AZE,2020-03-24,68.52
Azerbaijan,AZE,2020-03-25,68.52
Azerbaijan,AZE,2020-03-26,68.52
Azerbaijan,AZE,2020-03-27,68.52
Azerbaijan,AZE,2020-03-28,68.52
Azerbaijan,AZE,2020-03-29,68.52
Azerbaijan,AZE,2020-03-30,68.52
Azerbaijan,AZE,2020-03-31,88.89
Azerbaijan,AZE,2020-04-01,88.89
Azerbaijan,AZE,2020-04-02,88.89
Azerbaijan,AZE,2020-04-03,88.89
Azerbaijan,AZE,2020-04-04,88.89
Azerbaijan,AZE,2020-04-05,88.89
Azerbaijan,AZE,2020-04-06,88.89
Azerbaijan,AZE,2020-04-07,88.89
Azerbaijan,AZE,2020-04-08,88.89
Azerbaijan,AZE,2020-04-09,88.89
Azerbaijan,AZE,2020-04-10,88.89
Azerbaijan,AZE,2020-04-11,88.89
Azerbaijan,AZE,2020-04-12,88.89
Azerbaijan,AZE,2020-04-13,88.89
Azerbaijan,AZE,2020-04-14,88.89
Azerbaijan,AZE,2020-04-15,88.89
Azerbaijan,AZE,2020-04-16,91.67
Azerbaijan,AZE,2020-04-17,91.67
Azerbaijan,AZE,2020-04-18,91.67
Azerbaijan,AZE,2020-04-19,91.67
Azerbaijan,AZE,2020-04-20,91.67
Azerbaijan,AZE,2020-04-21,91.67
Azerbaijan,AZE,2020-04-22,91.67
Azerbaijan,AZE,2020-04-23,91.67
Azerbaijan,AZE,2020-04-24,91.67
Azerbaijan,AZE,2020-04-25,91.67
Azerbaijan,AZE,2020-04-26,91.67
Azerbaijan,AZE,2020-04-27,87.96
Azerbaijan,AZE,2020-04-28,87.96
Azerbaijan,AZE,2020-04-29,87.96
Azerbaijan,AZE,2020-04-30,87.96
Azerbaijan,AZE,2020-05-01,87.96
Azerbaijan,AZE,2020-05-02,87.96
Azerbaijan,AZE,2020-05-03,87.96
Azerbaijan,AZE,2020-05-04,87.96
Azerbaijan,AZE,2020-05-05,87.96
Azerbaijan,AZE,2020-05-06,87.96
Azerbaijan,AZE,2020-05-07,87.96
Azerbaijan,AZE,2020-05-08,87.96
Azerbaijan,AZE,2020-05-09,85.19
Azerbaijan,AZE,2020-05-10,85.19
Azerbaijan,AZE,2020-05-11,85.19
Azerbaijan,AZE,2020-05-12,85.19
Azerbaijan,AZE,2020-05-13,85.19
Azerbaijan,AZE,2020-05-14,85.19
Azerbaijan,AZE,2020-05-15,85.19
Azerbaijan,AZE,2020-05-16,85.19
Azerbaijan,AZE,2020-05-17,85.19
Azerbaijan,AZE,2020-05-18,77.78
Azerbaijan,AZE,2020-05-19,77.78
Azerbaijan,AZE,2020-05-20,77.78
Azerbaijan,AZE,2020-05-21,77.78
Azerbaijan,AZE,2020-05-22,77.78
Azerbaijan,AZE,2020-05-23,77.78
Azerbaijan,AZE,2020-05-24,77.78
Azerbaijan,AZE,2020-05-25,77.78
Azerbaijan,AZE,2020-05-26,77.78
Azerbaijan,AZE,2020-05-27,77.78
Azerbaijan,AZE,2020-05-28,77.78
Azerbaijan,AZE,2020-05-29,77.78
Azerbaijan,AZE,2020-05-30,77.78
Azerbaijan,AZE,2020-05-31,77.78
Azerbaijan,AZE,2020-06-01,77.78
Azerbaijan,AZE,2020-06-02,77.78
Azerbaijan,AZE,2020-06-03,85.19
Azerbaijan,AZE,2020-06-04,85.19
Azerbaijan,AZE,2020-06-05,85.19
Azerbaijan,AZE,2020-06-06,85.19
Azerbaijan,AZE,2020-06-07,85.19
Azerbaijan,AZE,2020-06-08,77.78
Azerbaijan,AZE,2020-06-09,77.78
Azerbaijan,AZE,2020-06-10,77.78
Azerbaijan,AZE,2020-06-11,77.78
Azerbaijan,AZE,2020-06-12,77.78
Azerbaijan,AZE,2020-06-13,77.78
Azerbaijan,AZE,2020-06-14,83.33
Azerbaijan,AZE,2020-06-15,83.33
Azerbaijan,AZE,2020-06-16,83.33
Azerbaijan,AZE,2020-06-17,77.78
Azerbaijan,AZE,2020-06-18,77.78
Azerbaijan,AZE,2020-06-19,77.78
Azerbaijan,AZE,2020-06-20,77.78
Azerbaijan,AZE,2020-06-21,96.3
Azerbaijan,AZE,2020-06-22,96.3
Azerbaijan,AZE,2020-06-23,96.3
Azerbaijan,AZE,2020-06-24,96.3
Azerbaijan,AZE,2020-06-25,96.3
Azerbaijan,AZE,2020-06-26,96.3
Azerbaijan,AZE,2020-06-27,96.3
Azerbaijan,AZE,2020-06-28,96.3
Azerbaijan,AZE,2020-06-29,96.3
Azerbaijan,AZE,2020-06-30,96.3
Azerbaijan,AZE,2020-07-01,96.3
Azerbaijan,AZE,2020-07-02,96.3
Azerbaijan,AZE,2020-07-03,96.3
Azerbaijan,AZE,2020-07-04,96.3
Azerbaijan,AZE,2020-07-05,96.3
Azerbaijan,AZE,2020-07-06,96.3
Azerbaijan,AZE,2020-07-07,96.3
Azerbaijan,AZE,2020-07-08,96.3
Azerbaijan,AZE,2020-07-09,96.3
Azerbaijan,AZE,2020-07-10,96.3
Azerbaijan,AZE,2020-07-11,96.3
Azerbaijan,AZE,2020-07-12,96.3
Azerbaijan,AZE,2020-07-13,96.3
Azerbaijan,AZE,2020-07-14,96.3
Azerbaijan,AZE,2020-07-15,96.3
Azerbaijan,AZE,2020-07-16,96.3
Azerbaijan,AZE,2020-07-17,96.3
Azerbaijan,AZE,2020-07-18,96.3
Azerbaijan,AZE,2020-07-19,96.3
Azerbaijan,AZE,2020-07-20,96.3
Azerbaijan,AZE,2020-07-21,96.3
Azerbaijan,AZE,2020-07-22,96.3
Azerbaijan,AZE,2020-07-23,96.3
Azerbaijan,AZE,2020-07-24,96.3
Azerbaijan,AZE,2020-07-25,96.3
Azerbaijan,AZE,2020-07-26,96.3
Azerbaijan,AZE,2020-07-27,96.3
Azerbaijan,AZE,2020-07-28,93.52
Azerbaijan,AZE,2020-07-29,93.52
Azerbaijan,AZE,2020-07-30,93.52
Azerbaijan,AZE,2020-07-31,93.52
Azerbaijan,AZE,2020-08-01,93.52
Azerbaijan,AZE,2020-08-02,93.52
Azerbaijan,AZE,2020-08-03,93.52
Azerbaijan,AZE,2020-08-04,93.52
Azerbaijan,AZE,2020-08-05,93.52
Azerbaijan,AZE,2020-08-06,93.52
Azerbaijan,AZE,2020-08-07,93.52
Azerbaijan,AZE,2020-08-08,93.52
Azerbaijan,AZE,2020-08-09,93.52
Azerbaijan,AZE,2020-08-10,85.19
Azerbaijan,AZE,2020-08-11,85.19
Azerbaijan,AZE,2020-08-12,85.19
Azerbaijan,AZE,2020-08-13,85.19
Azerbaijan,AZE,2020-08-14,85.19
Azerbaijan,AZE,2020-08-15,85.19
Azerbaijan,AZE,2020-08-16,85.19
Azerbaijan,AZE,2020-08-17,85.19
Azerbaijan,AZE,2020-08-18,85.19
Azerbaijan,AZE,2020-08-19,85.19
Azerbaijan,AZE,2020-08-20,85.19
Azerbaijan,AZE,2020-08-21,85.19
Azerbaijan,AZE,2020-08-22,85.19
Azerbaijan,AZE,2020-08-23,85.19
Azerbaijan,AZE,2020-08-24,85.19
Azerbaijan,AZE,2020-08-25,85.19
Azerbaijan,AZE,2020-08-26,85.19
Azerbaijan,AZE,2020-08-27,85.19
Azerbaijan,AZE,2020-08-28,85.19
Azerbaijan,AZE,2020-08-29,85.19
Azerbaijan,AZE,2020-08-30,85.19
Azerbaijan,AZE,2020-08-31,85.19
Azerbaijan,AZE,2020-09-01,85.19
Azerbaijan,AZE,2020-09-02,85.19
Azerbaijan,AZE,2020-09-03,85.19
Azerbaijan,AZE,2020-09-04,85.19
Azerbaijan,AZE,2020-09-05,85.19
Azerbaijan,AZE,2020-09-06,82.41
Azerbaijan,AZE,2020-09-07,82.41
Azerbaijan,AZE,2020-09-08,82.41
Azerbaijan,AZE,2020-09-09,82.41
Azerbaijan,AZE,2020-09-10,82.41
Azerbaijan,AZE,2020-09-11,82.41
Azerbaijan,AZE,2020-09-12,82.41
Azerbaijan,AZE,2020-09-13,82.41
Azerbaijan,AZE,2020-09-14,82.41
Azerbaijan,AZE,2020-09-15,78.7
Azerbaijan,AZE,2020-09-16,78.7
Azerbaijan,AZE,2020-09-17,78.7
Azerbaijan,AZE,2020-09-18,70.37
Azerbaijan,AZE,2020-09-19,70.37
Azerbaijan,AZE,2020-09-20,70.37
Azerbaijan,AZE,2020-09-21,70.37
Azerbaijan,AZE,2020-09-22,70.37
Azerbaijan,AZE,2020-09-23,70.37
Azerbaijan,AZE,2020-09-24,70.37
Azerbaijan,AZE,2020-09-25,70.37
Azerbaijan,AZE,2020-09-26,70.37
Azerbaijan,AZE,2020-09-27,70.37
Azerbaijan,AZE,2020-09-28,70.37
Azerbaijan,AZE,2020-09-29,68.98
Azerbaijan,AZE,2020-09-30,68.98
Azerbaijan,AZE,2020-10-01,68.98
Azerbaijan,AZE,2020-10-02,68.98
Azerbaijan,AZE,2020-10-03,68.98
Azerbaijan,AZE,2020-10-04,68.98
Azerbaijan,AZE,2020-10-05,68.98
Azerbaijan,AZE,2020-10-06,68.98
Azerbaijan,AZE,2020-10-07,68.98
Azerbaijan,AZE,2020-10-08,66.2
Azerbaijan,AZE,2020-10-09,66.2
Azerbaijan,AZE,2020-10-10,66.2
Azerbaijan,AZE,2020-10-11,66.2
Azerbaijan,AZE,2020-10-12,66.2
Azerbaijan,AZE,2020-10-13,66.2
Azerbaijan,AZE,2020-10-14,66.2
Azerbaijan,AZE,2020-10-15,66.2
Azerbaijan,AZE,2020-10-16,66.2
Azerbaijan,AZE,2020-10-17,66.2
Azerbaijan,AZE,2020-10-18,66.2
Azerbaijan,AZE,2020-10-19,69.91
Azerbaijan,AZE,2020-10-20,69.91
Azerbaijan,AZE,2020-10-21,69.91
Azerbaijan,AZE,2020-10-22,69.91
Azerbaijan,AZE,2020-10-23,64.35
Azerbaijan,AZE,2020-10-24,64.35
Azerbaijan,AZE,2020-10-25,64.35
Azerbaijan,AZE,2020-10-26,64.35
Azerbaijan,AZE,2020-10-27,64.35
Azerbaijan,AZE,2020-10-28,64.35
Azerbaijan,AZE,2020-10-29,64.35
Azerbaijan,AZE,2020-10-30,64.35
Azerbaijan,AZE,2020-10-31,64.35
Azerbaijan,AZE,2020-11-01,64.35
Azerbaijan,AZE,2020-11-02,64.35
Azerbaijan,AZE,2020-11-03,64.35
Azerbaijan,AZE,2020-11-04,64.35
Azerbaijan,AZE,2020-11-05,64.35
Azerbaijan,AZE,2020-11-06,64.35
Azerbaijan,AZE,2020-11-07,64.35
Azerbaijan,AZE,2020-11-08,64.35
Azerbaijan,AZE,2020-11-09,64.35
Azerbaijan,AZE,2020-11-10,64.35
Azerbaijan,AZE,2020-11-11,64.35
Azerbaijan,AZE,2020-11-12,64.35
Azerbaijan,AZE,2020-11-13,64.35
Azerbaijan,AZE,2020-11-14,64.35
Azerbaijan,AZE,2020-11-15,64.35
Azerbaijan,AZE,2020-11-16,64.35
Azerbaijan,AZE,2020-11-17,64.35
Azerbaijan,AZE,2020-11-18,64.35
Azerbaijan,AZE,2020-11-19,64.35
Azerbaijan,AZE,2020-11-20,64.35
Azerbaijan,AZE,2020-11-21,64.35
Azerbaijan,AZE,2020-11-22,69.91
Azerbaijan,AZE,2020-11-23,69.91
Azerbaijan,AZE,2020-11-24,69.91
Azerbaijan,AZE,2020-11-25,69.91
Azerbaijan,AZE,2020-11-26,69.91
Azerbaijan,AZE,2020-11-27,69.91
Azerbaijan,AZE,2020-11-28,69.91
Azerbaijan,AZE,2020-11-29,69.91
Azerbaijan,AZE,2020-11-30,69.91
Azerbaijan,AZE,2020-12-01,69.91
Azerbaijan,AZE,2020-12-02,69.91
Azerbaijan,AZE,2020-12-03,69.91
Azerbaijan,AZE,2020-12-04,69.91
Azerbaijan,AZE,2020-12-05,72.69
Azerbaijan,AZE,2020-12-06,72.69
Azerbaijan,AZE,2020-12-07,72.69
Azerbaijan,AZE,2020-12-08,74.54
Azerbaijan,AZE,2020-12-09,74.54
Azerbaijan,AZE,2020-12-10,74.54
Azerbaijan,AZE,2020-12-11,80.09
Azerbaijan,AZE,2020-12-12,80.09
Azerbaijan,AZE,2020-12-13,80.09
Azerbaijan,AZE,2020-12-14,80.09
Azerbaijan,AZE,2020-12-15,80.09
Azerbaijan,AZE,2020-12-16,80.09
Azerbaijan,AZE,2020-12-17,80.09
Azerbaijan,AZE,2020-12-18,80.09
Azerbaijan,AZE,2020-12-19,80.09
Azerbaijan,AZE,2020-12-20,84.26
Azerbaijan,AZE,2020-12-21,84.26
Azerbaijan,AZE,2020-12-22,84.26
Azerbaijan,AZE,2020-12-23,84.26
Azerbaijan,AZE,2020-12-24,84.26
Azerbaijan,AZE,2020-12-25,84.26
Azerbaijan,AZE,2020-12-26,84.26
Azerbaijan,AZE,2020-12-27,84.26
Azerbaijan,AZE,2020-12-28,84.26
Azerbaijan,AZE,2020-12-29,84.26
Azerbaijan,AZE,2020-12-30,84.26
Azerbaijan,AZE,2020-12-31,84.26
Azerbaijan,AZE,2021-01-01,84.26
Azerbaijan,AZE,2021-01-02,89.81
Azerbaijan,AZE,2021-01-03,89.81
Azerbaijan,AZE,2021-01-04,89.81
Azerbaijan,AZE,2021-01-05,81.48
Azerbaijan,AZE,2021-01-06,81.48
Azerbaijan,AZE,2021-01-07,81.48
Azerbaijan,AZE,2021-01-08,81.48
Azerbaijan,AZE,2021-01-09,89.81
Azerbaijan,AZE,2021-01-10,89.81
Azerbaijan,AZE,2021-01-11,81.48
Azerbaijan,AZE,2021-01-12,81.48
Azerbaijan,AZE,2021-01-13,81.48
Azerbaijan,AZE,2021-01-14,81.48
Azerbaijan,AZE,2021-01-15,81.48
Azerbaijan,AZE,2021-01-16,89.81
Azerbaijan,AZE,2021-01-17,89.81
Azerbaijan,AZE,2021-01-18,81.48
Azerbaijan,AZE,2021-01-19,79.63
Azerbaijan,AZE,2021-01-20,79.63
Azerbaijan,AZE,2021-01-21,79.63
Azerbaijan,AZE,2021-01-22,79.63
Azerbaijan,AZE,2021-01-23,87.96
Azerbaijan,AZE,2021-01-24,87.96
Azerbaijan,AZE,2021-01-25,79.63
Azerbaijan,AZE,2021-01-26,79.63
Azerbaijan,AZE,2021-01-27,79.63
Azerbaijan,AZE,2021-01-28,79.63
Azerbaijan,AZE,2021-01-29,79.63
Azerbaijan,AZE,2021-01-30,79.63
Azerbaijan,AZE,2021-01-31,79.63
Azerbaijan,AZE,2021-02-01,72.22
Azerbaijan,AZE,2021-02-02,72.22
Azerbaijan,AZE,2021-02-03,72.22
Azerbaijan,AZE,2021-02-04,70.37
Azerbaijan,AZE,2021-02-05,70.37
Azerbaijan,AZE,2021-02-06,70.37
Azerbaijan,AZE,2021-02-07,70.37
Azerbaijan,AZE,2021-02-08,70.37
Azerbaijan,AZE,2021-02-09,70.37
Azerbaijan,AZE,2021-02-10,70.37
Azerbaijan,AZE,2021-02-11,70.37
Azerbaijan,AZE,2021-02-12,70.37
Azerbaijan,AZE,2021-02-13,70.37
Azerbaijan,AZE,2021-02-14,70.37
Azerbaijan,AZE,2021-02-15,70.37
Azerbaijan,AZE,2021-02-16,70.37
Azerbaijan,AZE,2021-02-17,70.37
Azerbaijan,AZE,2021-02-18,70.37
Azerbaijan,AZE,2021-02-19,70.37
Azerbaijan,AZE,2021-02-20,70.37
Azerbaijan,AZE,2021-02-21,70.37
Azerbaijan,AZE,2021-02-22,70.37
Azerbaijan,AZE,2021-02-23,67.59
Azerbaijan,AZE,2021-02-24,67.59
Azerbaijan,AZE,2021-02-25,67.59
Azerbaijan,AZE,2021-02-26,67.59
Azerbaijan,AZE,2021-02-27,67.59
Azerbaijan,AZE,2021-02-28,67.59
Azerbaijan,AZE,2021-03-01,67.59
Azerbaijan,AZE,2021-03-02,67.59
Azerbaijan,AZE,2021-03-03,67.59
Azerbaijan,AZE,2021-03-04,67.59
Azerbaijan,AZE,2021-03-05,67.59
Azerbaijan,AZE,2021-03-06,67.59
Azerbaijan,AZE,2021-03-07,67.59
Bahamas,BHS,2020-01-01,0
Bahamas,BHS,2020-01-02,0
Bahamas,BHS,2020-01-03,0
Bahamas,BHS,2020-01-04,0
Bahamas,BHS,2020-01-05,0
Bahamas,BHS,2020-01-06,0
Bahamas,BHS,2020-01-07,0
Bahamas,BHS,2020-01-08,0
Bahamas,BHS,2020-01-09,0
Bahamas,BHS,2020-01-10,0
Bahamas,BHS,2020-01-11,0
Bahamas,BHS,2020-01-12,0
Bahamas,BHS,2020-01-13,0
Bahamas,BHS,2020-01-14,0
Bahamas,BHS,2020-01-15,0
Bahamas,BHS,2020-01-16,0
Bahamas,BHS,2020-01-17,0
Bahamas,BHS,2020-01-18,0
Bahamas,BHS,2020-01-19,0
Bahamas,BHS,2020-01-20,0
Bahamas,BHS,2020-01-21,0
Bahamas,BHS,2020-01-22,5.56
Bahamas,BHS,2020-01-23,5.56
Bahamas,BHS,2020-01-24,5.56
Bahamas,BHS,2020-01-25,5.56
Bahamas,BHS,2020-01-26,5.56
Bahamas,BHS,2020-01-27,5.56
Bahamas,BHS,2020-01-28,5.56
Bahamas,BHS,2020-01-29,5.56
Bahamas,BHS,2020-01-30,5.56
Bahamas,BHS,2020-01-31,5.56
Bahamas,BHS,2020-02-01,5.56
Bahamas,BHS,2020-02-02,5.56
Bahamas,BHS,2020-02-03,5.56
Bahamas,BHS,2020-02-04,5.56
Bahamas,BHS,2020-02-05,5.56
Bahamas,BHS,2020-02-06,5.56
Bahamas,BHS,2020-02-07,5.56
Bahamas,BHS,2020-02-08,5.56
Bahamas,BHS,2020-02-09,5.56
Bahamas,BHS,2020-02-10,5.56
Bahamas,BHS,2020-02-11,5.56
Bahamas,BHS,2020-02-12,5.56
Bahamas,BHS,2020-02-13,5.56
Bahamas,BHS,2020-02-14,5.56
Bahamas,BHS,2020-02-15,5.56
Bahamas,BHS,2020-02-16,5.56
Bahamas,BHS,2020-02-17,5.56
Bahamas,BHS,2020-02-18,5.56
Bahamas,BHS,2020-02-19,5.56
Bahamas,BHS,2020-02-20,5.56
Bahamas,BHS,2020-02-21,5.56
Bahamas,BHS,2020-02-22,5.56
Bahamas,BHS,2020-02-23,5.56
Bahamas,BHS,2020-02-24,5.56
Bahamas,BHS,2020-02-25,5.56
Bahamas,BHS,2020-02-26,5.56
Bahamas,BHS,2020-02-27,11.11
Bahamas,BHS,2020-02-28,11.11
Bahamas,BHS,2020-02-29,11.11
Bahamas,BHS,2020-03-01,11.11
Bahamas,BHS,2020-03-02,11.11
Bahamas,BHS,2020-03-03,11.11
Bahamas,BHS,2020-03-04,11.11
Bahamas,BHS,2020-03-05,11.11
Bahamas,BHS,2020-03-06,11.11
Bahamas,BHS,2020-03-07,11.11
Bahamas,BHS,2020-03-08,11.11
Bahamas,BHS,2020-03-09,11.11
Bahamas,BHS,2020-03-10,11.11
Bahamas,BHS,2020-03-11,11.11
Bahamas,BHS,2020-03-12,11.11
Bahamas,BHS,2020-03-13,11.11
Bahamas,BHS,2020-03-14,11.11
Bahamas,BHS,2020-03-15,11.11
Bahamas,BHS,2020-03-16,22.22
Bahamas,BHS,2020-03-17,22.22
Bahamas,BHS,2020-03-18,22.22
Bahamas,BHS,2020-03-19,22.22
Bahamas,BHS,2020-03-20,74.07
Bahamas,BHS,2020-03-21,74.07
Bahamas,BHS,2020-03-22,74.07
Bahamas,BHS,2020-03-23,74.07
Bahamas,BHS,2020-03-24,96.3
Bahamas,BHS,2020-03-25,96.3
Bahamas,BHS,2020-03-26,96.3
Bahamas,BHS,2020-03-27,96.3
Bahamas,BHS,2020-03-28,96.3
Bahamas,BHS,2020-03-29,96.3
Bahamas,BHS,2020-03-30,96.3
Bahamas,BHS,2020-03-31,96.3
Bahamas,BHS,2020-04-01,96.3
Bahamas,BHS,2020-04-02,96.3
Bahamas,BHS,2020-04-03,96.3
Bahamas,BHS,2020-04-04,96.3
Bahamas,BHS,2020-04-05,96.3
Bahamas,BHS,2020-04-06,96.3
Bahamas,BHS,2020-04-07,96.3
Bahamas,BHS,2020-04-08,96.3
Bahamas,BHS,2020-04-09,96.3
Bahamas,BHS,2020-04-10,96.3
Bahamas,BHS,2020-04-11,96.3
Bahamas,BHS,2020-04-12,96.3
Bahamas,BHS,2020-04-13,96.3
Bahamas,BHS,2020-04-14,96.3
Bahamas,BHS,2020-04-15,96.3
Bahamas,BHS,2020-04-16,96.3
Bahamas,BHS,2020-04-17,96.3
Bahamas,BHS,2020-04-18,96.3
Bahamas,BHS,2020-04-19,96.3
Bahamas,BHS,2020-04-20,96.3
Bahamas,BHS,2020-04-21,96.3
Bahamas,BHS,2020-04-22,96.3
Bahamas,BHS,2020-04-23,96.3
Bahamas,BHS,2020-04-24,96.3
Bahamas,BHS,2020-04-25,96.3
Bahamas,BHS,2020-04-26,96.3
Bahamas,BHS,2020-04-27,96.3
Bahamas,BHS,2020-04-28,96.3
Bahamas,BHS,2020-04-29,96.3
Bahamas,BHS,2020-04-30,96.3
Bahamas,BHS,2020-05-01,96.3
Bahamas,BHS,2020-05-02,96.3
Bahamas,BHS,2020-05-03,96.3
Bahamas,BHS,2020-05-04,96.3
Bahamas,BHS,2020-05-05,96.3
Bahamas,BHS,2020-05-06,96.3
Bahamas,BHS,2020-05-07,96.3
Bahamas,BHS,2020-05-08,96.3
Bahamas,BHS,2020-05-09,96.3
Bahamas,BHS,2020-05-10,96.3
Bahamas,BHS,2020-05-11,96.3
Bahamas,BHS,2020-05-12,96.3
Bahamas,BHS,2020-05-13,96.3
Bahamas,BHS,2020-05-14,96.3
Bahamas,BHS,2020-05-15,96.3
Bahamas,BHS,2020-05-16,96.3
Bahamas,BHS,2020-05-17,96.3
Bahamas,BHS,2020-05-18,96.3
Bahamas,BHS,2020-05-19,96.3
Bahamas,BHS,2020-05-20,96.3
Bahamas,BHS,2020-05-21,96.3
Bahamas,BHS,2020-05-22,96.3
Bahamas,BHS,2020-05-23,96.3
Bahamas,BHS,2020-05-24,96.3
Bahamas,BHS,2020-05-25,96.3
Bahamas,BHS,2020-05-26,96.3
Bahamas,BHS,2020-05-27,96.3
Bahamas,BHS,2020-05-28,92.59
Bahamas,BHS,2020-05-29,92.59
Bahamas,BHS,2020-05-30,92.59
Bahamas,BHS,2020-05-31,92.59
Bahamas,BHS,2020-06-01,81.48
Bahamas,BHS,2020-06-02,81.48
Bahamas,BHS,2020-06-03,81.48
Bahamas,BHS,2020-06-04,81.48
Bahamas,BHS,2020-06-05,81.48
Bahamas,BHS,2020-06-06,81.48
Bahamas,BHS,2020-06-07,81.48
Bahamas,BHS,2020-06-08,79.63
Bahamas,BHS,2020-06-09,79.63
Bahamas,BHS,2020-06-10,79.63
Bahamas,BHS,2020-06-11,79.63
Bahamas,BHS,2020-06-12,79.63
Bahamas,BHS,2020-06-13,79.63
Bahamas,BHS,2020-06-14,79.63
Bahamas,BHS,2020-06-15,79.63
Bahamas,BHS,2020-06-16,79.63
Bahamas,BHS,2020-06-17,79.63
Bahamas,BHS,2020-06-18,79.63
Bahamas,BHS,2020-06-19,79.63
Bahamas,BHS,2020-06-20,79.63
Bahamas,BHS,2020-06-21,79.63
Bahamas,BHS,2020-06-22,81.48
Bahamas,BHS,2020-06-23,81.48
Bahamas,BHS,2020-06-24,81.48
Bahamas,BHS,2020-06-25,81.48
Bahamas,BHS,2020-06-26,81.48
Bahamas,BHS,2020-06-27,81.48
Bahamas,BHS,2020-06-28,81.48
Bahamas,BHS,2020-06-29,81.48
Bahamas,BHS,2020-06-30,81.48
Bahamas,BHS,2020-07-01,59.26
Bahamas,BHS,2020-07-02,59.26
Bahamas,BHS,2020-07-03,59.26
Bahamas,BHS,2020-07-04,59.26
Bahamas,BHS,2020-07-05,59.26
Bahamas,BHS,2020-07-06,59.26
Bahamas,BHS,2020-07-07,59.26
Bahamas,BHS,2020-07-08,59.26
Bahamas,BHS,2020-07-09,59.26
Bahamas,BHS,2020-07-10,59.26
Bahamas,BHS,2020-07-11,59.26
Bahamas,BHS,2020-07-12,59.26
Bahamas,BHS,2020-07-13,59.26
Bahamas,BHS,2020-07-14,59.26
Bahamas,BHS,2020-07-15,59.26
Bahamas,BHS,2020-07-16,59.26
Bahamas,BHS,2020-07-17,59.26
Bahamas,BHS,2020-07-18,59.26
Bahamas,BHS,2020-07-19,59.26
Bahamas,BHS,2020-07-20,67.59
Bahamas,BHS,2020-07-21,70.37
Bahamas,BHS,2020-07-22,70.37
Bahamas,BHS,2020-07-23,79.17
Bahamas,BHS,2020-07-24,87.96
Bahamas,BHS,2020-07-25,87.96
Bahamas,BHS,2020-07-26,87.96
Bahamas,BHS,2020-07-27,87.96
Bahamas,BHS,2020-07-28,81.94
Bahamas,BHS,2020-07-29,81.94
Bahamas,BHS,2020-07-30,81.94
Bahamas,BHS,2020-07-31,81.94
Bahamas,BHS,2020-08-01,81.94
Bahamas,BHS,2020-08-02,81.94
Bahamas,BHS,2020-08-03,81.94
Bahamas,BHS,2020-08-04,90.74
Bahamas,BHS,2020-08-05,90.74
Bahamas,BHS,2020-08-06,90.74
Bahamas,BHS,2020-08-07,81.94
Bahamas,BHS,2020-08-08,81.94
Bahamas,BHS,2020-08-09,81.94
Bahamas,BHS,2020-08-10,80.09
Bahamas,BHS,2020-08-11,80.09
Bahamas,BHS,2020-08-12,80.09
Bahamas,BHS,2020-08-13,80.09
Bahamas,BHS,2020-08-14,80.09
Bahamas,BHS,2020-08-15,80.09
Bahamas,BHS,2020-08-16,80.09
Bahamas,BHS,2020-08-17,80.09
Bahamas,BHS,2020-08-18,80.09
Bahamas,BHS,2020-08-19,80.09
Bahamas,BHS,2020-08-20,80.09
Bahamas,BHS,2020-08-21,80.09
Bahamas,BHS,2020-08-22,80.09
Bahamas,BHS,2020-08-23,80.09
Bahamas,BHS,2020-08-24,80.09
Bahamas,BHS,2020-08-25,82.87
Bahamas,BHS,2020-08-26,82.87
Bahamas,BHS,2020-08-27,82.87
Bahamas,BHS,2020-08-28,82.87
Bahamas,BHS,2020-08-29,82.87
Bahamas,BHS,2020-08-30,82.87
Bahamas,BHS,2020-08-31,82.87
Bahamas,BHS,2020-09-01,82.87
Bahamas,BHS,2020-09-02,82.87
Bahamas,BHS,2020-09-03,82.87
Bahamas,BHS,2020-09-04,82.87
Bahamas,BHS,2020-09-05,82.87
Bahamas,BHS,2020-09-06,82.87
Bahamas,BHS,2020-09-07,82.87
Bahamas,BHS,2020-09-08,82.87
Bahamas,BHS,2020-09-09,82.87
Bahamas,BHS,2020-09-10,73.61
Bahamas,BHS,2020-09-11,73.61
Bahamas,BHS,2020-09-12,73.61
Bahamas,BHS,2020-09-13,73.61
Bahamas,BHS,2020-09-14,73.61
Bahamas,BHS,2020-09-15,73.61
Bahamas,BHS,2020-09-16,73.61
Bahamas,BHS,2020-09-17,73.61
Bahamas,BHS,2020-09-18,73.61
Bahamas,BHS,2020-09-19,73.61
Bahamas,BHS,2020-09-20,73.61
Bahamas,BHS,2020-09-21,73.61
Bahamas,BHS,2020-09-22,73.61
Bahamas,BHS,2020-09-23,73.61
Bahamas,BHS,2020-09-24,73.61
Bahamas,BHS,2020-09-25,73.61
Bahamas,BHS,2020-09-26,73.61
Bahamas,BHS,2020-09-27,73.61
Bahamas,BHS,2020-09-28,73.61
Bahamas,BHS,2020-09-29,73.61
Bahamas,BHS,2020-09-30,73.61
Bahamas,BHS,2020-10-01,73.61
Bahamas,BHS,2020-10-02,73.61
Bahamas,BHS,2020-10-03,73.61
Bahamas,BHS,2020-10-04,73.61
Bahamas,BHS,2020-10-05,71.76
Bahamas,BHS,2020-10-06,71.76
Bahamas,BHS,2020-10-07,71.76
Bahamas,BHS,2020-10-08,71.76
Bahamas,BHS,2020-10-09,71.76
Bahamas,BHS,2020-10-10,71.76
Bahamas,BHS,2020-10-11,71.76
Bahamas,BHS,2020-10-12,71.76
Bahamas,BHS,2020-10-13,71.76
Bahamas,BHS,2020-10-14,71.76
Bahamas,BHS,2020-10-15,71.76
Bahamas,BHS,2020-10-16,71.76
Bahamas,BHS,2020-10-17,71.76
Bahamas,BHS,2020-10-18,71.76
Bahamas,BHS,2020-10-19,71.76
Bahamas,BHS,2020-10-20,71.76
Bahamas,BHS,2020-10-21,71.76
Bahamas,BHS,2020-10-22,71.76
Bahamas,BHS,2020-10-23,71.76
Bahamas,BHS,2020-10-24,71.76
Bahamas,BHS,2020-10-25,71.76
Bahamas,BHS,2020-10-26,71.76
Bahamas,BHS,2020-10-27,71.76
Bahamas,BHS,2020-10-28,71.76
Bahamas,BHS,2020-10-29,71.76
Bahamas,BHS,2020-10-30,71.76
Bahamas,BHS,2020-10-31,71.76
Bahamas,BHS,2020-11-01,68.98
Bahamas,BHS,2020-11-02,68.98
Bahamas,BHS,2020-11-03,68.98
Bahamas,BHS,2020-11-04,68.98
Bahamas,BHS,2020-11-05,68.98
Bahamas,BHS,2020-11-06,68.98
Bahamas,BHS,2020-11-07,68.98
Bahamas,BHS,2020-11-08,68.98
Bahamas,BHS,2020-11-09,68.98
Bahamas,BHS,2020-11-10,68.98
Bahamas,BHS,2020-11-11,68.98
Bahamas,BHS,2020-11-12,68.98
Bahamas,BHS,2020-11-13,68.98
Bahamas,BHS,2020-11-14,68.98
Bahamas,BHS,2020-11-15,68.98
Bahamas,BHS,2020-11-16,68.98
Bahamas,BHS,2020-11-17,68.98
Bahamas,BHS,2020-11-18,68.98
Bahamas,BHS,2020-11-19,68.98
Bahamas,BHS,2020-11-20,68.98
Bahamas,BHS,2020-11-21,68.98
Bahamas,BHS,2020-11-22,68.98
Bahamas,BHS,2020-11-23,68.98
Bahamas,BHS,2020-11-24,68.98
Bahamas,BHS,2020-11-25,68.98
Bahamas,BHS,2020-11-26,68.98
Bahamas,BHS,2020-11-27,68.98
Bahamas,BHS,2020-11-28,68.98
Bahamas,BHS,2020-11-29,68.98
Bahamas,BHS,2020-11-30,68.98
Bahamas,BHS,2020-12-01,68.98
Bahamas,BHS,2020-12-02,68.98
Bahamas,BHS,2020-12-03,68.98
Bahamas,BHS,2020-12-04,68.98
Bahamas,BHS,2020-12-05,68.98
Bahamas,BHS,2020-12-06,68.98
Bahamas,BHS,2020-12-07,68.98
Bahamas,BHS,2020-12-08,68.98
Bahamas,BHS,2020-12-09,68.98
Bahamas,BHS,2020-12-10,68.98
Bahamas,BHS,2020-12-11,68.98
Bahamas,BHS,2020-12-12,68.98
Bahamas,BHS,2020-12-13,68.98
Bahamas,BHS,2020-12-14,68.98
Bahamas,BHS,2020-12-15,68.98
Bahamas,BHS,2020-12-16,68.98
Bahamas,BHS,2020-12-17,68.98
Bahamas,BHS,2020-12-18,68.98
Bahamas,BHS,2020-12-19,68.98
Bahamas,BHS,2020-12-20,68.98
Bahamas,BHS,2020-12-21,68.98
Bahamas,BHS,2020-12-22,68.98
Bahamas,BHS,2020-12-23,68.98
Bahamas,BHS,2020-12-24,68.98
Bahamas,BHS,2020-12-25,68.98
Bahamas,BHS,2020-12-26,68.98
Bahamas,BHS,2020-12-27,68.98
Bahamas,BHS,2020-12-28,68.98
Bahamas,BHS,2020-12-29,68.98
Bahamas,BHS,2020-12-30,68.98
Bahamas,BHS,2020-12-31,68.98
Bahamas,BHS,2021-01-01,68.98
Bahamas,BHS,2021-01-02,68.98
Bahamas,BHS,2021-01-03,68.98
Bahamas,BHS,2021-01-04,68.98
Bahamas,BHS,2021-01-05,68.98
Bahamas,BHS,2021-01-06,68.98
Bahamas,BHS,2021-01-07,68.98
Bahamas,BHS,2021-01-08,68.98
Bahamas,BHS,2021-01-09,68.98
Bahamas,BHS,2021-01-10,68.98
Bahamas,BHS,2021-01-11,68.98
Bahamas,BHS,2021-01-12,68.98
Bahamas,BHS,2021-01-13,68.98
Bahamas,BHS,2021-01-14,68.98
Bahamas,BHS,2021-01-15,68.98
Bahamas,BHS,2021-01-16,68.98
Bahamas,BHS,2021-01-17,68.98
Bahamas,BHS,2021-01-18,68.98
Bahamas,BHS,2021-01-19,68.98
Bahamas,BHS,2021-01-20,68.98
Bahamas,BHS,2021-01-21,68.98
Bahamas,BHS,2021-01-22,68.98
Bahamas,BHS,2021-01-23,68.98
Bahamas,BHS,2021-01-24,68.98
Bahamas,BHS,2021-01-25,68.98
Bahamas,BHS,2021-01-26,68.98
Bahamas,BHS,2021-01-27,68.98
Bahamas,BHS,2021-01-28,68.98
Bahamas,BHS,2021-01-29,68.98
Bahamas,BHS,2021-01-30,68.98
Bahamas,BHS,2021-01-31,68.98
Bahamas,BHS,2021-02-01,68.98
Bahamas,BHS,2021-02-02,68.98
Bahamas,BHS,2021-02-03,68.98
Bahamas,BHS,2021-02-04,68.98
Bahamas,BHS,2021-02-05,68.98
Bahamas,BHS,2021-02-06,68.98
Bahamas,BHS,2021-02-07,68.98
Bahamas,BHS,2021-02-08,68.98
Bahamas,BHS,2021-02-09,68.98
Bahamas,BHS,2021-02-10,68.98
Bahamas,BHS,2021-02-11,68.98
Bahamas,BHS,2021-02-12,68.98
Bahamas,BHS,2021-02-13,68.98
Bahamas,BHS,2021-02-14,68.98
Bahamas,BHS,2021-02-15,68.98
Bahamas,BHS,2021-02-16,68.98
Bahamas,BHS,2021-02-17,68.98
Bahamas,BHS,2021-02-18,68.98
Bahamas,BHS,2021-02-19,68.98
Bahamas,BHS,2021-02-20,68.98
Bahamas,BHS,2021-02-21,68.98
Bahamas,BHS,2021-02-22,68.98
Bahamas,BHS,2021-02-23,68.98
Bahamas,BHS,2021-02-24,68.98
Bahamas,BHS,2021-02-25,68.98
Bahamas,BHS,2021-02-26,68.98
Bahamas,BHS,2021-02-27,68.98
Bahamas,BHS,2021-02-28,68.98
Bahamas,BHS,2021-03-01,68.98
Bahamas,BHS,2021-03-02,68.98
Bahamas,BHS,2021-03-03,68.98
Bahamas,BHS,2021-03-04,68.98
Bahamas,BHS,2021-03-05,68.98
Bahamas,BHS,2021-03-06,68.98
Bahamas,BHS,2021-03-07,68.98
Bahamas,BHS,2021-03-08,68.98
Bahrain,BHR,2020-01-01,0
Bahrain,BHR,2020-01-02,0
Bahrain,BHR,2020-01-03,0
Bahrain,BHR,2020-01-04,0
Bahrain,BHR,2020-01-05,0
Bahrain,BHR,2020-01-06,0
Bahrain,BHR,2020-01-07,0
Bahrain,BHR,2020-01-08,0
Bahrain,BHR,2020-01-09,0
Bahrain,BHR,2020-01-10,0
Bahrain,BHR,2020-01-11,0
Bahrain,BHR,2020-01-12,0
Bahrain,BHR,2020-01-13,0
Bahrain,BHR,2020-01-14,0
Bahrain,BHR,2020-01-15,0
Bahrain,BHR,2020-01-16,0
Bahrain,BHR,2020-01-17,0
Bahrain,BHR,2020-01-18,0
Bahrain,BHR,2020-01-19,0
Bahrain,BHR,2020-01-20,0
Bahrain,BHR,2020-01-21,0
Bahrain,BHR,2020-01-22,8.33
Bahrain,BHR,2020-01-23,8.33
Bahrain,BHR,2020-01-24,8.33
Bahrain,BHR,2020-01-25,8.33
Bahrain,BHR,2020-01-26,8.33
Bahrain,BHR,2020-01-27,11.11
Bahrain,BHR,2020-01-28,11.11
Bahrain,BHR,2020-01-29,11.11
Bahrain,BHR,2020-01-30,11.11
Bahrain,BHR,2020-01-31,11.11
Bahrain,BHR,2020-02-01,11.11
Bahrain,BHR,2020-02-02,11.11
Bahrain,BHR,2020-02-03,11.11
Bahrain,BHR,2020-02-04,11.11
Bahrain,BHR,2020-02-05,11.11
Bahrain,BHR,2020-02-06,11.11
Bahrain,BHR,2020-02-07,11.11
Bahrain,BHR,2020-02-08,11.11
Bahrain,BHR,2020-02-09,11.11
Bahrain,BHR,2020-02-10,11.11
Bahrain,BHR,2020-02-11,11.11
Bahrain,BHR,2020-02-12,16.67
Bahrain,BHR,2020-02-13,16.67
Bahrain,BHR,2020-02-14,16.67
Bahrain,BHR,2020-02-15,16.67
Bahrain,BHR,2020-02-16,16.67
Bahrain,BHR,2020-02-17,16.67
Bahrain,BHR,2020-02-18,16.67
Bahrain,BHR,2020-02-19,19.44
Bahrain,BHR,2020-02-20,19.44
Bahrain,BHR,2020-02-21,19.44
Bahrain,BHR,2020-02-22,19.44
Bahrain,BHR,2020-02-23,19.44
Bahrain,BHR,2020-02-24,25
Bahrain,BHR,2020-02-25,25
Bahrain,BHR,2020-02-26,30.56
Bahrain,BHR,2020-02-27,30.56
Bahrain,BHR,2020-02-28,30.56
Bahrain,BHR,2020-02-29,30.56
Bahrain,BHR,2020-03-01,30.56
Bahrain,BHR,2020-03-02,30.56
Bahrain,BHR,2020-03-03,30.56
Bahrain,BHR,2020-03-04,30.56
Bahrain,BHR,2020-03-05,30.56
Bahrain,BHR,2020-03-06,30.56
Bahrain,BHR,2020-03-07,30.56
Bahrain,BHR,2020-03-08,30.56
Bahrain,BHR,2020-03-09,30.56
Bahrain,BHR,2020-03-10,30.56
Bahrain,BHR,2020-03-11,30.56
Bahrain,BHR,2020-03-12,30.56
Bahrain,BHR,2020-03-13,30.56
Bahrain,BHR,2020-03-14,30.56
Bahrain,BHR,2020-03-15,30.56
Bahrain,BHR,2020-03-16,30.56
Bahrain,BHR,2020-03-17,30.56
Bahrain,BHR,2020-03-18,66.67
Bahrain,BHR,2020-03-19,66.67
Bahrain,BHR,2020-03-20,66.67
Bahrain,BHR,2020-03-21,66.67
Bahrain,BHR,2020-03-22,69.44
Bahrain,BHR,2020-03-23,69.44
Bahrain,BHR,2020-03-24,69.44
Bahrain,BHR,2020-03-25,69.44
Bahrain,BHR,2020-03-26,73.15
Bahrain,BHR,2020-03-27,73.15
Bahrain,BHR,2020-03-28,78.7
Bahrain,BHR,2020-03-29,78.7
Bahrain,BHR,2020-03-30,78.7
Bahrain,BHR,2020-03-31,78.7
Bahrain,BHR,2020-04-01,78.7
Bahrain,BHR,2020-04-02,78.7
Bahrain,BHR,2020-04-03,78.7
Bahrain,BHR,2020-04-04,78.7
Bahrain,BHR,2020-04-05,78.7
Bahrain,BHR,2020-04-06,78.7
Bahrain,BHR,2020-04-07,78.7
Bahrain,BHR,2020-04-08,78.7
Bahrain,BHR,2020-04-09,75
Bahrain,BHR,2020-04-10,75
Bahrain,BHR,2020-04-11,75
Bahrain,BHR,2020-04-12,75
Bahrain,BHR,2020-04-13,75
Bahrain,BHR,2020-04-14,75
Bahrain,BHR,2020-04-15,75
Bahrain,BHR,2020-04-16,75
Bahrain,BHR,2020-04-17,75
Bahrain,BHR,2020-04-18,75
Bahrain,BHR,2020-04-19,75
Bahrain,BHR,2020-04-20,75
Bahrain,BHR,2020-04-21,75
Bahrain,BHR,2020-04-22,75
Bahrain,BHR,2020-04-23,75
Bahrain,BHR,2020-04-24,75
Bahrain,BHR,2020-04-25,75
Bahrain,BHR,2020-04-26,75
Bahrain,BHR,2020-04-27,75
Bahrain,BHR,2020-04-28,75
Bahrain,BHR,2020-04-29,75
Bahrain,BHR,2020-04-30,75
Bahrain,BHR,2020-05-01,75
Bahrain,BHR,2020-05-02,75
Bahrain,BHR,2020-05-03,75
Bahrain,BHR,2020-05-04,75
Bahrain,BHR,2020-05-05,75
Bahrain,BHR,2020-05-06,75
Bahrain,BHR,2020-05-07,75
Bahrain,BHR,2020-05-08,75
Bahrain,BHR,2020-05-09,75
Bahrain,BHR,2020-05-10,75
Bahrain,BHR,2020-05-11,75
Bahrain,BHR,2020-05-12,75
Bahrain,BHR,2020-05-13,75
Bahrain,BHR,2020-05-14,75
Bahrain,BHR,2020-05-15,75
Bahrain,BHR,2020-05-16,75
Bahrain,BHR,2020-05-17,75
Bahrain,BHR,2020-05-18,75
Bahrain,BHR,2020-05-19,75
Bahrain,BHR,2020-05-20,75
Bahrain,BHR,2020-05-21,75
Bahrain,BHR,2020-05-22,75
Bahrain,BHR,2020-05-23,75
Bahrain,BHR,2020-05-24,75
Bahrain,BHR,2020-05-25,75
Bahrain,BHR,2020-05-26,75
Bahrain,BHR,2020-05-27,75
Bahrain,BHR,2020-05-28,75
Bahrain,BHR,2020-05-29,75
Bahrain,BHR,2020-05-30,75
Bahrain,BHR,2020-05-31,75
Bahrain,BHR,2020-06-01,75
Bahrain,BHR,2020-06-02,75
Bahrain,BHR,2020-06-03,75
Bahrain,BHR,2020-06-04,75
Bahrain,BHR,2020-06-05,75
Bahrain,BHR,2020-06-06,75
Bahrain,BHR,2020-06-07,75
Bahrain,BHR,2020-06-08,75
Bahrain,BHR,2020-06-09,75
Bahrain,BHR,2020-06-10,75
Bahrain,BHR,2020-06-11,75
Bahrain,BHR,2020-06-12,75
Bahrain,BHR,2020-06-13,75
Bahrain,BHR,2020-06-14,75
Bahrain,BHR,2020-06-15,75
Bahrain,BHR,2020-06-16,75
Bahrain,BHR,2020-06-17,75
Bahrain,BHR,2020-06-18,75
Bahrain,BHR,2020-06-19,75
Bahrain,BHR,2020-06-20,75
Bahrain,BHR,2020-06-21,75
Bahrain,BHR,2020-06-22,75
Bahrain,BHR,2020-06-23,75
Bahrain,BHR,2020-06-24,75
Bahrain,BHR,2020-06-25,75
Bahrain,BHR,2020-06-26,75
Bahrain,BHR,2020-06-27,75
Bahrain,BHR,2020-06-28,75
Bahrain,BHR,2020-06-29,75
Bahrain,BHR,2020-06-30,75
Bahrain,BHR,2020-07-01,75
Bahrain,BHR,2020-07-02,75
Bahrain,BHR,2020-07-03,75
Bahrain,BHR,2020-07-04,75
Bahrain,BHR,2020-07-05,75
Bahrain,BHR,2020-07-06,75
Bahrain,BHR,2020-07-07,69.44
Bahrain,BHR,2020-07-08,69.44
Bahrain,BHR,2020-07-09,69.44
Bahrain,BHR,2020-07-10,69.44
Bahrain,BHR,2020-07-11,69.44
Bahrain,BHR,2020-07-12,69.44
Bahrain,BHR,2020-07-13,69.44
Bahrain,BHR,2020-07-14,69.44
Bahrain,BHR,2020-07-15,69.44
Bahrain,BHR,2020-07-16,69.44
Bahrain,BHR,2020-07-17,69.44
Bahrain,BHR,2020-07-18,69.44
Bahrain,BHR,2020-07-19,69.44
Bahrain,BHR,2020-07-20,69.44
Bahrain,BHR,2020-07-21,69.44
Bahrain,BHR,2020-07-22,69.44
Bahrain,BHR,2020-07-23,69.44
Bahrain,BHR,2020-07-24,69.44
Bahrain,BHR,2020-07-25,69.44
Bahrain,BHR,2020-07-26,69.44
Bahrain,BHR,2020-07-27,69.44
Bahrain,BHR,2020-07-28,69.44
Bahrain,BHR,2020-07-29,69.44
Bahrain,BHR,2020-07-30,69.44
Bahrain,BHR,2020-07-31,69.44
Bahrain,BHR,2020-08-01,69.44
Bahrain,BHR,2020-08-02,69.44
Bahrain,BHR,2020-08-03,69.44
Bahrain,BHR,2020-08-04,69.44
Bahrain,BHR,2020-08-05,69.44
Bahrain,BHR,2020-08-06,69.44
Bahrain,BHR,2020-08-07,69.44
Bahrain,BHR,2020-08-08,69.44
Bahrain,BHR,2020-08-09,69.44
Bahrain,BHR,2020-08-10,69.44
Bahrain,BHR,2020-08-11,69.44
Bahrain,BHR,2020-08-12,69.44
Bahrain,BHR,2020-08-13,69.44
Bahrain,BHR,2020-08-14,69.44
Bahrain,BHR,2020-08-15,69.44
Bahrain,BHR,2020-08-16,69.44
Bahrain,BHR,2020-08-17,69.44
Bahrain,BHR,2020-08-18,69.44
Bahrain,BHR,2020-08-19,69.44
Bahrain,BHR,2020-08-20,69.44
Bahrain,BHR,2020-08-21,69.44
Bahrain,BHR,2020-08-22,69.44
Bahrain,BHR,2020-08-23,60.19
Bahrain,BHR,2020-08-24,60.19
Bahrain,BHR,2020-08-25,60.19
Bahrain,BHR,2020-08-26,60.19
Bahrain,BHR,2020-08-27,60.19
Bahrain,BHR,2020-08-28,60.19
Bahrain,BHR,2020-08-29,60.19
Bahrain,BHR,2020-08-30,60.19
Bahrain,BHR,2020-08-31,60.19
Bahrain,BHR,2020-09-01,60.19
Bahrain,BHR,2020-09-02,60.19
Bahrain,BHR,2020-09-03,60.19
Bahrain,BHR,2020-09-04,60.19
Bahrain,BHR,2020-09-05,60.19
Bahrain,BHR,2020-09-06,60.19
Bahrain,BHR,2020-09-07,60.19
Bahrain,BHR,2020-09-08,60.19
Bahrain,BHR,2020-09-09,60.19
Bahrain,BHR,2020-09-10,60.19
Bahrain,BHR,2020-09-11,60.19
Bahrain,BHR,2020-09-12,60.19
Bahrain,BHR,2020-09-13,60.19
Bahrain,BHR,2020-09-14,60.19
Bahrain,BHR,2020-09-15,60.19
Bahrain,BHR,2020-09-16,56.48
Bahrain,BHR,2020-09-17,63.89
Bahrain,BHR,2020-09-18,63.89
Bahrain,BHR,2020-09-19,63.89
Bahrain,BHR,2020-09-20,63.89
Bahrain,BHR,2020-09-21,63.89
Bahrain,BHR,2020-09-22,63.89
Bahrain,BHR,2020-09-23,63.89
Bahrain,BHR,2020-09-24,63.89
Bahrain,BHR,2020-09-25,63.89
Bahrain,BHR,2020-09-26,63.89
Bahrain,BHR,2020-09-27,60.19
Bahrain,BHR,2020-09-28,60.19
Bahrain,BHR,2020-09-29,60.19
Bahrain,BHR,2020-09-30,60.19
Bahrain,BHR,2020-10-01,60.19
Bahrain,BHR,2020-10-02,60.19
Bahrain,BHR,2020-10-03,60.19
Bahrain,BHR,2020-10-04,60.19
Bahrain,BHR,2020-10-05,60.19
Bahrain,BHR,2020-10-06,60.19
Bahrain,BHR,2020-10-07,60.19
Bahrain,BHR,2020-10-08,60.19
Bahrain,BHR,2020-10-09,60.19
Bahrain,BHR,2020-10-10,60.19
Bahrain,BHR,2020-10-11,60.19
Bahrain,BHR,2020-10-12,60.19
Bahrain,BHR,2020-10-13,60.19
Bahrain,BHR,2020-10-14,60.19
Bahrain,BHR,2020-10-15,60.19
Bahrain,BHR,2020-10-16,60.19
Bahrain,BHR,2020-10-17,60.19
Bahrain,BHR,2020-10-18,60.19
Bahrain,BHR,2020-10-19,60.19
Bahrain,BHR,2020-10-20,60.19
Bahrain,BHR,2020-10-21,60.19
Bahrain,BHR,2020-10-22,60.19
Bahrain,BHR,2020-10-23,60.19
Bahrain,BHR,2020-10-24,60.19
Bahrain,BHR,2020-10-25,60.19
Bahrain,BHR,2020-10-26,60.19
Bahrain,BHR,2020-10-27,60.19
Bahrain,BHR,2020-10-28,60.19
Bahrain,BHR,2020-10-29,60.19
Bahrain,BHR,2020-10-30,54.63
Bahrain,BHR,2020-10-31,54.63
Bahrain,BHR,2020-11-01,54.63
Bahrain,BHR,2020-11-02,54.63
Bahrain,BHR,2020-11-03,54.63
Bahrain,BHR,2020-11-04,54.63
Bahrain,BHR,2020-11-05,54.63
Bahrain,BHR,2020-11-06,54.63
Bahrain,BHR,2020-11-07,54.63
Bahrain,BHR,2020-11-08,54.63
Bahrain,BHR,2020-11-09,54.63
Bahrain,BHR,2020-11-10,54.63
Bahrain,BHR,2020-11-11,54.63
Bahrain,BHR,2020-11-12,54.63
Bahrain,BHR,2020-11-13,54.63
Bahrain,BHR,2020-11-14,54.63
Bahrain,BHR,2020-11-15,54.63
Bahrain,BHR,2020-11-16,54.63
Bahrain,BHR,2020-11-17,54.63
Bahrain,BHR,2020-11-18,54.63
Bahrain,BHR,2020-11-19,54.63
Bahrain,BHR,2020-11-20,54.63
Bahrain,BHR,2020-11-21,54.63
Bahrain,BHR,2020-11-22,54.63
Bahrain,BHR,2020-11-23,54.63
Bahrain,BHR,2020-11-24,54.63
Bahrain,BHR,2020-11-25,54.63
Bahrain,BHR,2020-11-26,54.63
Bahrain,BHR,2020-11-27,54.63
Bahrain,BHR,2020-11-28,54.63
Bahrain,BHR,2020-11-29,54.63
Bahrain,BHR,2020-11-30,54.63
Bahrain,BHR,2020-12-01,54.63
Bahrain,BHR,2020-12-02,54.63
Bahrain,BHR,2020-12-03,54.63
Bahrain,BHR,2020-12-04,54.63
Bahrain,BHR,2020-12-05,54.63
Bahrain,BHR,2020-12-06,54.63
Bahrain,BHR,2020-12-07,54.63
Bahrain,BHR,2020-12-08,54.63
Bahrain,BHR,2020-12-09,54.63
Bahrain,BHR,2020-12-10,54.63
Bahrain,BHR,2020-12-11,54.63
Bahrain,BHR,2020-12-12,54.63
Bahrain,BHR,2020-12-13,54.63
Bahrain,BHR,2020-12-14,50.93
Bahrain,BHR,2020-12-15,50.93
Bahrain,BHR,2020-12-16,50.93
Bahrain,BHR,2020-12-17,50.93
Bahrain,BHR,2020-12-18,50.93
Bahrain,BHR,2020-12-19,50.93
Bahrain,BHR,2020-12-20,50.93
Bahrain,BHR,2020-12-21,50.93
Bahrain,BHR,2020-12-22,50.93
Bahrain,BHR,2020-12-23,50.93
Bahrain,BHR,2020-12-24,50.93
Bahrain,BHR,2020-12-25,50.93
Bahrain,BHR,2020-12-26,50.93
Bahrain,BHR,2020-12-27,50.93
Bahrain,BHR,2020-12-28,50.93
Bahrain,BHR,2020-12-29,50.93
Bahrain,BHR,2020-12-30,50.93
Bahrain,BHR,2020-12-31,50.93
Bahrain,BHR,2021-01-01,50.93
Bahrain,BHR,2021-01-02,50.93
Bahrain,BHR,2021-01-03,50.93
Bahrain,BHR,2021-01-04,50.93
Bahrain,BHR,2021-01-05,50.93
Bahrain,BHR,2021-01-06,50.93
Bahrain,BHR,2021-01-07,50.93
Bahrain,BHR,2021-01-08,50.93
Bahrain,BHR,2021-01-09,50.93
Bahrain,BHR,2021-01-10,50.93
Bahrain,BHR,2021-01-11,50.93
Bahrain,BHR,2021-01-12,50.93
Bahrain,BHR,2021-01-13,50.93
Bahrain,BHR,2021-01-14,50.93
Bahrain,BHR,2021-01-15,50.93
Bahrain,BHR,2021-01-16,50.93
Bahrain,BHR,2021-01-17,50.93
Bahrain,BHR,2021-01-18,50.93
Bahrain,BHR,2021-01-19,54.63
Bahrain,BHR,2021-01-20,54.63
Bahrain,BHR,2021-01-21,54.63
Bahrain,BHR,2021-01-22,54.63
Bahrain,BHR,2021-01-23,54.63
Bahrain,BHR,2021-01-24,54.63
Bahrain,BHR,2021-01-25,54.63
Bahrain,BHR,2021-01-26,50.93
Bahrain,BHR,2021-01-27,50.93
Bahrain,BHR,2021-01-28,50.93
Bahrain,BHR,2021-01-29,50.93
Bahrain,BHR,2021-01-30,50.93
Bahrain,BHR,2021-01-31,58.33
Bahrain,BHR,2021-02-01,58.33
Bahrain,BHR,2021-02-02,58.33
Bahrain,BHR,2021-02-03,58.33
Bahrain,BHR,2021-02-04,58.33
Bahrain,BHR,2021-02-05,58.33
Bahrain,BHR,2021-02-06,58.33
Bahrain,BHR,2021-02-07,58.33
Bahrain,BHR,2021-02-08,58.33
Bahrain,BHR,2021-02-09,58.33
Bahrain,BHR,2021-02-10,58.33
Bahrain,BHR,2021-02-11,58.33
Bahrain,BHR,2021-02-12,58.33
Bahrain,BHR,2021-02-13,58.33
Bahrain,BHR,2021-02-14,58.33
Bahrain,BHR,2021-02-15,58.33
Bahrain,BHR,2021-02-16,55.56
Bahrain,BHR,2021-02-17,55.56
Bahrain,BHR,2021-02-18,55.56
Bahrain,BHR,2021-02-19,55.56
Bahrain,BHR,2021-02-20,55.56
Bahrain,BHR,2021-02-21,55.56
Bahrain,BHR,2021-02-22,55.56
Bahrain,BHR,2021-02-23,55.56
Bahrain,BHR,2021-02-24,55.56
Bahrain,BHR,2021-02-25,55.56
Bahrain,BHR,2021-02-26,55.56
Bahrain,BHR,2021-02-27,55.56
Bahrain,BHR,2021-02-28,55.56
Bahrain,BHR,2021-03-01,55.56
Bahrain,BHR,2021-03-02,55.56
Bahrain,BHR,2021-03-03,55.56
Bahrain,BHR,2021-03-04,55.56
Bahrain,BHR,2021-03-05,55.56
Bahrain,BHR,2021-03-06,55.56
Bahrain,BHR,2021-03-07,55.56
Bahrain,BHR,2021-03-08,55.56
Bahrain,BHR,2021-03-09,55.56
Bangladesh,BGD,2020-01-01,0
Bangladesh,BGD,2020-01-02,0
Bangladesh,BGD,2020-01-03,0
Bangladesh,BGD,2020-01-04,0
Bangladesh,BGD,2020-01-05,0
Bangladesh,BGD,2020-01-06,0
Bangladesh,BGD,2020-01-07,0
Bangladesh,BGD,2020-01-08,0
Bangladesh,BGD,2020-01-09,0
Bangladesh,BGD,2020-01-10,0
Bangladesh,BGD,2020-01-11,0
Bangladesh,BGD,2020-01-12,0
Bangladesh,BGD,2020-01-13,0
Bangladesh,BGD,2020-01-14,0
Bangladesh,BGD,2020-01-15,0
Bangladesh,BGD,2020-01-16,0
Bangladesh,BGD,2020-01-17,0
Bangladesh,BGD,2020-01-18,0
Bangladesh,BGD,2020-01-19,0
Bangladesh,BGD,2020-01-20,0
Bangladesh,BGD,2020-01-21,5.56
Bangladesh,BGD,2020-01-22,8.33
Bangladesh,BGD,2020-01-23,8.33
Bangladesh,BGD,2020-01-24,8.33
Bangladesh,BGD,2020-01-25,8.33
Bangladesh,BGD,2020-01-26,8.33
Bangladesh,BGD,2020-01-27,8.33
Bangladesh,BGD,2020-01-28,13.89
Bangladesh,BGD,2020-01-29,13.89
Bangladesh,BGD,2020-01-30,13.89
Bangladesh,BGD,2020-01-31,13.89
Bangladesh,BGD,2020-02-01,13.89
Bangladesh,BGD,2020-02-02,13.89
Bangladesh,BGD,2020-02-03,13.89
Bangladesh,BGD,2020-02-04,13.89
Bangladesh,BGD,2020-02-05,13.89
Bangladesh,BGD,2020-02-06,13.89
Bangladesh,BGD,2020-02-07,13.89
Bangladesh,BGD,2020-02-08,13.89
Bangladesh,BGD,2020-02-09,13.89
Bangladesh,BGD,2020-02-10,13.89
Bangladesh,BGD,2020-02-11,13.89
Bangladesh,BGD,2020-02-12,13.89
Bangladesh,BGD,2020-02-13,13.89
Bangladesh,BGD,2020-02-14,13.89
Bangladesh,BGD,2020-02-15,13.89
Bangladesh,BGD,2020-02-16,13.89
Bangladesh,BGD,2020-02-17,13.89
Bangladesh,BGD,2020-02-18,13.89
Bangladesh,BGD,2020-02-19,13.89
Bangladesh,BGD,2020-02-20,13.89
Bangladesh,BGD,2020-02-21,13.89
Bangladesh,BGD,2020-02-22,13.89
Bangladesh,BGD,2020-02-23,13.89
Bangladesh,BGD,2020-02-24,13.89
Bangladesh,BGD,2020-02-25,13.89
Bangladesh,BGD,2020-02-26,13.89
Bangladesh,BGD,2020-02-27,13.89
Bangladesh,BGD,2020-02-28,13.89
Bangladesh,BGD,2020-02-29,13.89
Bangladesh,BGD,2020-03-01,13.89
Bangladesh,BGD,2020-03-02,13.89
Bangladesh,BGD,2020-03-03,13.89
Bangladesh,BGD,2020-03-04,13.89
Bangladesh,BGD,2020-03-05,13.89
Bangladesh,BGD,2020-03-06,13.89
Bangladesh,BGD,2020-03-07,13.89
Bangladesh,BGD,2020-03-08,13.89
Bangladesh,BGD,2020-03-09,13.89
Bangladesh,BGD,2020-03-10,13.89
Bangladesh,BGD,2020-03-11,13.89
Bangladesh,BGD,2020-03-12,13.89
Bangladesh,BGD,2020-03-13,13.89
Bangladesh,BGD,2020-03-14,13.89
Bangladesh,BGD,2020-03-15,13.89
Bangladesh,BGD,2020-03-16,33.33
Bangladesh,BGD,2020-03-17,33.33
Bangladesh,BGD,2020-03-18,33.33
Bangladesh,BGD,2020-03-19,75.93
Bangladesh,BGD,2020-03-20,75.93
Bangladesh,BGD,2020-03-21,81.48
Bangladesh,BGD,2020-03-22,81.48
Bangladesh,BGD,2020-03-23,81.48
Bangladesh,BGD,2020-03-24,81.48
Bangladesh,BGD,2020-03-25,82.41
Bangladesh,BGD,2020-03-26,84.26
Bangladesh,BGD,2020-03-27,84.26
Bangladesh,BGD,2020-03-28,84.26
Bangladesh,BGD,2020-03-29,84.26
Bangladesh,BGD,2020-03-30,84.26
Bangladesh,BGD,2020-03-31,87.04
Bangladesh,BGD,2020-04-01,87.04
Bangladesh,BGD,2020-04-02,87.04
Bangladesh,BGD,2020-04-03,87.04
Bangladesh,BGD,2020-04-04,87.04
Bangladesh,BGD,2020-04-05,87.04
Bangladesh,BGD,2020-04-06,87.04
Bangladesh,BGD,2020-04-07,87.04
Bangladesh,BGD,2020-04-08,87.04
Bangladesh,BGD,2020-04-09,87.04
Bangladesh,BGD,2020-04-10,90.74
Bangladesh,BGD,2020-04-11,93.52
Bangladesh,BGD,2020-04-12,93.52
Bangladesh,BGD,2020-04-13,93.52
Bangladesh,BGD,2020-04-14,93.52
Bangladesh,BGD,2020-04-15,93.52
Bangladesh,BGD,2020-04-16,93.52
Bangladesh,BGD,2020-04-17,93.52
Bangladesh,BGD,2020-04-18,93.52
Bangladesh,BGD,2020-04-19,93.52
Bangladesh,BGD,2020-04-20,93.52
Bangladesh,BGD,2020-04-21,93.52
Bangladesh,BGD,2020-04-22,93.52
Bangladesh,BGD,2020-04-23,93.52
Bangladesh,BGD,2020-04-24,93.52
Bangladesh,BGD,2020-04-25,93.52
Bangladesh,BGD,2020-04-26,93.52
Bangladesh,BGD,2020-04-27,93.52
Bangladesh,BGD,2020-04-28,93.52
Bangladesh,BGD,2020-04-29,93.52
Bangladesh,BGD,2020-04-30,93.52
Bangladesh,BGD,2020-05-01,89.81
Bangladesh,BGD,2020-05-02,89.81
Bangladesh,BGD,2020-05-03,89.81
Bangladesh,BGD,2020-05-04,89.81
Bangladesh,BGD,2020-05-05,89.81
Bangladesh,BGD,2020-05-06,89.81
Bangladesh,BGD,2020-05-07,89.81
Bangladesh,BGD,2020-05-08,89.81
Bangladesh,BGD,2020-05-09,89.81
Bangladesh,BGD,2020-05-10,89.81
Bangladesh,BGD,2020-05-11,89.81
Bangladesh,BGD,2020-05-12,89.81
Bangladesh,BGD,2020-05-13,89.81
Bangladesh,BGD,2020-05-14,89.81
Bangladesh,BGD,2020-05-15,89.81
Bangladesh,BGD,2020-05-16,89.81
Bangladesh,BGD,2020-05-17,93.52
Bangladesh,BGD,2020-05-18,93.52
Bangladesh,BGD,2020-05-19,93.52
Bangladesh,BGD,2020-05-20,93.52
Bangladesh,BGD,2020-05-21,93.52
Bangladesh,BGD,2020-05-22,93.52
Bangladesh,BGD,2020-05-23,93.52
Bangladesh,BGD,2020-05-24,93.52
Bangladesh,BGD,2020-05-25,93.52
Bangladesh,BGD,2020-05-26,93.52
Bangladesh,BGD,2020-05-27,93.52
Bangladesh,BGD,2020-05-28,93.52
Bangladesh,BGD,2020-05-29,93.52
Bangladesh,BGD,2020-05-30,93.52
Bangladesh,BGD,2020-05-31,62.96
Bangladesh,BGD,2020-06-01,62.96
Bangladesh,BGD,2020-06-02,62.96
Bangladesh,BGD,2020-06-03,62.96
Bangladesh,BGD,2020-06-04,62.96
Bangladesh,BGD,2020-06-05,62.96
Bangladesh,BGD,2020-06-06,62.96
Bangladesh,BGD,2020-06-07,62.96
Bangladesh,BGD,2020-06-08,62.96
Bangladesh,BGD,2020-06-09,62.96
Bangladesh,BGD,2020-06-10,62.96
Bangladesh,BGD,2020-06-11,62.96
Bangladesh,BGD,2020-06-12,62.96
Bangladesh,BGD,2020-06-13,62.96
Bangladesh,BGD,2020-06-14,62.96
Bangladesh,BGD,2020-06-15,62.96
Bangladesh,BGD,2020-06-16,74.54
Bangladesh,BGD,2020-06-17,74.54
Bangladesh,BGD,2020-06-18,74.54
Bangladesh,BGD,2020-06-19,74.54
Bangladesh,BGD,2020-06-20,74.54
Bangladesh,BGD,2020-06-21,74.54
Bangladesh,BGD,2020-06-22,74.54
Bangladesh,BGD,2020-06-23,74.54
Bangladesh,BGD,2020-06-24,74.54
Bangladesh,BGD,2020-06-25,74.54
Bangladesh,BGD,2020-06-26,74.54
Bangladesh,BGD,2020-06-27,74.54
Bangladesh,BGD,2020-06-28,74.54
Bangladesh,BGD,2020-06-29,74.54
Bangladesh,BGD,2020-06-30,74.54
Bangladesh,BGD,2020-07-01,74.54
Bangladesh,BGD,2020-07-02,74.54
Bangladesh,BGD,2020-07-03,74.54
Bangladesh,BGD,2020-07-04,74.54
Bangladesh,BGD,2020-07-05,74.54
Bangladesh,BGD,2020-07-06,74.54
Bangladesh,BGD,2020-07-07,74.54
Bangladesh,BGD,2020-07-08,74.54
Bangladesh,BGD,2020-07-09,74.54
Bangladesh,BGD,2020-07-10,74.54
Bangladesh,BGD,2020-07-11,74.54
Bangladesh,BGD,2020-07-12,74.54
Bangladesh,BGD,2020-07-13,74.54
Bangladesh,BGD,2020-07-14,74.54
Bangladesh,BGD,2020-07-15,74.54
Bangladesh,BGD,2020-07-16,80.09
Bangladesh,BGD,2020-07-17,80.09
Bangladesh,BGD,2020-07-18,80.09
Bangladesh,BGD,2020-07-19,80.09
Bangladesh,BGD,2020-07-20,80.09
Bangladesh,BGD,2020-07-21,80.09
Bangladesh,BGD,2020-07-22,80.09
Bangladesh,BGD,2020-07-23,80.09
Bangladesh,BGD,2020-07-24,80.09
Bangladesh,BGD,2020-07-25,80.09
Bangladesh,BGD,2020-07-26,80.09
Bangladesh,BGD,2020-07-27,80.09
Bangladesh,BGD,2020-07-28,80.09
Bangladesh,BGD,2020-07-29,80.09
Bangladesh,BGD,2020-07-30,80.09
Bangladesh,BGD,2020-07-31,80.09
Bangladesh,BGD,2020-08-01,80.09
Bangladesh,BGD,2020-08-02,80.09
Bangladesh,BGD,2020-08-03,80.09
Bangladesh,BGD,2020-08-04,80.09
Bangladesh,BGD,2020-08-05,80.09
Bangladesh,BGD,2020-08-06,80.09
Bangladesh,BGD,2020-08-07,80.09
Bangladesh,BGD,2020-08-08,80.09
Bangladesh,BGD,2020-08-09,80.09
Bangladesh,BGD,2020-08-10,80.09
Bangladesh,BGD,2020-08-11,80.09
Bangladesh,BGD,2020-08-12,80.09
Bangladesh,BGD,2020-08-13,80.09
Bangladesh,BGD,2020-08-14,80.09
Bangladesh,BGD,2020-08-15,80.09
Bangladesh,BGD,2020-08-16,80.09
Bangladesh,BGD,2020-08-17,80.09
Bangladesh,BGD,2020-08-18,80.09
Bangladesh,BGD,2020-08-19,80.09
Bangladesh,BGD,2020-08-20,80.09
Bangladesh,BGD,2020-08-21,80.09
Bangladesh,BGD,2020-08-22,80.09
Bangladesh,BGD,2020-08-23,80.09
Bangladesh,BGD,2020-08-24,80.09
Bangladesh,BGD,2020-08-25,80.09
Bangladesh,BGD,2020-08-26,80.09
Bangladesh,BGD,2020-08-27,80.09
Bangladesh,BGD,2020-08-28,80.09
Bangladesh,BGD,2020-08-29,80.09
Bangladesh,BGD,2020-08-30,80.09
Bangladesh,BGD,2020-08-31,80.09
Bangladesh,BGD,2020-09-01,80.09
Bangladesh,BGD,2020-09-02,80.09
Bangladesh,BGD,2020-09-03,80.09
Bangladesh,BGD,2020-09-04,80.09
Bangladesh,BGD,2020-09-05,80.09
Bangladesh,BGD,2020-09-06,80.09
Bangladesh,BGD,2020-09-07,80.09
Bangladesh,BGD,2020-09-08,80.09
Bangladesh,BGD,2020-09-09,80.09
Bangladesh,BGD,2020-09-10,80.09
Bangladesh,BGD,2020-09-11,80.09
Bangladesh,BGD,2020-09-12,80.09
Bangladesh,BGD,2020-09-13,80.09
Bangladesh,BGD,2020-09-14,80.09
Bangladesh,BGD,2020-09-15,80.09
Bangladesh,BGD,2020-09-16,80.09
Bangladesh,BGD,2020-09-17,80.09
Bangladesh,BGD,2020-09-18,80.09
Bangladesh,BGD,2020-09-19,80.09
Bangladesh,BGD,2020-09-20,80.09
Bangladesh,BGD,2020-09-21,80.09
Bangladesh,BGD,2020-09-22,80.09
Bangladesh,BGD,2020-09-23,80.09
Bangladesh,BGD,2020-09-24,80.09
Bangladesh,BGD,2020-09-25,80.09
Bangladesh,BGD,2020-09-26,80.09
Bangladesh,BGD,2020-09-27,80.09
Bangladesh,BGD,2020-09-28,80.09
Bangladesh,BGD,2020-09-29,80.09
Bangladesh,BGD,2020-09-30,80.09
Bangladesh,BGD,2020-10-01,80.09
Bangladesh,BGD,2020-10-02,80.09
Bangladesh,BGD,2020-10-03,80.09
Bangladesh,BGD,2020-10-04,80.09
Bangladesh,BGD,2020-10-05,80.09
Bangladesh,BGD,2020-10-06,80.09
Bangladesh,BGD,2020-10-07,80.09
Bangladesh,BGD,2020-10-08,80.09
Bangladesh,BGD,2020-10-09,80.09
Bangladesh,BGD,2020-10-10,80.09
Bangladesh,BGD,2020-10-11,80.09
Bangladesh,BGD,2020-10-12,80.09
Bangladesh,BGD,2020-10-13,80.09
Bangladesh,BGD,2020-10-14,80.09
Bangladesh,BGD,2020-10-15,80.09
Bangladesh,BGD,2020-10-16,80.09
Bangladesh,BGD,2020-10-17,80.09
Bangladesh,BGD,2020-10-18,80.09
Bangladesh,BGD,2020-10-19,80.09
Bangladesh,BGD,2020-10-20,80.09
Bangladesh,BGD,2020-10-21,80.09
Bangladesh,BGD,2020-10-22,80.09
Bangladesh,BGD,2020-10-23,80.09
Bangladesh,BGD,2020-10-24,80.09
Bangladesh,BGD,2020-10-25,80.09
Bangladesh,BGD,2020-10-26,80.09
Bangladesh,BGD,2020-10-27,80.09
Bangladesh,BGD,2020-10-28,80.09
Bangladesh,BGD,2020-10-29,80.09
Bangladesh,BGD,2020-10-30,80.09
Bangladesh,BGD,2020-10-31,80.09
Bangladesh,BGD,2020-11-01,80.09
Bangladesh,BGD,2020-11-02,80.09
Bangladesh,BGD,2020-11-03,80.09
Bangladesh,BGD,2020-11-04,80.09
Bangladesh,BGD,2020-11-05,80.09
Bangladesh,BGD,2020-11-06,80.09
Bangladesh,BGD,2020-11-07,80.09
Bangladesh,BGD,2020-11-08,80.09
Bangladesh,BGD,2020-11-09,80.09
Bangladesh,BGD,2020-11-10,80.09
Bangladesh,BGD,2020-11-11,80.09
Bangladesh,BGD,2020-11-12,80.09
Bangladesh,BGD,2020-11-13,80.09
Bangladesh,BGD,2020-11-14,80.09
Bangladesh,BGD,2020-11-15,80.09
Bangladesh,BGD,2020-11-16,80.09
Bangladesh,BGD,2020-11-17,80.09
Bangladesh,BGD,2020-11-18,80.09
Bangladesh,BGD,2020-11-19,80.09
Bangladesh,BGD,2020-11-20,80.09
Bangladesh,BGD,2020-11-21,80.09
Bangladesh,BGD,2020-11-22,80.09
Bangladesh,BGD,2020-11-23,80.09
Bangladesh,BGD,2020-11-24,80.09
Bangladesh,BGD,2020-11-25,80.09
Bangladesh,BGD,2020-11-26,80.09
Bangladesh,BGD,2020-11-27,80.09
Bangladesh,BGD,2020-11-28,80.09
Bangladesh,BGD,2020-11-29,80.09
Bangladesh,BGD,2020-11-30,80.09
Bangladesh,BGD,2020-12-01,80.09
Bangladesh,BGD,2020-12-02,80.09
Bangladesh,BGD,2020-12-03,80.09
Bangladesh,BGD,2020-12-04,80.09
Bangladesh,BGD,2020-12-05,80.09
Bangladesh,BGD,2020-12-06,80.09
Bangladesh,BGD,2020-12-07,80.09
Bangladesh,BGD,2020-12-08,80.09
Bangladesh,BGD,2020-12-09,80.09
Bangladesh,BGD,2020-12-10,80.09
Bangladesh,BGD,2020-12-11,80.09
Bangladesh,BGD,2020-12-12,80.09
Bangladesh,BGD,2020-12-13,80.09
Bangladesh,BGD,2020-12-14,80.09
Bangladesh,BGD,2020-12-15,80.09
Bangladesh,BGD,2020-12-16,80.09
Bangladesh,BGD,2020-12-17,80.09
Bangladesh,BGD,2020-12-18,80.09
Bangladesh,BGD,2020-12-19,80.09
Bangladesh,BGD,2020-12-20,80.09
Bangladesh,BGD,2020-12-21,80.09
Bangladesh,BGD,2020-12-22,80.09
Bangladesh,BGD,2020-12-23,80.09
Bangladesh,BGD,2020-12-24,80.09
Bangladesh,BGD,2020-12-25,80.09
Bangladesh,BGD,2020-12-26,80.09
Bangladesh,BGD,2020-12-27,80.09
Bangladesh,BGD,2020-12-28,80.09
Bangladesh,BGD,2020-12-29,80.09
Bangladesh,BGD,2020-12-30,80.09
Bangladesh,BGD,2020-12-31,80.09
Bangladesh,BGD,2021-01-01,80.09
Bangladesh,BGD,2021-01-02,80.09
Bangladesh,BGD,2021-01-03,80.09
Bangladesh,BGD,2021-01-04,80.09
Bangladesh,BGD,2021-01-05,80.09
Bangladesh,BGD,2021-01-06,80.09
Bangladesh,BGD,2021-01-07,80.09
Bangladesh,BGD,2021-01-08,80.09
Bangladesh,BGD,2021-01-09,80.09
Bangladesh,BGD,2021-01-10,80.09
Bangladesh,BGD,2021-01-11,80.09
Bangladesh,BGD,2021-01-12,80.09
Bangladesh,BGD,2021-01-13,80.09
Bangladesh,BGD,2021-01-14,80.09
Bangladesh,BGD,2021-01-15,80.09
Bangladesh,BGD,2021-01-16,80.09
Bangladesh,BGD,2021-01-17,80.09
Bangladesh,BGD,2021-01-18,80.09
Bangladesh,BGD,2021-01-19,80.09
Bangladesh,BGD,2021-01-20,80.09
Bangladesh,BGD,2021-01-21,80.09
Bangladesh,BGD,2021-01-22,80.09
Bangladesh,BGD,2021-01-23,80.09
Bangladesh,BGD,2021-01-24,80.09
Bangladesh,BGD,2021-01-25,80.09
Bangladesh,BGD,2021-01-26,81.02
Bangladesh,BGD,2021-01-27,81.02
Bangladesh,BGD,2021-01-28,81.02
Bangladesh,BGD,2021-01-29,81.02
Bangladesh,BGD,2021-01-30,81.02
Bangladesh,BGD,2021-01-31,81.02
Bangladesh,BGD,2021-02-01,81.02
Bangladesh,BGD,2021-02-02,81.02
Bangladesh,BGD,2021-02-03,81.02
Bangladesh,BGD,2021-02-04,81.02
Bangladesh,BGD,2021-02-05,81.02
Bangladesh,BGD,2021-02-06,81.02
Bangladesh,BGD,2021-02-07,81.02
Bangladesh,BGD,2021-02-08,81.02
Bangladesh,BGD,2021-02-09,81.02
Bangladesh,BGD,2021-02-10,81.02
Bangladesh,BGD,2021-02-11,81.02
Bangladesh,BGD,2021-02-12,81.02
Bangladesh,BGD,2021-02-13,81.02
Bangladesh,BGD,2021-02-14,81.02
Bangladesh,BGD,2021-02-15,81.02
Bangladesh,BGD,2021-02-16,81.02
Bangladesh,BGD,2021-02-17,81.02
Bangladesh,BGD,2021-02-18,81.02
Bangladesh,BGD,2021-02-19,81.02
Bangladesh,BGD,2021-02-20,81.02
Bangladesh,BGD,2021-02-21,81.02
Bangladesh,BGD,2021-02-22,81.02
Bangladesh,BGD,2021-02-23,81.02
Bangladesh,BGD,2021-02-24,81.02
Bangladesh,BGD,2021-02-25,81.02
Bangladesh,BGD,2021-02-26,81.02
Bangladesh,BGD,2021-02-27,81.02
Bangladesh,BGD,2021-02-28,81.02
Bangladesh,BGD,2021-03-01,81.02
Bangladesh,BGD,2021-03-02,81.02
Bangladesh,BGD,2021-03-03,81.02
Bangladesh,BGD,2021-03-04,81.02
Bangladesh,BGD,2021-03-05,81.02
Bangladesh,BGD,2021-03-06,81.02
Bangladesh,BGD,2021-03-07,81.02
Bangladesh,BGD,2021-03-08,81.02
Bangladesh,BGD,2021-03-09,81.02
Barbados,BRB,2020-01-01,0
Barbados,BRB,2020-01-02,0
Barbados,BRB,2020-01-03,0
Barbados,BRB,2020-01-04,0
Barbados,BRB,2020-01-05,0
Barbados,BRB,2020-01-06,0
Barbados,BRB,2020-01-07,0
Barbados,BRB,2020-01-08,0
Barbados,BRB,2020-01-09,0
Barbados,BRB,2020-01-10,0
Barbados,BRB,2020-01-11,0
Barbados,BRB,2020-01-12,0
Barbados,BRB,2020-01-13,0
Barbados,BRB,2020-01-14,0
Barbados,BRB,2020-01-15,0
Barbados,BRB,2020-01-16,0
Barbados,BRB,2020-01-17,0
Barbados,BRB,2020-01-18,0
Barbados,BRB,2020-01-19,0
Barbados,BRB,2020-01-20,0
Barbados,BRB,2020-01-21,0
Barbados,BRB,2020-01-22,11.11
Barbados,BRB,2020-01-23,11.11
Barbados,BRB,2020-01-24,11.11
Barbados,BRB,2020-01-25,11.11
Barbados,BRB,2020-01-26,11.11
Barbados,BRB,2020-01-27,11.11
Barbados,BRB,2020-01-28,11.11
Barbados,BRB,2020-01-29,11.11
Barbados,BRB,2020-01-30,11.11
Barbados,BRB,2020-01-31,11.11
Barbados,BRB,2020-02-01,11.11
Barbados,BRB,2020-02-02,11.11
Barbados,BRB,2020-02-03,11.11
Barbados,BRB,2020-02-04,11.11
Barbados,BRB,2020-02-05,11.11
Barbados,BRB,2020-02-06,11.11
Barbados,BRB,2020-02-07,11.11
Barbados,BRB,2020-02-08,11.11
Barbados,BRB,2020-02-09,11.11
Barbados,BRB,2020-02-10,11.11
Barbados,BRB,2020-02-11,11.11
Barbados,BRB,2020-02-12,11.11
Barbados,BRB,2020-02-13,11.11
Barbados,BRB,2020-02-14,11.11
Barbados,BRB,2020-02-15,13.89
Barbados,BRB,2020-02-16,13.89
Barbados,BRB,2020-02-17,13.89
Barbados,BRB,2020-02-18,13.89
Barbados,BRB,2020-02-19,13.89
Barbados,BRB,2020-02-20,13.89
Barbados,BRB,2020-02-21,13.89
Barbados,BRB,2020-02-22,13.89
Barbados,BRB,2020-02-23,13.89
Barbados,BRB,2020-02-24,13.89
Barbados,BRB,2020-02-25,13.89
Barbados,BRB,2020-02-26,13.89
Barbados,BRB,2020-02-27,13.89
Barbados,BRB,2020-02-28,13.89
Barbados,BRB,2020-02-29,13.89
Barbados,BRB,2020-03-01,13.89
Barbados,BRB,2020-03-02,13.89
Barbados,BRB,2020-03-03,13.89
Barbados,BRB,2020-03-04,16.67
Barbados,BRB,2020-03-05,16.67
Barbados,BRB,2020-03-06,16.67
Barbados,BRB,2020-03-07,16.67
Barbados,BRB,2020-03-08,16.67
Barbados,BRB,2020-03-09,16.67
Barbados,BRB,2020-03-10,16.67
Barbados,BRB,2020-03-11,16.67
Barbados,BRB,2020-03-12,16.67
Barbados,BRB,2020-03-13,16.67
Barbados,BRB,2020-03-14,16.67
Barbados,BRB,2020-03-15,16.67
Barbados,BRB,2020-03-16,16.67
Barbados,BRB,2020-03-17,38.89
Barbados,BRB,2020-03-18,38.89
Barbados,BRB,2020-03-19,50
Barbados,BRB,2020-03-20,50
Barbados,BRB,2020-03-21,50
Barbados,BRB,2020-03-22,50
Barbados,BRB,2020-03-23,50
Barbados,BRB,2020-03-24,50
Barbados,BRB,2020-03-25,50
Barbados,BRB,2020-03-26,50
Barbados,BRB,2020-03-27,50
Barbados,BRB,2020-03-28,73.15
Barbados,BRB,2020-03-29,73.15
Barbados,BRB,2020-03-30,73.15
Barbados,BRB,2020-03-31,73.15
Barbados,BRB,2020-04-01,73.15
Barbados,BRB,2020-04-02,73.15
Barbados,BRB,2020-04-03,83.33
Barbados,BRB,2020-04-04,83.33
Barbados,BRB,2020-04-05,83.33
Barbados,BRB,2020-04-06,83.33
Barbados,BRB,2020-04-07,83.33
Barbados,BRB,2020-04-08,88.89
Barbados,BRB,2020-04-09,88.89
Barbados,BRB,2020-04-10,88.89
Barbados,BRB,2020-04-11,88.89
Barbados,BRB,2020-04-12,88.89
Barbados,BRB,2020-04-13,88.89
Barbados,BRB,2020-04-14,88.89
Barbados,BRB,2020-04-15,88.89
Barbados,BRB,2020-04-16,88.89
Barbados,BRB,2020-04-17,88.89
Barbados,BRB,2020-04-18,88.89
Barbados,BRB,2020-04-19,88.89
Barbados,BRB,2020-04-20,88.89
Barbados,BRB,2020-04-21,88.89
Barbados,BRB,2020-04-22,88.89
Barbados,BRB,2020-04-23,88.89
Barbados,BRB,2020-04-24,88.89
Barbados,BRB,2020-04-25,88.89
Barbados,BRB,2020-04-26,88.89
Barbados,BRB,2020-04-27,88.89
Barbados,BRB,2020-04-28,88.89
Barbados,BRB,2020-04-29,88.89
Barbados,BRB,2020-04-30,88.89
Barbados,BRB,2020-05-01,88.89
Barbados,BRB,2020-05-02,88.89
Barbados,BRB,2020-05-03,88.89
Barbados,BRB,2020-05-04,81.48
Barbados,BRB,2020-05-05,81.48
Barbados,BRB,2020-05-06,81.48
Barbados,BRB,2020-05-07,81.48
Barbados,BRB,2020-05-08,81.48
Barbados,BRB,2020-05-09,81.48
Barbados,BRB,2020-05-10,81.48
Barbados,BRB,2020-05-11,81.48
Barbados,BRB,2020-05-12,81.48
Barbados,BRB,2020-05-13,81.48
Barbados,BRB,2020-05-14,81.48
Barbados,BRB,2020-05-15,81.48
Barbados,BRB,2020-05-16,81.48
Barbados,BRB,2020-05-17,81.48
Barbados,BRB,2020-05-18,81.48
Barbados,BRB,2020-05-19,81.48
Barbados,BRB,2020-05-20,81.48
Barbados,BRB,2020-05-21,81.48
Barbados,BRB,2020-05-22,81.48
Barbados,BRB,2020-05-23,81.48
Barbados,BRB,2020-05-24,81.48
Barbados,BRB,2020-05-25,81.48
Barbados,BRB,2020-05-26,81.48
Barbados,BRB,2020-05-27,81.48
Barbados,BRB,2020-05-28,81.48
Barbados,BRB,2020-05-29,81.48
Barbados,BRB,2020-05-30,81.48
Barbados,BRB,2020-05-31,81.48
Barbados,BRB,2020-06-01,78.7
Barbados,BRB,2020-06-02,78.7
Barbados,BRB,2020-06-03,78.7
Barbados,BRB,2020-06-04,78.7
Barbados,BRB,2020-06-05,78.7
Barbados,BRB,2020-06-06,78.7
Barbados,BRB,2020-06-07,78.7
Barbados,BRB,2020-06-08,75
Barbados,BRB,2020-06-09,75
Barbados,BRB,2020-06-10,75
Barbados,BRB,2020-06-11,75
Barbados,BRB,2020-06-12,75
Barbados,BRB,2020-06-13,75
Barbados,BRB,2020-06-14,75
Barbados,BRB,2020-06-15,66.67
Barbados,BRB,2020-06-16,66.67
Barbados,BRB,2020-06-17,66.67
Barbados,BRB,2020-06-18,66.67
Barbados,BRB,2020-06-19,66.67
Barbados,BRB,2020-06-20,66.67
Barbados,BRB,2020-06-21,66.67
Barbados,BRB,2020-06-22,66.67
Barbados,BRB,2020-06-23,66.67
Barbados,BRB,2020-06-24,66.67
Barbados,BRB,2020-06-25,66.67
Barbados,BRB,2020-06-26,66.67
Barbados,BRB,2020-06-27,66.67
Barbados,BRB,2020-06-28,66.67
Barbados,BRB,2020-06-29,66.67
Barbados,BRB,2020-06-30,66.67
Barbados,BRB,2020-07-01,57.41
Barbados,BRB,2020-07-02,57.41
Barbados,BRB,2020-07-03,57.41
Barbados,BRB,2020-07-04,57.41
Barbados,BRB,2020-07-05,57.41
Barbados,BRB,2020-07-06,57.41
Barbados,BRB,2020-07-07,57.41
Barbados,BRB,2020-07-08,57.41
Barbados,BRB,2020-07-09,57.41
Barbados,BRB,2020-07-10,57.41
Barbados,BRB,2020-07-11,57.41
Barbados,BRB,2020-07-12,54.63
Barbados,BRB,2020-07-13,54.63
Barbados,BRB,2020-07-14,54.63
Barbados,BRB,2020-07-15,54.63
Barbados,BRB,2020-07-16,54.63
Barbados,BRB,2020-07-17,54.63
Barbados,BRB,2020-07-18,54.63
Barbados,BRB,2020-07-19,54.63
Barbados,BRB,2020-07-20,54.63
Barbados,BRB,2020-07-21,54.63
Barbados,BRB,2020-07-22,54.63
Barbados,BRB,2020-07-23,50.93
Barbados,BRB,2020-07-24,50.93
Barbados,BRB,2020-07-25,45.37
Barbados,BRB,2020-07-26,45.37
Barbados,BRB,2020-07-27,45.37
Barbados,BRB,2020-07-28,45.37
Barbados,BRB,2020-07-29,45.37
Barbados,BRB,2020-07-30,45.37
Barbados,BRB,2020-07-31,45.37
Barbados,BRB,2020-08-01,45.37
Barbados,BRB,2020-08-02,45.37
Barbados,BRB,2020-08-03,48.15
Barbados,BRB,2020-08-04,48.15
Barbados,BRB,2020-08-05,48.15
Barbados,BRB,2020-08-06,48.15
Barbados,BRB,2020-08-07,48.15
Barbados,BRB,2020-08-08,48.15
Barbados,BRB,2020-08-09,48.15
Barbados,BRB,2020-08-10,48.15
Barbados,BRB,2020-08-11,48.15
Barbados,BRB,2020-08-12,48.15
Barbados,BRB,2020-08-13,48.15
Barbados,BRB,2020-08-14,48.15
Barbados,BRB,2020-08-15,48.15
Barbados,BRB,2020-08-16,48.15
Barbados,BRB,2020-08-17,48.15
Barbados,BRB,2020-08-18,48.15
Barbados,BRB,2020-08-19,48.15
Barbados,BRB,2020-08-20,48.15
Barbados,BRB,2020-08-21,38.89
Barbados,BRB,2020-08-22,38.89
Barbados,BRB,2020-08-23,38.89
Barbados,BRB,2020-08-24,38.89
Barbados,BRB,2020-08-25,38.89
Barbados,BRB,2020-08-26,38.89
Barbados,BRB,2020-08-27,38.89
Barbados,BRB,2020-08-28,38.89
Barbados,BRB,2020-08-29,38.89
Barbados,BRB,2020-08-30,38.89
Barbados,BRB,2020-08-31,38.89
Barbados,BRB,2020-09-01,38.89
Barbados,BRB,2020-09-02,38.89
Barbados,BRB,2020-09-03,38.89
Barbados,BRB,2020-09-04,38.89
Barbados,BRB,2020-09-05,38.89
Barbados,BRB,2020-09-06,38.89
Barbados,BRB,2020-09-07,38.89
Barbados,BRB,2020-09-08,38.89
Barbados,BRB,2020-09-09,38.89
Barbados,BRB,2020-09-10,38.89
Barbados,BRB,2020-09-11,38.89
Barbados,BRB,2020-09-12,38.89
Barbados,BRB,2020-09-13,38.89
Barbados,BRB,2020-09-14,38.89
Barbados,BRB,2020-09-15,38.89
Barbados,BRB,2020-09-16,38.89
Barbados,BRB,2020-09-17,38.89
Barbados,BRB,2020-09-18,38.89
Barbados,BRB,2020-09-19,38.89
Barbados,BRB,2020-09-20,38.89
Barbados,BRB,2020-09-21,35.19
Barbados,BRB,2020-09-22,35.19
Barbados,BRB,2020-09-23,35.19
Barbados,BRB,2020-09-24,35.19
Barbados,BRB,2020-09-25,35.19
Barbados,BRB,2020-09-26,35.19
Barbados,BRB,2020-09-27,35.19
Barbados,BRB,2020-09-28,35.19
Barbados,BRB,2020-09-29,35.19
Barbados,BRB,2020-09-30,35.19
Barbados,BRB,2020-10-01,35.19
Barbados,BRB,2020-10-02,35.19
Barbados,BRB,2020-10-03,35.19
Barbados,BRB,2020-10-04,35.19
Barbados,BRB,2020-10-05,35.19
Barbados,BRB,2020-10-06,35.19
Barbados,BRB,2020-10-07,35.19
Barbados,BRB,2020-10-08,35.19
Barbados,BRB,2020-10-09,29.63
Barbados,BRB,2020-10-10,29.63
Barbados,BRB,2020-10-11,29.63
Barbados,BRB,2020-10-12,29.63
Barbados,BRB,2020-10-13,29.63
Barbados,BRB,2020-10-14,29.63
Barbados,BRB,2020-10-15,29.63
Barbados,BRB,2020-10-16,29.63
Barbados,BRB,2020-10-17,29.63
Barbados,BRB,2020-10-18,29.63
Barbados,BRB,2020-10-19,29.63
Barbados,BRB,2020-10-20,29.63
Barbados,BRB,2020-10-21,29.63
Barbados,BRB,2020-10-22,29.63
Barbados,BRB,2020-10-23,29.63
Barbados,BRB,2020-10-24,29.63
Barbados,BRB,2020-10-25,29.63
Barbados,BRB,2020-10-26,29.63
Barbados,BRB,2020-10-27,29.63
Barbados,BRB,2020-10-28,29.63
Barbados,BRB,2020-10-29,40.74
Barbados,BRB,2020-10-30,40.74
Barbados,BRB,2020-10-31,40.74
Barbados,BRB,2020-11-01,40.74
Barbados,BRB,2020-11-02,40.74
Barbados,BRB,2020-11-03,40.74
Barbados,BRB,2020-11-04,40.74
Barbados,BRB,2020-11-05,40.74
Barbados,BRB,2020-11-06,40.74
Barbados,BRB,2020-11-07,40.74
Barbados,BRB,2020-11-08,40.74
Barbados,BRB,2020-11-09,40.74
Barbados,BRB,2020-11-10,40.74
Barbados,BRB,2020-11-11,40.74
Barbados,BRB,2020-11-12,40.74
Barbados,BRB,2020-11-13,40.74
Barbados,BRB,2020-11-14,40.74
Barbados,BRB,2020-11-15,40.74
Barbados,BRB,2020-11-16,40.74
Barbados,BRB,2020-11-17,40.74
Barbados,BRB,2020-11-18,40.74
Barbados,BRB,2020-11-19,40.74
Barbados,BRB,2020-11-20,40.74
Barbados,BRB,2020-11-21,40.74
Barbados,BRB,2020-11-22,40.74
Barbados,BRB,2020-11-23,40.74
Barbados,BRB,2020-11-24,40.74
Barbados,BRB,2020-11-25,40.74
Barbados,BRB,2020-11-26,40.74
Barbados,BRB,2020-11-27,40.74
Barbados,BRB,2020-11-28,40.74
Barbados,BRB,2020-11-29,40.74
Barbados,BRB,2020-11-30,40.74
Barbados,BRB,2020-12-01,40.74
Barbados,BRB,2020-12-02,40.74
Barbados,BRB,2020-12-03,40.74
Barbados,BRB,2020-12-04,40.74
Barbados,BRB,2020-12-05,40.74
Barbados,BRB,2020-12-06,40.74
Barbados,BRB,2020-12-07,40.74
Barbados,BRB,2020-12-08,40.74
Barbados,BRB,2020-12-09,40.74
Barbados,BRB,2020-12-10,40.74
Barbados,BRB,2020-12-11,40.74
Barbados,BRB,2020-12-12,40.74
Barbados,BRB,2020-12-13,40.74
Barbados,BRB,2020-12-14,40.74
Barbados,BRB,2020-12-15,40.74
Barbados,BRB,2020-12-16,40.74
Barbados,BRB,2020-12-17,40.74
Barbados,BRB,2020-12-18,40.74
Barbados,BRB,2020-12-19,40.74
Barbados,BRB,2020-12-20,40.74
Barbados,BRB,2020-12-21,40.74
Barbados,BRB,2020-12-22,40.74
Barbados,BRB,2020-12-23,40.74
Barbados,BRB,2020-12-24,40.74
Barbados,BRB,2020-12-25,40.74
Barbados,BRB,2020-12-26,40.74
Barbados,BRB,2020-12-27,40.74
Barbados,BRB,2020-12-28,40.74
Barbados,BRB,2020-12-29,40.74
Barbados,BRB,2020-12-30,40.74
Barbados,BRB,2020-12-31,48.15
Barbados,BRB,2021-01-01,50.93
Barbados,BRB,2021-01-02,59.26
Barbados,BRB,2021-01-03,59.26
Barbados,BRB,2021-01-04,59.26
Barbados,BRB,2021-01-05,59.26
Barbados,BRB,2021-01-06,59.26
Barbados,BRB,2021-01-07,59.26
Barbados,BRB,2021-01-08,59.26
Barbados,BRB,2021-01-09,59.26
Barbados,BRB,2021-01-10,59.26
Barbados,BRB,2021-01-11,59.26
Barbados,BRB,2021-01-12,59.26
Barbados,BRB,2021-01-13,59.26
Barbados,BRB,2021-01-14,59.26
Barbados,BRB,2021-01-15,59.26
Barbados,BRB,2021-01-16,59.26
Barbados,BRB,2021-01-17,59.26
Barbados,BRB,2021-01-18,66.67
Barbados,BRB,2021-01-19,66.67
Barbados,BRB,2021-01-20,66.67
Barbados,BRB,2021-01-21,66.67
Barbados,BRB,2021-01-22,66.67
Barbados,BRB,2021-01-23,66.67
Barbados,BRB,2021-01-24,66.67
Barbados,BRB,2021-01-25,66.67
Barbados,BRB,2021-01-26,66.67
Barbados,BRB,2021-01-27,66.67
Barbados,BRB,2021-01-28,66.67
Barbados,BRB,2021-01-29,66.67
Barbados,BRB,2021-01-30,66.67
Barbados,BRB,2021-01-31,66.67
Barbados,BRB,2021-02-01,66.67
Barbados,BRB,2021-02-02,66.67
Barbados,BRB,2021-02-03,74.07
Barbados,BRB,2021-02-04,74.07
Barbados,BRB,2021-02-05,74.07
Barbados,BRB,2021-02-06,74.07
Barbados,BRB,2021-02-07,74.07
Barbados,BRB,2021-02-08,74.07
Barbados,BRB,2021-02-09,74.07
Barbados,BRB,2021-02-10,74.07
Barbados,BRB,2021-02-11,74.07
Barbados,BRB,2021-02-12,74.07
Barbados,BRB,2021-02-13,74.07
Barbados,BRB,2021-02-14,74.07
Barbados,BRB,2021-02-15,74.07
Barbados,BRB,2021-02-16,74.07
Barbados,BRB,2021-02-17,74.07
Barbados,BRB,2021-02-18,74.07
Barbados,BRB,2021-02-19,74.07
Barbados,BRB,2021-02-20,74.07
Barbados,BRB,2021-02-21,74.07
Barbados,BRB,2021-02-22,74.07
Barbados,BRB,2021-02-23,74.07
Barbados,BRB,2021-02-24,74.07
Barbados,BRB,2021-02-25,74.07
Barbados,BRB,2021-02-26,74.07
Barbados,BRB,2021-02-27,74.07
Barbados,BRB,2021-02-28,74.07
Barbados,BRB,2021-03-01,66.67
Barbados,BRB,2021-03-02,66.67
Barbados,BRB,2021-03-03,66.67
Barbados,BRB,2021-03-04,66.67
Barbados,BRB,2021-03-05,66.67
Belarus,BLR,2020-01-01,0
Belarus,BLR,2020-01-02,0
Belarus,BLR,2020-01-03,0
Belarus,BLR,2020-01-04,0
Belarus,BLR,2020-01-05,0
Belarus,BLR,2020-01-06,0
Belarus,BLR,2020-01-07,0
Belarus,BLR,2020-01-08,0
Belarus,BLR,2020-01-09,0
Belarus,BLR,2020-01-10,0
Belarus,BLR,2020-01-11,0
Belarus,BLR,2020-01-12,0
Belarus,BLR,2020-01-13,0
Belarus,BLR,2020-01-14,0
Belarus,BLR,2020-01-15,0
Belarus,BLR,2020-01-16,0
Belarus,BLR,2020-01-17,0
Belarus,BLR,2020-01-18,0
Belarus,BLR,2020-01-19,0
Belarus,BLR,2020-01-20,0
Belarus,BLR,2020-01-21,0
Belarus,BLR,2020-01-22,0
Belarus,BLR,2020-01-23,0
Belarus,BLR,2020-01-24,0
Belarus,BLR,2020-01-25,0
Belarus,BLR,2020-01-26,0
Belarus,BLR,2020-01-27,0
Belarus,BLR,2020-01-28,0
Belarus,BLR,2020-01-29,0
Belarus,BLR,2020-01-30,0
Belarus,BLR,2020-01-31,0
Belarus,BLR,2020-02-01,0
Belarus,BLR,2020-02-02,0
Belarus,BLR,2020-02-03,0
Belarus,BLR,2020-02-04,0
Belarus,BLR,2020-02-05,0
Belarus,BLR,2020-02-06,0
Belarus,BLR,2020-02-07,0
Belarus,BLR,2020-02-08,0
Belarus,BLR,2020-02-09,0
Belarus,BLR,2020-02-10,0
Belarus,BLR,2020-02-11,0
Belarus,BLR,2020-02-12,0
Belarus,BLR,2020-02-13,0
Belarus,BLR,2020-02-14,0
Belarus,BLR,2020-02-15,0
Belarus,BLR,2020-02-16,0
Belarus,BLR,2020-02-17,0
Belarus,BLR,2020-02-18,0
Belarus,BLR,2020-02-19,0
Belarus,BLR,2020-02-20,0
Belarus,BLR,2020-02-21,0
Belarus,BLR,2020-02-22,0
Belarus,BLR,2020-02-23,0
Belarus,BLR,2020-02-24,0
Belarus,BLR,2020-02-25,0
Belarus,BLR,2020-02-26,0
Belarus,BLR,2020-02-27,0
Belarus,BLR,2020-02-28,0
Belarus,BLR,2020-02-29,0
Belarus,BLR,2020-03-01,0
Belarus,BLR,2020-03-02,0
Belarus,BLR,2020-03-03,0
Belarus,BLR,2020-03-04,0
Belarus,BLR,2020-03-05,0
Belarus,BLR,2020-03-06,0
Belarus,BLR,2020-03-07,0
Belarus,BLR,2020-03-08,0
Belarus,BLR,2020-03-09,0
Belarus,BLR,2020-03-10,0
Belarus,BLR,2020-03-11,0
Belarus,BLR,2020-03-12,0
Belarus,BLR,2020-03-13,0
Belarus,BLR,2020-03-14,8.33
Belarus,BLR,2020-03-15,8.33
Belarus,BLR,2020-03-16,8.33
Belarus,BLR,2020-03-17,8.33
Belarus,BLR,2020-03-18,8.33
Belarus,BLR,2020-03-19,8.33
Belarus,BLR,2020-03-20,8.33
Belarus,BLR,2020-03-21,8.33
Belarus,BLR,2020-03-22,8.33
Belarus,BLR,2020-03-23,8.33
Belarus,BLR,2020-03-24,8.33
Belarus,BLR,2020-03-25,8.33
Belarus,BLR,2020-03-26,8.33
Belarus,BLR,2020-03-27,8.33
Belarus,BLR,2020-03-28,8.33
Belarus,BLR,2020-03-29,8.33
Belarus,BLR,2020-03-30,8.33
Belarus,BLR,2020-03-31,8.33
Belarus,BLR,2020-04-01,8.33
Belarus,BLR,2020-04-02,8.33
Belarus,BLR,2020-04-03,5.56
Belarus,BLR,2020-04-04,12.96
Belarus,BLR,2020-04-05,12.96
Belarus,BLR,2020-04-06,18.52
Belarus,BLR,2020-04-07,18.52
Belarus,BLR,2020-04-08,18.52
Belarus,BLR,2020-04-09,18.52
Belarus,BLR,2020-04-10,18.52
Belarus,BLR,2020-04-11,18.52
Belarus,BLR,2020-04-12,18.52
Belarus,BLR,2020-04-13,18.52
Belarus,BLR,2020-04-14,18.52
Belarus,BLR,2020-04-15,18.52
Belarus,BLR,2020-04-16,18.52
Belarus,BLR,2020-04-17,18.52
Belarus,BLR,2020-04-18,18.52
Belarus,BLR,2020-04-19,18.52
Belarus,BLR,2020-04-20,16.67
Belarus,BLR,2020-04-21,16.67
Belarus,BLR,2020-04-22,16.67
Belarus,BLR,2020-04-23,16.67
Belarus,BLR,2020-04-24,16.67
Belarus,BLR,2020-04-25,16.67
Belarus,BLR,2020-04-26,16.67
Belarus,BLR,2020-04-27,16.67
Belarus,BLR,2020-04-28,16.67
Belarus,BLR,2020-04-29,16.67
Belarus,BLR,2020-04-30,16.67
Belarus,BLR,2020-05-01,16.67
Belarus,BLR,2020-05-02,16.67
Belarus,BLR,2020-05-03,16.67
Belarus,BLR,2020-05-04,16.67
Belarus,BLR,2020-05-05,16.67
Belarus,BLR,2020-05-06,16.67
Belarus,BLR,2020-05-07,16.67
Belarus,BLR,2020-05-08,16.67
Belarus,BLR,2020-05-09,16.67
Belarus,BLR,2020-05-10,16.67
Belarus,BLR,2020-05-11,16.67
Belarus,BLR,2020-05-12,16.67
Belarus,BLR,2020-05-13,16.67
Belarus,BLR,2020-05-14,16.67
Belarus,BLR,2020-05-15,16.67
Belarus,BLR,2020-05-16,16.67
Belarus,BLR,2020-05-17,16.67
Belarus,BLR,2020-05-18,16.67
Belarus,BLR,2020-05-19,16.67
Belarus,BLR,2020-05-20,16.67
Belarus,BLR,2020-05-21,16.67
Belarus,BLR,2020-05-22,16.67
Belarus,BLR,2020-05-23,16.67
Belarus,BLR,2020-05-24,16.67
Belarus,BLR,2020-05-25,16.67
Belarus,BLR,2020-05-26,16.67
Belarus,BLR,2020-05-27,16.67
Belarus,BLR,2020-05-28,16.67
Belarus,BLR,2020-05-29,16.67
Belarus,BLR,2020-05-30,16.67
Belarus,BLR,2020-05-31,16.67
Belarus,BLR,2020-06-01,16.67
Belarus,BLR,2020-06-02,16.67
Belarus,BLR,2020-06-03,16.67
Belarus,BLR,2020-06-04,16.67
Belarus,BLR,2020-06-05,16.67
Belarus,BLR,2020-06-06,16.67
Belarus,BLR,2020-06-07,16.67
Belarus,BLR,2020-06-08,16.67
Belarus,BLR,2020-06-09,16.67
Belarus,BLR,2020-06-10,16.67
Belarus,BLR,2020-06-11,16.67
Belarus,BLR,2020-06-12,16.67
Belarus,BLR,2020-06-13,16.67
Belarus,BLR,2020-06-14,16.67
Belarus,BLR,2020-06-15,16.67
Belarus,BLR,2020-06-16,16.67
Belarus,BLR,2020-06-17,16.67
Belarus,BLR,2020-06-18,16.67
Belarus,BLR,2020-06-19,16.67
Belarus,BLR,2020-06-20,16.67
Belarus,BLR,2020-06-21,16.67
Belarus,BLR,2020-06-22,16.67
Belarus,BLR,2020-06-23,16.67
Belarus,BLR,2020-06-24,16.67
Belarus,BLR,2020-06-25,16.67
Belarus,BLR,2020-06-26,16.67
Belarus,BLR,2020-06-27,16.67
Belarus,BLR,2020-06-28,16.67
Belarus,BLR,2020-06-29,16.67
Belarus,BLR,2020-06-30,16.67
Belarus,BLR,2020-07-01,16.67
Belarus,BLR,2020-07-02,16.67
Belarus,BLR,2020-07-03,16.67
Belarus,BLR,2020-07-04,16.67
Belarus,BLR,2020-07-05,16.67
Belarus,BLR,2020-07-06,16.67
Belarus,BLR,2020-07-07,16.67
Belarus,BLR,2020-07-08,16.67
Belarus,BLR,2020-07-09,16.67
Belarus,BLR,2020-07-10,16.67
Belarus,BLR,2020-07-11,16.67
Belarus,BLR,2020-07-12,16.67
Belarus,BLR,2020-07-13,16.67
Belarus,BLR,2020-07-14,16.67
Belarus,BLR,2020-07-15,16.67
Belarus,BLR,2020-07-16,16.67
Belarus,BLR,2020-07-17,16.67
Belarus,BLR,2020-07-18,16.67
Belarus,BLR,2020-07-19,16.67
Belarus,BLR,2020-07-20,16.67
Belarus,BLR,2020-07-21,16.67
Belarus,BLR,2020-07-22,16.67
Belarus,BLR,2020-07-23,16.67
Belarus,BLR,2020-07-24,16.67
Belarus,BLR,2020-07-25,16.67
Belarus,BLR,2020-07-26,16.67
Belarus,BLR,2020-07-27,16.67
Belarus,BLR,2020-07-28,16.67
Belarus,BLR,2020-07-29,16.67
Belarus,BLR,2020-07-30,16.67
Belarus,BLR,2020-07-31,16.67
Belarus,BLR,2020-08-01,16.67
Belarus,BLR,2020-08-02,16.67
Belarus,BLR,2020-08-03,16.67
Belarus,BLR,2020-08-04,16.67
Belarus,BLR,2020-08-05,16.67
Belarus,BLR,2020-08-06,16.67
Belarus,BLR,2020-08-07,16.67
Belarus,BLR,2020-08-08,16.67
Belarus,BLR,2020-08-09,16.67
Belarus,BLR,2020-08-10,16.67
Belarus,BLR,2020-08-11,16.67
Belarus,BLR,2020-08-12,16.67
Belarus,BLR,2020-08-13,16.67
Belarus,BLR,2020-08-14,16.67
Belarus,BLR,2020-08-15,16.67
Belarus,BLR,2020-08-16,16.67
Belarus,BLR,2020-08-17,16.67
Belarus,BLR,2020-08-18,16.67
Belarus,BLR,2020-08-19,16.67
Belarus,BLR,2020-08-20,16.67
Belarus,BLR,2020-08-21,16.67
Belarus,BLR,2020-08-22,16.67
Belarus,BLR,2020-08-23,16.67
Belarus,BLR,2020-08-24,16.67
Belarus,BLR,2020-08-25,16.67
Belarus,BLR,2020-08-26,16.67
Belarus,BLR,2020-08-27,16.67
Belarus,BLR,2020-08-28,16.67
Belarus,BLR,2020-08-29,16.67
Belarus,BLR,2020-08-30,16.67
Belarus,BLR,2020-08-31,16.67
Belarus,BLR,2020-09-01,16.67
Belarus,BLR,2020-09-02,16.67
Belarus,BLR,2020-09-03,16.67
Belarus,BLR,2020-09-04,16.67
Belarus,BLR,2020-09-05,16.67
Belarus,BLR,2020-09-06,16.67
Belarus,BLR,2020-09-07,16.67
Belarus,BLR,2020-09-08,16.67
Belarus,BLR,2020-09-09,16.67
Belarus,BLR,2020-09-10,16.67
Belarus,BLR,2020-09-11,16.67
Belarus,BLR,2020-09-12,16.67
Belarus,BLR,2020-09-13,16.67
Belarus,BLR,2020-09-14,16.67
Belarus,BLR,2020-09-15,16.67
Belarus,BLR,2020-09-16,16.67
Belarus,BLR,2020-09-17,16.67
Belarus,BLR,2020-09-18,16.67
Belarus,BLR,2020-09-19,16.67
Belarus,BLR,2020-09-20,16.67
Belarus,BLR,2020-09-21,16.67
Belarus,BLR,2020-09-22,16.67
Belarus,BLR,2020-09-23,16.67
Belarus,BLR,2020-09-24,16.67
Belarus,BLR,2020-09-25,16.67
Belarus,BLR,2020-09-26,16.67
Belarus,BLR,2020-09-27,16.67
Belarus,BLR,2020-09-28,16.67
Belarus,BLR,2020-09-29,16.67
Belarus,BLR,2020-09-30,16.67
Belarus,BLR,2020-10-01,16.67
Belarus,BLR,2020-10-02,16.67
Belarus,BLR,2020-10-03,16.67
Belarus,BLR,2020-10-04,16.67
Belarus,BLR,2020-10-05,16.67
Belarus,BLR,2020-10-06,16.67
Belarus,BLR,2020-10-07,16.67
Belarus,BLR,2020-10-08,16.67
Belarus,BLR,2020-10-09,16.67
Belarus,BLR,2020-10-10,16.67
Belarus,BLR,2020-10-11,16.67
Belarus,BLR,2020-10-12,16.67
Belarus,BLR,2020-10-13,16.67
Belarus,BLR,2020-10-14,16.67
Belarus,BLR,2020-10-15,16.67
Belarus,BLR,2020-10-16,16.67
Belarus,BLR,2020-10-17,16.67
Belarus,BLR,2020-10-18,16.67
Belarus,BLR,2020-10-19,16.67
Belarus,BLR,2020-10-20,16.67
Belarus,BLR,2020-10-21,16.67
Belarus,BLR,2020-10-22,16.67
Belarus,BLR,2020-10-23,16.67
Belarus,BLR,2020-10-24,16.67
Belarus,BLR,2020-10-25,16.67
Belarus,BLR,2020-10-26,16.67
Belarus,BLR,2020-10-27,16.67
Belarus,BLR,2020-10-28,16.67
Belarus,BLR,2020-10-29,22.22
Belarus,BLR,2020-10-30,22.22
Belarus,BLR,2020-10-31,22.22
Belarus,BLR,2020-11-01,22.22
Belarus,BLR,2020-11-02,22.22
Belarus,BLR,2020-11-03,22.22
Belarus,BLR,2020-11-04,22.22
Belarus,BLR,2020-11-05,22.22
Belarus,BLR,2020-11-06,22.22
Belarus,BLR,2020-11-07,22.22
Belarus,BLR,2020-11-08,22.22
Belarus,BLR,2020-11-09,22.22
Belarus,BLR,2020-11-10,22.22
Belarus,BLR,2020-11-11,22.22
Belarus,BLR,2020-11-12,22.22
Belarus,BLR,2020-11-13,22.22
Belarus,BLR,2020-11-14,22.22
Belarus,BLR,2020-11-15,22.22
Belarus,BLR,2020-11-16,22.22
Belarus,BLR,2020-11-17,22.22
Belarus,BLR,2020-11-18,22.22
Belarus,BLR,2020-11-19,22.22
Belarus,BLR,2020-11-20,22.22
Belarus,BLR,2020-11-21,22.22
Belarus,BLR,2020-11-22,22.22
Belarus,BLR,2020-11-23,22.22
Belarus,BLR,2020-11-24,22.22
Belarus,BLR,2020-11-25,22.22
Belarus,BLR,2020-11-26,22.22
Belarus,BLR,2020-11-27,22.22
Belarus,BLR,2020-11-28,22.22
Belarus,BLR,2020-11-29,22.22
Belarus,BLR,2020-11-30,22.22
Belarus,BLR,2020-12-01,22.22
Belarus,BLR,2020-12-02,22.22
Belarus,BLR,2020-12-03,22.22
Belarus,BLR,2020-12-04,22.22
Belarus,BLR,2020-12-05,22.22
Belarus,BLR,2020-12-06,22.22
Belarus,BLR,2020-12-07,22.22
Belarus,BLR,2020-12-08,22.22
Belarus,BLR,2020-12-09,22.22
Belarus,BLR,2020-12-10,22.22
Belarus,BLR,2020-12-11,22.22
Belarus,BLR,2020-12-12,22.22
Belarus,BLR,2020-12-13,22.22
Belarus,BLR,2020-12-14,22.22
Belarus,BLR,2020-12-15,22.22
Belarus,BLR,2020-12-16,22.22
Belarus,BLR,2020-12-17,22.22
Belarus,BLR,2020-12-18,22.22
Belarus,BLR,2020-12-19,22.22
Belarus,BLR,2020-12-20,22.22
Belarus,BLR,2020-12-21,22.22
Belarus,BLR,2020-12-22,22.22
Belarus,BLR,2020-12-23,22.22
Belarus,BLR,2020-12-24,27.78
Belarus,BLR,2020-12-25,27.78
Belarus,BLR,2020-12-26,27.78
Belarus,BLR,2020-12-27,27.78
Belarus,BLR,2020-12-28,27.78
Belarus,BLR,2020-12-29,27.78
Belarus,BLR,2020-12-30,27.78
Belarus,BLR,2020-12-31,27.78
Belarus,BLR,2021-01-01,27.78
Belarus,BLR,2021-01-02,27.78
Belarus,BLR,2021-01-03,27.78
Belarus,BLR,2021-01-04,27.78
Belarus,BLR,2021-01-05,27.78
Belarus,BLR,2021-01-06,27.78
Belarus,BLR,2021-01-07,27.78
Belarus,BLR,2021-01-08,27.78
Belarus,BLR,2021-01-09,27.78
Belarus,BLR,2021-01-10,27.78
Belarus,BLR,2021-01-11,27.78
Belarus,BLR,2021-01-12,27.78
Belarus,BLR,2021-01-13,27.78
Belarus,BLR,2021-01-14,27.78
Belarus,BLR,2021-01-15,27.78
Belarus,BLR,2021-01-16,27.78
Belarus,BLR,2021-01-17,27.78
Belarus,BLR,2021-01-18,27.78
Belarus,BLR,2021-01-19,27.78
Belarus,BLR,2021-01-20,27.78
Belarus,BLR,2021-01-21,27.78
Belarus,BLR,2021-01-22,27.78
Belarus,BLR,2021-01-23,27.78
Belarus,BLR,2021-01-24,27.78
Belarus,BLR,2021-01-25,27.78
Belarus,BLR,2021-01-26,27.78
Belarus,BLR,2021-01-27,27.78
Belarus,BLR,2021-01-28,27.78
Belarus,BLR,2021-01-29,27.78
Belarus,BLR,2021-01-30,27.78
Belarus,BLR,2021-01-31,27.78
Belarus,BLR,2021-02-01,27.78
Belarus,BLR,2021-02-02,27.78
Belarus,BLR,2021-02-03,27.78
Belarus,BLR,2021-02-04,27.78
Belarus,BLR,2021-02-05,27.78
Belarus,BLR,2021-02-06,27.78
Belarus,BLR,2021-02-07,27.78
Belarus,BLR,2021-02-08,27.78
Belarus,BLR,2021-02-09,27.78
Belarus,BLR,2021-02-10,27.78
Belarus,BLR,2021-02-11,27.78
Belarus,BLR,2021-02-12,27.78
Belarus,BLR,2021-02-13,27.78
Belarus,BLR,2021-02-14,27.78
Belarus,BLR,2021-02-15,27.78
Belarus,BLR,2021-02-16,27.78
Belarus,BLR,2021-02-17,27.78
Belarus,BLR,2021-02-18,27.78
Belarus,BLR,2021-02-19,27.78
Belarus,BLR,2021-02-20,27.78
Belarus,BLR,2021-02-21,27.78
Belarus,BLR,2021-02-22,27.78
Belarus,BLR,2021-02-23,27.78
Belarus,BLR,2021-02-24,27.78
Belarus,BLR,2021-02-25,27.78
Belarus,BLR,2021-02-26,27.78
Belarus,BLR,2021-02-27,27.78
Belarus,BLR,2021-02-28,27.78
Belarus,BLR,2021-03-01,27.78
Belarus,BLR,2021-03-02,27.78
Belarus,BLR,2021-03-03,27.78
Belarus,BLR,2021-03-04,27.78
Belarus,BLR,2021-03-05,27.78
Belarus,BLR,2021-03-06,27.78
Belarus,BLR,2021-03-07,27.78
Belgium,BEL,2020-01-01,0
Belgium,BEL,2020-01-02,0
Belgium,BEL,2020-01-03,0
Belgium,BEL,2020-01-04,0
Belgium,BEL,2020-01-05,0
Belgium,BEL,2020-01-06,0
Belgium,BEL,2020-01-07,0
Belgium,BEL,2020-01-08,0
Belgium,BEL,2020-01-09,0
Belgium,BEL,2020-01-10,0
Belgium,BEL,2020-01-11,0
Belgium,BEL,2020-01-12,0
Belgium,BEL,2020-01-13,0
Belgium,BEL,2020-01-14,0
Belgium,BEL,2020-01-15,0
Belgium,BEL,2020-01-16,0
Belgium,BEL,2020-01-17,0
Belgium,BEL,2020-01-18,0
Belgium,BEL,2020-01-19,0
Belgium,BEL,2020-01-20,0
Belgium,BEL,2020-01-21,0
Belgium,BEL,2020-01-22,0
Belgium,BEL,2020-01-23,0
Belgium,BEL,2020-01-24,0
Belgium,BEL,2020-01-25,0
Belgium,BEL,2020-01-26,0
Belgium,BEL,2020-01-27,0
Belgium,BEL,2020-01-28,5.56
Belgium,BEL,2020-01-29,5.56
Belgium,BEL,2020-01-30,5.56
Belgium,BEL,2020-01-31,11.11
Belgium,BEL,2020-02-01,11.11
Belgium,BEL,2020-02-02,11.11
Belgium,BEL,2020-02-03,11.11
Belgium,BEL,2020-02-04,11.11
Belgium,BEL,2020-02-05,11.11
Belgium,BEL,2020-02-06,11.11
Belgium,BEL,2020-02-07,11.11
Belgium,BEL,2020-02-08,11.11
Belgium,BEL,2020-02-09,11.11
Belgium,BEL,2020-02-10,11.11
Belgium,BEL,2020-02-11,11.11
Belgium,BEL,2020-02-12,11.11
Belgium,BEL,2020-02-13,11.11
Belgium,BEL,2020-02-14,11.11
Belgium,BEL,2020-02-15,11.11
Belgium,BEL,2020-02-16,11.11
Belgium,BEL,2020-02-17,11.11
Belgium,BEL,2020-02-18,11.11
Belgium,BEL,2020-02-19,11.11
Belgium,BEL,2020-02-20,11.11
Belgium,BEL,2020-02-21,11.11
Belgium,BEL,2020-02-22,11.11
Belgium,BEL,2020-02-23,11.11
Belgium,BEL,2020-02-24,11.11
Belgium,BEL,2020-02-25,11.11
Belgium,BEL,2020-02-26,11.11
Belgium,BEL,2020-02-27,11.11
Belgium,BEL,2020-02-28,11.11
Belgium,BEL,2020-02-29,11.11
Belgium,BEL,2020-03-01,11.11
Belgium,BEL,2020-03-02,11.11
Belgium,BEL,2020-03-03,11.11
Belgium,BEL,2020-03-04,13.89
Belgium,BEL,2020-03-05,13.89
Belgium,BEL,2020-03-06,13.89
Belgium,BEL,2020-03-07,13.89
Belgium,BEL,2020-03-08,13.89
Belgium,BEL,2020-03-09,13.89
Belgium,BEL,2020-03-10,19.44
Belgium,BEL,2020-03-11,19.44
Belgium,BEL,2020-03-12,19.44
Belgium,BEL,2020-03-13,23.15
Belgium,BEL,2020-03-14,50.93
Belgium,BEL,2020-03-15,50.93
Belgium,BEL,2020-03-16,50.93
Belgium,BEL,2020-03-17,50.93
Belgium,BEL,2020-03-18,73.15
Belgium,BEL,2020-03-19,73.15
Belgium,BEL,2020-03-20,81.48
Belgium,BEL,2020-03-21,81.48
Belgium,BEL,2020-03-22,81.48
Belgium,BEL,2020-03-23,81.48
Belgium,BEL,2020-03-24,81.48
Belgium,BEL,2020-03-25,81.48
Belgium,BEL,2020-03-26,81.48
Belgium,BEL,2020-03-27,81.48
Belgium,BEL,2020-03-28,81.48
Belgium,BEL,2020-03-29,81.48
Belgium,BEL,2020-03-30,81.48
Belgium,BEL,2020-03-31,81.48
Belgium,BEL,2020-04-01,81.48
Belgium,BEL,2020-04-02,81.48
Belgium,BEL,2020-04-03,81.48
Belgium,BEL,2020-04-04,81.48
Belgium,BEL,2020-04-05,81.48
Belgium,BEL,2020-04-06,81.48
Belgium,BEL,2020-04-07,81.48
Belgium,BEL,2020-04-08,81.48
Belgium,BEL,2020-04-09,81.48
Belgium,BEL,2020-04-10,81.48
Belgium,BEL,2020-04-11,81.48
Belgium,BEL,2020-04-12,81.48
Belgium,BEL,2020-04-13,81.48
Belgium,BEL,2020-04-14,81.48
Belgium,BEL,2020-04-15,81.48
Belgium,BEL,2020-04-16,81.48
Belgium,BEL,2020-04-17,81.48
Belgium,BEL,2020-04-18,81.48
Belgium,BEL,2020-04-19,81.48
Belgium,BEL,2020-04-20,81.48
Belgium,BEL,2020-04-21,81.48
Belgium,BEL,2020-04-22,81.48
Belgium,BEL,2020-04-23,81.48
Belgium,BEL,2020-04-24,81.48
Belgium,BEL,2020-04-25,81.48
Belgium,BEL,2020-04-26,81.48
Belgium,BEL,2020-04-27,81.48
Belgium,BEL,2020-04-28,81.48
Belgium,BEL,2020-04-29,81.48
Belgium,BEL,2020-04-30,81.48
Belgium,BEL,2020-05-01,81.48
Belgium,BEL,2020-05-02,81.48
Belgium,BEL,2020-05-03,81.48
Belgium,BEL,2020-05-04,81.48
Belgium,BEL,2020-05-05,78.7
Belgium,BEL,2020-05-06,78.7
Belgium,BEL,2020-05-07,78.7
Belgium,BEL,2020-05-08,78.7
Belgium,BEL,2020-05-09,78.7
Belgium,BEL,2020-05-10,78.7
Belgium,BEL,2020-05-11,75
Belgium,BEL,2020-05-12,75
Belgium,BEL,2020-05-13,75
Belgium,BEL,2020-05-14,75
Belgium,BEL,2020-05-15,75
Belgium,BEL,2020-05-16,75
Belgium,BEL,2020-05-17,75
Belgium,BEL,2020-05-18,75
Belgium,BEL,2020-05-19,75
Belgium,BEL,2020-05-20,75
Belgium,BEL,2020-05-21,75
Belgium,BEL,2020-05-22,75
Belgium,BEL,2020-05-23,75
Belgium,BEL,2020-05-24,75
Belgium,BEL,2020-05-25,75
Belgium,BEL,2020-05-26,75
Belgium,BEL,2020-05-27,75
Belgium,BEL,2020-05-28,75
Belgium,BEL,2020-05-29,75
Belgium,BEL,2020-05-30,75
Belgium,BEL,2020-05-31,75
Belgium,BEL,2020-06-01,75
Belgium,BEL,2020-06-02,75
Belgium,BEL,2020-06-03,75
Belgium,BEL,2020-06-04,75
Belgium,BEL,2020-06-05,73.15
Belgium,BEL,2020-06-06,73.15
Belgium,BEL,2020-06-07,73.15
Belgium,BEL,2020-06-08,51.85
Belgium,BEL,2020-06-09,51.85
Belgium,BEL,2020-06-10,51.85
Belgium,BEL,2020-06-11,51.85
Belgium,BEL,2020-06-12,51.85
Belgium,BEL,2020-06-13,51.85
Belgium,BEL,2020-06-14,51.85
Belgium,BEL,2020-06-15,51.85
Belgium,BEL,2020-06-16,51.85
Belgium,BEL,2020-06-17,51.85
Belgium,BEL,2020-06-18,51.85
Belgium,BEL,2020-06-19,51.85
Belgium,BEL,2020-06-20,51.85
Belgium,BEL,2020-06-21,51.85
Belgium,BEL,2020-06-22,51.85
Belgium,BEL,2020-06-23,51.85
Belgium,BEL,2020-06-24,51.85
Belgium,BEL,2020-06-25,51.85
Belgium,BEL,2020-06-26,51.85
Belgium,BEL,2020-06-27,51.85
Belgium,BEL,2020-06-28,51.85
Belgium,BEL,2020-06-29,51.85
Belgium,BEL,2020-06-30,51.85
Belgium,BEL,2020-07-01,50
Belgium,BEL,2020-07-02,50
Belgium,BEL,2020-07-03,50
Belgium,BEL,2020-07-04,50
Belgium,BEL,2020-07-05,50
Belgium,BEL,2020-07-06,50
Belgium,BEL,2020-07-07,50
Belgium,BEL,2020-07-08,50
Belgium,BEL,2020-07-09,50
Belgium,BEL,2020-07-10,50
Belgium,BEL,2020-07-11,50
Belgium,BEL,2020-07-12,50
Belgium,BEL,2020-07-13,50
Belgium,BEL,2020-07-14,50
Belgium,BEL,2020-07-15,50
Belgium,BEL,2020-07-16,50
Belgium,BEL,2020-07-17,50
Belgium,BEL,2020-07-18,50
Belgium,BEL,2020-07-19,50
Belgium,BEL,2020-07-20,50
Belgium,BEL,2020-07-21,50
Belgium,BEL,2020-07-22,50
Belgium,BEL,2020-07-23,50
Belgium,BEL,2020-07-24,50
Belgium,BEL,2020-07-25,50
Belgium,BEL,2020-07-26,50
Belgium,BEL,2020-07-27,50
Belgium,BEL,2020-07-28,52.78
Belgium,BEL,2020-07-29,62.96
Belgium,BEL,2020-07-30,62.96
Belgium,BEL,2020-07-31,62.96
Belgium,BEL,2020-08-01,62.96
Belgium,BEL,2020-08-02,62.96
Belgium,BEL,2020-08-03,62.96
Belgium,BEL,2020-08-04,62.96
Belgium,BEL,2020-08-05,62.96
Belgium,BEL,2020-08-06,62.96
Belgium,BEL,2020-08-07,59.26
Belgium,BEL,2020-08-08,59.26
Belgium,BEL,2020-08-09,64.81
Belgium,BEL,2020-08-10,64.81
Belgium,BEL,2020-08-11,64.81
Belgium,BEL,2020-08-12,58.33
Belgium,BEL,2020-08-13,58.33
Belgium,BEL,2020-08-14,58.33
Belgium,BEL,2020-08-15,58.33
Belgium,BEL,2020-08-16,58.33
Belgium,BEL,2020-08-17,58.33
Belgium,BEL,2020-08-18,58.33
Belgium,BEL,2020-08-19,58.33
Belgium,BEL,2020-08-20,58.33
Belgium,BEL,2020-08-21,58.33
Belgium,BEL,2020-08-22,58.33
Belgium,BEL,2020-08-23,58.33
Belgium,BEL,2020-08-24,58.33
Belgium,BEL,2020-08-25,58.33
Belgium,BEL,2020-08-26,58.33
Belgium,BEL,2020-08-27,52.78
Belgium,BEL,2020-08-28,52.78
Belgium,BEL,2020-08-29,52.78
Belgium,BEL,2020-08-30,52.78
Belgium,BEL,2020-08-31,52.78
Belgium,BEL,2020-09-01,52.78
Belgium,BEL,2020-09-02,52.78
Belgium,BEL,2020-09-03,52.78
Belgium,BEL,2020-09-04,52.78
Belgium,BEL,2020-09-05,52.78
Belgium,BEL,2020-09-06,52.78
Belgium,BEL,2020-09-07,52.78
Belgium,BEL,2020-09-08,52.78
Belgium,BEL,2020-09-09,52.78
Belgium,BEL,2020-09-10,52.78
Belgium,BEL,2020-09-11,52.78
Belgium,BEL,2020-09-12,52.78
Belgium,BEL,2020-09-13,52.78
Belgium,BEL,2020-09-14,52.78
Belgium,BEL,2020-09-15,52.78
Belgium,BEL,2020-09-16,52.78
Belgium,BEL,2020-09-17,52.78
Belgium,BEL,2020-09-18,52.78
Belgium,BEL,2020-09-19,52.78
Belgium,BEL,2020-09-20,52.78
Belgium,BEL,2020-09-21,52.78
Belgium,BEL,2020-09-22,52.78
Belgium,BEL,2020-09-23,52.78
Belgium,BEL,2020-09-24,52.78
Belgium,BEL,2020-09-25,52.78
Belgium,BEL,2020-09-26,52.78
Belgium,BEL,2020-09-27,52.78
Belgium,BEL,2020-09-28,52.78
Belgium,BEL,2020-09-29,52.78
Belgium,BEL,2020-09-30,47.22
Belgium,BEL,2020-10-01,47.22
Belgium,BEL,2020-10-02,47.22
Belgium,BEL,2020-10-03,47.22
Belgium,BEL,2020-10-04,47.22
Belgium,BEL,2020-10-05,47.22
Belgium,BEL,2020-10-06,47.22
Belgium,BEL,2020-10-07,47.22
Belgium,BEL,2020-10-08,47.22
Belgium,BEL,2020-10-09,45.37
Belgium,BEL,2020-10-10,45.37
Belgium,BEL,2020-10-11,45.37
Belgium,BEL,2020-10-12,45.37
Belgium,BEL,2020-10-13,45.37
Belgium,BEL,2020-10-14,45.37
Belgium,BEL,2020-10-15,45.37
Belgium,BEL,2020-10-16,45.37
Belgium,BEL,2020-10-17,45.37
Belgium,BEL,2020-10-18,45.37
Belgium,BEL,2020-10-19,54.63
Belgium,BEL,2020-10-20,54.63
Belgium,BEL,2020-10-21,54.63
Belgium,BEL,2020-10-22,54.63
Belgium,BEL,2020-10-23,54.63
Belgium,BEL,2020-10-24,54.63
Belgium,BEL,2020-10-25,54.63
Belgium,BEL,2020-10-26,54.63
Belgium,BEL,2020-10-27,54.63
Belgium,BEL,2020-10-28,54.63
Belgium,BEL,2020-10-29,56.48
Belgium,BEL,2020-10-30,56.48
Belgium,BEL,2020-10-31,56.48
Belgium,BEL,2020-11-01,56.48
Belgium,BEL,2020-11-02,65.74
Belgium,BEL,2020-11-03,65.74
Belgium,BEL,2020-11-04,65.74
Belgium,BEL,2020-11-05,65.74
Belgium,BEL,2020-11-06,65.74
Belgium,BEL,2020-11-07,65.74
Belgium,BEL,2020-11-08,65.74
Belgium,BEL,2020-11-09,65.74
Belgium,BEL,2020-11-10,65.74
Belgium,BEL,2020-11-11,65.74
Belgium,BEL,2020-11-12,65.74
Belgium,BEL,2020-11-13,65.74
Belgium,BEL,2020-11-14,65.74
Belgium,BEL,2020-11-15,65.74
Belgium,BEL,2020-11-16,63.89
Belgium,BEL,2020-11-17,63.89
Belgium,BEL,2020-11-18,63.89
Belgium,BEL,2020-11-19,63.89
Belgium,BEL,2020-11-20,63.89
Belgium,BEL,2020-11-21,63.89
Belgium,BEL,2020-11-22,63.89
Belgium,BEL,2020-11-23,63.89
Belgium,BEL,2020-11-24,63.89
Belgium,BEL,2020-11-25,63.89
Belgium,BEL,2020-11-26,63.89
Belgium,BEL,2020-11-27,63.89
Belgium,BEL,2020-11-28,63.89
Belgium,BEL,2020-11-29,63.89
Belgium,BEL,2020-11-30,63.89
Belgium,BEL,2020-12-01,60.19
Belgium,BEL,2020-12-02,60.19
Belgium,BEL,2020-12-03,60.19
Belgium,BEL,2020-12-04,60.19
Belgium,BEL,2020-12-05,60.19
Belgium,BEL,2020-12-06,60.19
Belgium,BEL,2020-12-07,60.19
Belgium,BEL,2020-12-08,60.19
Belgium,BEL,2020-12-09,60.19
Belgium,BEL,2020-12-10,60.19
Belgium,BEL,2020-12-11,60.19
Belgium,BEL,2020-12-12,60.19
Belgium,BEL,2020-12-13,60.19
Belgium,BEL,2020-12-14,60.19
Belgium,BEL,2020-12-15,60.19
Belgium,BEL,2020-12-16,60.19
Belgium,BEL,2020-12-17,60.19
Belgium,BEL,2020-12-18,60.19
Belgium,BEL,2020-12-19,60.19
Belgium,BEL,2020-12-20,60.19
Belgium,BEL,2020-12-21,60.19
Belgium,BEL,2020-12-22,60.19
Belgium,BEL,2020-12-23,60.19
Belgium,BEL,2020-12-24,60.19
Belgium,BEL,2020-12-25,60.19
Belgium,BEL,2020-12-26,60.19
Belgium,BEL,2020-12-27,60.19
Belgium,BEL,2020-12-28,60.19
Belgium,BEL,2020-12-29,60.19
Belgium,BEL,2020-12-30,60.19
Belgium,BEL,2020-12-31,60.19
Belgium,BEL,2021-01-01,60.19
Belgium,BEL,2021-01-02,60.19
Belgium,BEL,2021-01-03,60.19
Belgium,BEL,2021-01-04,60.19
Belgium,BEL,2021-01-05,60.19
Belgium,BEL,2021-01-06,60.19
Belgium,BEL,2021-01-07,60.19
Belgium,BEL,2021-01-08,60.19
Belgium,BEL,2021-01-09,60.19
Belgium,BEL,2021-01-10,60.19
Belgium,BEL,2021-01-11,60.19
Belgium,BEL,2021-01-12,60.19
Belgium,BEL,2021-01-13,60.19
Belgium,BEL,2021-01-14,60.19
Belgium,BEL,2021-01-15,60.19
Belgium,BEL,2021-01-16,60.19
Belgium,BEL,2021-01-17,60.19
Belgium,BEL,2021-01-18,60.19
Belgium,BEL,2021-01-19,60.19
Belgium,BEL,2021-01-20,60.19
Belgium,BEL,2021-01-21,60.19
Belgium,BEL,2021-01-22,60.19
Belgium,BEL,2021-01-23,60.19
Belgium,BEL,2021-01-24,60.19
Belgium,BEL,2021-01-25,60.19
Belgium,BEL,2021-01-26,60.19
Belgium,BEL,2021-01-27,60.19
Belgium,BEL,2021-01-28,60.19
Belgium,BEL,2021-01-29,60.19
Belgium,BEL,2021-01-30,60.19
Belgium,BEL,2021-01-31,60.19
Belgium,BEL,2021-02-01,60.19
Belgium,BEL,2021-02-02,60.19
Belgium,BEL,2021-02-03,60.19
Belgium,BEL,2021-02-04,60.19
Belgium,BEL,2021-02-05,60.19
Belgium,BEL,2021-02-06,60.19
Belgium,BEL,2021-02-07,60.19
Belgium,BEL,2021-02-08,60.19
Belgium,BEL,2021-02-09,60.19
Belgium,BEL,2021-02-10,60.19
Belgium,BEL,2021-02-11,60.19
Belgium,BEL,2021-02-12,60.19
Belgium,BEL,2021-02-13,60.19
Belgium,BEL,2021-02-14,60.19
Belgium,BEL,2021-02-15,60.19
Belgium,BEL,2021-02-16,60.19
Belgium,BEL,2021-02-17,60.19
Belgium,BEL,2021-02-18,60.19
Belgium,BEL,2021-02-19,60.19
Belgium,BEL,2021-02-20,60.19
Belgium,BEL,2021-02-21,60.19
Belgium,BEL,2021-02-22,60.19
Belgium,BEL,2021-02-23,60.19
Belgium,BEL,2021-02-24,60.19
Belgium,BEL,2021-02-25,60.19
Belgium,BEL,2021-02-26,60.19
Belgium,BEL,2021-02-27,60.19
Belgium,BEL,2021-02-28,60.19
Belgium,BEL,2021-03-01,60.19
Belgium,BEL,2021-03-02,60.19
Belgium,BEL,2021-03-03,60.19
Belgium,BEL,2021-03-04,60.19
Belgium,BEL,2021-03-05,60.19
Belize,BLZ,2020-01-01,0
Belize,BLZ,2020-01-02,0
Belize,BLZ,2020-01-03,0
Belize,BLZ,2020-01-04,0
Belize,BLZ,2020-01-05,0
Belize,BLZ,2020-01-06,0
Belize,BLZ,2020-01-07,0
Belize,BLZ,2020-01-08,0
Belize,BLZ,2020-01-09,0
Belize,BLZ,2020-01-10,0
Belize,BLZ,2020-01-11,0
Belize,BLZ,2020-01-12,0
Belize,BLZ,2020-01-13,0
Belize,BLZ,2020-01-14,0
Belize,BLZ,2020-01-15,0
Belize,BLZ,2020-01-16,0
Belize,BLZ,2020-01-17,0
Belize,BLZ,2020-01-18,0
Belize,BLZ,2020-01-19,0
Belize,BLZ,2020-01-20,0
Belize,BLZ,2020-01-21,0
Belize,BLZ,2020-01-22,0
Belize,BLZ,2020-01-23,0
Belize,BLZ,2020-01-24,0
Belize,BLZ,2020-01-25,0
Belize,BLZ,2020-01-26,0
Belize,BLZ,2020-01-27,0
Belize,BLZ,2020-01-28,0
Belize,BLZ,2020-01-29,0
Belize,BLZ,2020-01-30,0
Belize,BLZ,2020-01-31,0
Belize,BLZ,2020-02-01,0
Belize,BLZ,2020-02-02,2.78
Belize,BLZ,2020-02-03,2.78
Belize,BLZ,2020-02-04,2.78
Belize,BLZ,2020-02-05,2.78
Belize,BLZ,2020-02-06,2.78
Belize,BLZ,2020-02-07,2.78
Belize,BLZ,2020-02-08,2.78
Belize,BLZ,2020-02-09,2.78
Belize,BLZ,2020-02-10,2.78
Belize,BLZ,2020-02-11,2.78
Belize,BLZ,2020-02-12,2.78
Belize,BLZ,2020-02-13,2.78
Belize,BLZ,2020-02-14,2.78
Belize,BLZ,2020-02-15,2.78
Belize,BLZ,2020-02-16,2.78
Belize,BLZ,2020-02-17,2.78
Belize,BLZ,2020-02-18,8.33
Belize,BLZ,2020-02-19,8.33
Belize,BLZ,2020-02-20,8.33
Belize,BLZ,2020-02-21,8.33
Belize,BLZ,2020-02-22,8.33
Belize,BLZ,2020-02-23,8.33
Belize,BLZ,2020-02-24,8.33
Belize,BLZ,2020-02-25,8.33
Belize,BLZ,2020-02-26,8.33
Belize,BLZ,2020-02-27,8.33
Belize,BLZ,2020-02-28,13.89
Belize,BLZ,2020-02-29,13.89
Belize,BLZ,2020-03-01,13.89
Belize,BLZ,2020-03-02,13.89
Belize,BLZ,2020-03-03,13.89
Belize,BLZ,2020-03-04,13.89
Belize,BLZ,2020-03-05,13.89
Belize,BLZ,2020-03-06,13.89
Belize,BLZ,2020-03-07,13.89
Belize,BLZ,2020-03-08,13.89
Belize,BLZ,2020-03-09,13.89
Belize,BLZ,2020-03-10,13.89
Belize,BLZ,2020-03-11,13.89
Belize,BLZ,2020-03-12,13.89
Belize,BLZ,2020-03-13,16.67
Belize,BLZ,2020-03-14,16.67
Belize,BLZ,2020-03-15,19.44
Belize,BLZ,2020-03-16,38.89
Belize,BLZ,2020-03-17,38.89
Belize,BLZ,2020-03-18,38.89
Belize,BLZ,2020-03-19,38.89
Belize,BLZ,2020-03-20,54.63
Belize,BLZ,2020-03-21,54.63
Belize,BLZ,2020-03-22,54.63
Belize,BLZ,2020-03-23,54.63
Belize,BLZ,2020-03-24,54.63
Belize,BLZ,2020-03-25,54.63
Belize,BLZ,2020-03-26,54.63
Belize,BLZ,2020-03-27,54.63
Belize,BLZ,2020-03-28,54.63
Belize,BLZ,2020-03-29,54.63
Belize,BLZ,2020-03-30,54.63
Belize,BLZ,2020-03-31,54.63
Belize,BLZ,2020-04-01,75
Belize,BLZ,2020-04-02,75
Belize,BLZ,2020-04-03,75
Belize,BLZ,2020-04-04,75
Belize,BLZ,2020-04-05,75
Belize,BLZ,2020-04-06,75
Belize,BLZ,2020-04-07,75
Belize,BLZ,2020-04-08,75
Belize,BLZ,2020-04-09,75
Belize,BLZ,2020-04-10,75
Belize,BLZ,2020-04-11,75
Belize,BLZ,2020-04-12,75
Belize,BLZ,2020-04-13,75
Belize,BLZ,2020-04-14,75
Belize,BLZ,2020-04-15,75
Belize,BLZ,2020-04-16,75
Belize,BLZ,2020-04-17,75
Belize,BLZ,2020-04-18,75
Belize,BLZ,2020-04-19,75
Belize,BLZ,2020-04-20,75
Belize,BLZ,2020-04-21,75
Belize,BLZ,2020-04-22,75
Belize,BLZ,2020-04-23,75
Belize,BLZ,2020-04-24,75
Belize,BLZ,2020-04-25,75
Belize,BLZ,2020-04-26,75
Belize,BLZ,2020-04-27,76.85
Belize,BLZ,2020-04-28,76.85
Belize,BLZ,2020-04-29,76.85
Belize,BLZ,2020-04-30,76.85
Belize,BLZ,2020-05-01,76.85
Belize,BLZ,2020-05-02,76.85
Belize,BLZ,2020-05-03,76.85
Belize,BLZ,2020-05-04,76.85
Belize,BLZ,2020-05-05,76.85
Belize,BLZ,2020-05-06,76.85
Belize,BLZ,2020-05-07,76.85
Belize,BLZ,2020-05-08,76.85
Belize,BLZ,2020-05-09,76.85
Belize,BLZ,2020-05-10,76.85
Belize,BLZ,2020-05-11,76.85
Belize,BLZ,2020-05-12,76.85
Belize,BLZ,2020-05-13,76.85
Belize,BLZ,2020-05-14,76.85
Belize,BLZ,2020-05-15,85.19
Belize,BLZ,2020-05-16,85.19
Belize,BLZ,2020-05-17,85.19
Belize,BLZ,2020-05-18,85.19
Belize,BLZ,2020-05-19,85.19
Belize,BLZ,2020-05-20,85.19
Belize,BLZ,2020-05-21,85.19
Belize,BLZ,2020-05-22,85.19
Belize,BLZ,2020-05-23,85.19
Belize,BLZ,2020-05-24,85.19
Belize,BLZ,2020-05-25,85.19
Belize,BLZ,2020-05-26,85.19
Belize,BLZ,2020-05-27,85.19
Belize,BLZ,2020-05-28,85.19
Belize,BLZ,2020-05-29,85.19
Belize,BLZ,2020-05-30,85.19
Belize,BLZ,2020-05-31,85.19
Belize,BLZ,2020-06-01,75.93
Belize,BLZ,2020-06-02,75.93
Belize,BLZ,2020-06-03,75.93
Belize,BLZ,2020-06-04,75.93
Belize,BLZ,2020-06-05,75.93
Belize,BLZ,2020-06-06,75.93
Belize,BLZ,2020-06-07,75.93
Belize,BLZ,2020-06-08,75.93
Belize,BLZ,2020-06-09,75.93
Belize,BLZ,2020-06-10,75.93
Belize,BLZ,2020-06-11,73.15
Belize,BLZ,2020-06-12,73.15
Belize,BLZ,2020-06-13,73.15
Belize,BLZ,2020-06-14,73.15
Belize,BLZ,2020-06-15,73.15
Belize,BLZ,2020-06-16,73.15
Belize,BLZ,2020-06-17,73.15
Belize,BLZ,2020-06-18,73.15
Belize,BLZ,2020-06-19,73.15
Belize,BLZ,2020-06-20,73.15
Belize,BLZ,2020-06-21,73.15
Belize,BLZ,2020-06-22,73.15
Belize,BLZ,2020-06-23,73.15
Belize,BLZ,2020-06-24,73.15
Belize,BLZ,2020-06-25,73.15
Belize,BLZ,2020-06-26,73.15
Belize,BLZ,2020-06-27,73.15
Belize,BLZ,2020-06-28,73.15
Belize,BLZ,2020-06-29,73.15
Belize,BLZ,2020-06-30,73.15
Belize,BLZ,2020-07-01,69.44
Belize,BLZ,2020-07-02,69.44
Belize,BLZ,2020-07-03,69.44
Belize,BLZ,2020-07-04,69.44
Belize,BLZ,2020-07-05,69.44
Belize,BLZ,2020-07-06,69.44
Belize,BLZ,2020-07-07,69.44
Belize,BLZ,2020-07-08,69.44
Belize,BLZ,2020-07-09,69.44
Belize,BLZ,2020-07-10,69.44
Belize,BLZ,2020-07-11,69.44
Belize,BLZ,2020-07-12,69.44
Belize,BLZ,2020-07-13,69.44
Belize,BLZ,2020-07-14,69.44
Belize,BLZ,2020-07-15,69.44
Belize,BLZ,2020-07-16,69.44
Belize,BLZ,2020-07-17,69.44
Belize,BLZ,2020-07-18,69.44
Belize,BLZ,2020-07-19,69.44
Belize,BLZ,2020-07-20,69.44
Belize,BLZ,2020-07-21,69.44
Belize,BLZ,2020-07-22,69.44
Belize,BLZ,2020-07-23,69.44
Belize,BLZ,2020-07-24,69.44
Belize,BLZ,2020-07-25,69.44
Belize,BLZ,2020-07-26,69.44
Belize,BLZ,2020-07-27,69.44
Belize,BLZ,2020-07-28,69.44
Belize,BLZ,2020-07-29,69.44
Belize,BLZ,2020-07-30,69.44
Belize,BLZ,2020-07-31,69.44
Belize,BLZ,2020-08-01,69.44
Belize,BLZ,2020-08-02,69.44
Belize,BLZ,2020-08-03,69.44
Belize,BLZ,2020-08-04,69.44
Belize,BLZ,2020-08-05,69.44
Belize,BLZ,2020-08-06,69.44
Belize,BLZ,2020-08-07,72.69
Belize,BLZ,2020-08-08,72.69
Belize,BLZ,2020-08-09,72.69
Belize,BLZ,2020-08-10,72.69
Belize,BLZ,2020-08-11,72.69
Belize,BLZ,2020-08-12,72.69
Belize,BLZ,2020-08-13,72.69
Belize,BLZ,2020-08-14,72.69
Belize,BLZ,2020-08-15,72.69
Belize,BLZ,2020-08-16,72.69
Belize,BLZ,2020-08-17,72.69
Belize,BLZ,2020-08-18,72.69
Belize,BLZ,2020-08-19,72.69
Belize,BLZ,2020-08-20,72.69
Belize,BLZ,2020-08-21,72.69
Belize,BLZ,2020-08-22,72.69
Belize,BLZ,2020-08-23,72.69
Belize,BLZ,2020-08-24,72.69
Belize,BLZ,2020-08-25,72.69
Belize,BLZ,2020-08-26,72.69
Belize,BLZ,2020-08-27,72.69
Belize,BLZ,2020-08-28,72.69
Belize,BLZ,2020-08-29,72.69
Belize,BLZ,2020-08-30,72.69
Belize,BLZ,2020-08-31,72.69
Belize,BLZ,2020-09-01,72.69
Belize,BLZ,2020-09-02,72.22
Belize,BLZ,2020-09-03,72.22
Belize,BLZ,2020-09-04,72.22
Belize,BLZ,2020-09-05,72.22
Belize,BLZ,2020-09-06,72.22
Belize,BLZ,2020-09-07,72.22
Belize,BLZ,2020-09-08,72.22
Belize,BLZ,2020-09-09,72.22
Belize,BLZ,2020-09-10,72.22
Belize,BLZ,2020-09-11,72.22
Belize,BLZ,2020-09-12,72.22
Belize,BLZ,2020-09-13,72.22
Belize,BLZ,2020-09-14,72.22
Belize,BLZ,2020-09-15,72.22
Belize,BLZ,2020-09-16,72.22
Belize,BLZ,2020-09-17,72.22
Belize,BLZ,2020-09-18,72.22
Belize,BLZ,2020-09-19,72.22
Belize,BLZ,2020-09-20,72.22
Belize,BLZ,2020-09-21,72.22
Belize,BLZ,2020-09-22,72.22
Belize,BLZ,2020-09-23,72.22
Belize,BLZ,2020-09-24,72.22
Belize,BLZ,2020-09-25,72.22
Belize,BLZ,2020-09-26,72.22
Belize,BLZ,2020-09-27,72.22
Belize,BLZ,2020-09-28,72.22
Belize,BLZ,2020-09-29,72.22
Belize,BLZ,2020-09-30,72.22
Belize,BLZ,2020-10-01,69.44
Belize,BLZ,2020-10-02,69.44
Belize,BLZ,2020-10-03,69.44
Belize,BLZ,2020-10-04,69.44
Belize,BLZ,2020-10-05,69.44
Belize,BLZ,2020-10-06,69.44
Belize,BLZ,2020-10-07,69.44
Belize,BLZ,2020-10-08,69.44
Belize,BLZ,2020-10-09,69.44
Belize,BLZ,2020-10-10,69.44
Belize,BLZ,2020-10-11,69.44
Belize,BLZ,2020-10-12,69.44
Belize,BLZ,2020-10-13,69.44
Belize,BLZ,2020-10-14,69.44
Belize,BLZ,2020-10-15,69.44
Belize,BLZ,2020-10-16,69.44
Belize,BLZ,2020-10-17,69.44
Belize,BLZ,2020-10-18,69.44
Belize,BLZ,2020-10-19,66.67
Belize,BLZ,2020-10-20,66.67
Belize,BLZ,2020-10-21,66.67
Belize,BLZ,2020-10-22,66.67
Belize,BLZ,2020-10-23,66.67
Belize,BLZ,2020-10-24,66.67
Belize,BLZ,2020-10-25,66.67
Belize,BLZ,2020-10-26,66.67
Belize,BLZ,2020-10-27,66.67
Belize,BLZ,2020-10-28,66.67
Belize,BLZ,2020-10-29,66.67
Belize,BLZ,2020-10-30,66.67
Belize,BLZ,2020-10-31,66.67
Belize,BLZ,2020-11-01,66.67
Belize,BLZ,2020-11-02,66.67
Belize,BLZ,2020-11-03,66.67
Belize,BLZ,2020-11-04,66.67
Belize,BLZ,2020-11-05,66.67
Belize,BLZ,2020-11-06,66.67
Belize,BLZ,2020-11-07,66.67
Belize,BLZ,2020-11-08,66.67
Belize,BLZ,2020-11-09,66.67
Belize,BLZ,2020-11-10,66.67
Belize,BLZ,2020-11-11,66.67
Belize,BLZ,2020-11-12,66.67
Belize,BLZ,2020-11-13,66.67
Belize,BLZ,2020-11-14,66.67
Belize,BLZ,2020-11-15,66.67
Belize,BLZ,2020-11-16,66.67
Belize,BLZ,2020-11-17,66.67
Belize,BLZ,2020-11-18,66.67
Belize,BLZ,2020-11-19,66.67
Belize,BLZ,2020-11-20,66.67
Belize,BLZ,2020-11-21,66.67
Belize,BLZ,2020-11-22,66.67
Belize,BLZ,2020-11-23,66.67
Belize,BLZ,2020-11-24,66.67
Belize,BLZ,2020-11-25,66.67
Belize,BLZ,2020-11-26,66.67
Belize,BLZ,2020-11-27,66.67
Belize,BLZ,2020-11-28,72.22
Belize,BLZ,2020-11-29,72.22
Belize,BLZ,2020-11-30,72.22
Belize,BLZ,2020-12-01,72.22
Belize,BLZ,2020-12-02,72.22
Belize,BLZ,2020-12-03,72.22
Belize,BLZ,2020-12-04,72.22
Belize,BLZ,2020-12-05,72.22
Belize,BLZ,2020-12-06,72.22
Belize,BLZ,2020-12-07,72.22
Belize,BLZ,2020-12-08,72.22
Belize,BLZ,2020-12-09,72.22
Belize,BLZ,2020-12-10,72.22
Belize,BLZ,2020-12-11,72.22
Belize,BLZ,2020-12-12,72.22
Belize,BLZ,2020-12-13,72.22
Belize,BLZ,2020-12-14,72.22
Belize,BLZ,2020-12-15,72.22
Belize,BLZ,2020-12-16,72.22
Belize,BLZ,2020-12-17,72.22
Belize,BLZ,2020-12-18,72.22
Belize,BLZ,2020-12-19,72.22
Belize,BLZ,2020-12-20,72.22
Belize,BLZ,2020-12-21,72.22
Belize,BLZ,2020-12-22,72.22
Belize,BLZ,2020-12-23,72.22
Belize,BLZ,2020-12-24,72.22
Belize,BLZ,2020-12-25,72.22
Belize,BLZ,2020-12-26,72.22
Belize,BLZ,2020-12-27,72.22
Belize,BLZ,2020-12-28,72.22
Belize,BLZ,2020-12-29,72.22
Belize,BLZ,2020-12-30,72.22
Belize,BLZ,2020-12-31,72.22
Belize,BLZ,2021-01-01,72.22
Belize,BLZ,2021-01-02,72.22
Belize,BLZ,2021-01-03,72.22
Belize,BLZ,2021-01-04,72.22
Belize,BLZ,2021-01-05,72.22
Belize,BLZ,2021-01-06,72.22
Belize,BLZ,2021-01-07,72.22
Belize,BLZ,2021-01-08,72.22
Belize,BLZ,2021-01-09,72.22
Belize,BLZ,2021-01-10,72.22
Belize,BLZ,2021-01-11,72.22
Belize,BLZ,2021-01-12,72.22
Belize,BLZ,2021-01-13,72.22
Belize,BLZ,2021-01-14,72.22
Belize,BLZ,2021-01-15,72.22
Belize,BLZ,2021-01-16,72.22
Belize,BLZ,2021-01-17,72.22
Belize,BLZ,2021-01-18,72.22
Belize,BLZ,2021-01-19,72.22
Belize,BLZ,2021-01-20,72.22
Belize,BLZ,2021-01-21,72.22
Belize,BLZ,2021-01-22,72.22
Belize,BLZ,2021-01-23,72.22
Belize,BLZ,2021-01-24,72.22
Belize,BLZ,2021-01-25,72.22
Belize,BLZ,2021-01-26,73.15
Belize,BLZ,2021-01-27,73.15
Belize,BLZ,2021-01-28,73.15
Belize,BLZ,2021-01-29,73.15
Belize,BLZ,2021-01-30,73.15
Belize,BLZ,2021-01-31,73.15
Belize,BLZ,2021-02-01,73.15
Belize,BLZ,2021-02-02,73.15
Belize,BLZ,2021-02-03,73.15
Belize,BLZ,2021-02-04,73.15
Belize,BLZ,2021-02-05,73.15
Belize,BLZ,2021-02-06,73.15
Belize,BLZ,2021-02-07,73.15
Belize,BLZ,2021-02-08,73.15
Belize,BLZ,2021-02-09,73.15
Belize,BLZ,2021-02-10,73.15
Belize,BLZ,2021-02-11,73.15
Belize,BLZ,2021-02-12,73.15
Belize,BLZ,2021-02-13,73.15
Belize,BLZ,2021-02-14,73.15
Belize,BLZ,2021-02-15,73.15
Belize,BLZ,2021-02-16,73.15
Belize,BLZ,2021-02-17,73.15
Belize,BLZ,2021-02-18,73.15
Belize,BLZ,2021-02-19,73.15
Belize,BLZ,2021-02-20,73.15
Belize,BLZ,2021-02-21,73.15
Benin,BEN,2020-01-01,0
Benin,BEN,2020-01-02,0
Benin,BEN,2020-01-03,0
Benin,BEN,2020-01-04,0
Benin,BEN,2020-01-05,0
Benin,BEN,2020-01-06,0
Benin,BEN,2020-01-07,0
Benin,BEN,2020-01-08,0
Benin,BEN,2020-01-09,0
Benin,BEN,2020-01-10,0
Benin,BEN,2020-01-11,0
Benin,BEN,2020-01-12,0
Benin,BEN,2020-01-13,0
Benin,BEN,2020-01-14,0
Benin,BEN,2020-01-15,0
Benin,BEN,2020-01-16,0
Benin,BEN,2020-01-17,0
Benin,BEN,2020-01-18,0
Benin,BEN,2020-01-19,0
Benin,BEN,2020-01-20,0
Benin,BEN,2020-01-21,0
Benin,BEN,2020-01-22,0
Benin,BEN,2020-01-23,0
Benin,BEN,2020-01-24,0
Benin,BEN,2020-01-25,0
Benin,BEN,2020-01-26,0
Benin,BEN,2020-01-27,0
Benin,BEN,2020-01-28,0
Benin,BEN,2020-01-29,0
Benin,BEN,2020-01-30,0
Benin,BEN,2020-01-31,0
Benin,BEN,2020-02-01,2.78
Benin,BEN,2020-02-02,2.78
Benin,BEN,2020-02-03,2.78
Benin,BEN,2020-02-04,2.78
Benin,BEN,2020-02-05,2.78
Benin,BEN,2020-02-06,2.78
Benin,BEN,2020-02-07,2.78
Benin,BEN,2020-02-08,2.78
Benin,BEN,2020-02-09,2.78
Benin,BEN,2020-02-10,2.78
Benin,BEN,2020-02-11,2.78
Benin,BEN,2020-02-12,2.78
Benin,BEN,2020-02-13,2.78
Benin,BEN,2020-02-14,2.78
Benin,BEN,2020-02-15,2.78
Benin,BEN,2020-02-16,2.78
Benin,BEN,2020-02-17,2.78
Benin,BEN,2020-02-18,2.78
Benin,BEN,2020-02-19,2.78
Benin,BEN,2020-02-20,2.78
Benin,BEN,2020-02-21,2.78
Benin,BEN,2020-02-22,8.33
Benin,BEN,2020-02-23,8.33
Benin,BEN,2020-02-24,8.33
Benin,BEN,2020-02-25,8.33
Benin,BEN,2020-02-26,8.33
Benin,BEN,2020-02-27,8.33
Benin,BEN,2020-02-28,8.33
Benin,BEN,2020-02-29,8.33
Benin,BEN,2020-03-01,13.89
Benin,BEN,2020-03-02,13.89
Benin,BEN,2020-03-03,13.89
Benin,BEN,2020-03-04,13.89
Benin,BEN,2020-03-05,13.89
Benin,BEN,2020-03-06,13.89
Benin,BEN,2020-03-07,13.89
Benin,BEN,2020-03-08,13.89
Benin,BEN,2020-03-09,13.89
Benin,BEN,2020-03-10,16.67
Benin,BEN,2020-03-11,16.67
Benin,BEN,2020-03-12,16.67
Benin,BEN,2020-03-13,16.67
Benin,BEN,2020-03-14,16.67
Benin,BEN,2020-03-15,16.67
Benin,BEN,2020-03-16,16.67
Benin,BEN,2020-03-17,27.78
Benin,BEN,2020-03-18,27.78
Benin,BEN,2020-03-19,27.78
Benin,BEN,2020-03-20,27.78
Benin,BEN,2020-03-21,27.78
Benin,BEN,2020-03-22,27.78
Benin,BEN,2020-03-23,27.78
Benin,BEN,2020-03-24,27.78
Benin,BEN,2020-03-25,27.78
Benin,BEN,2020-03-26,27.78
Benin,BEN,2020-03-27,27.78
Benin,BEN,2020-03-28,27.78
Benin,BEN,2020-03-29,27.78
Benin,BEN,2020-03-30,70.83
Benin,BEN,2020-03-31,70.83
Benin,BEN,2020-04-01,70.83
Benin,BEN,2020-04-02,70.83
Benin,BEN,2020-04-03,70.83
Benin,BEN,2020-04-04,70.83
Benin,BEN,2020-04-05,70.83
Benin,BEN,2020-04-06,70.83
Benin,BEN,2020-04-07,70.83
Benin,BEN,2020-04-08,70.83
Benin,BEN,2020-04-09,70.83
Benin,BEN,2020-04-10,70.83
Benin,BEN,2020-04-11,70.83
Benin,BEN,2020-04-12,70.83
Benin,BEN,2020-04-13,70.83
Benin,BEN,2020-04-14,70.83
Benin,BEN,2020-04-15,70.83
Benin,BEN,2020-04-16,70.83
Benin,BEN,2020-04-17,70.83
Benin,BEN,2020-04-18,70.83
Benin,BEN,2020-04-19,70.83
Benin,BEN,2020-04-20,70.83
Benin,BEN,2020-04-21,70.83
Benin,BEN,2020-04-22,70.83
Benin,BEN,2020-04-23,70.83
Benin,BEN,2020-04-24,70.83
Benin,BEN,2020-04-25,70.83
Benin,BEN,2020-04-26,70.83
Benin,BEN,2020-04-27,70.83
Benin,BEN,2020-04-28,70.83
Benin,BEN,2020-04-29,70.83
Benin,BEN,2020-04-30,70.83
Benin,BEN,2020-05-01,70.83
Benin,BEN,2020-05-02,70.83
Benin,BEN,2020-05-03,70.83
Benin,BEN,2020-05-04,70.83
Benin,BEN,2020-05-05,70.83
Benin,BEN,2020-05-06,70.83
Benin,BEN,2020-05-07,70.83
Benin,BEN,2020-05-08,70.83
Benin,BEN,2020-05-09,70.83
Benin,BEN,2020-05-10,70.83
Benin,BEN,2020-05-11,57.41
Benin,BEN,2020-05-12,57.41
Benin,BEN,2020-05-13,57.41
Benin,BEN,2020-05-14,57.41
Benin,BEN,2020-05-15,57.41
Benin,BEN,2020-05-16,57.41
Benin,BEN,2020-05-17,62.96
Benin,BEN,2020-05-18,57.41
Benin,BEN,2020-05-19,57.41
Benin,BEN,2020-05-20,57.41
Benin,BEN,2020-05-21,57.41
Benin,BEN,2020-05-22,57.41
Benin,BEN,2020-05-23,57.41
Benin,BEN,2020-05-24,57.41
Benin,BEN,2020-05-25,57.41
Benin,BEN,2020-05-26,57.41
Benin,BEN,2020-05-27,57.41
Benin,BEN,2020-05-28,57.41
Benin,BEN,2020-05-29,57.41
Benin,BEN,2020-05-30,57.41
Benin,BEN,2020-05-31,57.41
Benin,BEN,2020-06-01,57.41
Benin,BEN,2020-06-02,41.67
Benin,BEN,2020-06-03,41.67
Benin,BEN,2020-06-04,41.67
Benin,BEN,2020-06-05,41.67
Benin,BEN,2020-06-06,41.67
Benin,BEN,2020-06-07,41.67
Benin,BEN,2020-06-08,41.67
Benin,BEN,2020-06-09,41.67
Benin,BEN,2020-06-10,41.67
Benin,BEN,2020-06-11,41.67
Benin,BEN,2020-06-12,41.67
Benin,BEN,2020-06-13,41.67
Benin,BEN,2020-06-14,41.67
Benin,BEN,2020-06-15,41.67
Benin,BEN,2020-06-16,41.67
Benin,BEN,2020-06-17,41.67
Benin,BEN,2020-06-18,41.67
Benin,BEN,2020-06-19,41.67
Benin,BEN,2020-06-20,41.67
Benin,BEN,2020-06-21,41.67
Benin,BEN,2020-06-22,41.67
Benin,BEN,2020-06-23,41.67
Benin,BEN,2020-06-24,41.67
Benin,BEN,2020-06-25,41.67
Benin,BEN,2020-06-26,41.67
Benin,BEN,2020-06-27,41.67
Benin,BEN,2020-06-28,41.67
Benin,BEN,2020-06-29,41.67
Benin,BEN,2020-06-30,41.67
Benin,BEN,2020-07-01,41.67
Benin,BEN,2020-07-02,41.67
Benin,BEN,2020-07-03,41.67
Benin,BEN,2020-07-04,41.67
Benin,BEN,2020-07-05,41.67
Benin,BEN,2020-07-06,41.67
Benin,BEN,2020-07-07,41.67
Benin,BEN,2020-07-08,41.67
Benin,BEN,2020-07-09,41.67
Benin,BEN,2020-07-10,41.67
Benin,BEN,2020-07-11,41.67
Benin,BEN,2020-07-12,41.67
Benin,BEN,2020-07-13,41.67
Benin,BEN,2020-07-14,41.67
Benin,BEN,2020-07-15,41.67
Benin,BEN,2020-07-16,41.67
Benin,BEN,2020-07-17,41.67
Benin,BEN,2020-07-18,41.67
Benin,BEN,2020-07-19,41.67
Benin,BEN,2020-07-20,41.67
Benin,BEN,2020-07-21,41.67
Benin,BEN,2020-07-22,41.67
Benin,BEN,2020-07-23,41.67
Benin,BEN,2020-07-24,41.67
Benin,BEN,2020-07-25,41.67
Benin,BEN,2020-07-26,41.67
Benin,BEN,2020-07-27,41.67
Benin,BEN,2020-07-28,41.67
Benin,BEN,2020-07-29,41.67
Benin,BEN,2020-07-30,41.67
Benin,BEN,2020-07-31,41.67
Benin,BEN,2020-08-01,41.67
Benin,BEN,2020-08-02,41.67
Benin,BEN,2020-08-03,41.67
Benin,BEN,2020-08-04,41.67
Benin,BEN,2020-08-05,41.67
Benin,BEN,2020-08-06,41.67
Benin,BEN,2020-08-07,41.67
Benin,BEN,2020-08-08,41.67
Benin,BEN,2020-08-09,41.67
Benin,BEN,2020-08-10,41.67
Benin,BEN,2020-08-11,41.67
Benin,BEN,2020-08-12,41.67
Benin,BEN,2020-08-13,41.67
Benin,BEN,2020-08-14,41.67
Benin,BEN,2020-08-15,41.67
Benin,BEN,2020-08-16,41.67
Benin,BEN,2020-08-17,41.67
Benin,BEN,2020-08-18,41.67
Benin,BEN,2020-08-19,41.67
Benin,BEN,2020-08-20,41.67
Benin,BEN,2020-08-21,41.67
Benin,BEN,2020-08-22,41.67
Benin,BEN,2020-08-23,41.67
Benin,BEN,2020-08-24,41.67
Benin,BEN,2020-08-25,41.67
Benin,BEN,2020-08-26,41.67
Benin,BEN,2020-08-27,41.67
Benin,BEN,2020-08-28,41.67
Benin,BEN,2020-08-29,41.67
Benin,BEN,2020-08-30,41.67
Benin,BEN,2020-08-31,41.67
Benin,BEN,2020-09-01,41.67
Benin,BEN,2020-09-02,41.67
Benin,BEN,2020-09-03,41.67
Benin,BEN,2020-09-04,41.67
Benin,BEN,2020-09-05,41.67
Benin,BEN,2020-09-06,41.67
Benin,BEN,2020-09-07,41.67
Benin,BEN,2020-09-08,41.67
Benin,BEN,2020-09-09,41.67
Benin,BEN,2020-09-10,41.67
Benin,BEN,2020-09-11,41.67
Benin,BEN,2020-09-12,41.67
Benin,BEN,2020-09-13,41.67
Benin,BEN,2020-09-14,41.67
Benin,BEN,2020-09-15,47.22
Benin,BEN,2020-09-16,47.22
Benin,BEN,2020-09-17,47.22
Benin,BEN,2020-09-18,47.22
Benin,BEN,2020-09-19,47.22
Benin,BEN,2020-09-20,47.22
Benin,BEN,2020-09-21,47.22
Benin,BEN,2020-09-22,47.22
Benin,BEN,2020-09-23,47.22
Benin,BEN,2020-09-24,47.22
Benin,BEN,2020-09-25,47.22
Benin,BEN,2020-09-26,47.22
Benin,BEN,2020-09-27,47.22
Benin,BEN,2020-09-28,47.22
Benin,BEN,2020-09-29,47.22
Benin,BEN,2020-09-30,47.22
Benin,BEN,2020-10-01,47.22
Benin,BEN,2020-10-02,47.22
Benin,BEN,2020-10-03,47.22
Benin,BEN,2020-10-04,47.22
Benin,BEN,2020-10-05,47.22
Benin,BEN,2020-10-06,47.22
Benin,BEN,2020-10-07,47.22
Benin,BEN,2020-10-08,47.22
Benin,BEN,2020-10-09,47.22
Benin,BEN,2020-10-10,47.22
Benin,BEN,2020-10-11,47.22
Benin,BEN,2020-10-12,47.22
Benin,BEN,2020-10-13,47.22
Benin,BEN,2020-10-14,47.22
Benin,BEN,2020-10-15,47.22
Benin,BEN,2020-10-16,47.22
Benin,BEN,2020-10-17,47.22
Benin,BEN,2020-10-18,47.22
Benin,BEN,2020-10-19,47.22
Benin,BEN,2020-10-20,47.22
Benin,BEN,2020-10-21,47.22
Benin,BEN,2020-10-22,47.22
Benin,BEN,2020-10-23,43.52
Benin,BEN,2020-10-24,43.52
Benin,BEN,2020-10-25,43.52
Benin,BEN,2020-10-26,43.52
Benin,BEN,2020-10-27,43.52
Benin,BEN,2020-10-28,43.52
Benin,BEN,2020-10-29,43.52
Benin,BEN,2020-10-30,43.52
Benin,BEN,2020-10-31,43.52
Benin,BEN,2020-11-01,31.48
Benin,BEN,2020-11-02,31.48
Benin,BEN,2020-11-03,31.48
Benin,BEN,2020-11-04,31.48
Benin,BEN,2020-11-05,31.48
Benin,BEN,2020-11-06,31.48
Benin,BEN,2020-11-07,31.48
Benin,BEN,2020-11-08,31.48
Benin,BEN,2020-11-09,40.74
Benin,BEN,2020-11-10,40.74
Benin,BEN,2020-11-11,40.74
Benin,BEN,2020-11-12,40.74
Benin,BEN,2020-11-13,40.74
Benin,BEN,2020-11-14,40.74
Benin,BEN,2020-11-15,40.74
Benin,BEN,2020-11-16,40.74
Benin,BEN,2020-11-17,40.74
Benin,BEN,2020-11-18,40.74
Benin,BEN,2020-11-19,40.74
Benin,BEN,2020-11-20,40.74
Benin,BEN,2020-11-21,40.74
Benin,BEN,2020-11-22,40.74
Benin,BEN,2020-11-23,40.74
Benin,BEN,2020-11-24,40.74
Benin,BEN,2020-11-25,40.74
Benin,BEN,2020-11-26,40.74
Benin,BEN,2020-11-27,40.74
Benin,BEN,2020-11-28,40.74
Benin,BEN,2020-11-29,40.74
Benin,BEN,2020-11-30,40.74
Benin,BEN,2020-12-01,40.74
Benin,BEN,2020-12-02,40.74
Benin,BEN,2020-12-03,40.74
Benin,BEN,2020-12-04,40.74
Benin,BEN,2020-12-05,40.74
Benin,BEN,2020-12-06,40.74
Benin,BEN,2020-12-07,40.74
Benin,BEN,2020-12-08,40.74
Benin,BEN,2020-12-09,40.74
Benin,BEN,2020-12-10,40.74
Benin,BEN,2020-12-11,40.74
Benin,BEN,2020-12-12,40.74
Benin,BEN,2020-12-13,40.74
Benin,BEN,2020-12-14,40.74
Benin,BEN,2020-12-15,35.19
Benin,BEN,2020-12-16,35.19
Benin,BEN,2020-12-17,35.19
Benin,BEN,2020-12-18,35.19
Benin,BEN,2020-12-19,35.19
Benin,BEN,2020-12-20,35.19
Benin,BEN,2020-12-21,35.19
Benin,BEN,2020-12-22,35.19
Benin,BEN,2020-12-23,35.19
Benin,BEN,2020-12-24,35.19
Benin,BEN,2020-12-25,35.19
Benin,BEN,2020-12-26,35.19
Benin,BEN,2020-12-27,35.19
Benin,BEN,2020-12-28,35.19
Benin,BEN,2020-12-29,35.19
Benin,BEN,2020-12-30,35.19
Benin,BEN,2020-12-31,35.19
Benin,BEN,2021-01-01,35.19
Benin,BEN,2021-01-02,35.19
Benin,BEN,2021-01-03,35.19
Benin,BEN,2021-01-04,35.19
Benin,BEN,2021-01-05,35.19
Benin,BEN,2021-01-06,35.19
Benin,BEN,2021-01-07,35.19
Benin,BEN,2021-01-08,35.19
Benin,BEN,2021-01-09,35.19
Benin,BEN,2021-01-10,35.19
Benin,BEN,2021-01-11,35.19
Benin,BEN,2021-01-12,27.78
Benin,BEN,2021-01-13,27.78
Benin,BEN,2021-01-14,27.78
Benin,BEN,2021-01-15,27.78
Benin,BEN,2021-01-16,27.78
Benin,BEN,2021-01-17,27.78
Benin,BEN,2021-01-18,26.39
Benin,BEN,2021-01-19,26.39
Benin,BEN,2021-01-20,26.39
Benin,BEN,2021-01-21,26.39
Benin,BEN,2021-01-22,26.39
Benin,BEN,2021-01-23,26.39
Benin,BEN,2021-01-24,26.39
Benin,BEN,2021-01-25,26.39
Benin,BEN,2021-01-26,26.39
Benin,BEN,2021-01-27,26.39
Benin,BEN,2021-01-28,26.39
Benin,BEN,2021-01-29,26.39
Benin,BEN,2021-01-30,26.39
Benin,BEN,2021-01-31,26.39
Benin,BEN,2021-02-01,26.39
Benin,BEN,2021-02-02,26.39
Benin,BEN,2021-02-03,26.39
Benin,BEN,2021-02-04,26.39
Benin,BEN,2021-02-05,26.39
Benin,BEN,2021-02-06,26.39
Benin,BEN,2021-02-07,26.39
Benin,BEN,2021-02-08,26.39
Benin,BEN,2021-02-09,30.56
Benin,BEN,2021-02-10,30.56
Benin,BEN,2021-02-11,30.56
Benin,BEN,2021-02-12,30.56
Benin,BEN,2021-02-13,30.56
Benin,BEN,2021-02-14,30.56
Benin,BEN,2021-02-15,30.56
Benin,BEN,2021-02-16,30.56
Benin,BEN,2021-02-17,30.56
Benin,BEN,2021-02-18,30.56
Benin,BEN,2021-02-19,30.56
Benin,BEN,2021-02-20,30.56
Benin,BEN,2021-02-21,30.56
Benin,BEN,2021-02-22,30.56
Benin,BEN,2021-02-23,30.56
Benin,BEN,2021-02-24,30.56
Benin,BEN,2021-02-25,30.56
Benin,BEN,2021-02-26,30.56
Benin,BEN,2021-02-27,30.56
Benin,BEN,2021-02-28,30.56
Benin,BEN,2021-03-01,30.56
Benin,BEN,2021-03-02,30.56
Benin,BEN,2021-03-03,30.56
Benin,BEN,2021-03-04,30.56
Benin,BEN,2021-03-05,30.56
Benin,BEN,2021-03-06,30.56
Benin,BEN,2021-03-07,30.56
Bermuda,BMU,2020-01-01,0
Bermuda,BMU,2020-01-02,0
Bermuda,BMU,2020-01-03,0
Bermuda,BMU,2020-01-04,0
Bermuda,BMU,2020-01-05,0
Bermuda,BMU,2020-01-06,0
Bermuda,BMU,2020-01-07,0
Bermuda,BMU,2020-01-08,0
Bermuda,BMU,2020-01-09,0
Bermuda,BMU,2020-01-10,0
Bermuda,BMU,2020-01-11,0
Bermuda,BMU,2020-01-12,0
Bermuda,BMU,2020-01-13,0
Bermuda,BMU,2020-01-14,0
Bermuda,BMU,2020-01-15,0
Bermuda,BMU,2020-01-16,0
Bermuda,BMU,2020-01-17,0
Bermuda,BMU,2020-01-18,0
Bermuda,BMU,2020-01-19,0
Bermuda,BMU,2020-01-20,0
Bermuda,BMU,2020-01-21,0
Bermuda,BMU,2020-01-22,11.11
Bermuda,BMU,2020-01-23,11.11
Bermuda,BMU,2020-01-24,11.11
Bermuda,BMU,2020-01-25,11.11
Bermuda,BMU,2020-01-26,11.11
Bermuda,BMU,2020-01-27,11.11
Bermuda,BMU,2020-01-28,11.11
Bermuda,BMU,2020-01-29,11.11
Bermuda,BMU,2020-01-30,11.11
Bermuda,BMU,2020-01-31,11.11
Bermuda,BMU,2020-02-01,11.11
Bermuda,BMU,2020-02-02,11.11
Bermuda,BMU,2020-02-03,11.11
Bermuda,BMU,2020-02-04,11.11
Bermuda,BMU,2020-02-05,11.11
Bermuda,BMU,2020-02-06,11.11
Bermuda,BMU,2020-02-07,19.44
Bermuda,BMU,2020-02-08,19.44
Bermuda,BMU,2020-02-09,19.44
Bermuda,BMU,2020-02-10,19.44
Bermuda,BMU,2020-02-11,19.44
Bermuda,BMU,2020-02-12,19.44
Bermuda,BMU,2020-02-13,19.44
Bermuda,BMU,2020-02-14,19.44
Bermuda,BMU,2020-02-15,19.44
Bermuda,BMU,2020-02-16,19.44
Bermuda,BMU,2020-02-17,19.44
Bermuda,BMU,2020-02-18,19.44
Bermuda,BMU,2020-02-19,19.44
Bermuda,BMU,2020-02-20,19.44
Bermuda,BMU,2020-02-21,19.44
Bermuda,BMU,2020-02-22,19.44
Bermuda,BMU,2020-02-23,19.44
Bermuda,BMU,2020-02-24,19.44
Bermuda,BMU,2020-02-25,19.44
Bermuda,BMU,2020-02-26,19.44
Bermuda,BMU,2020-02-27,19.44
Bermuda,BMU,2020-02-28,19.44
Bermuda,BMU,2020-02-29,19.44
Bermuda,BMU,2020-03-01,19.44
Bermuda,BMU,2020-03-02,19.44
Bermuda,BMU,2020-03-03,19.44
Bermuda,BMU,2020-03-04,19.44
Bermuda,BMU,2020-03-05,19.44
Bermuda,BMU,2020-03-06,19.44
Bermuda,BMU,2020-03-07,19.44
Bermuda,BMU,2020-03-08,19.44
Bermuda,BMU,2020-03-09,19.44
Bermuda,BMU,2020-03-10,19.44
Bermuda,BMU,2020-03-11,19.44
Bermuda,BMU,2020-03-12,19.44
Bermuda,BMU,2020-03-13,19.44
Bermuda,BMU,2020-03-14,19.44
Bermuda,BMU,2020-03-15,19.44
Bermuda,BMU,2020-03-16,19.44
Bermuda,BMU,2020-03-17,19.44
Bermuda,BMU,2020-03-18,19.44
Bermuda,BMU,2020-03-19,30.56
Bermuda,BMU,2020-03-20,48.15
Bermuda,BMU,2020-03-21,48.15
Bermuda,BMU,2020-03-22,48.15
Bermuda,BMU,2020-03-23,48.15
Bermuda,BMU,2020-03-24,48.15
Bermuda,BMU,2020-03-25,48.15
Bermuda,BMU,2020-03-26,51.85
Bermuda,BMU,2020-03-27,51.85
Bermuda,BMU,2020-03-28,51.85
Bermuda,BMU,2020-03-29,51.85
Bermuda,BMU,2020-03-30,51.85
Bermuda,BMU,2020-03-31,51.85
Bermuda,BMU,2020-04-01,51.85
Bermuda,BMU,2020-04-02,51.85
Bermuda,BMU,2020-04-03,51.85
Bermuda,BMU,2020-04-04,96.3
Bermuda,BMU,2020-04-05,96.3
Bermuda,BMU,2020-04-06,96.3
Bermuda,BMU,2020-04-07,96.3
Bermuda,BMU,2020-04-08,96.3
Bermuda,BMU,2020-04-09,96.3
Bermuda,BMU,2020-04-10,96.3
Bermuda,BMU,2020-04-11,96.3
Bermuda,BMU,2020-04-12,96.3
Bermuda,BMU,2020-04-13,96.3
Bermuda,BMU,2020-04-14,96.3
Bermuda,BMU,2020-04-15,96.3
Bermuda,BMU,2020-04-16,96.3
Bermuda,BMU,2020-04-17,96.3
Bermuda,BMU,2020-04-18,96.3
Bermuda,BMU,2020-04-19,96.3
Bermuda,BMU,2020-04-20,96.3
Bermuda,BMU,2020-04-21,96.3
Bermuda,BMU,2020-04-22,96.3
Bermuda,BMU,2020-04-23,96.3
Bermuda,BMU,2020-04-24,96.3
Bermuda,BMU,2020-04-25,96.3
Bermuda,BMU,2020-04-26,96.3
Bermuda,BMU,2020-04-27,96.3
Bermuda,BMU,2020-04-28,96.3
Bermuda,BMU,2020-04-29,96.3
Bermuda,BMU,2020-04-30,96.3
Bermuda,BMU,2020-05-01,96.3
Bermuda,BMU,2020-05-02,75.93
Bermuda,BMU,2020-05-03,72.22
Bermuda,BMU,2020-05-04,72.22
Bermuda,BMU,2020-05-05,72.22
Bermuda,BMU,2020-05-06,72.22
Bermuda,BMU,2020-05-07,72.22
Bermuda,BMU,2020-05-08,72.22
Bermuda,BMU,2020-05-09,72.22
Bermuda,BMU,2020-05-10,72.22
Bermuda,BMU,2020-05-11,72.22
Bermuda,BMU,2020-05-12,72.22
Bermuda,BMU,2020-05-13,72.22
Bermuda,BMU,2020-05-14,72.22
Bermuda,BMU,2020-05-15,72.22
Bermuda,BMU,2020-05-16,72.22
Bermuda,BMU,2020-05-17,72.22
Bermuda,BMU,2020-05-18,72.22
Bermuda,BMU,2020-05-19,72.22
Bermuda,BMU,2020-05-20,72.22
Bermuda,BMU,2020-05-21,72.22
Bermuda,BMU,2020-05-22,72.22
Bermuda,BMU,2020-05-23,72.22
Bermuda,BMU,2020-05-24,72.22
Bermuda,BMU,2020-05-25,72.22
Bermuda,BMU,2020-05-26,72.22
Bermuda,BMU,2020-05-27,72.22
Bermuda,BMU,2020-05-28,72.22
Bermuda,BMU,2020-05-29,72.22
Bermuda,BMU,2020-05-30,72.22
Bermuda,BMU,2020-05-31,72.22
Bermuda,BMU,2020-06-01,72.22
Bermuda,BMU,2020-06-02,72.22
Bermuda,BMU,2020-06-03,72.22
Bermuda,BMU,2020-06-04,72.22
Bermuda,BMU,2020-06-05,72.22
Bermuda,BMU,2020-06-06,72.22
Bermuda,BMU,2020-06-07,72.22
Bermuda,BMU,2020-06-08,72.22
Bermuda,BMU,2020-06-09,72.22
Bermuda,BMU,2020-06-10,72.22
Bermuda,BMU,2020-06-11,62.04
Bermuda,BMU,2020-06-12,62.04
Bermuda,BMU,2020-06-13,62.04
Bermuda,BMU,2020-06-14,62.04
Bermuda,BMU,2020-06-15,62.04
Bermuda,BMU,2020-06-16,62.04
Bermuda,BMU,2020-06-17,62.04
Bermuda,BMU,2020-06-18,62.04
Bermuda,BMU,2020-06-19,62.04
Bermuda,BMU,2020-06-20,62.04
Bermuda,BMU,2020-06-21,62.04
Bermuda,BMU,2020-06-22,62.04
Bermuda,BMU,2020-06-23,62.04
Bermuda,BMU,2020-06-24,62.04
Bermuda,BMU,2020-06-25,62.04
Bermuda,BMU,2020-06-26,62.04
Bermuda,BMU,2020-06-27,62.04
Bermuda,BMU,2020-06-28,62.04
Bermuda,BMU,2020-06-29,62.04
Bermuda,BMU,2020-06-30,62.04
Bermuda,BMU,2020-07-01,51.85
Bermuda,BMU,2020-07-02,51.85
Bermuda,BMU,2020-07-03,51.85
Bermuda,BMU,2020-07-04,51.85
Bermuda,BMU,2020-07-05,51.85
Bermuda,BMU,2020-07-06,51.85
Bermuda,BMU,2020-07-07,51.85
Bermuda,BMU,2020-07-08,51.85
Bermuda,BMU,2020-07-09,51.85
Bermuda,BMU,2020-07-10,51.85
Bermuda,BMU,2020-07-11,51.85
Bermuda,BMU,2020-07-12,51.85
Bermuda,BMU,2020-07-13,51.85
Bermuda,BMU,2020-07-14,51.85
Bermuda,BMU,2020-07-15,51.85
Bermuda,BMU,2020-07-16,51.85
Bermuda,BMU,2020-07-17,51.85
Bermuda,BMU,2020-07-18,51.85
Bermuda,BMU,2020-07-19,51.85
Bermuda,BMU,2020-07-20,44.44
Bermuda,BMU,2020-07-21,44.44
Bermuda,BMU,2020-07-22,44.44
Bermuda,BMU,2020-07-23,44.44
Bermuda,BMU,2020-07-24,44.44
Bermuda,BMU,2020-07-25,44.44
Bermuda,BMU,2020-07-26,44.44
Bermuda,BMU,2020-07-27,44.44
Bermuda,BMU,2020-07-28,44.44
Bermuda,BMU,2020-07-29,44.44
Bermuda,BMU,2020-07-30,44.44
Bermuda,BMU,2020-07-31,44.44
Bermuda,BMU,2020-08-01,44.44
Bermuda,BMU,2020-08-02,44.44
Bermuda,BMU,2020-08-03,44.44
Bermuda,BMU,2020-08-04,44.44
Bermuda,BMU,2020-08-05,44.44
Bermuda,BMU,2020-08-06,44.44
Bermuda,BMU,2020-08-07,44.44
Bermuda,BMU,2020-08-08,44.44
Bermuda,BMU,2020-08-09,44.44
Bermuda,BMU,2020-08-10,44.44
Bermuda,BMU,2020-08-11,44.44
Bermuda,BMU,2020-08-12,44.44
Bermuda,BMU,2020-08-13,44.44
Bermuda,BMU,2020-08-14,44.44
Bermuda,BMU,2020-08-15,44.44
Bermuda,BMU,2020-08-16,44.44
Bermuda,BMU,2020-08-17,44.44
Bermuda,BMU,2020-08-18,44.44
Bermuda,BMU,2020-08-19,44.44
Bermuda,BMU,2020-08-20,44.44
Bermuda,BMU,2020-08-21,44.44
Bermuda,BMU,2020-08-22,44.44
Bermuda,BMU,2020-08-23,44.44
Bermuda,BMU,2020-08-24,44.44
Bermuda,BMU,2020-08-25,44.44
Bermuda,BMU,2020-08-26,44.44
Bermuda,BMU,2020-08-27,44.44
Bermuda,BMU,2020-08-28,44.44
Bermuda,BMU,2020-08-29,44.44
Bermuda,BMU,2020-08-30,44.44
Bermuda,BMU,2020-08-31,44.44
Bermuda,BMU,2020-09-01,44.44
Bermuda,BMU,2020-09-02,44.44
Bermuda,BMU,2020-09-03,44.44
Bermuda,BMU,2020-09-04,44.44
Bermuda,BMU,2020-09-05,38.89
Bermuda,BMU,2020-09-06,38.89
Bermuda,BMU,2020-09-07,38.89
Bermuda,BMU,2020-09-08,38.89
Bermuda,BMU,2020-09-09,38.89
Bermuda,BMU,2020-09-10,38.89
Bermuda,BMU,2020-09-11,38.89
Bermuda,BMU,2020-09-12,38.89
Bermuda,BMU,2020-09-13,38.89
Bermuda,BMU,2020-09-14,35.19
Bermuda,BMU,2020-09-15,35.19
Bermuda,BMU,2020-09-16,35.19
Bermuda,BMU,2020-09-17,35.19
Bermuda,BMU,2020-09-18,35.19
Bermuda,BMU,2020-09-19,35.19
Bermuda,BMU,2020-09-20,35.19
Bermuda,BMU,2020-09-21,35.19
Bermuda,BMU,2020-09-22,35.19
Bermuda,BMU,2020-09-23,35.19
Bermuda,BMU,2020-09-24,35.19
Bermuda,BMU,2020-09-25,35.19
Bermuda,BMU,2020-09-26,35.19
Bermuda,BMU,2020-09-27,35.19
Bermuda,BMU,2020-09-28,35.19
Bermuda,BMU,2020-09-29,35.19
Bermuda,BMU,2020-09-30,35.19
Bermuda,BMU,2020-10-01,35.19
Bermuda,BMU,2020-10-02,35.19
Bermuda,BMU,2020-10-03,35.19
Bermuda,BMU,2020-10-04,35.19
Bermuda,BMU,2020-10-05,35.19
Bermuda,BMU,2020-10-06,35.19
Bermuda,BMU,2020-10-07,35.19
Bermuda,BMU,2020-10-08,35.19
Bermuda,BMU,2020-10-09,32.41
Bermuda,BMU,2020-10-10,32.41
Bermuda,BMU,2020-10-11,32.41
Bermuda,BMU,2020-10-12,32.41
Bermuda,BMU,2020-10-13,32.41
Bermuda,BMU,2020-10-14,32.41
Bermuda,BMU,2020-10-15,32.41
Bermuda,BMU,2020-10-16,32.41
Bermuda,BMU,2020-10-17,32.41
Bermuda,BMU,2020-10-18,35.19
Bermuda,BMU,2020-10-19,35.19
Bermuda,BMU,2020-10-20,35.19
Bermuda,BMU,2020-10-21,35.19
Bermuda,BMU,2020-10-22,35.19
Bermuda,BMU,2020-10-23,37.96
Bermuda,BMU,2020-10-24,37.96
Bermuda,BMU,2020-10-25,37.96
Bermuda,BMU,2020-10-26,37.96
Bermuda,BMU,2020-10-27,37.96
Bermuda,BMU,2020-10-28,37.96
Bermuda,BMU,2020-10-29,37.96
Bermuda,BMU,2020-10-30,37.96
Bermuda,BMU,2020-10-31,37.96
Bermuda,BMU,2020-11-01,37.96
Bermuda,BMU,2020-11-02,37.96
Bermuda,BMU,2020-11-03,37.96
Bermuda,BMU,2020-11-04,37.96
Bermuda,BMU,2020-11-05,37.96
Bermuda,BMU,2020-11-06,37.96
Bermuda,BMU,2020-11-07,37.96
Bermuda,BMU,2020-11-08,37.96
Bermuda,BMU,2020-11-09,37.96
Bermuda,BMU,2020-11-10,37.96
Bermuda,BMU,2020-11-11,37.96
Bermuda,BMU,2020-11-12,37.96
Bermuda,BMU,2020-11-13,37.96
Bermuda,BMU,2020-11-14,37.96
Bermuda,BMU,2020-11-15,37.96
Bermuda,BMU,2020-11-16,37.96
Bermuda,BMU,2020-11-17,37.96
Bermuda,BMU,2020-11-18,37.96
Bermuda,BMU,2020-11-19,37.96
Bermuda,BMU,2020-11-20,37.96
Bermuda,BMU,2020-11-21,37.96
Bermuda,BMU,2020-11-22,37.96
Bermuda,BMU,2020-11-23,37.96
Bermuda,BMU,2020-11-24,37.96
Bermuda,BMU,2020-11-25,37.96
Bermuda,BMU,2020-11-26,37.96
Bermuda,BMU,2020-11-27,37.96
Bermuda,BMU,2020-11-28,37.96
Bermuda,BMU,2020-11-29,37.96
Bermuda,BMU,2020-11-30,37.96
Bermuda,BMU,2020-12-01,37.96
Bermuda,BMU,2020-12-02,37.96
Bermuda,BMU,2020-12-03,37.96
Bermuda,BMU,2020-12-04,37.96
Bermuda,BMU,2020-12-05,37.96
Bermuda,BMU,2020-12-06,37.96
Bermuda,BMU,2020-12-07,37.96
Bermuda,BMU,2020-12-08,41.67
Bermuda,BMU,2020-12-09,45.37
Bermuda,BMU,2020-12-10,45.37
Bermuda,BMU,2020-12-11,50.93
Bermuda,BMU,2020-12-12,66.67
Bermuda,BMU,2020-12-13,66.67
Bermuda,BMU,2020-12-14,66.67
Bermuda,BMU,2020-12-15,66.67
Bermuda,BMU,2020-12-16,66.67
Bermuda,BMU,2020-12-17,61.11
Bermuda,BMU,2020-12-18,61.11
Bermuda,BMU,2020-12-19,61.11
Bermuda,BMU,2020-12-20,61.11
Bermuda,BMU,2020-12-21,61.11
Bermuda,BMU,2020-12-22,61.11
Bermuda,BMU,2020-12-23,61.11
Bermuda,BMU,2020-12-24,61.11
Bermuda,BMU,2020-12-25,61.11
Bermuda,BMU,2020-12-26,61.11
Bermuda,BMU,2020-12-27,61.11
Bermuda,BMU,2020-12-28,61.11
Bermuda,BMU,2020-12-29,61.11
Bermuda,BMU,2020-12-30,61.11
Bermuda,BMU,2020-12-31,61.11
Bermuda,BMU,2021-01-01,61.11
Bermuda,BMU,2021-01-02,61.11
Bermuda,BMU,2021-01-03,61.11
Bermuda,BMU,2021-01-04,61.11
Bermuda,BMU,2021-01-05,61.11
Bermuda,BMU,2021-01-06,61.11
Bermuda,BMU,2021-01-07,61.11
Bermuda,BMU,2021-01-08,61.11
Bermuda,BMU,2021-01-09,61.11
Bermuda,BMU,2021-01-10,61.11
Bermuda,BMU,2021-01-11,61.11
Bermuda,BMU,2021-01-12,61.11
Bermuda,BMU,2021-01-13,57.41
Bermuda,BMU,2021-01-14,57.41
Bermuda,BMU,2021-01-15,57.41
Bermuda,BMU,2021-01-16,57.41
Bermuda,BMU,2021-01-17,57.41
Bermuda,BMU,2021-01-18,57.41
Bermuda,BMU,2021-01-19,57.41
Bermuda,BMU,2021-01-20,57.41
Bermuda,BMU,2021-01-21,50.93
Bermuda,BMU,2021-01-22,50.93
Bermuda,BMU,2021-01-23,50.93
Bermuda,BMU,2021-01-24,50.93
Bermuda,BMU,2021-01-25,50.93
Bermuda,BMU,2021-01-26,50.93
Bermuda,BMU,2021-01-27,50.93
Bermuda,BMU,2021-01-28,50.93
Bermuda,BMU,2021-01-29,50.93
Bermuda,BMU,2021-01-30,50.93
Bermuda,BMU,2021-01-31,50.93
Bermuda,BMU,2021-02-01,50.93
Bermuda,BMU,2021-02-02,50.93
Bermuda,BMU,2021-02-03,50.93
Bermuda,BMU,2021-02-04,50.93
Bermuda,BMU,2021-02-05,50.93
Bermuda,BMU,2021-02-06,50.93
Bermuda,BMU,2021-02-07,50.93
Bermuda,BMU,2021-02-08,50.93
Bermuda,BMU,2021-02-09,50.93
Bermuda,BMU,2021-02-10,50.93
Bermuda,BMU,2021-02-11,50.93
Bermuda,BMU,2021-02-12,50.93
Bermuda,BMU,2021-02-13,50.93
Bermuda,BMU,2021-02-14,50.93
Bermuda,BMU,2021-02-15,50.93
Bermuda,BMU,2021-02-16,47.22
Bermuda,BMU,2021-02-17,47.22
Bermuda,BMU,2021-02-18,47.22
Bermuda,BMU,2021-02-19,47.22
Bermuda,BMU,2021-02-20,47.22
Bermuda,BMU,2021-02-21,47.22
Bermuda,BMU,2021-02-22,47.22
Bermuda,BMU,2021-02-23,47.22
Bermuda,BMU,2021-02-24,47.22
Bermuda,BMU,2021-02-25,47.22
Bermuda,BMU,2021-02-26,47.22
Bermuda,BMU,2021-02-27,47.22
Bermuda,BMU,2021-02-28,47.22
Bermuda,BMU,2021-03-01,47.22
Bermuda,BMU,2021-03-02,47.22
Bermuda,BMU,2021-03-03,47.22
Bermuda,BMU,2021-03-04,47.22
Bermuda,BMU,2021-03-05,47.22
Bermuda,BMU,2021-03-06,47.22
Bermuda,BMU,2021-03-07,47.22
Bhutan,BTN,2020-01-01,0
Bhutan,BTN,2020-01-02,0
Bhutan,BTN,2020-01-03,0
Bhutan,BTN,2020-01-04,0
Bhutan,BTN,2020-01-05,0
Bhutan,BTN,2020-01-06,0
Bhutan,BTN,2020-01-07,0
Bhutan,BTN,2020-01-08,0
Bhutan,BTN,2020-01-09,0
Bhutan,BTN,2020-01-10,0
Bhutan,BTN,2020-01-11,0
Bhutan,BTN,2020-01-12,0
Bhutan,BTN,2020-01-13,0
Bhutan,BTN,2020-01-14,0
Bhutan,BTN,2020-01-15,8.33
Bhutan,BTN,2020-01-16,8.33
Bhutan,BTN,2020-01-17,8.33
Bhutan,BTN,2020-01-18,8.33
Bhutan,BTN,2020-01-19,8.33
Bhutan,BTN,2020-01-20,8.33
Bhutan,BTN,2020-01-21,8.33
Bhutan,BTN,2020-01-22,8.33
Bhutan,BTN,2020-01-23,13.89
Bhutan,BTN,2020-01-24,13.89
Bhutan,BTN,2020-01-25,13.89
Bhutan,BTN,2020-01-26,13.89
Bhutan,BTN,2020-01-27,13.89
Bhutan,BTN,2020-01-28,13.89
Bhutan,BTN,2020-01-29,13.89
Bhutan,BTN,2020-01-30,13.89
Bhutan,BTN,2020-01-31,13.89
Bhutan,BTN,2020-02-01,13.89
Bhutan,BTN,2020-02-02,13.89
Bhutan,BTN,2020-02-03,13.89
Bhutan,BTN,2020-02-04,13.89
Bhutan,BTN,2020-02-05,13.89
Bhutan,BTN,2020-02-06,13.89
Bhutan,BTN,2020-02-07,13.89
Bhutan,BTN,2020-02-08,13.89
Bhutan,BTN,2020-02-09,13.89
Bhutan,BTN,2020-02-10,13.89
Bhutan,BTN,2020-02-11,13.89
Bhutan,BTN,2020-02-12,13.89
Bhutan,BTN,2020-02-13,13.89
Bhutan,BTN,2020-02-14,13.89
Bhutan,BTN,2020-02-15,13.89
Bhutan,BTN,2020-02-16,13.89
Bhutan,BTN,2020-02-17,13.89
Bhutan,BTN,2020-02-18,13.89
Bhutan,BTN,2020-02-19,13.89
Bhutan,BTN,2020-02-20,13.89
Bhutan,BTN,2020-02-21,13.89
Bhutan,BTN,2020-02-22,13.89
Bhutan,BTN,2020-02-23,13.89
Bhutan,BTN,2020-02-24,13.89
Bhutan,BTN,2020-02-25,13.89
Bhutan,BTN,2020-02-26,13.89
Bhutan,BTN,2020-02-27,13.89
Bhutan,BTN,2020-02-28,13.89
Bhutan,BTN,2020-02-29,13.89
Bhutan,BTN,2020-03-01,13.89
Bhutan,BTN,2020-03-02,13.89
Bhutan,BTN,2020-03-03,13.89
Bhutan,BTN,2020-03-04,13.89
Bhutan,BTN,2020-03-05,13.89
Bhutan,BTN,2020-03-06,31.48
Bhutan,BTN,2020-03-07,31.48
Bhutan,BTN,2020-03-08,31.48
Bhutan,BTN,2020-03-09,31.48
Bhutan,BTN,2020-03-10,31.48
Bhutan,BTN,2020-03-11,31.48
Bhutan,BTN,2020-03-12,31.48
Bhutan,BTN,2020-03-13,31.48
Bhutan,BTN,2020-03-14,31.48
Bhutan,BTN,2020-03-15,31.48
Bhutan,BTN,2020-03-16,31.48
Bhutan,BTN,2020-03-17,31.48
Bhutan,BTN,2020-03-18,33.33
Bhutan,BTN,2020-03-19,33.33
Bhutan,BTN,2020-03-20,33.33
Bhutan,BTN,2020-03-21,33.33
Bhutan,BTN,2020-03-22,33.33
Bhutan,BTN,2020-03-23,38.89
Bhutan,BTN,2020-03-24,38.89
Bhutan,BTN,2020-03-25,38.89
Bhutan,BTN,2020-03-26,42.59
Bhutan,BTN,2020-03-27,83.33
Bhutan,BTN,2020-03-28,83.33
Bhutan,BTN,2020-03-29,83.33
Bhutan,BTN,2020-03-30,83.33
Bhutan,BTN,2020-03-31,83.33
Bhutan,BTN,2020-04-01,83.33
Bhutan,BTN,2020-04-02,83.33
Bhutan,BTN,2020-04-03,83.33
Bhutan,BTN,2020-04-04,83.33
Bhutan,BTN,2020-04-05,83.33
Bhutan,BTN,2020-04-06,83.33
Bhutan,BTN,2020-04-07,83.33
Bhutan,BTN,2020-04-08,83.33
Bhutan,BTN,2020-04-09,83.33
Bhutan,BTN,2020-04-10,83.33
Bhutan,BTN,2020-04-11,83.33
Bhutan,BTN,2020-04-12,83.33
Bhutan,BTN,2020-04-13,83.33
Bhutan,BTN,2020-04-14,83.33
Bhutan,BTN,2020-04-15,83.33
Bhutan,BTN,2020-04-16,83.33
Bhutan,BTN,2020-04-17,83.33
Bhutan,BTN,2020-04-18,83.33
Bhutan,BTN,2020-04-19,83.33
Bhutan,BTN,2020-04-20,83.33
Bhutan,BTN,2020-04-21,83.33
Bhutan,BTN,2020-04-22,83.33
Bhutan,BTN,2020-04-23,83.33
Bhutan,BTN,2020-04-24,83.33
Bhutan,BTN,2020-04-25,83.33
Bhutan,BTN,2020-04-26,83.33
Bhutan,BTN,2020-04-27,83.33
Bhutan,BTN,2020-04-28,83.33
Bhutan,BTN,2020-04-29,83.33
Bhutan,BTN,2020-04-30,83.33
Bhutan,BTN,2020-05-01,83.33
Bhutan,BTN,2020-05-02,83.33
Bhutan,BTN,2020-05-03,83.33
Bhutan,BTN,2020-05-04,83.33
Bhutan,BTN,2020-05-05,83.33
Bhutan,BTN,2020-05-06,83.33
Bhutan,BTN,2020-05-07,83.33
Bhutan,BTN,2020-05-08,83.33
Bhutan,BTN,2020-05-09,83.33
Bhutan,BTN,2020-05-10,83.33
Bhutan,BTN,2020-05-11,83.33
Bhutan,BTN,2020-05-12,83.33
Bhutan,BTN,2020-05-13,83.33
Bhutan,BTN,2020-05-14,83.33
Bhutan,BTN,2020-05-15,83.33
Bhutan,BTN,2020-05-16,83.33
Bhutan,BTN,2020-05-17,83.33
Bhutan,BTN,2020-05-18,83.33
Bhutan,BTN,2020-05-19,83.33
Bhutan,BTN,2020-05-20,83.33
Bhutan,BTN,2020-05-21,83.33
Bhutan,BTN,2020-05-22,83.33
Bhutan,BTN,2020-05-23,83.33
Bhutan,BTN,2020-05-24,83.33
Bhutan,BTN,2020-05-25,83.33
Bhutan,BTN,2020-05-26,83.33
Bhutan,BTN,2020-05-27,83.33
Bhutan,BTN,2020-05-28,83.33
Bhutan,BTN,2020-05-29,83.33
Bhutan,BTN,2020-05-30,83.33
Bhutan,BTN,2020-05-31,83.33
Bhutan,BTN,2020-06-01,83.33
Bhutan,BTN,2020-06-02,83.33
Bhutan,BTN,2020-06-03,83.33
Bhutan,BTN,2020-06-04,83.33
Bhutan,BTN,2020-06-05,83.33
Bhutan,BTN,2020-06-06,83.33
Bhutan,BTN,2020-06-07,83.33
Bhutan,BTN,2020-06-08,83.33
Bhutan,BTN,2020-06-09,83.33
Bhutan,BTN,2020-06-10,83.33
Bhutan,BTN,2020-06-11,83.33
Bhutan,BTN,2020-06-12,83.33
Bhutan,BTN,2020-06-13,83.33
Bhutan,BTN,2020-06-14,83.33
Bhutan,BTN,2020-06-15,83.33
Bhutan,BTN,2020-06-16,83.33
Bhutan,BTN,2020-06-17,83.33
Bhutan,BTN,2020-06-18,83.33
Bhutan,BTN,2020-06-19,83.33
Bhutan,BTN,2020-06-20,83.33
Bhutan,BTN,2020-06-21,83.33
Bhutan,BTN,2020-06-22,83.33
Bhutan,BTN,2020-06-23,83.33
Bhutan,BTN,2020-06-24,83.33
Bhutan,BTN,2020-06-25,83.33
Bhutan,BTN,2020-06-26,83.33
Bhutan,BTN,2020-06-27,83.33
Bhutan,BTN,2020-06-28,83.33
Bhutan,BTN,2020-06-29,83.33
Bhutan,BTN,2020-06-30,83.33
Bhutan,BTN,2020-07-01,71.3
Bhutan,BTN,2020-07-02,71.3
Bhutan,BTN,2020-07-03,71.3
Bhutan,BTN,2020-07-04,71.3
Bhutan,BTN,2020-07-05,71.3
Bhutan,BTN,2020-07-06,71.3
Bhutan,BTN,2020-07-07,71.3
Bhutan,BTN,2020-07-08,71.3
Bhutan,BTN,2020-07-09,71.3
Bhutan,BTN,2020-07-10,71.3
Bhutan,BTN,2020-07-11,71.3
Bhutan,BTN,2020-07-12,71.3
Bhutan,BTN,2020-07-13,71.3
Bhutan,BTN,2020-07-14,62.96
Bhutan,BTN,2020-07-15,62.96
Bhutan,BTN,2020-07-16,62.96
Bhutan,BTN,2020-07-17,62.96
Bhutan,BTN,2020-07-18,62.96
Bhutan,BTN,2020-07-19,62.96
Bhutan,BTN,2020-07-20,62.96
Bhutan,BTN,2020-07-21,62.96
Bhutan,BTN,2020-07-22,62.96
Bhutan,BTN,2020-07-23,62.96
Bhutan,BTN,2020-07-24,62.96
Bhutan,BTN,2020-07-25,62.96
Bhutan,BTN,2020-07-26,62.96
Bhutan,BTN,2020-07-27,62.96
Bhutan,BTN,2020-07-28,62.96
Bhutan,BTN,2020-07-29,62.96
Bhutan,BTN,2020-07-30,62.96
Bhutan,BTN,2020-07-31,62.96
Bhutan,BTN,2020-08-01,62.96
Bhutan,BTN,2020-08-02,62.96
Bhutan,BTN,2020-08-03,62.96
Bhutan,BTN,2020-08-04,62.96
Bhutan,BTN,2020-08-05,62.96
Bhutan,BTN,2020-08-06,62.96
Bhutan,BTN,2020-08-07,62.96
Bhutan,BTN,2020-08-08,62.96
Bhutan,BTN,2020-08-09,62.96
Bhutan,BTN,2020-08-10,62.96
Bhutan,BTN,2020-08-11,97.22
Bhutan,BTN,2020-08-12,97.22
Bhutan,BTN,2020-08-13,97.22
Bhutan,BTN,2020-08-14,97.22
Bhutan,BTN,2020-08-15,97.22
Bhutan,BTN,2020-08-16,97.22
Bhutan,BTN,2020-08-17,97.22
Bhutan,BTN,2020-08-18,97.22
Bhutan,BTN,2020-08-19,97.22
Bhutan,BTN,2020-08-20,97.22
Bhutan,BTN,2020-08-21,97.22
Bhutan,BTN,2020-08-22,97.22
Bhutan,BTN,2020-08-23,97.22
Bhutan,BTN,2020-08-24,97.22
Bhutan,BTN,2020-08-25,97.22
Bhutan,BTN,2020-08-26,97.22
Bhutan,BTN,2020-08-27,97.22
Bhutan,BTN,2020-08-28,97.22
Bhutan,BTN,2020-08-29,97.22
Bhutan,BTN,2020-08-30,97.22
Bhutan,BTN,2020-08-31,97.22
Bhutan,BTN,2020-09-01,92.13
Bhutan,BTN,2020-09-02,92.13
Bhutan,BTN,2020-09-03,92.13
Bhutan,BTN,2020-09-04,89.35
Bhutan,BTN,2020-09-05,89.35
Bhutan,BTN,2020-09-06,89.35
Bhutan,BTN,2020-09-07,89.35
Bhutan,BTN,2020-09-08,89.35
Bhutan,BTN,2020-09-09,89.35
Bhutan,BTN,2020-09-10,89.35
Bhutan,BTN,2020-09-11,89.35
Bhutan,BTN,2020-09-12,89.35
Bhutan,BTN,2020-09-13,89.35
Bhutan,BTN,2020-09-14,87.5
Bhutan,BTN,2020-09-15,87.5
Bhutan,BTN,2020-09-16,87.5
Bhutan,BTN,2020-09-17,87.5
Bhutan,BTN,2020-09-18,87.5
Bhutan,BTN,2020-09-19,87.5
Bhutan,BTN,2020-09-20,83.8
Bhutan,BTN,2020-09-21,83.8
Bhutan,BTN,2020-09-22,83.8
Bhutan,BTN,2020-09-23,81.02
Bhutan,BTN,2020-09-24,81.02
Bhutan,BTN,2020-09-25,81.02
Bhutan,BTN,2020-09-26,81.02
Bhutan,BTN,2020-09-27,81.02
Bhutan,BTN,2020-09-28,79.17
Bhutan,BTN,2020-09-29,77.78
Bhutan,BTN,2020-09-30,77.78
Bhutan,BTN,2020-10-01,77.78
Bhutan,BTN,2020-10-02,77.78
Bhutan,BTN,2020-10-03,77.78
Bhutan,BTN,2020-10-04,77.78
Bhutan,BTN,2020-10-05,77.78
Bhutan,BTN,2020-10-06,77.78
Bhutan,BTN,2020-10-07,77.78
Bhutan,BTN,2020-10-08,77.78
Bhutan,BTN,2020-10-09,77.78
Bhutan,BTN,2020-10-10,77.78
Bhutan,BTN,2020-10-11,77.78
Bhutan,BTN,2020-10-12,77.78
Bhutan,BTN,2020-10-13,77.78
Bhutan,BTN,2020-10-14,77.78
Bhutan,BTN,2020-10-15,77.78
Bhutan,BTN,2020-10-16,77.78
Bhutan,BTN,2020-10-17,77.78
Bhutan,BTN,2020-10-18,77.78
Bhutan,BTN,2020-10-19,77.78
Bhutan,BTN,2020-10-20,77.78
Bhutan,BTN,2020-10-21,77.78
Bhutan,BTN,2020-10-22,77.78
Bhutan,BTN,2020-10-23,77.78
Bhutan,BTN,2020-10-24,77.78
Bhutan,BTN,2020-10-25,77.78
Bhutan,BTN,2020-10-26,77.78
Bhutan,BTN,2020-10-27,77.78
Bhutan,BTN,2020-10-28,77.78
Bhutan,BTN,2020-10-29,77.78
Bhutan,BTN,2020-10-30,77.78
Bhutan,BTN,2020-10-31,77.78
Bhutan,BTN,2020-11-01,77.78
Bhutan,BTN,2020-11-02,77.78
Bhutan,BTN,2020-11-03,77.78
Bhutan,BTN,2020-11-04,77.78
Bhutan,BTN,2020-11-05,77.78
Bhutan,BTN,2020-11-06,77.78
Bhutan,BTN,2020-11-07,77.78
Bhutan,BTN,2020-11-08,77.78
Bhutan,BTN,2020-11-09,77.78
Bhutan,BTN,2020-11-10,66.67
Bhutan,BTN,2020-11-11,66.67
Bhutan,BTN,2020-11-12,66.67
Bhutan,BTN,2020-11-13,66.67
Bhutan,BTN,2020-11-14,66.67
Bhutan,BTN,2020-11-15,66.67
Bhutan,BTN,2020-11-16,66.67
Bhutan,BTN,2020-11-17,66.67
Bhutan,BTN,2020-11-18,66.67
Bhutan,BTN,2020-11-19,66.67
Bhutan,BTN,2020-11-20,66.67
Bhutan,BTN,2020-11-21,66.67
Bhutan,BTN,2020-11-22,66.67
Bhutan,BTN,2020-11-23,66.67
Bhutan,BTN,2020-11-24,64.81
Bhutan,BTN,2020-11-25,64.81
Bhutan,BTN,2020-11-26,64.81
Bhutan,BTN,2020-11-27,64.81
Bhutan,BTN,2020-11-28,64.81
Bhutan,BTN,2020-11-29,64.81
Bhutan,BTN,2020-11-30,64.81
Bhutan,BTN,2020-12-01,64.81
Bhutan,BTN,2020-12-02,64.81
Bhutan,BTN,2020-12-03,64.81
Bhutan,BTN,2020-12-04,64.81
Bhutan,BTN,2020-12-05,64.81
Bhutan,BTN,2020-12-06,64.81
Bhutan,BTN,2020-12-07,64.81
Bhutan,BTN,2020-12-08,64.81
Bhutan,BTN,2020-12-09,64.81
Bhutan,BTN,2020-12-10,64.81
Bhutan,BTN,2020-12-11,64.81
Bhutan,BTN,2020-12-12,64.81
Bhutan,BTN,2020-12-13,64.81
Bhutan,BTN,2020-12-14,64.81
Bhutan,BTN,2020-12-15,64.81
Bhutan,BTN,2020-12-16,64.81
Bhutan,BTN,2020-12-17,64.81
Bhutan,BTN,2020-12-18,64.81
Bhutan,BTN,2020-12-19,64.81
Bhutan,BTN,2020-12-20,81.94
Bhutan,BTN,2020-12-21,81.94
Bhutan,BTN,2020-12-22,81.94
Bhutan,BTN,2020-12-23,81.94
Bhutan,BTN,2020-12-24,81.94
Bhutan,BTN,2020-12-25,81.94
Bhutan,BTN,2020-12-26,81.94
Bhutan,BTN,2020-12-27,81.94
Bhutan,BTN,2020-12-28,81.94
Bhutan,BTN,2020-12-29,81.94
Bhutan,BTN,2020-12-30,81.94
Bhutan,BTN,2020-12-31,81.94
Bhutan,BTN,2021-01-01,81.94
Bhutan,BTN,2021-01-02,81.94
Bhutan,BTN,2021-01-03,81.94
Bhutan,BTN,2021-01-04,81.94
Bhutan,BTN,2021-01-05,81.94
Bhutan,BTN,2021-01-06,81.94
Bhutan,BTN,2021-01-07,81.94
Bhutan,BTN,2021-01-08,81.94
Bhutan,BTN,2021-01-09,81.94
Bhutan,BTN,2021-01-10,81.94
Bhutan,BTN,2021-01-11,81.94
Bhutan,BTN,2021-01-12,81.94
Bhutan,BTN,2021-01-13,81.94
Bhutan,BTN,2021-01-14,81.94
Bhutan,BTN,2021-01-15,81.94
Bhutan,BTN,2021-01-16,81.94
Bhutan,BTN,2021-01-17,81.94
Bhutan,BTN,2021-01-18,81.94
Bhutan,BTN,2021-01-19,69.91
Bhutan,BTN,2021-01-20,69.91
Bhutan,BTN,2021-01-21,69.91
Bhutan,BTN,2021-01-22,69.91
Bhutan,BTN,2021-01-23,69.91
Bhutan,BTN,2021-01-24,69.91
Bhutan,BTN,2021-01-25,69.91
Bhutan,BTN,2021-01-26,69.91
Bhutan,BTN,2021-01-27,69.91
Bhutan,BTN,2021-01-28,69.91
Bhutan,BTN,2021-01-29,69.91
Bhutan,BTN,2021-01-30,69.91
Bhutan,BTN,2021-01-31,69.91
Bhutan,BTN,2021-02-01,43.06
Bhutan,BTN,2021-02-02,43.06
Bhutan,BTN,2021-02-03,43.06
Bhutan,BTN,2021-02-04,43.06
Bhutan,BTN,2021-02-05,43.06
Bhutan,BTN,2021-02-06,43.06
Bhutan,BTN,2021-02-07,43.06
Bhutan,BTN,2021-02-08,43.06
Bhutan,BTN,2021-02-09,43.06
Bhutan,BTN,2021-02-10,43.06
Bhutan,BTN,2021-02-11,43.06
Bhutan,BTN,2021-02-12,43.06
Bhutan,BTN,2021-02-13,43.06
Bhutan,BTN,2021-02-14,43.06
Bhutan,BTN,2021-02-15,43.06
Bhutan,BTN,2021-02-16,43.06
Bhutan,BTN,2021-02-17,43.06
Bhutan,BTN,2021-02-18,43.06
Bhutan,BTN,2021-02-19,43.06
Bhutan,BTN,2021-02-20,43.06
Bhutan,BTN,2021-02-21,43.06
Bhutan,BTN,2021-02-22,43.06
Bhutan,BTN,2021-02-23,43.06
Bhutan,BTN,2021-02-24,43.06
Bhutan,BTN,2021-02-25,43.06
Bhutan,BTN,2021-02-26,43.06
Bhutan,BTN,2021-02-27,43.06
Bhutan,BTN,2021-02-28,43.06
Bhutan,BTN,2021-03-01,43.06
Bolivia,BOL,2020-01-01,0
Bolivia,BOL,2020-01-02,0
Bolivia,BOL,2020-01-03,0
Bolivia,BOL,2020-01-04,0
Bolivia,BOL,2020-01-05,0
Bolivia,BOL,2020-01-06,0
Bolivia,BOL,2020-01-07,0
Bolivia,BOL,2020-01-08,0
Bolivia,BOL,2020-01-09,0
Bolivia,BOL,2020-01-10,0
Bolivia,BOL,2020-01-11,0
Bolivia,BOL,2020-01-12,0
Bolivia,BOL,2020-01-13,0
Bolivia,BOL,2020-01-14,0
Bolivia,BOL,2020-01-15,0
Bolivia,BOL,2020-01-16,0
Bolivia,BOL,2020-01-17,0
Bolivia,BOL,2020-01-18,0
Bolivia,BOL,2020-01-19,0
Bolivia,BOL,2020-01-20,0
Bolivia,BOL,2020-01-21,0
Bolivia,BOL,2020-01-22,0
Bolivia,BOL,2020-01-23,0
Bolivia,BOL,2020-01-24,0
Bolivia,BOL,2020-01-25,0
Bolivia,BOL,2020-01-26,0
Bolivia,BOL,2020-01-27,0
Bolivia,BOL,2020-01-28,0
Bolivia,BOL,2020-01-29,0
Bolivia,BOL,2020-01-30,0
Bolivia,BOL,2020-01-31,0
Bolivia,BOL,2020-02-01,0
Bolivia,BOL,2020-02-02,0
Bolivia,BOL,2020-02-03,0
Bolivia,BOL,2020-02-04,0
Bolivia,BOL,2020-02-05,0
Bolivia,BOL,2020-02-06,0
Bolivia,BOL,2020-02-07,0
Bolivia,BOL,2020-02-08,0
Bolivia,BOL,2020-02-09,0
Bolivia,BOL,2020-02-10,0
Bolivia,BOL,2020-02-11,0
Bolivia,BOL,2020-02-12,0
Bolivia,BOL,2020-02-13,0
Bolivia,BOL,2020-02-14,0
Bolivia,BOL,2020-02-15,0
Bolivia,BOL,2020-02-16,0
Bolivia,BOL,2020-02-17,0
Bolivia,BOL,2020-02-18,0
Bolivia,BOL,2020-02-19,0
Bolivia,BOL,2020-02-20,0
Bolivia,BOL,2020-02-21,0
Bolivia,BOL,2020-02-22,0
Bolivia,BOL,2020-02-23,0
Bolivia,BOL,2020-02-24,0
Bolivia,BOL,2020-02-25,0
Bolivia,BOL,2020-02-26,0
Bolivia,BOL,2020-02-27,0
Bolivia,BOL,2020-02-28,0
Bolivia,BOL,2020-02-29,0
Bolivia,BOL,2020-03-01,0
Bolivia,BOL,2020-03-02,0
Bolivia,BOL,2020-03-03,0
Bolivia,BOL,2020-03-04,0
Bolivia,BOL,2020-03-05,0
Bolivia,BOL,2020-03-06,0
Bolivia,BOL,2020-03-07,0
Bolivia,BOL,2020-03-08,0
Bolivia,BOL,2020-03-09,0
Bolivia,BOL,2020-03-10,5.56
Bolivia,BOL,2020-03-11,5.56
Bolivia,BOL,2020-03-12,30.56
Bolivia,BOL,2020-03-13,44.44
Bolivia,BOL,2020-03-14,44.44
Bolivia,BOL,2020-03-15,44.44
Bolivia,BOL,2020-03-16,52.78
Bolivia,BOL,2020-03-17,68.52
Bolivia,BOL,2020-03-18,75
Bolivia,BOL,2020-03-19,75
Bolivia,BOL,2020-03-20,75
Bolivia,BOL,2020-03-21,86.11
Bolivia,BOL,2020-03-22,93.52
Bolivia,BOL,2020-03-23,93.52
Bolivia,BOL,2020-03-24,93.52
Bolivia,BOL,2020-03-25,93.52
Bolivia,BOL,2020-03-26,93.52
Bolivia,BOL,2020-03-27,93.52
Bolivia,BOL,2020-03-28,93.52
Bolivia,BOL,2020-03-29,93.52
Bolivia,BOL,2020-03-30,93.52
Bolivia,BOL,2020-03-31,96.3
Bolivia,BOL,2020-04-01,96.3
Bolivia,BOL,2020-04-02,96.3
Bolivia,BOL,2020-04-03,96.3
Bolivia,BOL,2020-04-04,96.3
Bolivia,BOL,2020-04-05,96.3
Bolivia,BOL,2020-04-06,96.3
Bolivia,BOL,2020-04-07,96.3
Bolivia,BOL,2020-04-08,96.3
Bolivia,BOL,2020-04-09,96.3
Bolivia,BOL,2020-04-10,96.3
Bolivia,BOL,2020-04-11,96.3
Bolivia,BOL,2020-04-12,96.3
Bolivia,BOL,2020-04-13,96.3
Bolivia,BOL,2020-04-14,96.3
Bolivia,BOL,2020-04-15,96.3
Bolivia,BOL,2020-04-16,96.3
Bolivia,BOL,2020-04-17,96.3
Bolivia,BOL,2020-04-18,96.3
Bolivia,BOL,2020-04-19,96.3
Bolivia,BOL,2020-04-20,96.3
Bolivia,BOL,2020-04-21,96.3
Bolivia,BOL,2020-04-22,96.3
Bolivia,BOL,2020-04-23,96.3
Bolivia,BOL,2020-04-24,96.3
Bolivia,BOL,2020-04-25,96.3
Bolivia,BOL,2020-04-26,96.3
Bolivia,BOL,2020-04-27,96.3
Bolivia,BOL,2020-04-28,96.3
Bolivia,BOL,2020-04-29,96.3
Bolivia,BOL,2020-04-30,96.3
Bolivia,BOL,2020-05-01,96.3
Bolivia,BOL,2020-05-02,96.3
Bolivia,BOL,2020-05-03,96.3
Bolivia,BOL,2020-05-04,96.3
Bolivia,BOL,2020-05-05,96.3
Bolivia,BOL,2020-05-06,96.3
Bolivia,BOL,2020-05-07,96.3
Bolivia,BOL,2020-05-08,96.3
Bolivia,BOL,2020-05-09,96.3
Bolivia,BOL,2020-05-10,96.3
Bolivia,BOL,2020-05-11,96.3
Bolivia,BOL,2020-05-12,96.3
Bolivia,BOL,2020-05-13,96.3
Bolivia,BOL,2020-05-14,96.3
Bolivia,BOL,2020-05-15,96.3
Bolivia,BOL,2020-05-16,96.3
Bolivia,BOL,2020-05-17,96.3
Bolivia,BOL,2020-05-18,96.3
Bolivia,BOL,2020-05-19,96.3
Bolivia,BOL,2020-05-20,96.3
Bolivia,BOL,2020-05-21,96.3
Bolivia,BOL,2020-05-22,96.3
Bolivia,BOL,2020-05-23,96.3
Bolivia,BOL,2020-05-24,96.3
Bolivia,BOL,2020-05-25,93.52
Bolivia,BOL,2020-05-26,93.52
Bolivia,BOL,2020-05-27,93.52
Bolivia,BOL,2020-05-28,93.52
Bolivia,BOL,2020-05-29,93.52
Bolivia,BOL,2020-05-30,93.52
Bolivia,BOL,2020-05-31,93.52
Bolivia,BOL,2020-06-01,88.89
Bolivia,BOL,2020-06-02,88.89
Bolivia,BOL,2020-06-03,88.89
Bolivia,BOL,2020-06-04,88.89
Bolivia,BOL,2020-06-05,88.89
Bolivia,BOL,2020-06-06,88.89
Bolivia,BOL,2020-06-07,88.89
Bolivia,BOL,2020-06-08,88.89
Bolivia,BOL,2020-06-09,88.89
Bolivia,BOL,2020-06-10,88.89
Bolivia,BOL,2020-06-11,88.89
Bolivia,BOL,2020-06-12,88.89
Bolivia,BOL,2020-06-13,88.89
Bolivia,BOL,2020-06-14,88.89
Bolivia,BOL,2020-06-15,88.89
Bolivia,BOL,2020-06-16,88.89
Bolivia,BOL,2020-06-17,88.89
Bolivia,BOL,2020-06-18,88.89
Bolivia,BOL,2020-06-19,88.89
Bolivia,BOL,2020-06-20,90.74
Bolivia,BOL,2020-06-21,90.74
Bolivia,BOL,2020-06-22,90.74
Bolivia,BOL,2020-06-23,90.74
Bolivia,BOL,2020-06-24,88.89
Bolivia,BOL,2020-06-25,88.89
Bolivia,BOL,2020-06-26,89.81
Bolivia,BOL,2020-06-27,89.81
Bolivia,BOL,2020-06-28,89.81
Bolivia,BOL,2020-06-29,89.81
Bolivia,BOL,2020-06-30,89.81
Bolivia,BOL,2020-07-01,89.81
Bolivia,BOL,2020-07-02,89.81
Bolivia,BOL,2020-07-03,89.81
Bolivia,BOL,2020-07-04,89.81
Bolivia,BOL,2020-07-05,89.81
Bolivia,BOL,2020-07-06,89.81
Bolivia,BOL,2020-07-07,89.81
Bolivia,BOL,2020-07-08,89.81
Bolivia,BOL,2020-07-09,89.81
Bolivia,BOL,2020-07-10,89.81
Bolivia,BOL,2020-07-11,89.81
Bolivia,BOL,2020-07-12,89.81
Bolivia,BOL,2020-07-13,89.81
Bolivia,BOL,2020-07-14,89.81
Bolivia,BOL,2020-07-15,89.81
Bolivia,BOL,2020-07-16,89.81
Bolivia,BOL,2020-07-17,89.81
Bolivia,BOL,2020-07-18,89.81
Bolivia,BOL,2020-07-19,89.81
Bolivia,BOL,2020-07-20,89.81
Bolivia,BOL,2020-07-21,89.81
Bolivia,BOL,2020-07-22,89.81
Bolivia,BOL,2020-07-23,89.81
Bolivia,BOL,2020-07-24,89.81
Bolivia,BOL,2020-07-25,89.81
Bolivia,BOL,2020-07-26,89.81
Bolivia,BOL,2020-07-27,89.81
Bolivia,BOL,2020-07-28,89.81
Bolivia,BOL,2020-07-29,89.81
Bolivia,BOL,2020-07-30,89.81
Bolivia,BOL,2020-07-31,89.81
Bolivia,BOL,2020-08-01,89.81
Bolivia,BOL,2020-08-02,89.81
Bolivia,BOL,2020-08-03,89.81
Bolivia,BOL,2020-08-04,89.81
Bolivia,BOL,2020-08-05,89.81
Bolivia,BOL,2020-08-06,89.81
Bolivia,BOL,2020-08-07,89.81
Bolivia,BOL,2020-08-08,89.81
Bolivia,BOL,2020-08-09,89.81
Bolivia,BOL,2020-08-10,89.81
Bolivia,BOL,2020-08-11,89.81
Bolivia,BOL,2020-08-12,89.81
Bolivia,BOL,2020-08-13,89.81
Bolivia,BOL,2020-08-14,89.81
Bolivia,BOL,2020-08-15,89.81
Bolivia,BOL,2020-08-16,89.81
Bolivia,BOL,2020-08-17,89.81
Bolivia,BOL,2020-08-18,89.81
Bolivia,BOL,2020-08-19,89.81
Bolivia,BOL,2020-08-20,89.81
Bolivia,BOL,2020-08-21,89.81
Bolivia,BOL,2020-08-22,89.81
Bolivia,BOL,2020-08-23,89.81
Bolivia,BOL,2020-08-24,89.81
Bolivia,BOL,2020-08-25,89.81
Bolivia,BOL,2020-08-26,89.81
Bolivia,BOL,2020-08-27,89.81
Bolivia,BOL,2020-08-28,89.81
Bolivia,BOL,2020-08-29,89.81
Bolivia,BOL,2020-08-30,89.81
Bolivia,BOL,2020-08-31,89.81
Bolivia,BOL,2020-09-01,81.48
Bolivia,BOL,2020-09-02,81.48
Bolivia,BOL,2020-09-03,81.48
Bolivia,BOL,2020-09-04,81.48
Bolivia,BOL,2020-09-05,81.48
Bolivia,BOL,2020-09-06,81.48
Bolivia,BOL,2020-09-07,81.48
Bolivia,BOL,2020-09-08,81.48
Bolivia,BOL,2020-09-09,81.48
Bolivia,BOL,2020-09-10,81.48
Bolivia,BOL,2020-09-11,81.48
Bolivia,BOL,2020-09-12,81.48
Bolivia,BOL,2020-09-13,81.48
Bolivia,BOL,2020-09-14,81.48
Bolivia,BOL,2020-09-15,81.48
Bolivia,BOL,2020-09-16,81.48
Bolivia,BOL,2020-09-17,81.48
Bolivia,BOL,2020-09-18,81.48
Bolivia,BOL,2020-09-19,81.48
Bolivia,BOL,2020-09-20,81.48
Bolivia,BOL,2020-09-21,81.48
Bolivia,BOL,2020-09-22,81.48
Bolivia,BOL,2020-09-23,81.48
Bolivia,BOL,2020-09-24,81.48
Bolivia,BOL,2020-09-25,81.48
Bolivia,BOL,2020-09-26,81.48
Bolivia,BOL,2020-09-27,81.48
Bolivia,BOL,2020-09-28,81.48
Bolivia,BOL,2020-09-29,81.48
Bolivia,BOL,2020-09-30,81.48
Bolivia,BOL,2020-10-01,81.48
Bolivia,BOL,2020-10-02,81.48
Bolivia,BOL,2020-10-03,81.48
Bolivia,BOL,2020-10-04,81.48
Bolivia,BOL,2020-10-05,81.48
Bolivia,BOL,2020-10-06,81.48
Bolivia,BOL,2020-10-07,81.48
Bolivia,BOL,2020-10-08,81.48
Bolivia,BOL,2020-10-09,81.48
Bolivia,BOL,2020-10-10,81.48
Bolivia,BOL,2020-10-11,81.48
Bolivia,BOL,2020-10-12,81.48
Bolivia,BOL,2020-10-13,81.48
Bolivia,BOL,2020-10-14,81.48
Bolivia,BOL,2020-10-15,81.48
Bolivia,BOL,2020-10-16,81.48
Bolivia,BOL,2020-10-17,81.48
Bolivia,BOL,2020-10-18,81.48
Bolivia,BOL,2020-10-19,81.48
Bolivia,BOL,2020-10-20,81.48
Bolivia,BOL,2020-10-21,81.48
Bolivia,BOL,2020-10-22,81.48
Bolivia,BOL,2020-10-23,81.48
Bolivia,BOL,2020-10-24,81.48
Bolivia,BOL,2020-10-25,81.48
Bolivia,BOL,2020-10-26,81.48
Bolivia,BOL,2020-10-27,81.48
Bolivia,BOL,2020-10-28,81.48
Bolivia,BOL,2020-10-29,81.48
Bolivia,BOL,2020-10-30,81.48
Bolivia,BOL,2020-10-31,81.48
Bolivia,BOL,2020-11-01,81.48
Bolivia,BOL,2020-11-02,81.48
Bolivia,BOL,2020-11-03,81.48
Bolivia,BOL,2020-11-04,81.48
Bolivia,BOL,2020-11-05,81.48
Bolivia,BOL,2020-11-06,81.48
Bolivia,BOL,2020-11-07,81.48
Bolivia,BOL,2020-11-08,81.48
Bolivia,BOL,2020-11-09,81.48
Bolivia,BOL,2020-11-10,81.48
Bolivia,BOL,2020-11-11,81.48
Bolivia,BOL,2020-11-12,81.48
Bolivia,BOL,2020-11-13,81.48
Bolivia,BOL,2020-11-14,81.48
Bolivia,BOL,2020-11-15,81.48
Bolivia,BOL,2020-11-16,81.48
Bolivia,BOL,2020-11-17,81.48
Bolivia,BOL,2020-11-18,81.48
Bolivia,BOL,2020-11-19,81.48
Bolivia,BOL,2020-11-20,84.26
Bolivia,BOL,2020-11-21,84.26
Bolivia,BOL,2020-11-22,84.26
Bolivia,BOL,2020-11-23,84.26
Bolivia,BOL,2020-11-24,84.26
Bolivia,BOL,2020-11-25,84.26
Bolivia,BOL,2020-11-26,84.26
Bolivia,BOL,2020-11-27,84.26
Bolivia,BOL,2020-12-01,47.22
Bolivia,BOL,2020-12-02,47.22
Bolivia,BOL,2020-12-03,47.22
Bolivia,BOL,2020-12-04,47.22
Bolivia,BOL,2020-12-05,47.22
Bolivia,BOL,2020-12-06,47.22
Bolivia,BOL,2020-12-07,47.22
Bolivia,BOL,2020-12-08,47.22
Bolivia,BOL,2020-12-09,47.22
Bolivia,BOL,2020-12-10,47.22
Bolivia,BOL,2020-12-11,47.22
Bolivia,BOL,2020-12-12,47.22
Bolivia,BOL,2020-12-13,47.22
Bolivia,BOL,2020-12-14,47.22
Bolivia,BOL,2020-12-15,47.22
Bolivia,BOL,2020-12-16,47.22
Bolivia,BOL,2020-12-17,47.22
Bolivia,BOL,2020-12-18,47.22
Bolivia,BOL,2020-12-19,47.22
Bolivia,BOL,2020-12-20,47.22
Bolivia,BOL,2020-12-21,47.22
Bolivia,BOL,2020-12-22,47.22
Bolivia,BOL,2020-12-23,47.22
Bolivia,BOL,2020-12-24,47.22
Bolivia,BOL,2020-12-25,52.78
Bolivia,BOL,2020-12-26,52.78
Bolivia,BOL,2020-12-27,52.78
Bolivia,BOL,2020-12-28,52.78
Bolivia,BOL,2020-12-29,52.78
Bolivia,BOL,2020-12-30,52.78
Bolivia,BOL,2020-12-31,52.78
Bolivia,BOL,2021-01-01,52.78
Bolivia,BOL,2021-01-02,52.78
Bolivia,BOL,2021-01-03,52.78
Bolivia,BOL,2021-01-04,52.78
Bolivia,BOL,2021-01-05,30.56
Bolivia,BOL,2021-01-06,30.56
Bolivia,BOL,2021-01-07,30.56
Bolivia,BOL,2021-01-08,30.56
Bolivia,BOL,2021-01-09,30.56
Bolivia,BOL,2021-01-10,30.56
Bolivia,BOL,2021-01-11,30.56
Bolivia,BOL,2021-01-12,30.56
Bolivia,BOL,2021-01-13,30.56
Bolivia,BOL,2021-01-14,30.56
Bolivia,BOL,2021-01-15,30.56
Bolivia,BOL,2021-01-16,30.56
Bolivia,BOL,2021-01-17,30.56
Bolivia,BOL,2021-01-18,30.56
Bolivia,BOL,2021-01-19,30.56
Bolivia,BOL,2021-01-20,30.56
Bolivia,BOL,2021-01-21,30.56
Bolivia,BOL,2021-01-22,30.56
Bolivia,BOL,2021-01-23,30.56
Bolivia,BOL,2021-01-24,30.56
Bolivia,BOL,2021-01-25,30.56
Bolivia,BOL,2021-01-26,30.56
Bolivia,BOL,2021-01-27,30.56
Bolivia,BOL,2021-01-28,30.56
Bolivia,BOL,2021-01-29,25
Bolivia,BOL,2021-01-30,30.56
Bolivia,BOL,2021-01-31,30.56
Bolivia,BOL,2021-02-01,19.44
Bolivia,BOL,2021-02-02,19.44
Bolivia,BOL,2021-02-03,19.44
Bolivia,BOL,2021-02-04,19.44
Bolivia,BOL,2021-02-05,19.44
Bolivia,BOL,2021-02-06,19.44
Bolivia,BOL,2021-02-07,19.44
Bolivia,BOL,2021-02-08,19.44
Bolivia,BOL,2021-02-09,19.44
Bolivia,BOL,2021-02-10,19.44
Bolivia,BOL,2021-02-11,19.44
Bolivia,BOL,2021-02-12,19.44
Bolivia,BOL,2021-02-13,19.44
Bolivia,BOL,2021-02-14,19.44
Bolivia,BOL,2021-02-15,19.44
Bolivia,BOL,2021-02-16,19.44
Bolivia,BOL,2021-02-17,19.44
Bolivia,BOL,2021-02-18,19.44
Bolivia,BOL,2021-02-19,19.44
Bolivia,BOL,2021-02-20,19.44
Bolivia,BOL,2021-02-21,19.44
Bolivia,BOL,2021-02-22,19.44
Bolivia,BOL,2021-02-23,19.44
Bolivia,BOL,2021-02-24,19.44
Bolivia,BOL,2021-02-25,19.44
Bolivia,BOL,2021-02-26,19.44
Bolivia,BOL,2021-02-27,25
Bolivia,BOL,2021-02-28,25
Bolivia,BOL,2021-03-01,25
Bolivia,BOL,2021-03-02,25
Bolivia,BOL,2021-03-03,25
Bolivia,BOL,2021-03-04,25
Bolivia,BOL,2021-03-05,25
Bolivia,BOL,2021-03-06,25
Bolivia,BOL,2021-03-07,25
Bolivia,BOL,2021-03-08,25
Bosnia and Herzegovina,BIH,2020-01-01,0
Bosnia and Herzegovina,BIH,2020-01-02,0
Bosnia and Herzegovina,BIH,2020-01-03,0
Bosnia and Herzegovina,BIH,2020-01-04,0
Bosnia and Herzegovina,BIH,2020-01-05,0
Bosnia and Herzegovina,BIH,2020-01-06,0
Bosnia and Herzegovina,BIH,2020-01-07,0
Bosnia and Herzegovina,BIH,2020-01-08,0
Bosnia and Herzegovina,BIH,2020-01-09,0
Bosnia and Herzegovina,BIH,2020-01-10,0
Bosnia and Herzegovina,BIH,2020-01-11,0
Bosnia and Herzegovina,BIH,2020-01-12,0
Bosnia and Herzegovina,BIH,2020-01-13,0
Bosnia and Herzegovina,BIH,2020-01-14,0
Bosnia and Herzegovina,BIH,2020-01-15,0
Bosnia and Herzegovina,BIH,2020-01-16,0
Bosnia and Herzegovina,BIH,2020-01-17,0
Bosnia and Herzegovina,BIH,2020-01-18,0
Bosnia and Herzegovina,BIH,2020-01-19,0
Bosnia and Herzegovina,BIH,2020-01-20,0
Bosnia and Herzegovina,BIH,2020-01-21,0
Bosnia and Herzegovina,BIH,2020-01-22,0
Bosnia and Herzegovina,BIH,2020-01-23,0
Bosnia and Herzegovina,BIH,2020-01-24,0
Bosnia and Herzegovina,BIH,2020-01-25,0
Bosnia and Herzegovina,BIH,2020-01-26,0
Bosnia and Herzegovina,BIH,2020-01-27,0
Bosnia and Herzegovina,BIH,2020-01-28,0
Bosnia and Herzegovina,BIH,2020-01-29,0
Bosnia and Herzegovina,BIH,2020-01-30,0
Bosnia and Herzegovina,BIH,2020-01-31,11.11
Bosnia and Herzegovina,BIH,2020-02-01,11.11
Bosnia and Herzegovina,BIH,2020-02-02,11.11
Bosnia and Herzegovina,BIH,2020-02-03,11.11
Bosnia and Herzegovina,BIH,2020-02-04,11.11
Bosnia and Herzegovina,BIH,2020-02-05,11.11
Bosnia and Herzegovina,BIH,2020-02-06,11.11
Bosnia and Herzegovina,BIH,2020-02-07,11.11
Bosnia and Herzegovina,BIH,2020-02-08,11.11
Bosnia and Herzegovina,BIH,2020-02-09,11.11
Bosnia and Herzegovina,BIH,2020-02-10,11.11
Bosnia and Herzegovina,BIH,2020-02-11,11.11
Bosnia and Herzegovina,BIH,2020-02-12,11.11
Bosnia and Herzegovina,BIH,2020-02-13,11.11
Bosnia and Herzegovina,BIH,2020-02-14,11.11
Bosnia and Herzegovina,BIH,2020-02-15,11.11
Bosnia and Herzegovina,BIH,2020-02-16,11.11
Bosnia and Herzegovina,BIH,2020-02-17,11.11
Bosnia and Herzegovina,BIH,2020-02-18,11.11
Bosnia and Herzegovina,BIH,2020-02-19,11.11
Bosnia and Herzegovina,BIH,2020-02-20,11.11
Bosnia and Herzegovina,BIH,2020-02-21,11.11
Bosnia and Herzegovina,BIH,2020-02-22,11.11
Bosnia and Herzegovina,BIH,2020-02-23,11.11
Bosnia and Herzegovina,BIH,2020-02-24,11.11
Bosnia and Herzegovina,BIH,2020-02-25,11.11
Bosnia and Herzegovina,BIH,2020-02-26,11.11
Bosnia and Herzegovina,BIH,2020-02-27,11.11
Bosnia and Herzegovina,BIH,2020-02-28,11.11
Bosnia and Herzegovina,BIH,2020-02-29,11.11
Bosnia and Herzegovina,BIH,2020-03-01,11.11
Bosnia and Herzegovina,BIH,2020-03-02,11.11
Bosnia and Herzegovina,BIH,2020-03-03,11.11
Bosnia and Herzegovina,BIH,2020-03-04,11.11
Bosnia and Herzegovina,BIH,2020-03-05,11.11
Bosnia and Herzegovina,BIH,2020-03-06,11.11
Bosnia and Herzegovina,BIH,2020-03-07,11.11
Bosnia and Herzegovina,BIH,2020-03-08,11.11
Bosnia and Herzegovina,BIH,2020-03-09,11.11
Bosnia and Herzegovina,BIH,2020-03-10,29.17
Bosnia and Herzegovina,BIH,2020-03-11,40.28
Bosnia and Herzegovina,BIH,2020-03-12,40.28
Bosnia and Herzegovina,BIH,2020-03-13,40.28
Bosnia and Herzegovina,BIH,2020-03-14,40.28
Bosnia and Herzegovina,BIH,2020-03-15,40.28
Bosnia and Herzegovina,BIH,2020-03-16,45.83
Bosnia and Herzegovina,BIH,2020-03-17,70.83
Bosnia and Herzegovina,BIH,2020-03-18,77.78
Bosnia and Herzegovina,BIH,2020-03-19,77.78
Bosnia and Herzegovina,BIH,2020-03-20,89.81
Bosnia and Herzegovina,BIH,2020-03-21,89.81
Bosnia and Herzegovina,BIH,2020-03-22,89.81
Bosnia and Herzegovina,BIH,2020-03-23,89.81
Bosnia and Herzegovina,BIH,2020-03-24,89.81
Bosnia and Herzegovina,BIH,2020-03-25,89.81
Bosnia and Herzegovina,BIH,2020-03-26,89.81
Bosnia and Herzegovina,BIH,2020-03-27,89.81
Bosnia and Herzegovina,BIH,2020-03-28,89.81
Bosnia and Herzegovina,BIH,2020-03-29,89.81
Bosnia and Herzegovina,BIH,2020-03-30,89.81
Bosnia and Herzegovina,BIH,2020-03-31,89.81
Bosnia and Herzegovina,BIH,2020-04-01,89.81
Bosnia and Herzegovina,BIH,2020-04-02,89.81
Bosnia and Herzegovina,BIH,2020-04-03,89.81
Bosnia and Herzegovina,BIH,2020-04-04,89.81
Bosnia and Herzegovina,BIH,2020-04-05,89.81
Bosnia and Herzegovina,BIH,2020-04-06,89.81
Bosnia and Herzegovina,BIH,2020-04-07,89.81
Bosnia and Herzegovina,BIH,2020-04-08,89.81
Bosnia and Herzegovina,BIH,2020-04-09,89.81
Bosnia and Herzegovina,BIH,2020-04-10,92.59
Bosnia and Herzegovina,BIH,2020-04-11,92.59
Bosnia and Herzegovina,BIH,2020-04-12,92.59
Bosnia and Herzegovina,BIH,2020-04-13,92.59
Bosnia and Herzegovina,BIH,2020-04-14,92.59
Bosnia and Herzegovina,BIH,2020-04-15,92.59
Bosnia and Herzegovina,BIH,2020-04-16,92.59
Bosnia and Herzegovina,BIH,2020-04-17,92.59
Bosnia and Herzegovina,BIH,2020-04-18,92.59
Bosnia and Herzegovina,BIH,2020-04-19,92.59
Bosnia and Herzegovina,BIH,2020-04-20,92.59
Bosnia and Herzegovina,BIH,2020-04-21,92.59
Bosnia and Herzegovina,BIH,2020-04-22,92.59
Bosnia and Herzegovina,BIH,2020-04-23,92.59
Bosnia and Herzegovina,BIH,2020-04-24,90.74
Bosnia and Herzegovina,BIH,2020-04-25,90.74
Bosnia and Herzegovina,BIH,2020-04-26,90.74
Bosnia and Herzegovina,BIH,2020-04-27,90.74
Bosnia and Herzegovina,BIH,2020-04-28,90.74
Bosnia and Herzegovina,BIH,2020-04-29,90.74
Bosnia and Herzegovina,BIH,2020-04-30,90.74
Bosnia and Herzegovina,BIH,2020-05-01,90.74
Bosnia and Herzegovina,BIH,2020-05-02,90.74
Bosnia and Herzegovina,BIH,2020-05-03,90.74
Bosnia and Herzegovina,BIH,2020-05-04,90.74
Bosnia and Herzegovina,BIH,2020-05-05,90.74
Bosnia and Herzegovina,BIH,2020-05-06,90.74
Bosnia and Herzegovina,BIH,2020-05-07,90.74
Bosnia and Herzegovina,BIH,2020-05-08,90.74
Bosnia and Herzegovina,BIH,2020-05-09,90.74
Bosnia and Herzegovina,BIH,2020-05-10,90.74
Bosnia and Herzegovina,BIH,2020-05-11,81.48
Bosnia and Herzegovina,BIH,2020-05-12,81.48
Bosnia and Herzegovina,BIH,2020-05-13,81.48
Bosnia and Herzegovina,BIH,2020-05-14,79.63
Bosnia and Herzegovina,BIH,2020-05-15,76.85
Bosnia and Herzegovina,BIH,2020-05-16,76.85
Bosnia and Herzegovina,BIH,2020-05-17,76.85
Bosnia and Herzegovina,BIH,2020-05-18,76.85
Bosnia and Herzegovina,BIH,2020-05-19,76.85
Bosnia and Herzegovina,BIH,2020-05-20,76.85
Bosnia and Herzegovina,BIH,2020-05-21,71.3
Bosnia and Herzegovina,BIH,2020-05-22,71.3
Bosnia and Herzegovina,BIH,2020-05-23,71.3
Bosnia and Herzegovina,BIH,2020-05-24,71.3
Bosnia and Herzegovina,BIH,2020-05-25,71.3
Bosnia and Herzegovina,BIH,2020-05-26,71.3
Bosnia and Herzegovina,BIH,2020-05-27,71.3
Bosnia and Herzegovina,BIH,2020-05-28,71.3
Bosnia and Herzegovina,BIH,2020-05-29,65.74
Bosnia and Herzegovina,BIH,2020-05-30,65.74
Bosnia and Herzegovina,BIH,2020-05-31,65.74
Bosnia and Herzegovina,BIH,2020-06-01,54.63
Bosnia and Herzegovina,BIH,2020-06-02,54.63
Bosnia and Herzegovina,BIH,2020-06-03,54.63
Bosnia and Herzegovina,BIH,2020-06-04,54.63
Bosnia and Herzegovina,BIH,2020-06-05,54.63
Bosnia and Herzegovina,BIH,2020-06-06,54.63
Bosnia and Herzegovina,BIH,2020-06-07,54.63
Bosnia and Herzegovina,BIH,2020-06-08,54.63
Bosnia and Herzegovina,BIH,2020-06-09,54.63
Bosnia and Herzegovina,BIH,2020-06-10,54.63
Bosnia and Herzegovina,BIH,2020-06-11,54.63
Bosnia and Herzegovina,BIH,2020-06-12,54.63
Bosnia and Herzegovina,BIH,2020-06-13,51.85
Bosnia and Herzegovina,BIH,2020-06-14,51.85
Bosnia and Herzegovina,BIH,2020-06-15,51.85
Bosnia and Herzegovina,BIH,2020-06-16,51.85
Bosnia and Herzegovina,BIH,2020-06-17,51.85
Bosnia and Herzegovina,BIH,2020-06-18,51.85
Bosnia and Herzegovina,BIH,2020-06-19,51.85
Bosnia and Herzegovina,BIH,2020-06-20,51.85
Bosnia and Herzegovina,BIH,2020-06-21,51.85
Bosnia and Herzegovina,BIH,2020-06-22,51.85
Bosnia and Herzegovina,BIH,2020-06-23,51.85
Bosnia and Herzegovina,BIH,2020-06-24,51.85
Bosnia and Herzegovina,BIH,2020-06-25,51.85
Bosnia and Herzegovina,BIH,2020-06-26,51.85
Bosnia and Herzegovina,BIH,2020-06-27,51.85
Bosnia and Herzegovina,BIH,2020-06-28,51.85
Bosnia and Herzegovina,BIH,2020-06-29,51.85
Bosnia and Herzegovina,BIH,2020-06-30,51.85
Bosnia and Herzegovina,BIH,2020-07-01,51.85
Bosnia and Herzegovina,BIH,2020-07-02,51.85
Bosnia and Herzegovina,BIH,2020-07-03,51.85
Bosnia and Herzegovina,BIH,2020-07-04,51.85
Bosnia and Herzegovina,BIH,2020-07-05,56.48
Bosnia and Herzegovina,BIH,2020-07-06,56.48
Bosnia and Herzegovina,BIH,2020-07-07,56.48
Bosnia and Herzegovina,BIH,2020-07-08,56.48
Bosnia and Herzegovina,BIH,2020-07-09,56.48
Bosnia and Herzegovina,BIH,2020-07-10,56.48
Bosnia and Herzegovina,BIH,2020-07-11,56.48
Bosnia and Herzegovina,BIH,2020-07-12,56.48
Bosnia and Herzegovina,BIH,2020-07-13,56.48
Bosnia and Herzegovina,BIH,2020-07-14,56.48
Bosnia and Herzegovina,BIH,2020-07-15,56.48
Bosnia and Herzegovina,BIH,2020-07-16,56.48
Bosnia and Herzegovina,BIH,2020-07-17,56.48
Bosnia and Herzegovina,BIH,2020-07-18,56.48
Bosnia and Herzegovina,BIH,2020-07-19,56.48
Bosnia and Herzegovina,BIH,2020-07-20,56.48
Bosnia and Herzegovina,BIH,2020-07-21,56.48
Bosnia and Herzegovina,BIH,2020-07-22,56.48
Bosnia and Herzegovina,BIH,2020-07-23,56.48
Bosnia and Herzegovina,BIH,2020-07-24,59.26
Bosnia and Herzegovina,BIH,2020-07-25,59.26
Bosnia and Herzegovina,BIH,2020-07-26,59.26
Bosnia and Herzegovina,BIH,2020-07-27,59.26
Bosnia and Herzegovina,BIH,2020-07-28,59.26
Bosnia and Herzegovina,BIH,2020-07-29,59.26
Bosnia and Herzegovina,BIH,2020-07-30,59.26
Bosnia and Herzegovina,BIH,2020-07-31,59.26
Bosnia and Herzegovina,BIH,2020-08-01,59.26
Bosnia and Herzegovina,BIH,2020-08-02,59.26
Bosnia and Herzegovina,BIH,2020-08-03,59.26
Bosnia and Herzegovina,BIH,2020-08-04,59.26
Bosnia and Herzegovina,BIH,2020-08-05,59.26
Bosnia and Herzegovina,BIH,2020-08-06,59.26
Bosnia and Herzegovina,BIH,2020-08-07,59.26
Bosnia and Herzegovina,BIH,2020-08-08,59.26
Bosnia and Herzegovina,BIH,2020-08-09,59.26
Bosnia and Herzegovina,BIH,2020-08-10,59.26
Bosnia and Herzegovina,BIH,2020-08-11,59.26
Bosnia and Herzegovina,BIH,2020-08-12,59.26
Bosnia and Herzegovina,BIH,2020-08-13,59.26
Bosnia and Herzegovina,BIH,2020-08-14,59.26
Bosnia and Herzegovina,BIH,2020-08-15,59.26
Bosnia and Herzegovina,BIH,2020-08-16,59.26
Bosnia and Herzegovina,BIH,2020-08-17,59.26
Bosnia and Herzegovina,BIH,2020-08-18,59.26
Bosnia and Herzegovina,BIH,2020-08-19,59.26
Bosnia and Herzegovina,BIH,2020-08-20,59.26
Bosnia and Herzegovina,BIH,2020-08-21,53.7
Bosnia and Herzegovina,BIH,2020-08-22,53.7
Bosnia and Herzegovina,BIH,2020-08-23,53.7
Bosnia and Herzegovina,BIH,2020-08-24,53.7
Bosnia and Herzegovina,BIH,2020-08-25,53.7
Bosnia and Herzegovina,BIH,2020-08-26,53.7
Bosnia and Herzegovina,BIH,2020-08-27,53.7
Bosnia and Herzegovina,BIH,2020-08-28,53.7
Bosnia and Herzegovina,BIH,2020-08-29,53.7
Bosnia and Herzegovina,BIH,2020-08-30,53.7
Bosnia and Herzegovina,BIH,2020-08-31,46.3
Bosnia and Herzegovina,BIH,2020-09-01,46.3
Bosnia and Herzegovina,BIH,2020-09-02,46.3
Bosnia and Herzegovina,BIH,2020-09-03,46.3
Bosnia and Herzegovina,BIH,2020-09-04,46.3
Bosnia and Herzegovina,BIH,2020-09-05,46.3
Bosnia and Herzegovina,BIH,2020-09-06,46.3
Bosnia and Herzegovina,BIH,2020-09-07,40.74
Bosnia and Herzegovina,BIH,2020-09-08,40.74
Bosnia and Herzegovina,BIH,2020-09-09,40.74
Bosnia and Herzegovina,BIH,2020-09-10,40.74
Bosnia and Herzegovina,BIH,2020-09-11,40.74
Bosnia and Herzegovina,BIH,2020-09-12,40.74
Bosnia and Herzegovina,BIH,2020-09-13,40.74
Bosnia and Herzegovina,BIH,2020-09-14,40.74
Bosnia and Herzegovina,BIH,2020-09-15,40.74
Bosnia and Herzegovina,BIH,2020-09-16,40.74
Bosnia and Herzegovina,BIH,2020-09-17,40.74
Bosnia and Herzegovina,BIH,2020-09-18,40.74
Bosnia and Herzegovina,BIH,2020-09-19,40.74
Bosnia and Herzegovina,BIH,2020-09-20,40.74
Bosnia and Herzegovina,BIH,2020-09-21,40.74
Bosnia and Herzegovina,BIH,2020-09-22,40.74
Bosnia and Herzegovina,BIH,2020-09-23,40.74
Bosnia and Herzegovina,BIH,2020-09-24,40.74
Bosnia and Herzegovina,BIH,2020-09-25,40.74
Bosnia and Herzegovina,BIH,2020-09-26,40.74
Bosnia and Herzegovina,BIH,2020-09-27,40.74
Bosnia and Herzegovina,BIH,2020-09-28,40.74
Bosnia and Herzegovina,BIH,2020-09-29,40.74
Bosnia and Herzegovina,BIH,2020-09-30,40.74
Bosnia and Herzegovina,BIH,2020-10-01,40.74
Bosnia and Herzegovina,BIH,2020-10-02,40.74
Bosnia and Herzegovina,BIH,2020-10-03,40.74
Bosnia and Herzegovina,BIH,2020-10-04,40.74
Bosnia and Herzegovina,BIH,2020-10-05,40.74
Bosnia and Herzegovina,BIH,2020-10-06,40.74
Bosnia and Herzegovina,BIH,2020-10-07,40.74
Bosnia and Herzegovina,BIH,2020-10-08,40.74
Bosnia and Herzegovina,BIH,2020-10-09,40.74
Bosnia and Herzegovina,BIH,2020-10-10,40.74
Bosnia and Herzegovina,BIH,2020-10-11,40.74
Bosnia and Herzegovina,BIH,2020-10-12,40.74
Bosnia and Herzegovina,BIH,2020-10-13,40.74
Bosnia and Herzegovina,BIH,2020-10-14,40.74
Bosnia and Herzegovina,BIH,2020-10-15,40.74
Bosnia and Herzegovina,BIH,2020-10-16,40.74
Bosnia and Herzegovina,BIH,2020-10-17,40.74
Bosnia and Herzegovina,BIH,2020-10-18,40.74
Bosnia and Herzegovina,BIH,2020-10-19,40.74
Bosnia and Herzegovina,BIH,2020-10-20,40.74
Bosnia and Herzegovina,BIH,2020-10-21,40.74
Bosnia and Herzegovina,BIH,2020-10-22,40.74
Bosnia and Herzegovina,BIH,2020-10-23,42.59
Bosnia and Herzegovina,BIH,2020-10-24,42.59
Bosnia and Herzegovina,BIH,2020-10-25,42.59
Bosnia and Herzegovina,BIH,2020-10-26,42.59
Bosnia and Herzegovina,BIH,2020-10-27,42.59
Bosnia and Herzegovina,BIH,2020-10-28,42.59
Bosnia and Herzegovina,BIH,2020-10-29,42.59
Bosnia and Herzegovina,BIH,2020-10-30,42.59
Bosnia and Herzegovina,BIH,2020-10-31,42.59
Bosnia and Herzegovina,BIH,2020-11-01,42.59
Bosnia and Herzegovina,BIH,2020-11-02,42.59
Bosnia and Herzegovina,BIH,2020-11-03,42.59
Bosnia and Herzegovina,BIH,2020-11-04,42.59
Bosnia and Herzegovina,BIH,2020-11-05,42.59
Bosnia and Herzegovina,BIH,2020-11-06,42.59
Bosnia and Herzegovina,BIH,2020-11-07,42.59
Bosnia and Herzegovina,BIH,2020-11-08,42.59
Bosnia and Herzegovina,BIH,2020-11-09,42.59
Bosnia and Herzegovina,BIH,2020-11-10,42.59
Bosnia and Herzegovina,BIH,2020-11-11,50
Bosnia and Herzegovina,BIH,2020-11-12,50
Bosnia and Herzegovina,BIH,2020-11-13,50
Bosnia and Herzegovina,BIH,2020-11-14,50
Bosnia and Herzegovina,BIH,2020-11-15,50
Bosnia and Herzegovina,BIH,2020-11-16,50
Bosnia and Herzegovina,BIH,2020-11-17,50
Bosnia and Herzegovina,BIH,2020-11-18,50
Bosnia and Herzegovina,BIH,2020-11-19,50
Bosnia and Herzegovina,BIH,2020-11-20,50
Bosnia and Herzegovina,BIH,2020-11-21,50
Bosnia and Herzegovina,BIH,2020-11-22,50
Bosnia and Herzegovina,BIH,2020-11-23,50
Bosnia and Herzegovina,BIH,2020-11-24,50
Bosnia and Herzegovina,BIH,2020-11-25,50
Bosnia and Herzegovina,BIH,2020-11-26,50
Bosnia and Herzegovina,BIH,2020-11-27,50
Bosnia and Herzegovina,BIH,2020-11-28,50
Bosnia and Herzegovina,BIH,2020-11-29,50
Bosnia and Herzegovina,BIH,2020-11-30,50
Bosnia and Herzegovina,BIH,2020-12-01,50
Bosnia and Herzegovina,BIH,2020-12-02,50
Bosnia and Herzegovina,BIH,2020-12-03,50
Bosnia and Herzegovina,BIH,2020-12-04,50
Bosnia and Herzegovina,BIH,2020-12-05,50
Bosnia and Herzegovina,BIH,2020-12-06,50
Bosnia and Herzegovina,BIH,2020-12-07,50
Bosnia and Herzegovina,BIH,2020-12-08,48.15
Bosnia and Herzegovina,BIH,2020-12-09,48.15
Bosnia and Herzegovina,BIH,2020-12-10,48.15
Bosnia and Herzegovina,BIH,2020-12-11,48.15
Bosnia and Herzegovina,BIH,2020-12-12,48.15
Bosnia and Herzegovina,BIH,2020-12-13,48.15
Bosnia and Herzegovina,BIH,2020-12-14,48.15
Bosnia and Herzegovina,BIH,2020-12-15,48.15
Bosnia and Herzegovina,BIH,2020-12-16,48.15
Bosnia and Herzegovina,BIH,2020-12-17,48.15
Bosnia and Herzegovina,BIH,2020-12-18,42.59
Bosnia and Herzegovina,BIH,2020-12-19,42.59
Bosnia and Herzegovina,BIH,2020-12-20,42.59
Bosnia and Herzegovina,BIH,2020-12-21,42.59
Bosnia and Herzegovina,BIH,2020-12-22,42.59
Bosnia and Herzegovina,BIH,2020-12-23,42.59
Bosnia and Herzegovina,BIH,2020-12-24,42.59
Bosnia and Herzegovina,BIH,2020-12-25,42.59
Bosnia and Herzegovina,BIH,2020-12-26,42.59
Bosnia and Herzegovina,BIH,2020-12-27,42.59
Bosnia and Herzegovina,BIH,2020-12-28,42.59
Bosnia and Herzegovina,BIH,2020-12-29,42.59
Bosnia and Herzegovina,BIH,2020-12-30,42.59
Bosnia and Herzegovina,BIH,2020-12-31,42.59
Bosnia and Herzegovina,BIH,2021-01-01,42.59
Bosnia and Herzegovina,BIH,2021-01-02,42.59
Bosnia and Herzegovina,BIH,2021-01-03,42.59
Bosnia and Herzegovina,BIH,2021-01-04,42.59
Bosnia and Herzegovina,BIH,2021-01-05,42.59
Bosnia and Herzegovina,BIH,2021-01-06,42.59
Bosnia and Herzegovina,BIH,2021-01-07,42.59
Bosnia and Herzegovina,BIH,2021-01-08,42.59
Bosnia and Herzegovina,BIH,2021-01-09,42.59
Bosnia and Herzegovina,BIH,2021-01-10,42.59
Bosnia and Herzegovina,BIH,2021-01-11,42.59
Bosnia and Herzegovina,BIH,2021-01-12,42.59
Bosnia and Herzegovina,BIH,2021-01-13,42.59
Bosnia and Herzegovina,BIH,2021-01-14,42.59
Bosnia and Herzegovina,BIH,2021-01-15,42.59
Bosnia and Herzegovina,BIH,2021-01-16,42.59
Bosnia and Herzegovina,BIH,2021-01-17,42.59
Bosnia and Herzegovina,BIH,2021-01-18,42.59
Bosnia and Herzegovina,BIH,2021-01-19,42.59
Bosnia and Herzegovina,BIH,2021-01-20,42.59
Bosnia and Herzegovina,BIH,2021-01-21,42.59
Bosnia and Herzegovina,BIH,2021-01-22,42.59
Bosnia and Herzegovina,BIH,2021-01-23,42.59
Bosnia and Herzegovina,BIH,2021-01-24,42.59
Bosnia and Herzegovina,BIH,2021-01-25,42.59
Bosnia and Herzegovina,BIH,2021-01-26,42.59
Bosnia and Herzegovina,BIH,2021-01-27,42.59
Bosnia and Herzegovina,BIH,2021-01-28,42.59
Bosnia and Herzegovina,BIH,2021-01-29,42.59
Bosnia and Herzegovina,BIH,2021-01-30,42.59
Bosnia and Herzegovina,BIH,2021-01-31,42.59
Bosnia and Herzegovina,BIH,2021-02-01,42.59
Bosnia and Herzegovina,BIH,2021-02-02,42.59
Bosnia and Herzegovina,BIH,2021-02-03,42.59
Bosnia and Herzegovina,BIH,2021-02-04,42.59
Bosnia and Herzegovina,BIH,2021-02-05,42.59
Bosnia and Herzegovina,BIH,2021-02-06,42.59
Bosnia and Herzegovina,BIH,2021-02-07,42.59
Bosnia and Herzegovina,BIH,2021-02-08,42.59
Bosnia and Herzegovina,BIH,2021-02-09,42.59
Bosnia and Herzegovina,BIH,2021-02-10,42.59
Bosnia and Herzegovina,BIH,2021-02-11,42.59
Bosnia and Herzegovina,BIH,2021-02-12,42.59
Bosnia and Herzegovina,BIH,2021-02-13,42.59
Bosnia and Herzegovina,BIH,2021-02-14,42.59
Bosnia and Herzegovina,BIH,2021-02-15,42.59
Bosnia and Herzegovina,BIH,2021-02-16,42.59
Bosnia and Herzegovina,BIH,2021-02-17,42.59
Bosnia and Herzegovina,BIH,2021-02-18,42.59
Bosnia and Herzegovina,BIH,2021-02-19,42.59
Bosnia and Herzegovina,BIH,2021-02-20,42.59
Bosnia and Herzegovina,BIH,2021-02-21,42.59
Bosnia and Herzegovina,BIH,2021-02-22,42.59
Bosnia and Herzegovina,BIH,2021-02-23,42.59
Bosnia and Herzegovina,BIH,2021-02-24,42.59
Bosnia and Herzegovina,BIH,2021-02-25,42.59
Bosnia and Herzegovina,BIH,2021-02-26,42.59
Bosnia and Herzegovina,BIH,2021-02-27,42.59
Bosnia and Herzegovina,BIH,2021-02-28,42.59
Bosnia and Herzegovina,BIH,2021-03-01,42.59
Bosnia and Herzegovina,BIH,2021-03-02,43.52
Bosnia and Herzegovina,BIH,2021-03-03,43.52
Bosnia and Herzegovina,BIH,2021-03-04,43.52
Bosnia and Herzegovina,BIH,2021-03-05,43.52
Bosnia and Herzegovina,BIH,2021-03-06,43.52
Bosnia and Herzegovina,BIH,2021-03-07,43.52
Bosnia and Herzegovina,BIH,2021-03-08,43.52
Bosnia and Herzegovina,BIH,2021-03-09,43.52
Bosnia and Herzegovina,BIH,2021-03-10,43.52
Bosnia and Herzegovina,BIH,2021-03-11,43.52
Botswana,BWA,2020-01-01,5.56
Botswana,BWA,2020-01-02,5.56
Botswana,BWA,2020-01-03,5.56
Botswana,BWA,2020-01-04,5.56
Botswana,BWA,2020-01-05,5.56
Botswana,BWA,2020-01-06,5.56
Botswana,BWA,2020-01-07,5.56
Botswana,BWA,2020-01-08,5.56
Botswana,BWA,2020-01-09,5.56
Botswana,BWA,2020-01-10,5.56
Botswana,BWA,2020-01-11,5.56
Botswana,BWA,2020-01-12,5.56
Botswana,BWA,2020-01-13,5.56
Botswana,BWA,2020-01-14,5.56
Botswana,BWA,2020-01-15,5.56
Botswana,BWA,2020-01-16,5.56
Botswana,BWA,2020-01-17,5.56
Botswana,BWA,2020-01-18,5.56
Botswana,BWA,2020-01-19,5.56
Botswana,BWA,2020-01-20,5.56
Botswana,BWA,2020-01-21,5.56
Botswana,BWA,2020-01-22,5.56
Botswana,BWA,2020-01-23,5.56
Botswana,BWA,2020-01-24,11.11
Botswana,BWA,2020-01-25,11.11
Botswana,BWA,2020-01-26,11.11
Botswana,BWA,2020-01-27,11.11
Botswana,BWA,2020-01-28,13.89
Botswana,BWA,2020-01-29,13.89
Botswana,BWA,2020-01-30,13.89
Botswana,BWA,2020-01-31,13.89
Botswana,BWA,2020-02-01,13.89
Botswana,BWA,2020-02-02,13.89
Botswana,BWA,2020-02-03,13.89
Botswana,BWA,2020-02-04,13.89
Botswana,BWA,2020-02-05,13.89
Botswana,BWA,2020-02-06,13.89
Botswana,BWA,2020-02-07,13.89
Botswana,BWA,2020-02-08,13.89
Botswana,BWA,2020-02-09,13.89
Botswana,BWA,2020-02-10,13.89
Botswana,BWA,2020-02-11,13.89
Botswana,BWA,2020-02-12,13.89
Botswana,BWA,2020-02-13,13.89
Botswana,BWA,2020-02-14,13.89
Botswana,BWA,2020-02-15,13.89
Botswana,BWA,2020-02-16,13.89
Botswana,BWA,2020-02-17,13.89
Botswana,BWA,2020-02-18,13.89
Botswana,BWA,2020-02-19,13.89
Botswana,BWA,2020-02-20,13.89
Botswana,BWA,2020-02-21,13.89
Botswana,BWA,2020-02-22,13.89
Botswana,BWA,2020-02-23,13.89
Botswana,BWA,2020-02-24,13.89
Botswana,BWA,2020-02-25,13.89
Botswana,BWA,2020-02-26,13.89
Botswana,BWA,2020-02-27,13.89
Botswana,BWA,2020-02-28,13.89
Botswana,BWA,2020-02-29,13.89
Botswana,BWA,2020-03-01,13.89
Botswana,BWA,2020-03-02,13.89
Botswana,BWA,2020-03-03,13.89
Botswana,BWA,2020-03-04,13.89
Botswana,BWA,2020-03-05,13.89
Botswana,BWA,2020-03-06,13.89
Botswana,BWA,2020-03-07,13.89
Botswana,BWA,2020-03-08,13.89
Botswana,BWA,2020-03-09,13.89
Botswana,BWA,2020-03-10,13.89
Botswana,BWA,2020-03-11,13.89
Botswana,BWA,2020-03-12,13.89
Botswana,BWA,2020-03-13,13.89
Botswana,BWA,2020-03-14,13.89
Botswana,BWA,2020-03-15,13.89
Botswana,BWA,2020-03-16,44.44
Botswana,BWA,2020-03-17,44.44
Botswana,BWA,2020-03-18,44.44
Botswana,BWA,2020-03-19,58.33
Botswana,BWA,2020-03-20,58.33
Botswana,BWA,2020-03-21,58.33
Botswana,BWA,2020-03-22,58.33
Botswana,BWA,2020-03-23,58.33
Botswana,BWA,2020-03-24,58.33
Botswana,BWA,2020-03-25,61.11
Botswana,BWA,2020-03-26,61.11
Botswana,BWA,2020-03-27,61.11
Botswana,BWA,2020-03-28,61.11
Botswana,BWA,2020-03-29,61.11
Botswana,BWA,2020-03-30,61.11
Botswana,BWA,2020-03-31,61.11
Botswana,BWA,2020-04-01,61.11
Botswana,BWA,2020-04-02,86.11
Botswana,BWA,2020-04-03,86.11
Botswana,BWA,2020-04-04,86.11
Botswana,BWA,2020-04-05,86.11
Botswana,BWA,2020-04-06,86.11
Botswana,BWA,2020-04-07,86.11
Botswana,BWA,2020-04-08,86.11
Botswana,BWA,2020-04-09,86.11
Botswana,BWA,2020-04-10,86.11
Botswana,BWA,2020-04-11,86.11
Botswana,BWA,2020-04-12,86.11
Botswana,BWA,2020-04-13,86.11
Botswana,BWA,2020-04-14,86.11
Botswana,BWA,2020-04-15,86.11
Botswana,BWA,2020-04-16,86.11
Botswana,BWA,2020-04-17,86.11
Botswana,BWA,2020-04-18,86.11
Botswana,BWA,2020-04-19,86.11
Botswana,BWA,2020-04-20,86.11
Botswana,BWA,2020-04-21,86.11
Botswana,BWA,2020-04-22,86.11
Botswana,BWA,2020-04-23,86.11
Botswana,BWA,2020-04-24,86.11
Botswana,BWA,2020-04-25,86.11
Botswana,BWA,2020-04-26,86.11
Botswana,BWA,2020-04-27,86.11
Botswana,BWA,2020-04-28,86.11
Botswana,BWA,2020-04-29,86.11
Botswana,BWA,2020-04-30,86.11
Botswana,BWA,2020-05-01,86.11
Botswana,BWA,2020-05-02,86.11
Botswana,BWA,2020-05-03,86.11
Botswana,BWA,2020-05-04,86.11
Botswana,BWA,2020-05-05,86.11
Botswana,BWA,2020-05-06,86.11
Botswana,BWA,2020-05-07,86.11
Botswana,BWA,2020-05-08,80.56
Botswana,BWA,2020-05-09,80.56
Botswana,BWA,2020-05-10,80.56
Botswana,BWA,2020-05-11,78.7
Botswana,BWA,2020-05-12,78.7
Botswana,BWA,2020-05-13,78.7
Botswana,BWA,2020-05-14,78.7
Botswana,BWA,2020-05-15,78.7
Botswana,BWA,2020-05-16,78.7
Botswana,BWA,2020-05-17,78.7
Botswana,BWA,2020-05-18,78.7
Botswana,BWA,2020-05-19,78.7
Botswana,BWA,2020-05-20,66.67
Botswana,BWA,2020-05-21,66.67
Botswana,BWA,2020-05-22,61.11
Botswana,BWA,2020-05-23,61.11
Botswana,BWA,2020-05-24,61.11
Botswana,BWA,2020-05-25,61.11
Botswana,BWA,2020-05-26,61.11
Botswana,BWA,2020-05-27,61.11
Botswana,BWA,2020-05-28,61.11
Botswana,BWA,2020-05-29,61.11
Botswana,BWA,2020-05-30,61.11
Botswana,BWA,2020-05-31,61.11
Botswana,BWA,2020-06-01,61.11
Botswana,BWA,2020-06-02,57.41
Botswana,BWA,2020-06-03,57.41
Botswana,BWA,2020-06-04,57.41
Botswana,BWA,2020-06-05,57.41
Botswana,BWA,2020-06-06,57.41
Botswana,BWA,2020-06-07,57.41
Botswana,BWA,2020-06-08,57.41
Botswana,BWA,2020-06-09,57.41
Botswana,BWA,2020-06-10,57.41
Botswana,BWA,2020-06-11,57.41
Botswana,BWA,2020-06-12,57.41
Botswana,BWA,2020-06-13,77.78
Botswana,BWA,2020-06-14,77.78
Botswana,BWA,2020-06-15,77.78
Botswana,BWA,2020-06-16,57.41
Botswana,BWA,2020-06-17,57.41
Botswana,BWA,2020-06-18,57.41
Botswana,BWA,2020-06-19,57.41
Botswana,BWA,2020-06-20,57.41
Botswana,BWA,2020-06-21,57.41
Botswana,BWA,2020-06-22,57.41
Botswana,BWA,2020-06-23,57.41
Botswana,BWA,2020-06-24,57.41
Botswana,BWA,2020-06-25,57.41
Botswana,BWA,2020-06-26,57.41
Botswana,BWA,2020-06-27,57.41
Botswana,BWA,2020-06-28,57.41
Botswana,BWA,2020-06-29,57.41
Botswana,BWA,2020-06-30,57.41
Botswana,BWA,2020-07-01,57.41
Botswana,BWA,2020-07-02,57.41
Botswana,BWA,2020-07-03,57.41
Botswana,BWA,2020-07-04,57.41
Botswana,BWA,2020-07-05,57.41
Botswana,BWA,2020-07-06,57.41
Botswana,BWA,2020-07-07,57.41
Botswana,BWA,2020-07-08,57.41
Botswana,BWA,2020-07-09,57.41
Botswana,BWA,2020-07-10,57.41
Botswana,BWA,2020-07-11,57.41
Botswana,BWA,2020-07-12,57.41
Botswana,BWA,2020-07-13,57.41
Botswana,BWA,2020-07-14,57.41
Botswana,BWA,2020-07-15,57.41
Botswana,BWA,2020-07-16,57.41
Botswana,BWA,2020-07-17,57.41
Botswana,BWA,2020-07-18,57.41
Botswana,BWA,2020-07-19,57.41
Botswana,BWA,2020-07-20,57.41
Botswana,BWA,2020-07-21,57.41
Botswana,BWA,2020-07-22,57.41
Botswana,BWA,2020-07-23,57.41
Botswana,BWA,2020-07-24,57.41
Botswana,BWA,2020-07-25,57.41
Botswana,BWA,2020-07-26,54.17
Botswana,BWA,2020-07-27,54.17
Botswana,BWA,2020-07-28,54.17
Botswana,BWA,2020-07-29,54.17
Botswana,BWA,2020-07-30,54.17
Botswana,BWA,2020-07-31,64.35
Botswana,BWA,2020-08-01,64.35
Botswana,BWA,2020-08-02,64.35
Botswana,BWA,2020-08-03,58.8
Botswana,BWA,2020-08-04,58.8
Botswana,BWA,2020-08-05,58.8
Botswana,BWA,2020-08-06,58.8
Botswana,BWA,2020-08-07,56.94
Botswana,BWA,2020-08-08,56.94
Botswana,BWA,2020-08-09,56.94
Botswana,BWA,2020-08-10,56.94
Botswana,BWA,2020-08-11,56.94
Botswana,BWA,2020-08-12,56.94
Botswana,BWA,2020-08-13,56.94
Botswana,BWA,2020-08-14,47.22
Botswana,BWA,2020-08-15,47.22
Botswana,BWA,2020-08-16,47.22
Botswana,BWA,2020-08-17,47.22
Botswana,BWA,2020-08-18,47.22
Botswana,BWA,2020-08-19,47.22
Botswana,BWA,2020-08-20,47.22
Botswana,BWA,2020-08-21,47.22
Botswana,BWA,2020-08-22,47.22
Botswana,BWA,2020-08-23,47.22
Botswana,BWA,2020-08-24,47.22
Botswana,BWA,2020-08-25,52.78
Botswana,BWA,2020-08-26,52.78
Botswana,BWA,2020-08-27,52.78
Botswana,BWA,2020-08-28,52.78
Botswana,BWA,2020-08-29,52.78
Botswana,BWA,2020-08-30,52.78
Botswana,BWA,2020-08-31,52.78
Botswana,BWA,2020-09-01,52.78
Botswana,BWA,2020-09-02,52.78
Botswana,BWA,2020-09-03,52.78
Botswana,BWA,2020-09-04,52.78
Botswana,BWA,2020-09-05,52.78
Botswana,BWA,2020-09-06,52.78
Botswana,BWA,2020-09-07,52.78
Botswana,BWA,2020-09-08,52.78
Botswana,BWA,2020-09-09,52.78
Botswana,BWA,2020-09-10,52.78
Botswana,BWA,2020-09-11,52.78
Botswana,BWA,2020-09-12,52.78
Botswana,BWA,2020-09-13,52.78
Botswana,BWA,2020-09-14,58.33
Botswana,BWA,2020-09-15,58.33
Botswana,BWA,2020-09-16,58.33
Botswana,BWA,2020-09-17,58.33
Botswana,BWA,2020-09-18,58.33
Botswana,BWA,2020-09-19,58.33
Botswana,BWA,2020-09-20,58.33
Botswana,BWA,2020-09-21,58.33
Botswana,BWA,2020-09-22,58.33
Botswana,BWA,2020-09-23,58.33
Botswana,BWA,2020-09-24,58.33
Botswana,BWA,2020-09-25,63.89
Botswana,BWA,2020-09-26,63.89
Botswana,BWA,2020-09-27,63.89
Botswana,BWA,2020-09-28,63.89
Botswana,BWA,2020-09-29,63.89
Botswana,BWA,2020-09-30,63.89
Botswana,BWA,2020-10-01,63.89
Botswana,BWA,2020-10-02,63.89
Botswana,BWA,2020-10-03,63.89
Botswana,BWA,2020-10-04,63.89
Botswana,BWA,2020-10-05,63.89
Botswana,BWA,2020-10-06,63.89
Botswana,BWA,2020-10-07,63.89
Botswana,BWA,2020-10-08,63.89
Botswana,BWA,2020-10-09,63.89
Botswana,BWA,2020-10-10,63.89
Botswana,BWA,2020-10-11,63.89
Botswana,BWA,2020-10-12,63.89
Botswana,BWA,2020-10-13,63.89
Botswana,BWA,2020-10-14,63.89
Botswana,BWA,2020-10-15,63.89
Botswana,BWA,2020-10-16,63.89
Botswana,BWA,2020-10-17,63.89
Botswana,BWA,2020-10-18,63.89
Botswana,BWA,2020-10-19,63.89
Botswana,BWA,2020-10-20,63.89
Botswana,BWA,2020-10-21,63.89
Botswana,BWA,2020-10-22,63.89
Botswana,BWA,2020-10-23,63.89
Botswana,BWA,2020-10-24,63.89
Botswana,BWA,2020-10-25,63.89
Botswana,BWA,2020-10-26,63.89
Botswana,BWA,2020-10-27,63.89
Botswana,BWA,2020-10-28,63.89
Botswana,BWA,2020-10-29,52.78
Botswana,BWA,2020-10-30,52.78
Botswana,BWA,2020-10-31,52.78
Botswana,BWA,2020-11-01,52.78
Botswana,BWA,2020-11-02,52.78
Botswana,BWA,2020-11-03,52.78
Botswana,BWA,2020-11-04,52.78
Botswana,BWA,2020-11-05,52.78
Botswana,BWA,2020-11-06,52.78
Botswana,BWA,2020-11-07,52.78
Botswana,BWA,2020-11-08,52.78
Botswana,BWA,2020-11-09,56.48
Botswana,BWA,2020-11-10,56.48
Botswana,BWA,2020-11-11,56.48
Botswana,BWA,2020-11-12,56.48
Botswana,BWA,2020-11-13,56.48
Botswana,BWA,2020-11-14,56.48
Botswana,BWA,2020-11-15,56.48
Botswana,BWA,2020-11-16,56.48
Botswana,BWA,2020-11-17,50.93
Botswana,BWA,2020-11-18,50.93
Botswana,BWA,2020-11-19,50.93
Botswana,BWA,2020-11-20,50.93
Botswana,BWA,2020-11-21,50.93
Botswana,BWA,2020-11-22,50.93
Botswana,BWA,2020-11-23,50.93
Botswana,BWA,2020-11-24,50.93
Botswana,BWA,2020-11-25,50.93
Botswana,BWA,2020-11-26,50.93
Botswana,BWA,2020-11-27,50.93
Botswana,BWA,2020-11-28,50.93
Botswana,BWA,2020-11-29,50.93
Botswana,BWA,2020-11-30,50.93
Botswana,BWA,2020-12-01,50.93
Botswana,BWA,2020-12-02,50.93
Botswana,BWA,2020-12-03,50.93
Botswana,BWA,2020-12-04,50.93
Botswana,BWA,2020-12-05,50.93
Botswana,BWA,2020-12-06,50.93
Botswana,BWA,2020-12-07,47.22
Botswana,BWA,2020-12-08,47.22
Botswana,BWA,2020-12-09,47.22
Botswana,BWA,2020-12-10,47.22
Botswana,BWA,2020-12-11,47.22
Botswana,BWA,2020-12-12,47.22
Botswana,BWA,2020-12-13,47.22
Botswana,BWA,2020-12-14,47.22
Botswana,BWA,2020-12-15,47.22
Botswana,BWA,2020-12-16,47.22
Botswana,BWA,2020-12-17,47.22
Botswana,BWA,2020-12-18,47.22
Botswana,BWA,2020-12-19,47.22
Botswana,BWA,2020-12-20,47.22
Botswana,BWA,2020-12-21,47.22
Botswana,BWA,2020-12-22,56.48
Botswana,BWA,2020-12-23,56.48
Botswana,BWA,2020-12-24,56.48
Botswana,BWA,2020-12-25,56.48
Botswana,BWA,2020-12-26,56.48
Botswana,BWA,2020-12-27,56.48
Botswana,BWA,2020-12-28,56.48
Botswana,BWA,2020-12-29,56.48
Botswana,BWA,2020-12-30,56.48
Botswana,BWA,2020-12-31,56.48
Botswana,BWA,2021-01-01,56.48
Botswana,BWA,2021-01-02,56.48
Botswana,BWA,2021-01-03,56.48
Botswana,BWA,2021-01-04,53.7
Botswana,BWA,2021-01-05,53.7
Botswana,BWA,2021-01-06,53.7
Botswana,BWA,2021-01-07,53.7
Botswana,BWA,2021-01-08,53.7
Botswana,BWA,2021-01-09,53.7
Botswana,BWA,2021-01-10,53.7
Botswana,BWA,2021-01-11,53.7
Botswana,BWA,2021-01-12,53.7
Botswana,BWA,2021-01-13,53.7
Botswana,BWA,2021-01-14,53.7
Botswana,BWA,2021-01-15,53.7
Botswana,BWA,2021-01-16,53.7
Botswana,BWA,2021-01-17,53.7
Botswana,BWA,2021-01-18,53.7
Botswana,BWA,2021-01-19,53.7
Botswana,BWA,2021-01-20,53.7
Botswana,BWA,2021-01-21,53.7
Botswana,BWA,2021-01-22,53.7
Botswana,BWA,2021-01-23,53.7
Botswana,BWA,2021-01-24,53.7
Botswana,BWA,2021-01-25,53.7
Botswana,BWA,2021-01-26,53.7
Botswana,BWA,2021-01-27,53.7
Botswana,BWA,2021-01-28,53.7
Botswana,BWA,2021-01-29,53.7
Botswana,BWA,2021-01-30,53.7
Botswana,BWA,2021-01-31,53.7
Botswana,BWA,2021-02-01,53.7
Botswana,BWA,2021-02-02,53.7
Botswana,BWA,2021-02-03,53.7
Botswana,BWA,2021-02-04,53.7
Botswana,BWA,2021-02-05,53.7
Botswana,BWA,2021-02-06,53.7
Botswana,BWA,2021-02-07,53.7
Botswana,BWA,2021-02-08,53.7
Botswana,BWA,2021-02-09,59.26
Botswana,BWA,2021-02-10,59.26
Botswana,BWA,2021-02-11,59.26
Botswana,BWA,2021-02-12,59.26
Botswana,BWA,2021-02-13,59.26
Botswana,BWA,2021-02-14,59.26
Botswana,BWA,2021-02-15,59.26
Botswana,BWA,2021-02-16,59.26
Botswana,BWA,2021-02-17,59.26
Botswana,BWA,2021-02-18,59.26
Botswana,BWA,2021-02-19,59.26
Botswana,BWA,2021-02-20,59.26
Botswana,BWA,2021-02-21,59.26
Botswana,BWA,2021-02-22,59.26
Botswana,BWA,2021-02-23,62.04
Botswana,BWA,2021-02-24,62.04
Botswana,BWA,2021-02-25,62.04
Botswana,BWA,2021-02-26,62.04
Botswana,BWA,2021-02-27,62.04
Botswana,BWA,2021-02-28,62.04
Botswana,BWA,2021-03-01,62.04
Brazil,BRA,2020-01-01,0
Brazil,BRA,2020-01-02,0
Brazil,BRA,2020-01-03,0
Brazil,BRA,2020-01-04,0
Brazil,BRA,2020-01-05,0
Brazil,BRA,2020-01-06,0
Brazil,BRA,2020-01-07,0
Brazil,BRA,2020-01-08,0
Brazil,BRA,2020-01-09,0
Brazil,BRA,2020-01-10,0
Brazil,BRA,2020-01-11,0
Brazil,BRA,2020-01-12,0
Brazil,BRA,2020-01-13,0
Brazil,BRA,2020-01-14,0
Brazil,BRA,2020-01-15,0
Brazil,BRA,2020-01-16,0
Brazil,BRA,2020-01-17,0
Brazil,BRA,2020-01-18,0
Brazil,BRA,2020-01-19,0
Brazil,BRA,2020-01-20,0
Brazil,BRA,2020-01-21,0
Brazil,BRA,2020-01-22,0
Brazil,BRA,2020-01-23,0
Brazil,BRA,2020-01-24,0
Brazil,BRA,2020-01-25,0
Brazil,BRA,2020-01-26,0
Brazil,BRA,2020-01-27,0
Brazil,BRA,2020-01-28,0
Brazil,BRA,2020-01-29,5.56
Brazil,BRA,2020-01-30,5.56
Brazil,BRA,2020-01-31,5.56
Brazil,BRA,2020-02-01,5.56
Brazil,BRA,2020-02-02,5.56
Brazil,BRA,2020-02-03,5.56
Brazil,BRA,2020-02-04,5.56
Brazil,BRA,2020-02-05,5.56
Brazil,BRA,2020-02-06,5.56
Brazil,BRA,2020-02-07,5.56
Brazil,BRA,2020-02-08,5.56
Brazil,BRA,2020-02-09,5.56
Brazil,BRA,2020-02-10,5.56
Brazil,BRA,2020-02-11,5.56
Brazil,BRA,2020-02-12,5.56
Brazil,BRA,2020-02-13,5.56
Brazil,BRA,2020-02-14,5.56
Brazil,BRA,2020-02-15,5.56
Brazil,BRA,2020-02-16,5.56
Brazil,BRA,2020-02-17,5.56
Brazil,BRA,2020-02-18,5.56
Brazil,BRA,2020-02-19,5.56
Brazil,BRA,2020-02-20,5.56
Brazil,BRA,2020-02-21,5.56
Brazil,BRA,2020-02-22,5.56
Brazil,BRA,2020-02-23,5.56
Brazil,BRA,2020-02-24,5.56
Brazil,BRA,2020-02-25,5.56
Brazil,BRA,2020-02-26,5.56
Brazil,BRA,2020-02-27,5.56
Brazil,BRA,2020-02-28,5.56
Brazil,BRA,2020-02-29,5.56
Brazil,BRA,2020-03-01,5.56
Brazil,BRA,2020-03-02,11.11
Brazil,BRA,2020-03-03,11.11
Brazil,BRA,2020-03-04,11.11
Brazil,BRA,2020-03-05,11.11
Brazil,BRA,2020-03-06,11.11
Brazil,BRA,2020-03-07,11.11
Brazil,BRA,2020-03-08,11.11
Brazil,BRA,2020-03-09,11.11
Brazil,BRA,2020-03-10,11.11
Brazil,BRA,2020-03-11,11.11
Brazil,BRA,2020-03-12,28.7
Brazil,BRA,2020-03-13,37.96
Brazil,BRA,2020-03-14,42.13
Brazil,BRA,2020-03-15,42.13
Brazil,BRA,2020-03-16,42.13
Brazil,BRA,2020-03-17,57.87
Brazil,BRA,2020-03-18,60.65
Brazil,BRA,2020-03-19,66.2
Brazil,BRA,2020-03-20,66.2
Brazil,BRA,2020-03-21,71.76
Brazil,BRA,2020-03-22,71.76
Brazil,BRA,2020-03-23,71.76
Brazil,BRA,2020-03-24,71.76
Brazil,BRA,2020-03-25,71.76
Brazil,BRA,2020-03-26,71.76
Brazil,BRA,2020-03-27,74.54
Brazil,BRA,2020-03-28,74.54
Brazil,BRA,2020-03-29,74.54
Brazil,BRA,2020-03-30,74.54
Brazil,BRA,2020-03-31,74.54
Brazil,BRA,2020-04-01,74.54
Brazil,BRA,2020-04-02,74.54
Brazil,BRA,2020-04-03,74.54
Brazil,BRA,2020-04-04,74.54
Brazil,BRA,2020-04-05,74.54
Brazil,BRA,2020-04-06,74.54
Brazil,BRA,2020-04-07,74.54
Brazil,BRA,2020-04-08,74.54
Brazil,BRA,2020-04-09,74.54
Brazil,BRA,2020-04-10,74.54
Brazil,BRA,2020-04-11,74.54
Brazil,BRA,2020-04-12,74.54
Brazil,BRA,2020-04-13,74.54
Brazil,BRA,2020-04-14,74.54
Brazil,BRA,2020-04-15,74.54
Brazil,BRA,2020-04-16,74.54
Brazil,BRA,2020-04-17,74.54
Brazil,BRA,2020-04-18,74.54
Brazil,BRA,2020-04-19,74.54
Brazil,BRA,2020-04-20,74.54
Brazil,BRA,2020-04-21,74.54
Brazil,BRA,2020-04-22,74.54
Brazil,BRA,2020-04-23,74.54
Brazil,BRA,2020-04-24,74.54
Brazil,BRA,2020-04-25,74.54
Brazil,BRA,2020-04-26,77.31
Brazil,BRA,2020-04-27,77.31
Brazil,BRA,2020-04-28,77.31
Brazil,BRA,2020-04-29,77.31
Brazil,BRA,2020-04-30,77.31
Brazil,BRA,2020-05-01,77.31
Brazil,BRA,2020-05-02,77.31
Brazil,BRA,2020-05-03,77.31
Brazil,BRA,2020-05-04,77.31
Brazil,BRA,2020-05-05,81.02
Brazil,BRA,2020-05-06,81.02
Brazil,BRA,2020-05-07,81.02
Brazil,BRA,2020-05-08,81.02
Brazil,BRA,2020-05-09,81.02
Brazil,BRA,2020-05-10,81.02
Brazil,BRA,2020-05-11,81.02
Brazil,BRA,2020-05-12,81.02
Brazil,BRA,2020-05-13,81.02
Brazil,BRA,2020-05-14,81.02
Brazil,BRA,2020-05-15,81.02
Brazil,BRA,2020-05-16,81.02
Brazil,BRA,2020-05-17,81.02
Brazil,BRA,2020-05-18,81.02
Brazil,BRA,2020-05-19,81.02
Brazil,BRA,2020-05-20,81.02
Brazil,BRA,2020-05-21,81.02
Brazil,BRA,2020-05-22,81.02
Brazil,BRA,2020-05-23,81.02
Brazil,BRA,2020-05-24,81.02
Brazil,BRA,2020-05-25,81.02
Brazil,BRA,2020-05-26,81.02
Brazil,BRA,2020-05-27,81.02
Brazil,BRA,2020-05-28,81.02
Brazil,BRA,2020-05-29,81.02
Brazil,BRA,2020-05-30,81.02
Brazil,BRA,2020-05-31,81.02
Brazil,BRA,2020-06-01,77.31
Brazil,BRA,2020-06-02,77.31
Brazil,BRA,2020-06-03,77.31
Brazil,BRA,2020-06-04,77.31
Brazil,BRA,2020-06-05,77.31
Brazil,BRA,2020-06-06,77.31
Brazil,BRA,2020-06-07,77.31
Brazil,BRA,2020-06-08,77.31
Brazil,BRA,2020-06-09,77.31
Brazil,BRA,2020-06-10,77.31
Brazil,BRA,2020-06-11,77.31
Brazil,BRA,2020-06-12,77.31
Brazil,BRA,2020-06-13,77.31
Brazil,BRA,2020-06-14,77.31
Brazil,BRA,2020-06-15,77.31
Brazil,BRA,2020-06-16,77.31
Brazil,BRA,2020-06-17,77.31
Brazil,BRA,2020-06-18,77.31
Brazil,BRA,2020-06-19,77.31
Brazil,BRA,2020-06-20,77.31
Brazil,BRA,2020-06-21,77.31
Brazil,BRA,2020-06-22,77.31
Brazil,BRA,2020-06-23,77.31
Brazil,BRA,2020-06-24,77.31
Brazil,BRA,2020-06-25,77.31
Brazil,BRA,2020-06-26,77.31
Brazil,BRA,2020-06-27,77.31
Brazil,BRA,2020-06-28,77.31
Brazil,BRA,2020-06-29,77.31
Brazil,BRA,2020-06-30,77.31
Brazil,BRA,2020-07-01,77.31
Brazil,BRA,2020-07-02,77.31
Brazil,BRA,2020-07-03,81.02
Brazil,BRA,2020-07-04,81.02
Brazil,BRA,2020-07-05,81.02
Brazil,BRA,2020-07-06,81.02
Brazil,BRA,2020-07-07,81.02
Brazil,BRA,2020-07-08,81.02
Brazil,BRA,2020-07-09,81.02
Brazil,BRA,2020-07-10,81.02
Brazil,BRA,2020-07-11,81.02
Brazil,BRA,2020-07-12,81.02
Brazil,BRA,2020-07-13,81.02
Brazil,BRA,2020-07-14,81.02
Brazil,BRA,2020-07-15,81.02
Brazil,BRA,2020-07-16,81.02
Brazil,BRA,2020-07-17,81.02
Brazil,BRA,2020-07-18,81.02
Brazil,BRA,2020-07-19,81.02
Brazil,BRA,2020-07-20,81.02
Brazil,BRA,2020-07-21,81.02
Brazil,BRA,2020-07-22,81.02
Brazil,BRA,2020-07-23,81.02
Brazil,BRA,2020-07-24,81.02
Brazil,BRA,2020-07-25,81.02
Brazil,BRA,2020-07-26,81.02
Brazil,BRA,2020-07-27,81.02
Brazil,BRA,2020-07-28,81.02
Brazil,BRA,2020-07-29,72.69
Brazil,BRA,2020-07-30,72.69
Brazil,BRA,2020-07-31,72.69
Brazil,BRA,2020-08-01,72.69
Brazil,BRA,2020-08-02,72.69
Brazil,BRA,2020-08-03,72.69
Brazil,BRA,2020-08-04,72.69
Brazil,BRA,2020-08-05,72.69
Brazil,BRA,2020-08-06,72.69
Brazil,BRA,2020-08-07,72.69
Brazil,BRA,2020-08-08,72.69
Brazil,BRA,2020-08-09,72.69
Brazil,BRA,2020-08-10,72.69
Brazil,BRA,2020-08-11,72.69
Brazil,BRA,2020-08-12,72.69
Brazil,BRA,2020-08-13,72.69
Brazil,BRA,2020-08-14,72.69
Brazil,BRA,2020-08-15,69.91
Brazil,BRA,2020-08-16,69.91
Brazil,BRA,2020-08-17,69.91
Brazil,BRA,2020-08-18,69.91
Brazil,BRA,2020-08-19,69.91
Brazil,BRA,2020-08-20,69.91
Brazil,BRA,2020-08-21,69.91
Brazil,BRA,2020-08-22,69.91
Brazil,BRA,2020-08-23,69.91
Brazil,BRA,2020-08-24,73.61
Brazil,BRA,2020-08-25,73.61
Brazil,BRA,2020-08-26,73.61
Brazil,BRA,2020-08-27,73.61
Brazil,BRA,2020-08-28,73.61
Brazil,BRA,2020-08-29,73.61
Brazil,BRA,2020-08-30,73.61
Brazil,BRA,2020-08-31,69.91
Brazil,BRA,2020-09-01,69.91
Brazil,BRA,2020-09-02,69.91
Brazil,BRA,2020-09-03,69.91
Brazil,BRA,2020-09-04,69.91
Brazil,BRA,2020-09-05,69.91
Brazil,BRA,2020-09-06,69.91
Brazil,BRA,2020-09-07,69.91
Brazil,BRA,2020-09-08,69.91
Brazil,BRA,2020-09-09,69.91
Brazil,BRA,2020-09-10,69.91
Brazil,BRA,2020-09-11,69.91
Brazil,BRA,2020-09-12,69.91
Brazil,BRA,2020-09-13,69.91
Brazil,BRA,2020-09-14,69.91
Brazil,BRA,2020-09-15,69.91
Brazil,BRA,2020-09-16,69.91
Brazil,BRA,2020-09-17,69.91
Brazil,BRA,2020-09-18,69.91
Brazil,BRA,2020-09-19,69.91
Brazil,BRA,2020-09-20,69.91
Brazil,BRA,2020-09-21,69.91
Brazil,BRA,2020-09-22,69.91
Brazil,BRA,2020-09-23,67.13
Brazil,BRA,2020-09-24,67.13
Brazil,BRA,2020-09-25,67.13
Brazil,BRA,2020-09-26,67.13
Brazil,BRA,2020-09-27,67.13
Brazil,BRA,2020-09-28,67.13
Brazil,BRA,2020-09-29,67.13
Brazil,BRA,2020-09-30,67.13
Brazil,BRA,2020-10-01,67.13
Brazil,BRA,2020-10-02,67.13
Brazil,BRA,2020-10-03,67.13
Brazil,BRA,2020-10-04,67.13
Brazil,BRA,2020-10-05,67.13
Brazil,BRA,2020-10-06,67.13
Brazil,BRA,2020-10-07,67.13
Brazil,BRA,2020-10-08,63.43
Brazil,BRA,2020-10-09,63.43
Brazil,BRA,2020-10-10,63.43
Brazil,BRA,2020-10-11,63.43
Brazil,BRA,2020-10-12,63.43
Brazil,BRA,2020-10-13,63.43
Brazil,BRA,2020-10-14,63.43
Brazil,BRA,2020-10-15,63.43
Brazil,BRA,2020-10-16,63.43
Brazil,BRA,2020-10-17,63.43
Brazil,BRA,2020-10-18,63.43
Brazil,BRA,2020-10-19,63.43
Brazil,BRA,2020-10-20,63.43
Brazil,BRA,2020-10-21,63.43
Brazil,BRA,2020-10-22,63.43
Brazil,BRA,2020-10-23,57.87
Brazil,BRA,2020-10-24,57.87
Brazil,BRA,2020-10-25,57.87
Brazil,BRA,2020-10-26,57.87
Brazil,BRA,2020-10-27,57.87
Brazil,BRA,2020-10-28,57.87
Brazil,BRA,2020-10-29,57.87
Brazil,BRA,2020-10-30,57.87
Brazil,BRA,2020-10-31,57.87
Brazil,BRA,2020-11-01,57.87
Brazil,BRA,2020-11-02,57.87
Brazil,BRA,2020-11-03,57.87
Brazil,BRA,2020-11-04,57.87
Brazil,BRA,2020-11-05,57.87
Brazil,BRA,2020-11-06,57.87
Brazil,BRA,2020-11-07,57.87
Brazil,BRA,2020-11-08,57.87
Brazil,BRA,2020-11-09,57.87
Brazil,BRA,2020-11-10,54.17
Brazil,BRA,2020-11-11,54.17
Brazil,BRA,2020-11-12,54.17
Brazil,BRA,2020-11-13,54.17
Brazil,BRA,2020-11-14,54.17
Brazil,BRA,2020-11-15,54.17
Brazil,BRA,2020-11-16,54.17
Brazil,BRA,2020-11-17,54.17
Brazil,BRA,2020-11-18,54.17
Brazil,BRA,2020-11-19,54.17
Brazil,BRA,2020-11-20,54.17
Brazil,BRA,2020-11-21,54.17
Brazil,BRA,2020-11-22,54.17
Brazil,BRA,2020-11-23,54.17
Brazil,BRA,2020-11-24,54.17
Brazil,BRA,2020-11-25,57.87
Brazil,BRA,2020-11-26,57.87
Brazil,BRA,2020-11-27,57.87
Brazil,BRA,2020-11-28,57.87
Brazil,BRA,2020-11-29,57.87
Brazil,BRA,2020-11-30,60.65
Brazil,BRA,2020-12-01,60.65
Brazil,BRA,2020-12-02,60.65
Brazil,BRA,2020-12-03,63.43
Brazil,BRA,2020-12-04,63.43
Brazil,BRA,2020-12-05,63.43
Brazil,BRA,2020-12-06,63.43
Brazil,BRA,2020-12-07,63.43
Brazil,BRA,2020-12-08,63.43
Brazil,BRA,2020-12-09,60.65
Brazil,BRA,2020-12-10,60.65
Brazil,BRA,2020-12-11,64.35
Brazil,BRA,2020-12-12,64.35
Brazil,BRA,2020-12-13,64.35
Brazil,BRA,2020-12-14,64.35
Brazil,BRA,2020-12-15,67.13
Brazil,BRA,2020-12-16,64.35
Brazil,BRA,2020-12-17,64.35
Brazil,BRA,2020-12-18,64.35
Brazil,BRA,2020-12-19,64.35
Brazil,BRA,2020-12-20,64.35
Brazil,BRA,2020-12-21,64.35
Brazil,BRA,2020-12-22,64.35
Brazil,BRA,2020-12-23,64.35
Brazil,BRA,2020-12-24,64.35
Brazil,BRA,2020-12-25,64.35
Brazil,BRA,2020-12-26,64.35
Brazil,BRA,2020-12-27,64.35
Brazil,BRA,2020-12-28,64.35
Brazil,BRA,2020-12-29,64.35
Brazil,BRA,2020-12-30,64.35
Brazil,BRA,2020-12-31,64.35
Brazil,BRA,2021-01-01,64.35
Brazil,BRA,2021-01-02,64.35
Brazil,BRA,2021-01-03,64.35
Brazil,BRA,2021-01-04,64.35
Brazil,BRA,2021-01-05,64.35
Brazil,BRA,2021-01-06,64.35
Brazil,BRA,2021-01-07,61.57
Brazil,BRA,2021-01-08,61.57
Brazil,BRA,2021-01-09,61.57
Brazil,BRA,2021-01-10,61.57
Brazil,BRA,2021-01-11,61.57
Brazil,BRA,2021-01-12,61.57
Brazil,BRA,2021-01-13,64.35
Brazil,BRA,2021-01-14,72.69
Brazil,BRA,2021-01-15,72.69
Brazil,BRA,2021-01-16,72.69
Brazil,BRA,2021-01-17,72.69
Brazil,BRA,2021-01-18,72.69
Brazil,BRA,2021-01-19,72.69
Brazil,BRA,2021-01-20,72.69
Brazil,BRA,2021-01-21,72.69
Brazil,BRA,2021-01-22,72.69
Brazil,BRA,2021-01-23,72.69
Brazil,BRA,2021-01-24,72.69
Brazil,BRA,2021-01-25,72.69
Brazil,BRA,2021-01-26,69.91
Brazil,BRA,2021-01-27,69.91
Brazil,BRA,2021-01-28,69.91
Brazil,BRA,2021-01-29,69.91
Brazil,BRA,2021-01-30,69.91
Brazil,BRA,2021-01-31,69.91
Brazil,BRA,2021-02-01,69.91
Brazil,BRA,2021-02-02,69.91
Brazil,BRA,2021-02-03,69.91
Brazil,BRA,2021-02-04,69.91
Brazil,BRA,2021-02-05,69.91
Brazil,BRA,2021-02-06,69.91
Brazil,BRA,2021-02-07,69.91
Brazil,BRA,2021-02-08,69.91
Brazil,BRA,2021-02-09,69.91
Brazil,BRA,2021-02-10,69.91
Brazil,BRA,2021-02-11,69.91
Brazil,BRA,2021-02-12,69.91
Brazil,BRA,2021-02-13,69.91
Brazil,BRA,2021-02-14,69.91
Brazil,BRA,2021-02-15,69.91
Brazil,BRA,2021-02-16,69.91
Brazil,BRA,2021-02-17,69.91
Brazil,BRA,2021-02-18,69.91
Brazil,BRA,2021-02-19,69.91
Brazil,BRA,2021-02-20,69.91
Brazil,BRA,2021-02-21,69.91
Brazil,BRA,2021-02-22,69.91
Brazil,BRA,2021-02-23,69.91
Brazil,BRA,2021-02-24,69.91
Brazil,BRA,2021-02-25,69.91
Brazil,BRA,2021-02-26,69.91
Brazil,BRA,2021-02-27,64.35
Brazil,BRA,2021-02-28,64.35
Brunei,BRN,2020-01-01,0
Brunei,BRN,2020-01-02,0
Brunei,BRN,2020-01-03,0
Brunei,BRN,2020-01-04,0
Brunei,BRN,2020-01-05,0
Brunei,BRN,2020-01-06,11.11
Brunei,BRN,2020-01-07,11.11
Brunei,BRN,2020-01-08,11.11
Brunei,BRN,2020-01-09,11.11
Brunei,BRN,2020-01-10,11.11
Brunei,BRN,2020-01-11,11.11
Brunei,BRN,2020-01-12,11.11
Brunei,BRN,2020-01-13,11.11
Brunei,BRN,2020-01-14,11.11
Brunei,BRN,2020-01-15,11.11
Brunei,BRN,2020-01-16,11.11
Brunei,BRN,2020-01-17,11.11
Brunei,BRN,2020-01-18,11.11
Brunei,BRN,2020-01-19,11.11
Brunei,BRN,2020-01-20,11.11
Brunei,BRN,2020-01-21,11.11
Brunei,BRN,2020-01-22,11.11
Brunei,BRN,2020-01-23,11.11
Brunei,BRN,2020-01-24,11.11
Brunei,BRN,2020-01-25,11.11
Brunei,BRN,2020-01-26,11.11
Brunei,BRN,2020-01-27,11.11
Brunei,BRN,2020-01-28,11.11
Brunei,BRN,2020-01-29,11.11
Brunei,BRN,2020-01-30,19.44
Brunei,BRN,2020-01-31,19.44
Brunei,BRN,2020-02-01,19.44
Brunei,BRN,2020-02-02,19.44
Brunei,BRN,2020-02-03,19.44
Brunei,BRN,2020-02-04,19.44
Brunei,BRN,2020-02-05,19.44
Brunei,BRN,2020-02-06,19.44
Brunei,BRN,2020-02-07,19.44
Brunei,BRN,2020-02-08,19.44
Brunei,BRN,2020-02-09,19.44
Brunei,BRN,2020-02-10,19.44
Brunei,BRN,2020-02-11,19.44
Brunei,BRN,2020-02-12,19.44
Brunei,BRN,2020-02-13,19.44
Brunei,BRN,2020-02-14,19.44
Brunei,BRN,2020-02-15,19.44
Brunei,BRN,2020-02-16,19.44
Brunei,BRN,2020-02-17,19.44
Brunei,BRN,2020-02-18,19.44
Brunei,BRN,2020-02-19,19.44
Brunei,BRN,2020-02-20,19.44
Brunei,BRN,2020-02-21,19.44
Brunei,BRN,2020-02-22,19.44
Brunei,BRN,2020-02-23,19.44
Brunei,BRN,2020-02-24,19.44
Brunei,BRN,2020-02-25,19.44
Brunei,BRN,2020-02-26,19.44
Brunei,BRN,2020-02-27,19.44
Brunei,BRN,2020-02-28,19.44
Brunei,BRN,2020-02-29,19.44
Brunei,BRN,2020-03-01,19.44
Brunei,BRN,2020-03-02,19.44
Brunei,BRN,2020-03-03,19.44
Brunei,BRN,2020-03-04,19.44
Brunei,BRN,2020-03-05,19.44
Brunei,BRN,2020-03-06,19.44
Brunei,BRN,2020-03-07,19.44
Brunei,BRN,2020-03-08,19.44
Brunei,BRN,2020-03-09,19.44
Brunei,BRN,2020-03-10,19.44
Brunei,BRN,2020-03-11,30.56
Brunei,BRN,2020-03-12,30.56
Brunei,BRN,2020-03-13,50
Brunei,BRN,2020-03-14,50
Brunei,BRN,2020-03-15,50
Brunei,BRN,2020-03-16,50
Brunei,BRN,2020-03-17,50
Brunei,BRN,2020-03-18,50
Brunei,BRN,2020-03-19,50
Brunei,BRN,2020-03-20,50
Brunei,BRN,2020-03-21,50
Brunei,BRN,2020-03-22,50
Brunei,BRN,2020-03-23,50
Brunei,BRN,2020-03-24,52.78
Brunei,BRN,2020-03-25,52.78
Brunei,BRN,2020-03-26,52.78
Brunei,BRN,2020-03-27,52.78
Brunei,BRN,2020-03-28,52.78
Brunei,BRN,2020-03-29,52.78
Brunei,BRN,2020-03-30,52.78
Brunei,BRN,2020-03-31,52.78
Brunei,BRN,2020-04-01,52.78
Brunei,BRN,2020-04-02,52.78
Brunei,BRN,2020-04-03,52.78
Brunei,BRN,2020-04-04,52.78
Brunei,BRN,2020-04-05,52.78
Brunei,BRN,2020-04-06,52.78
Brunei,BRN,2020-04-07,52.78
Brunei,BRN,2020-04-08,52.78
Brunei,BRN,2020-04-09,52.78
Brunei,BRN,2020-04-10,52.78
Brunei,BRN,2020-04-11,58.33
Brunei,BRN,2020-04-12,58.33
Brunei,BRN,2020-04-13,58.33
Brunei,BRN,2020-04-14,58.33
Brunei,BRN,2020-04-15,58.33
Brunei,BRN,2020-04-16,58.33
Brunei,BRN,2020-04-17,58.33
Brunei,BRN,2020-04-18,58.33
Brunei,BRN,2020-04-19,58.33
Brunei,BRN,2020-04-20,58.33
Brunei,BRN,2020-04-21,58.33
Brunei,BRN,2020-04-22,58.33
Brunei,BRN,2020-04-23,58.33
Brunei,BRN,2020-04-24,58.33
Brunei,BRN,2020-04-25,58.33
Brunei,BRN,2020-04-26,58.33
Brunei,BRN,2020-04-27,58.33
Brunei,BRN,2020-04-28,58.33
Brunei,BRN,2020-04-29,58.33
Brunei,BRN,2020-04-30,58.33
Brunei,BRN,2020-05-01,58.33
Brunei,BRN,2020-05-02,58.33
Brunei,BRN,2020-05-03,58.33
Brunei,BRN,2020-05-04,58.33
Brunei,BRN,2020-05-05,58.33
Brunei,BRN,2020-05-06,58.33
Brunei,BRN,2020-05-07,58.33
Brunei,BRN,2020-05-08,58.33
Brunei,BRN,2020-05-09,58.33
Brunei,BRN,2020-05-10,58.33
Brunei,BRN,2020-05-11,58.33
Brunei,BRN,2020-05-12,58.33
Brunei,BRN,2020-05-13,58.33
Brunei,BRN,2020-05-14,58.33
Brunei,BRN,2020-05-15,52.78
Brunei,BRN,2020-05-16,52.78
Brunei,BRN,2020-05-17,52.78
Brunei,BRN,2020-05-18,52.78
Brunei,BRN,2020-05-19,52.78
Brunei,BRN,2020-05-20,52.78
Brunei,BRN,2020-05-21,52.78
Brunei,BRN,2020-05-22,52.78
Brunei,BRN,2020-05-23,52.78
Brunei,BRN,2020-05-24,52.78
Brunei,BRN,2020-05-25,52.78
Brunei,BRN,2020-05-26,52.78
Brunei,BRN,2020-05-27,52.78
Brunei,BRN,2020-05-28,52.78
Brunei,BRN,2020-05-29,52.78
Brunei,BRN,2020-05-30,52.78
Brunei,BRN,2020-05-31,52.78
Brunei,BRN,2020-06-01,52.78
Brunei,BRN,2020-06-02,49.07
Brunei,BRN,2020-06-03,49.07
Brunei,BRN,2020-06-04,49.07
Brunei,BRN,2020-06-05,49.07
Brunei,BRN,2020-06-06,49.07
Brunei,BRN,2020-06-07,49.07
Brunei,BRN,2020-06-08,49.07
Brunei,BRN,2020-06-09,49.07
Brunei,BRN,2020-06-10,49.07
Brunei,BRN,2020-06-11,49.07
Brunei,BRN,2020-06-12,49.07
Brunei,BRN,2020-06-13,49.07
Brunei,BRN,2020-06-14,49.07
Brunei,BRN,2020-06-15,49.07
Brunei,BRN,2020-06-16,49.07
Brunei,BRN,2020-06-17,49.07
Brunei,BRN,2020-06-18,49.07
Brunei,BRN,2020-06-19,49.07
Brunei,BRN,2020-06-20,49.07
Brunei,BRN,2020-06-21,49.07
Brunei,BRN,2020-06-22,49.07
Brunei,BRN,2020-06-23,49.07
Brunei,BRN,2020-06-24,49.07
Brunei,BRN,2020-06-25,49.07
Brunei,BRN,2020-06-26,49.07
Brunei,BRN,2020-06-27,49.07
Brunei,BRN,2020-06-28,49.07
Brunei,BRN,2020-06-29,49.07
Brunei,BRN,2020-06-30,49.07
Brunei,BRN,2020-07-01,49.07
Brunei,BRN,2020-07-02,49.07
Brunei,BRN,2020-07-03,49.07
Brunei,BRN,2020-07-04,49.07
Brunei,BRN,2020-07-05,49.07
Brunei,BRN,2020-07-06,49.07
Brunei,BRN,2020-07-07,49.07
Brunei,BRN,2020-07-08,49.07
Brunei,BRN,2020-07-09,49.07
Brunei,BRN,2020-07-10,49.07
Brunei,BRN,2020-07-11,49.07
Brunei,BRN,2020-07-12,49.07
Brunei,BRN,2020-07-13,49.07
Brunei,BRN,2020-07-14,49.07
Brunei,BRN,2020-07-15,49.07
Brunei,BRN,2020-07-16,49.07
Brunei,BRN,2020-07-17,49.07
Brunei,BRN,2020-07-18,49.07
Brunei,BRN,2020-07-19,49.07
Brunei,BRN,2020-07-20,49.07
Brunei,BRN,2020-07-21,49.07
Brunei,BRN,2020-07-22,49.07
Brunei,BRN,2020-07-23,49.07
Brunei,BRN,2020-07-24,49.07
Brunei,BRN,2020-07-25,49.07
Brunei,BRN,2020-07-26,49.07
Brunei,BRN,2020-07-27,39.81
Brunei,BRN,2020-07-28,39.81
Brunei,BRN,2020-07-29,39.81
Brunei,BRN,2020-07-30,39.81
Brunei,BRN,2020-07-31,39.81
Brunei,BRN,2020-08-01,39.81
Brunei,BRN,2020-08-02,39.81
Brunei,BRN,2020-08-03,39.81
Brunei,BRN,2020-08-04,39.81
Brunei,BRN,2020-08-05,39.81
Brunei,BRN,2020-08-06,39.81
Brunei,BRN,2020-08-07,39.81
Brunei,BRN,2020-08-08,39.81
Brunei,BRN,2020-08-09,39.81
Brunei,BRN,2020-08-10,39.81
Brunei,BRN,2020-08-11,39.81
Brunei,BRN,2020-08-12,39.81
Brunei,BRN,2020-08-13,37.04
Brunei,BRN,2020-08-14,37.04
Brunei,BRN,2020-08-15,37.04
Brunei,BRN,2020-08-16,37.04
Brunei,BRN,2020-08-17,40.74
Brunei,BRN,2020-08-18,40.74
Brunei,BRN,2020-08-19,40.74
Brunei,BRN,2020-08-20,40.74
Brunei,BRN,2020-08-21,40.74
Brunei,BRN,2020-08-22,40.74
Brunei,BRN,2020-08-23,40.74
Brunei,BRN,2020-08-24,40.74
Brunei,BRN,2020-08-25,40.74
Brunei,BRN,2020-08-26,40.74
Brunei,BRN,2020-08-27,40.74
Brunei,BRN,2020-08-28,40.74
Brunei,BRN,2020-08-29,40.74
Brunei,BRN,2020-08-30,40.74
Brunei,BRN,2020-08-31,40.74
Brunei,BRN,2020-09-01,37.96
Brunei,BRN,2020-09-02,37.96
Brunei,BRN,2020-09-03,37.96
Brunei,BRN,2020-09-04,37.96
Brunei,BRN,2020-09-05,37.96
Brunei,BRN,2020-09-06,37.96
Brunei,BRN,2020-09-07,37.96
Brunei,BRN,2020-09-08,37.96
Brunei,BRN,2020-09-09,37.96
Brunei,BRN,2020-09-10,37.96
Brunei,BRN,2020-09-11,37.96
Brunei,BRN,2020-09-12,37.96
Brunei,BRN,2020-09-13,37.96
Brunei,BRN,2020-09-14,37.96
Brunei,BRN,2020-09-15,35.19
Brunei,BRN,2020-09-16,35.19
Brunei,BRN,2020-09-17,35.19
Brunei,BRN,2020-09-18,35.19
Brunei,BRN,2020-09-19,35.19
Brunei,BRN,2020-09-20,35.19
Brunei,BRN,2020-09-21,35.19
Brunei,BRN,2020-09-22,35.19
Brunei,BRN,2020-09-23,35.19
Brunei,BRN,2020-09-24,35.19
Brunei,BRN,2020-09-25,35.19
Brunei,BRN,2020-09-26,35.19
Brunei,BRN,2020-09-27,35.19
Brunei,BRN,2020-09-28,35.19
Brunei,BRN,2020-09-29,35.19
Brunei,BRN,2020-09-30,35.19
Brunei,BRN,2020-10-01,35.19
Brunei,BRN,2020-10-02,35.19
Brunei,BRN,2020-10-03,35.19
Brunei,BRN,2020-10-04,35.19
Brunei,BRN,2020-10-05,35.19
Brunei,BRN,2020-10-06,35.19
Brunei,BRN,2020-10-07,35.19
Brunei,BRN,2020-10-08,35.19
Brunei,BRN,2020-10-09,35.19
Brunei,BRN,2020-10-10,35.19
Brunei,BRN,2020-10-11,35.19
Brunei,BRN,2020-10-12,35.19
Brunei,BRN,2020-10-13,35.19
Brunei,BRN,2020-10-14,35.19
Brunei,BRN,2020-10-15,35.19
Brunei,BRN,2020-10-16,35.19
Brunei,BRN,2020-10-17,35.19
Brunei,BRN,2020-10-18,35.19
Brunei,BRN,2020-10-19,35.19
Brunei,BRN,2020-10-20,35.19
Brunei,BRN,2020-10-21,35.19
Brunei,BRN,2020-10-22,35.19
Brunei,BRN,2020-10-23,35.19
Brunei,BRN,2020-10-24,35.19
Brunei,BRN,2020-10-25,35.19
Brunei,BRN,2020-10-26,35.19
Brunei,BRN,2020-10-27,35.19
Brunei,BRN,2020-10-28,35.19
Brunei,BRN,2020-10-29,35.19
Brunei,BRN,2020-10-30,35.19
Brunei,BRN,2020-10-31,35.19
Brunei,BRN,2020-11-01,35.19
Brunei,BRN,2020-11-02,35.19
Brunei,BRN,2020-11-03,35.19
Brunei,BRN,2020-11-04,35.19
Brunei,BRN,2020-11-05,35.19
Brunei,BRN,2020-11-06,35.19
Brunei,BRN,2020-11-07,35.19
Brunei,BRN,2020-11-08,35.19
Brunei,BRN,2020-11-09,35.19
Brunei,BRN,2020-11-10,35.19
Brunei,BRN,2020-11-11,35.19
Brunei,BRN,2020-11-12,35.19
Brunei,BRN,2020-11-13,35.19
Brunei,BRN,2020-11-14,35.19
Brunei,BRN,2020-11-15,35.19
Brunei,BRN,2020-11-16,35.19
Brunei,BRN,2020-11-17,35.19
Brunei,BRN,2020-11-18,35.19
Brunei,BRN,2020-11-19,35.19
Brunei,BRN,2020-11-20,35.19
Brunei,BRN,2020-11-21,35.19
Brunei,BRN,2020-11-22,35.19
Brunei,BRN,2020-11-23,35.19
Brunei,BRN,2020-11-24,35.19
Brunei,BRN,2020-11-25,35.19
Brunei,BRN,2020-11-26,35.19
Brunei,BRN,2020-11-27,35.19
Brunei,BRN,2020-11-28,35.19
Brunei,BRN,2020-11-29,35.19
Brunei,BRN,2020-11-30,35.19
Brunei,BRN,2020-12-01,35.19
Brunei,BRN,2020-12-02,35.19
Brunei,BRN,2020-12-03,35.19
Brunei,BRN,2020-12-04,35.19
Brunei,BRN,2020-12-05,35.19
Brunei,BRN,2020-12-06,35.19
Brunei,BRN,2020-12-07,35.19
Brunei,BRN,2020-12-08,35.19
Brunei,BRN,2020-12-09,35.19
Brunei,BRN,2020-12-10,35.19
Brunei,BRN,2020-12-11,35.19
Brunei,BRN,2020-12-12,35.19
Brunei,BRN,2020-12-13,35.19
Brunei,BRN,2020-12-14,35.19
Brunei,BRN,2020-12-15,35.19
Brunei,BRN,2020-12-16,35.19
Brunei,BRN,2020-12-17,35.19
Brunei,BRN,2020-12-18,35.19
Brunei,BRN,2020-12-19,35.19
Brunei,BRN,2020-12-20,35.19
Brunei,BRN,2020-12-21,35.19
Brunei,BRN,2020-12-22,35.19
Brunei,BRN,2020-12-23,35.19
Brunei,BRN,2020-12-24,35.19
Brunei,BRN,2020-12-25,35.19
Brunei,BRN,2020-12-26,35.19
Brunei,BRN,2020-12-27,35.19
Brunei,BRN,2020-12-28,35.19
Brunei,BRN,2020-12-29,35.19
Brunei,BRN,2020-12-30,35.19
Brunei,BRN,2020-12-31,35.19
Brunei,BRN,2021-01-01,35.19
Brunei,BRN,2021-01-02,35.19
Brunei,BRN,2021-01-03,35.19
Brunei,BRN,2021-01-04,35.19
Brunei,BRN,2021-01-05,35.19
Brunei,BRN,2021-01-06,35.19
Brunei,BRN,2021-01-07,35.19
Brunei,BRN,2021-01-08,35.19
Brunei,BRN,2021-01-09,35.19
Brunei,BRN,2021-01-10,35.19
Brunei,BRN,2021-01-11,35.19
Brunei,BRN,2021-01-12,35.19
Brunei,BRN,2021-01-13,35.19
Brunei,BRN,2021-01-14,35.19
Brunei,BRN,2021-01-15,35.19
Brunei,BRN,2021-01-16,35.19
Brunei,BRN,2021-01-17,35.19
Brunei,BRN,2021-01-18,35.19
Brunei,BRN,2021-01-19,35.19
Brunei,BRN,2021-01-20,35.19
Brunei,BRN,2021-01-21,35.19
Brunei,BRN,2021-01-22,35.19
Brunei,BRN,2021-01-23,35.19
Brunei,BRN,2021-01-24,35.19
Brunei,BRN,2021-01-25,35.19
Brunei,BRN,2021-01-26,35.19
Brunei,BRN,2021-01-27,35.19
Brunei,BRN,2021-01-28,35.19
Brunei,BRN,2021-01-29,35.19
Brunei,BRN,2021-01-30,35.19
Brunei,BRN,2021-01-31,35.19
Brunei,BRN,2021-02-01,35.19
Brunei,BRN,2021-02-02,35.19
Brunei,BRN,2021-02-03,35.19
Brunei,BRN,2021-02-04,35.19
Brunei,BRN,2021-02-05,35.19
Brunei,BRN,2021-02-06,35.19
Brunei,BRN,2021-02-07,35.19
Brunei,BRN,2021-02-08,35.19
Brunei,BRN,2021-02-09,35.19
Brunei,BRN,2021-02-10,35.19
Brunei,BRN,2021-02-11,35.19
Brunei,BRN,2021-02-12,35.19
Brunei,BRN,2021-02-13,35.19
Brunei,BRN,2021-02-14,35.19
Brunei,BRN,2021-02-15,35.19
Brunei,BRN,2021-02-16,35.19
Brunei,BRN,2021-02-17,35.19
Brunei,BRN,2021-02-18,35.19
Brunei,BRN,2021-02-19,35.19
Brunei,BRN,2021-02-20,35.19
Brunei,BRN,2021-02-21,35.19
Brunei,BRN,2021-02-22,35.19
Brunei,BRN,2021-02-23,35.19
Brunei,BRN,2021-02-24,35.19
Brunei,BRN,2021-02-25,35.19
Brunei,BRN,2021-02-26,35.19
Brunei,BRN,2021-02-27,35.19
Brunei,BRN,2021-02-28,35.19
Brunei,BRN,2021-03-01,40.74
Brunei,BRN,2021-03-02,40.74
Brunei,BRN,2021-03-03,40.74
Brunei,BRN,2021-03-04,40.74
Brunei,BRN,2021-03-05,40.74
Brunei,BRN,2021-03-06,40.74
Brunei,BRN,2021-03-07,40.74
Brunei,BRN,2021-03-08,40.74
Brunei,BRN,2021-03-09,40.74
Brunei,BRN,2021-03-10,40.74
Brunei,BRN,2021-03-11,40.74
Bulgaria,BGR,2020-01-01,0
Bulgaria,BGR,2020-01-02,0
Bulgaria,BGR,2020-01-03,0
Bulgaria,BGR,2020-01-04,0
Bulgaria,BGR,2020-01-05,0
Bulgaria,BGR,2020-01-06,0
Bulgaria,BGR,2020-01-07,0
Bulgaria,BGR,2020-01-08,0
Bulgaria,BGR,2020-01-09,0
Bulgaria,BGR,2020-01-10,0
Bulgaria,BGR,2020-01-11,0
Bulgaria,BGR,2020-01-12,0
Bulgaria,BGR,2020-01-13,0
Bulgaria,BGR,2020-01-14,0
Bulgaria,BGR,2020-01-15,0
Bulgaria,BGR,2020-01-16,0
Bulgaria,BGR,2020-01-17,0
Bulgaria,BGR,2020-01-18,0
Bulgaria,BGR,2020-01-19,0
Bulgaria,BGR,2020-01-20,0
Bulgaria,BGR,2020-01-21,0
Bulgaria,BGR,2020-01-22,0
Bulgaria,BGR,2020-01-23,0
Bulgaria,BGR,2020-01-24,0
Bulgaria,BGR,2020-01-25,0
Bulgaria,BGR,2020-01-26,0
Bulgaria,BGR,2020-01-27,0
Bulgaria,BGR,2020-01-28,0
Bulgaria,BGR,2020-01-29,0
Bulgaria,BGR,2020-01-30,0
Bulgaria,BGR,2020-01-31,0
Bulgaria,BGR,2020-02-01,0
Bulgaria,BGR,2020-02-02,0
Bulgaria,BGR,2020-02-03,2.78
Bulgaria,BGR,2020-02-04,2.78
Bulgaria,BGR,2020-02-05,2.78
Bulgaria,BGR,2020-02-06,2.78
Bulgaria,BGR,2020-02-07,2.78
Bulgaria,BGR,2020-02-08,2.78
Bulgaria,BGR,2020-02-09,2.78
Bulgaria,BGR,2020-02-10,2.78
Bulgaria,BGR,2020-02-11,8.33
Bulgaria,BGR,2020-02-12,8.33
Bulgaria,BGR,2020-02-13,8.33
Bulgaria,BGR,2020-02-14,8.33
Bulgaria,BGR,2020-02-15,8.33
Bulgaria,BGR,2020-02-16,8.33
Bulgaria,BGR,2020-02-17,8.33
Bulgaria,BGR,2020-02-18,8.33
Bulgaria,BGR,2020-02-19,8.33
Bulgaria,BGR,2020-02-20,8.33
Bulgaria,BGR,2020-02-21,8.33
Bulgaria,BGR,2020-02-22,8.33
Bulgaria,BGR,2020-02-23,8.33
Bulgaria,BGR,2020-02-24,13.89
Bulgaria,BGR,2020-02-25,13.89
Bulgaria,BGR,2020-02-26,13.89
Bulgaria,BGR,2020-02-27,13.89
Bulgaria,BGR,2020-02-28,13.89
Bulgaria,BGR,2020-02-29,13.89
Bulgaria,BGR,2020-03-01,13.89
Bulgaria,BGR,2020-03-02,13.89
Bulgaria,BGR,2020-03-03,13.89
Bulgaria,BGR,2020-03-04,13.89
Bulgaria,BGR,2020-03-05,21.3
Bulgaria,BGR,2020-03-06,21.3
Bulgaria,BGR,2020-03-07,21.3
Bulgaria,BGR,2020-03-08,21.3
Bulgaria,BGR,2020-03-09,21.3
Bulgaria,BGR,2020-03-10,21.3
Bulgaria,BGR,2020-03-11,26.85
Bulgaria,BGR,2020-03-12,26.85
Bulgaria,BGR,2020-03-13,50.93
Bulgaria,BGR,2020-03-14,50.93
Bulgaria,BGR,2020-03-15,50.93
Bulgaria,BGR,2020-03-16,50.93
Bulgaria,BGR,2020-03-17,56.48
Bulgaria,BGR,2020-03-18,70.37
Bulgaria,BGR,2020-03-19,70.37
Bulgaria,BGR,2020-03-20,70.37
Bulgaria,BGR,2020-03-21,73.15
Bulgaria,BGR,2020-03-22,73.15
Bulgaria,BGR,2020-03-23,73.15
Bulgaria,BGR,2020-03-24,73.15
Bulgaria,BGR,2020-03-25,73.15
Bulgaria,BGR,2020-03-26,73.15
Bulgaria,BGR,2020-03-27,73.15
Bulgaria,BGR,2020-03-28,73.15
Bulgaria,BGR,2020-03-29,73.15
Bulgaria,BGR,2020-03-30,73.15
Bulgaria,BGR,2020-03-31,73.15
Bulgaria,BGR,2020-04-01,71.3
Bulgaria,BGR,2020-04-02,71.3
Bulgaria,BGR,2020-04-03,71.3
Bulgaria,BGR,2020-04-04,71.3
Bulgaria,BGR,2020-04-05,71.3
Bulgaria,BGR,2020-04-06,71.3
Bulgaria,BGR,2020-04-07,71.3
Bulgaria,BGR,2020-04-08,71.3
Bulgaria,BGR,2020-04-09,71.3
Bulgaria,BGR,2020-04-10,71.3
Bulgaria,BGR,2020-04-11,71.3
Bulgaria,BGR,2020-04-12,71.3
Bulgaria,BGR,2020-04-13,71.3
Bulgaria,BGR,2020-04-14,71.3
Bulgaria,BGR,2020-04-15,73.15
Bulgaria,BGR,2020-04-16,73.15
Bulgaria,BGR,2020-04-17,73.15
Bulgaria,BGR,2020-04-18,73.15
Bulgaria,BGR,2020-04-19,73.15
Bulgaria,BGR,2020-04-20,73.15
Bulgaria,BGR,2020-04-21,73.15
Bulgaria,BGR,2020-04-22,73.15
Bulgaria,BGR,2020-04-23,73.15
Bulgaria,BGR,2020-04-24,73.15
Bulgaria,BGR,2020-04-25,73.15
Bulgaria,BGR,2020-04-26,73.15
Bulgaria,BGR,2020-04-27,73.15
Bulgaria,BGR,2020-04-28,73.15
Bulgaria,BGR,2020-04-29,73.15
Bulgaria,BGR,2020-04-30,73.15
Bulgaria,BGR,2020-05-01,73.15
Bulgaria,BGR,2020-05-02,73.15
Bulgaria,BGR,2020-05-03,73.15
Bulgaria,BGR,2020-05-04,73.15
Bulgaria,BGR,2020-05-05,73.15
Bulgaria,BGR,2020-05-06,62.04
Bulgaria,BGR,2020-05-07,62.04
Bulgaria,BGR,2020-05-08,60.19
Bulgaria,BGR,2020-05-09,60.19
Bulgaria,BGR,2020-05-10,60.19
Bulgaria,BGR,2020-05-11,60.19
Bulgaria,BGR,2020-05-12,60.19
Bulgaria,BGR,2020-05-13,60.19
Bulgaria,BGR,2020-05-14,62.96
Bulgaria,BGR,2020-05-15,62.96
Bulgaria,BGR,2020-05-16,62.96
Bulgaria,BGR,2020-05-17,62.96
Bulgaria,BGR,2020-05-18,62.96
Bulgaria,BGR,2020-05-19,62.96
Bulgaria,BGR,2020-05-20,62.96
Bulgaria,BGR,2020-05-21,59.26
Bulgaria,BGR,2020-05-22,56.48
Bulgaria,BGR,2020-05-23,56.48
Bulgaria,BGR,2020-05-24,56.48
Bulgaria,BGR,2020-05-25,56.48
Bulgaria,BGR,2020-05-26,56.48
Bulgaria,BGR,2020-05-27,56.48
Bulgaria,BGR,2020-05-28,56.48
Bulgaria,BGR,2020-05-29,56.48
Bulgaria,BGR,2020-05-30,50.93
Bulgaria,BGR,2020-05-31,44.44
Bulgaria,BGR,2020-06-01,44.44
Bulgaria,BGR,2020-06-02,44.44
Bulgaria,BGR,2020-06-03,44.44
Bulgaria,BGR,2020-06-04,44.44
Bulgaria,BGR,2020-06-05,44.44
Bulgaria,BGR,2020-06-06,44.44
Bulgaria,BGR,2020-06-07,44.44
Bulgaria,BGR,2020-06-08,44.44
Bulgaria,BGR,2020-06-09,44.44
Bulgaria,BGR,2020-06-10,38.89
Bulgaria,BGR,2020-06-11,38.89
Bulgaria,BGR,2020-06-12,38.89
Bulgaria,BGR,2020-06-13,38.89
Bulgaria,BGR,2020-06-14,38.89
Bulgaria,BGR,2020-06-15,38.89
Bulgaria,BGR,2020-06-16,38.89
Bulgaria,BGR,2020-06-17,38.89
Bulgaria,BGR,2020-06-18,38.89
Bulgaria,BGR,2020-06-19,36.11
Bulgaria,BGR,2020-06-20,36.11
Bulgaria,BGR,2020-06-21,36.11
Bulgaria,BGR,2020-06-22,36.11
Bulgaria,BGR,2020-06-23,36.11
Bulgaria,BGR,2020-06-24,36.11
Bulgaria,BGR,2020-06-25,36.11
Bulgaria,BGR,2020-06-26,36.11
Bulgaria,BGR,2020-06-27,36.11
Bulgaria,BGR,2020-06-28,36.11
Bulgaria,BGR,2020-06-29,36.11
Bulgaria,BGR,2020-06-30,36.11
Bulgaria,BGR,2020-07-01,36.11
Bulgaria,BGR,2020-07-02,36.11
Bulgaria,BGR,2020-07-03,36.11
Bulgaria,BGR,2020-07-04,36.11
Bulgaria,BGR,2020-07-05,36.11
Bulgaria,BGR,2020-07-06,36.11
Bulgaria,BGR,2020-07-07,36.11
Bulgaria,BGR,2020-07-08,36.11
Bulgaria,BGR,2020-07-09,44.44
Bulgaria,BGR,2020-07-10,47.22
Bulgaria,BGR,2020-07-11,47.22
Bulgaria,BGR,2020-07-12,47.22
Bulgaria,BGR,2020-07-13,36.11
Bulgaria,BGR,2020-07-14,36.11
Bulgaria,BGR,2020-07-15,36.11
Bulgaria,BGR,2020-07-16,36.11
Bulgaria,BGR,2020-07-17,36.11
Bulgaria,BGR,2020-07-18,36.11
Bulgaria,BGR,2020-07-19,36.11
Bulgaria,BGR,2020-07-20,36.11
Bulgaria,BGR,2020-07-21,36.11
Bulgaria,BGR,2020-07-22,36.11
Bulgaria,BGR,2020-07-23,36.11
Bulgaria,BGR,2020-07-24,36.11
Bulgaria,BGR,2020-07-25,36.11
Bulgaria,BGR,2020-07-26,36.11
Bulgaria,BGR,2020-07-27,36.11
Bulgaria,BGR,2020-07-28,36.11
Bulgaria,BGR,2020-07-29,36.11
Bulgaria,BGR,2020-07-30,36.11
Bulgaria,BGR,2020-07-31,41.67
Bulgaria,BGR,2020-08-01,41.67
Bulgaria,BGR,2020-08-02,41.67
Bulgaria,BGR,2020-08-03,41.67
Bulgaria,BGR,2020-08-04,38.89
Bulgaria,BGR,2020-08-05,38.89
Bulgaria,BGR,2020-08-06,38.89
Bulgaria,BGR,2020-08-07,38.89
Bulgaria,BGR,2020-08-08,38.89
Bulgaria,BGR,2020-08-09,38.89
Bulgaria,BGR,2020-08-10,38.89
Bulgaria,BGR,2020-08-11,38.89
Bulgaria,BGR,2020-08-12,38.89
Bulgaria,BGR,2020-08-13,38.89
Bulgaria,BGR,2020-08-14,38.89
Bulgaria,BGR,2020-08-15,38.89
Bulgaria,BGR,2020-08-16,38.89
Bulgaria,BGR,2020-08-17,38.89
Bulgaria,BGR,2020-08-18,38.89
Bulgaria,BGR,2020-08-19,38.89
Bulgaria,BGR,2020-08-20,38.89
Bulgaria,BGR,2020-08-21,38.89
Bulgaria,BGR,2020-08-22,38.89
Bulgaria,BGR,2020-08-23,38.89
Bulgaria,BGR,2020-08-24,38.89
Bulgaria,BGR,2020-08-25,38.89
Bulgaria,BGR,2020-08-26,38.89
Bulgaria,BGR,2020-08-27,38.89
Bulgaria,BGR,2020-08-28,38.89
Bulgaria,BGR,2020-08-29,38.89
Bulgaria,BGR,2020-08-30,38.89
Bulgaria,BGR,2020-08-31,38.89
Bulgaria,BGR,2020-09-01,38.89
Bulgaria,BGR,2020-09-02,38.89
Bulgaria,BGR,2020-09-03,38.89
Bulgaria,BGR,2020-09-04,38.89
Bulgaria,BGR,2020-09-05,38.89
Bulgaria,BGR,2020-09-06,38.89
Bulgaria,BGR,2020-09-07,38.89
Bulgaria,BGR,2020-09-08,38.89
Bulgaria,BGR,2020-09-09,38.89
Bulgaria,BGR,2020-09-10,38.89
Bulgaria,BGR,2020-09-11,38.89
Bulgaria,BGR,2020-09-12,38.89
Bulgaria,BGR,2020-09-13,38.89
Bulgaria,BGR,2020-09-14,38.89
Bulgaria,BGR,2020-09-15,35.19
Bulgaria,BGR,2020-09-16,35.19
Bulgaria,BGR,2020-09-17,35.19
Bulgaria,BGR,2020-09-18,35.19
Bulgaria,BGR,2020-09-19,35.19
Bulgaria,BGR,2020-09-20,35.19
Bulgaria,BGR,2020-09-21,35.19
Bulgaria,BGR,2020-09-22,35.19
Bulgaria,BGR,2020-09-23,35.19
Bulgaria,BGR,2020-09-24,35.19
Bulgaria,BGR,2020-09-25,35.19
Bulgaria,BGR,2020-09-26,35.19
Bulgaria,BGR,2020-09-27,35.19
Bulgaria,BGR,2020-09-28,35.19
Bulgaria,BGR,2020-09-29,35.19
Bulgaria,BGR,2020-09-30,35.19
Bulgaria,BGR,2020-10-01,35.19
Bulgaria,BGR,2020-10-02,35.19
Bulgaria,BGR,2020-10-03,35.19
Bulgaria,BGR,2020-10-04,35.19
Bulgaria,BGR,2020-10-05,35.19
Bulgaria,BGR,2020-10-06,35.19
Bulgaria,BGR,2020-10-07,35.19
Bulgaria,BGR,2020-10-08,35.19
Bulgaria,BGR,2020-10-09,35.19
Bulgaria,BGR,2020-10-10,35.19
Bulgaria,BGR,2020-10-11,35.19
Bulgaria,BGR,2020-10-12,35.19
Bulgaria,BGR,2020-10-13,35.19
Bulgaria,BGR,2020-10-14,35.19
Bulgaria,BGR,2020-10-15,35.19
Bulgaria,BGR,2020-10-16,35.19
Bulgaria,BGR,2020-10-17,35.19
Bulgaria,BGR,2020-10-18,35.19
Bulgaria,BGR,2020-10-19,35.19
Bulgaria,BGR,2020-10-20,35.19
Bulgaria,BGR,2020-10-21,35.19
Bulgaria,BGR,2020-10-22,35.19
Bulgaria,BGR,2020-10-23,39.35
Bulgaria,BGR,2020-10-24,39.35
Bulgaria,BGR,2020-10-25,39.35
Bulgaria,BGR,2020-10-26,39.35
Bulgaria,BGR,2020-10-27,39.35
Bulgaria,BGR,2020-10-28,39.35
Bulgaria,BGR,2020-10-29,48.15
Bulgaria,BGR,2020-10-30,48.15
Bulgaria,BGR,2020-10-31,48.15
Bulgaria,BGR,2020-11-01,48.15
Bulgaria,BGR,2020-11-02,48.15
Bulgaria,BGR,2020-11-03,48.15
Bulgaria,BGR,2020-11-04,48.15
Bulgaria,BGR,2020-11-05,48.15
Bulgaria,BGR,2020-11-06,48.15
Bulgaria,BGR,2020-11-07,48.15
Bulgaria,BGR,2020-11-08,48.15
Bulgaria,BGR,2020-11-09,48.15
Bulgaria,BGR,2020-11-10,48.15
Bulgaria,BGR,2020-11-11,48.15
Bulgaria,BGR,2020-11-12,48.15
Bulgaria,BGR,2020-11-13,48.15
Bulgaria,BGR,2020-11-14,48.15
Bulgaria,BGR,2020-11-15,48.15
Bulgaria,BGR,2020-11-16,48.15
Bulgaria,BGR,2020-11-17,48.15
Bulgaria,BGR,2020-11-18,48.15
Bulgaria,BGR,2020-11-19,48.15
Bulgaria,BGR,2020-11-20,48.15
Bulgaria,BGR,2020-11-21,48.15
Bulgaria,BGR,2020-11-22,48.15
Bulgaria,BGR,2020-11-23,48.15
Bulgaria,BGR,2020-11-24,48.15
Bulgaria,BGR,2020-11-25,48.15
Bulgaria,BGR,2020-11-26,48.15
Bulgaria,BGR,2020-11-27,57.41
Bulgaria,BGR,2020-11-28,57.41
Bulgaria,BGR,2020-11-29,57.41
Bulgaria,BGR,2020-11-30,53.7
Bulgaria,BGR,2020-12-01,53.7
Bulgaria,BGR,2020-12-02,53.7
Bulgaria,BGR,2020-12-03,53.7
Bulgaria,BGR,2020-12-04,53.7
Bulgaria,BGR,2020-12-05,53.7
Bulgaria,BGR,2020-12-06,53.7
Bulgaria,BGR,2020-12-07,53.7
Bulgaria,BGR,2020-12-08,53.7
Bulgaria,BGR,2020-12-09,53.7
Bulgaria,BGR,2020-12-10,53.7
Bulgaria,BGR,2020-12-11,53.7
Bulgaria,BGR,2020-12-12,53.7
Bulgaria,BGR,2020-12-13,53.7
Bulgaria,BGR,2020-12-14,53.7
Bulgaria,BGR,2020-12-15,54.63
Bulgaria,BGR,2020-12-16,54.63
Bulgaria,BGR,2020-12-17,54.63
Bulgaria,BGR,2020-12-18,54.63
Bulgaria,BGR,2020-12-19,54.63
Bulgaria,BGR,2020-12-20,54.63
Bulgaria,BGR,2020-12-21,54.63
Bulgaria,BGR,2020-12-22,53.7
Bulgaria,BGR,2020-12-23,53.7
Bulgaria,BGR,2020-12-24,53.7
Bulgaria,BGR,2020-12-25,53.7
Bulgaria,BGR,2020-12-26,53.7
Bulgaria,BGR,2020-12-27,53.7
Bulgaria,BGR,2020-12-28,53.7
Bulgaria,BGR,2020-12-29,53.7
Bulgaria,BGR,2020-12-30,53.7
Bulgaria,BGR,2020-12-31,53.7
Bulgaria,BGR,2021-01-01,53.7
Bulgaria,BGR,2021-01-02,53.7
Bulgaria,BGR,2021-01-03,53.7
Bulgaria,BGR,2021-01-04,53.7
Bulgaria,BGR,2021-01-05,53.7
Bulgaria,BGR,2021-01-06,53.7
Bulgaria,BGR,2021-01-07,53.7
Bulgaria,BGR,2021-01-08,53.7
Bulgaria,BGR,2021-01-09,53.7
Bulgaria,BGR,2021-01-10,53.7
Bulgaria,BGR,2021-01-11,53.7
Bulgaria,BGR,2021-01-12,53.7
Bulgaria,BGR,2021-01-13,53.7
Bulgaria,BGR,2021-01-14,53.7
Bulgaria,BGR,2021-01-15,53.7
Bulgaria,BGR,2021-01-16,53.7
Bulgaria,BGR,2021-01-17,53.7
Bulgaria,BGR,2021-01-18,53.7
Bulgaria,BGR,2021-01-19,53.7
Bulgaria,BGR,2021-01-20,53.7
Bulgaria,BGR,2021-01-21,53.7
Bulgaria,BGR,2021-01-22,53.7
Bulgaria,BGR,2021-01-23,53.7
Bulgaria,BGR,2021-01-24,53.7
Bulgaria,BGR,2021-01-25,53.7
Bulgaria,BGR,2021-01-26,53.7
Bulgaria,BGR,2021-01-27,53.7
Bulgaria,BGR,2021-01-28,53.7
Bulgaria,BGR,2021-01-29,53.7
Bulgaria,BGR,2021-01-30,53.7
Bulgaria,BGR,2021-01-31,53.7
Bulgaria,BGR,2021-02-01,53.7
Bulgaria,BGR,2021-02-02,53.7
Bulgaria,BGR,2021-02-03,53.7
Bulgaria,BGR,2021-02-04,53.7
Bulgaria,BGR,2021-02-05,53.7
Bulgaria,BGR,2021-02-06,53.7
Bulgaria,BGR,2021-02-07,53.7
Bulgaria,BGR,2021-02-08,53.7
Bulgaria,BGR,2021-02-09,53.7
Bulgaria,BGR,2021-02-10,53.7
Bulgaria,BGR,2021-02-11,53.7
Bulgaria,BGR,2021-02-12,53.7
Bulgaria,BGR,2021-02-13,53.7
Bulgaria,BGR,2021-02-14,53.7
Bulgaria,BGR,2021-02-15,53.7
Bulgaria,BGR,2021-02-16,53.7
Bulgaria,BGR,2021-02-17,53.7
Bulgaria,BGR,2021-02-18,53.7
Bulgaria,BGR,2021-02-19,53.7
Bulgaria,BGR,2021-02-20,53.7
Bulgaria,BGR,2021-02-21,53.7
Bulgaria,BGR,2021-02-22,53.7
Bulgaria,BGR,2021-02-23,53.7
Bulgaria,BGR,2021-02-24,53.7
Bulgaria,BGR,2021-02-25,53.7
Bulgaria,BGR,2021-02-26,53.7
Bulgaria,BGR,2021-02-27,53.7
Bulgaria,BGR,2021-02-28,53.7
Bulgaria,BGR,2021-03-01,53.7
Bulgaria,BGR,2021-03-02,53.7
Bulgaria,BGR,2021-03-03,53.7
Bulgaria,BGR,2021-03-04,53.7
Bulgaria,BGR,2021-03-05,53.7
Bulgaria,BGR,2021-03-06,53.7
Bulgaria,BGR,2021-03-07,53.7
Burkina Faso,BFA,2020-01-01,0
Burkina Faso,BFA,2020-01-02,0
Burkina Faso,BFA,2020-01-03,0
Burkina Faso,BFA,2020-01-04,0
Burkina Faso,BFA,2020-01-05,0
Burkina Faso,BFA,2020-01-06,0
Burkina Faso,BFA,2020-01-07,0
Burkina Faso,BFA,2020-01-08,0
Burkina Faso,BFA,2020-01-09,0
Burkina Faso,BFA,2020-01-10,0
Burkina Faso,BFA,2020-01-11,0
Burkina Faso,BFA,2020-01-12,0
Burkina Faso,BFA,2020-01-13,0
Burkina Faso,BFA,2020-01-14,0
Burkina Faso,BFA,2020-01-15,0
Burkina Faso,BFA,2020-01-16,0
Burkina Faso,BFA,2020-01-17,0
Burkina Faso,BFA,2020-01-18,0
Burkina Faso,BFA,2020-01-19,0
Burkina Faso,BFA,2020-01-20,0
Burkina Faso,BFA,2020-01-21,0
Burkina Faso,BFA,2020-01-22,0
Burkina Faso,BFA,2020-01-23,0
Burkina Faso,BFA,2020-01-24,0
Burkina Faso,BFA,2020-01-25,0
Burkina Faso,BFA,2020-01-26,0
Burkina Faso,BFA,2020-01-27,0
Burkina Faso,BFA,2020-01-28,0
Burkina Faso,BFA,2020-01-29,0
Burkina Faso,BFA,2020-01-30,0
Burkina Faso,BFA,2020-01-31,0
Burkina Faso,BFA,2020-02-01,0
Burkina Faso,BFA,2020-02-02,0
Burkina Faso,BFA,2020-02-03,0
Burkina Faso,BFA,2020-02-04,0
Burkina Faso,BFA,2020-02-05,0
Burkina Faso,BFA,2020-02-06,0
Burkina Faso,BFA,2020-02-07,0
Burkina Faso,BFA,2020-02-08,0
Burkina Faso,BFA,2020-02-09,0
Burkina Faso,BFA,2020-02-10,0
Burkina Faso,BFA,2020-02-11,0
Burkina Faso,BFA,2020-02-12,0
Burkina Faso,BFA,2020-02-13,0
Burkina Faso,BFA,2020-02-14,0
Burkina Faso,BFA,2020-02-15,0
Burkina Faso,BFA,2020-02-16,0
Burkina Faso,BFA,2020-02-17,0
Burkina Faso,BFA,2020-02-18,0
Burkina Faso,BFA,2020-02-19,0
Burkina Faso,BFA,2020-02-20,0
Burkina Faso,BFA,2020-02-21,0
Burkina Faso,BFA,2020-02-22,0
Burkina Faso,BFA,2020-02-23,0
Burkina Faso,BFA,2020-02-24,0
Burkina Faso,BFA,2020-02-25,0
Burkina Faso,BFA,2020-02-26,0
Burkina Faso,BFA,2020-02-27,0
Burkina Faso,BFA,2020-02-28,0
Burkina Faso,BFA,2020-02-29,0
Burkina Faso,BFA,2020-03-01,0
Burkina Faso,BFA,2020-03-02,0
Burkina Faso,BFA,2020-03-03,0
Burkina Faso,BFA,2020-03-04,0
Burkina Faso,BFA,2020-03-05,0
Burkina Faso,BFA,2020-03-06,0
Burkina Faso,BFA,2020-03-07,0
Burkina Faso,BFA,2020-03-08,0
Burkina Faso,BFA,2020-03-09,0
Burkina Faso,BFA,2020-03-10,0
Burkina Faso,BFA,2020-03-11,0
Burkina Faso,BFA,2020-03-12,11.11
Burkina Faso,BFA,2020-03-13,11.11
Burkina Faso,BFA,2020-03-14,11.11
Burkina Faso,BFA,2020-03-15,11.11
Burkina Faso,BFA,2020-03-16,33.33
Burkina Faso,BFA,2020-03-17,33.33
Burkina Faso,BFA,2020-03-18,33.33
Burkina Faso,BFA,2020-03-19,33.33
Burkina Faso,BFA,2020-03-20,33.33
Burkina Faso,BFA,2020-03-21,73.15
Burkina Faso,BFA,2020-03-22,73.15
Burkina Faso,BFA,2020-03-23,84.26
Burkina Faso,BFA,2020-03-24,84.26
Burkina Faso,BFA,2020-03-25,84.26
Burkina Faso,BFA,2020-03-26,84.26
Burkina Faso,BFA,2020-03-27,84.26
Burkina Faso,BFA,2020-03-28,84.26
Burkina Faso,BFA,2020-03-29,84.26
Burkina Faso,BFA,2020-03-30,84.26
Burkina Faso,BFA,2020-03-31,84.26
Burkina Faso,BFA,2020-04-01,84.26
Burkina Faso,BFA,2020-04-02,84.26
Burkina Faso,BFA,2020-04-03,84.26
Burkina Faso,BFA,2020-04-04,84.26
Burkina Faso,BFA,2020-04-05,84.26
Burkina Faso,BFA,2020-04-06,84.26
Burkina Faso,BFA,2020-04-07,84.26
Burkina Faso,BFA,2020-04-08,84.26
Burkina Faso,BFA,2020-04-09,84.26
Burkina Faso,BFA,2020-04-10,84.26
Burkina Faso,BFA,2020-04-11,84.26
Burkina Faso,BFA,2020-04-12,84.26
Burkina Faso,BFA,2020-04-13,84.26
Burkina Faso,BFA,2020-04-14,84.26
Burkina Faso,BFA,2020-04-15,84.26
Burkina Faso,BFA,2020-04-16,84.26
Burkina Faso,BFA,2020-04-17,84.26
Burkina Faso,BFA,2020-04-18,84.26
Burkina Faso,BFA,2020-04-19,84.26
Burkina Faso,BFA,2020-04-20,84.26
Burkina Faso,BFA,2020-04-21,84.26
Burkina Faso,BFA,2020-04-22,84.26
Burkina Faso,BFA,2020-04-23,84.26
Burkina Faso,BFA,2020-04-24,84.26
Burkina Faso,BFA,2020-04-25,84.26
Burkina Faso,BFA,2020-04-26,84.26
Burkina Faso,BFA,2020-04-27,84.26
Burkina Faso,BFA,2020-04-28,84.26
Burkina Faso,BFA,2020-04-29,84.26
Burkina Faso,BFA,2020-04-30,84.26
Burkina Faso,BFA,2020-05-01,84.26
Burkina Faso,BFA,2020-05-02,84.26
Burkina Faso,BFA,2020-05-03,84.26
Burkina Faso,BFA,2020-05-04,89.81
Burkina Faso,BFA,2020-05-05,67.59
Burkina Faso,BFA,2020-05-06,67.59
Burkina Faso,BFA,2020-05-07,67.59
Burkina Faso,BFA,2020-05-08,67.59
Burkina Faso,BFA,2020-05-09,67.59
Burkina Faso,BFA,2020-05-10,67.59
Burkina Faso,BFA,2020-05-11,67.59
Burkina Faso,BFA,2020-05-12,67.59
Burkina Faso,BFA,2020-05-13,67.59
Burkina Faso,BFA,2020-05-14,60.19
Burkina Faso,BFA,2020-05-15,60.19
Burkina Faso,BFA,2020-05-16,60.19
Burkina Faso,BFA,2020-05-17,60.19
Burkina Faso,BFA,2020-05-18,60.19
Burkina Faso,BFA,2020-05-19,60.19
Burkina Faso,BFA,2020-05-20,60.19
Burkina Faso,BFA,2020-05-21,60.19
Burkina Faso,BFA,2020-05-22,60.19
Burkina Faso,BFA,2020-05-23,60.19
Burkina Faso,BFA,2020-05-24,60.19
Burkina Faso,BFA,2020-05-25,60.19
Burkina Faso,BFA,2020-05-26,60.19
Burkina Faso,BFA,2020-05-27,60.19
Burkina Faso,BFA,2020-05-28,60.19
Burkina Faso,BFA,2020-05-29,60.19
Burkina Faso,BFA,2020-05-30,60.19
Burkina Faso,BFA,2020-05-31,60.19
Burkina Faso,BFA,2020-06-01,45.37
Burkina Faso,BFA,2020-06-02,45.37
Burkina Faso,BFA,2020-06-03,45.37
Burkina Faso,BFA,2020-06-04,45.37
Burkina Faso,BFA,2020-06-05,45.37
Burkina Faso,BFA,2020-06-06,45.37
Burkina Faso,BFA,2020-06-07,45.37
Burkina Faso,BFA,2020-06-08,45.37
Burkina Faso,BFA,2020-06-09,45.37
Burkina Faso,BFA,2020-06-10,45.37
Burkina Faso,BFA,2020-06-11,45.37
Burkina Faso,BFA,2020-06-12,45.37
Burkina Faso,BFA,2020-06-13,45.37
Burkina Faso,BFA,2020-06-14,45.37
Burkina Faso,BFA,2020-06-15,45.37
Burkina Faso,BFA,2020-06-16,45.37
Burkina Faso,BFA,2020-06-17,45.37
Burkina Faso,BFA,2020-06-18,45.37
Burkina Faso,BFA,2020-06-19,45.37
Burkina Faso,BFA,2020-06-20,45.37
Burkina Faso,BFA,2020-06-21,45.37
Burkina Faso,BFA,2020-06-22,45.37
Burkina Faso,BFA,2020-06-23,45.37
Burkina Faso,BFA,2020-06-24,45.37
Burkina Faso,BFA,2020-06-25,45.37
Burkina Faso,BFA,2020-06-26,45.37
Burkina Faso,BFA,2020-06-27,45.37
Burkina Faso,BFA,2020-06-28,45.37
Burkina Faso,BFA,2020-06-29,45.37
Burkina Faso,BFA,2020-06-30,45.37
Burkina Faso,BFA,2020-07-01,45.37
Burkina Faso,BFA,2020-07-02,45.37
Burkina Faso,BFA,2020-07-03,45.37
Burkina Faso,BFA,2020-07-04,45.37
Burkina Faso,BFA,2020-07-05,45.37
Burkina Faso,BFA,2020-07-06,45.37
Burkina Faso,BFA,2020-07-07,45.37
Burkina Faso,BFA,2020-07-08,45.37
Burkina Faso,BFA,2020-07-09,45.37
Burkina Faso,BFA,2020-07-10,45.37
Burkina Faso,BFA,2020-07-11,45.37
Burkina Faso,BFA,2020-07-12,45.37
Burkina Faso,BFA,2020-07-13,45.37
Burkina Faso,BFA,2020-07-14,45.37
Burkina Faso,BFA,2020-07-15,45.37
Burkina Faso,BFA,2020-07-16,45.37
Burkina Faso,BFA,2020-07-17,45.37
Burkina Faso,BFA,2020-07-18,45.37
Burkina Faso,BFA,2020-07-19,45.37
Burkina Faso,BFA,2020-07-20,45.37
Burkina Faso,BFA,2020-07-21,45.37
Burkina Faso,BFA,2020-07-22,45.37
Burkina Faso,BFA,2020-07-23,45.37
Burkina Faso,BFA,2020-07-24,45.37
Burkina Faso,BFA,2020-07-25,45.37
Burkina Faso,BFA,2020-07-26,45.37
Burkina Faso,BFA,2020-07-27,45.37
Burkina Faso,BFA,2020-07-28,45.37
Burkina Faso,BFA,2020-07-29,45.37
Burkina Faso,BFA,2020-07-30,45.37
Burkina Faso,BFA,2020-07-31,56.48
Burkina Faso,BFA,2020-08-01,56.48
Burkina Faso,BFA,2020-08-02,56.48
Burkina Faso,BFA,2020-08-03,56.48
Burkina Faso,BFA,2020-08-04,56.48
Burkina Faso,BFA,2020-08-05,56.48
Burkina Faso,BFA,2020-08-06,56.48
Burkina Faso,BFA,2020-08-07,56.48
Burkina Faso,BFA,2020-08-08,56.48
Burkina Faso,BFA,2020-08-09,48.15
Burkina Faso,BFA,2020-08-10,48.15
Burkina Faso,BFA,2020-08-11,48.15
Burkina Faso,BFA,2020-08-12,48.15
Burkina Faso,BFA,2020-08-13,48.15
Burkina Faso,BFA,2020-08-14,48.15
Burkina Faso,BFA,2020-08-15,48.15
Burkina Faso,BFA,2020-08-16,48.15
Burkina Faso,BFA,2020-08-17,48.15
Burkina Faso,BFA,2020-08-18,48.15
Burkina Faso,BFA,2020-08-19,48.15
Burkina Faso,BFA,2020-08-20,48.15
Burkina Faso,BFA,2020-08-21,48.15
Burkina Faso,BFA,2020-08-22,48.15
Burkina Faso,BFA,2020-08-23,48.15
Burkina Faso,BFA,2020-08-24,48.15
Burkina Faso,BFA,2020-08-25,48.15
Burkina Faso,BFA,2020-08-26,48.15
Burkina Faso,BFA,2020-08-27,48.15
Burkina Faso,BFA,2020-08-28,48.15
Burkina Faso,BFA,2020-08-29,48.15
Burkina Faso,BFA,2020-08-30,48.15
Burkina Faso,BFA,2020-08-31,48.15
Burkina Faso,BFA,2020-09-01,48.15
Burkina Faso,BFA,2020-09-02,48.15
Burkina Faso,BFA,2020-09-03,48.15
Burkina Faso,BFA,2020-09-04,48.15
Burkina Faso,BFA,2020-09-05,48.15
Burkina Faso,BFA,2020-09-06,48.15
Burkina Faso,BFA,2020-09-07,48.15
Burkina Faso,BFA,2020-09-08,48.15
Burkina Faso,BFA,2020-09-09,48.15
Burkina Faso,BFA,2020-09-10,36.11
Burkina Faso,BFA,2020-09-11,36.11
Burkina Faso,BFA,2020-09-12,36.11
Burkina Faso,BFA,2020-09-13,36.11
Burkina Faso,BFA,2020-09-14,36.11
Burkina Faso,BFA,2020-09-15,36.11
Burkina Faso,BFA,2020-09-16,36.11
Burkina Faso,BFA,2020-09-17,36.11
Burkina Faso,BFA,2020-09-18,36.11
Burkina Faso,BFA,2020-09-19,36.11
Burkina Faso,BFA,2020-09-20,36.11
Burkina Faso,BFA,2020-09-21,36.11
Burkina Faso,BFA,2020-09-22,36.11
Burkina Faso,BFA,2020-09-23,36.11
Burkina Faso,BFA,2020-09-24,36.11
Burkina Faso,BFA,2020-09-25,36.11
Burkina Faso,BFA,2020-09-26,36.11
Burkina Faso,BFA,2020-09-27,36.11
Burkina Faso,BFA,2020-09-28,36.11
Burkina Faso,BFA,2020-09-29,36.11
Burkina Faso,BFA,2020-09-30,36.11
Burkina Faso,BFA,2020-10-01,36.11
Burkina Faso,BFA,2020-10-02,36.11
Burkina Faso,BFA,2020-10-03,36.11
Burkina Faso,BFA,2020-10-04,36.11
Burkina Faso,BFA,2020-10-05,36.11
Burkina Faso,BFA,2020-10-06,36.11
Burkina Faso,BFA,2020-10-07,36.11
Burkina Faso,BFA,2020-10-08,36.11
Burkina Faso,BFA,2020-10-09,36.11
Burkina Faso,BFA,2020-10-10,36.11
Burkina Faso,BFA,2020-10-11,36.11
Burkina Faso,BFA,2020-10-12,36.11
Burkina Faso,BFA,2020-10-13,36.11
Burkina Faso,BFA,2020-10-14,36.11
Burkina Faso,BFA,2020-10-15,33.33
Burkina Faso,BFA,2020-10-16,22.22
Burkina Faso,BFA,2020-10-17,22.22
Burkina Faso,BFA,2020-10-18,22.22
Burkina Faso,BFA,2020-10-19,22.22
Burkina Faso,BFA,2020-10-20,25.93
Burkina Faso,BFA,2020-10-21,25.93
Burkina Faso,BFA,2020-10-22,22.22
Burkina Faso,BFA,2020-10-23,22.22
Burkina Faso,BFA,2020-10-24,22.22
Burkina Faso,BFA,2020-10-25,22.22
Burkina Faso,BFA,2020-10-26,22.22
Burkina Faso,BFA,2020-10-27,22.22
Burkina Faso,BFA,2020-10-28,22.22
Burkina Faso,BFA,2020-10-29,22.22
Burkina Faso,BFA,2020-10-30,22.22
Burkina Faso,BFA,2020-10-31,22.22
Burkina Faso,BFA,2020-11-01,22.22
Burkina Faso,BFA,2020-11-02,22.22
Burkina Faso,BFA,2020-11-03,22.22
Burkina Faso,BFA,2020-11-04,22.22
Burkina Faso,BFA,2020-11-05,22.22
Burkina Faso,BFA,2020-11-06,22.22
Burkina Faso,BFA,2020-11-07,22.22
Burkina Faso,BFA,2020-11-08,22.22
Burkina Faso,BFA,2020-11-09,22.22
Burkina Faso,BFA,2020-11-10,22.22
Burkina Faso,BFA,2020-11-11,22.22
Burkina Faso,BFA,2020-11-12,22.22
Burkina Faso,BFA,2020-11-13,22.22
Burkina Faso,BFA,2020-11-14,22.22
Burkina Faso,BFA,2020-11-15,22.22
Burkina Faso,BFA,2020-11-16,22.22
Burkina Faso,BFA,2020-11-17,22.22
Burkina Faso,BFA,2020-11-18,22.22
Burkina Faso,BFA,2020-11-19,22.22
Burkina Faso,BFA,2020-11-20,22.22
Burkina Faso,BFA,2020-11-21,22.22
Burkina Faso,BFA,2020-11-22,22.22
Burkina Faso,BFA,2020-11-23,22.22
Burkina Faso,BFA,2020-11-24,22.22
Burkina Faso,BFA,2020-11-25,22.22
Burkina Faso,BFA,2020-11-26,22.22
Burkina Faso,BFA,2020-11-27,22.22
Burkina Faso,BFA,2020-11-28,22.22
Burkina Faso,BFA,2020-11-29,22.22
Burkina Faso,BFA,2020-11-30,22.22
Burkina Faso,BFA,2020-12-01,13.89
Burkina Faso,BFA,2020-12-02,13.89
Burkina Faso,BFA,2020-12-03,13.89
Burkina Faso,BFA,2020-12-04,13.89
Burkina Faso,BFA,2020-12-05,13.89
Burkina Faso,BFA,2020-12-06,13.89
Burkina Faso,BFA,2020-12-07,13.89
Burkina Faso,BFA,2020-12-08,13.89
Burkina Faso,BFA,2020-12-09,13.89
Burkina Faso,BFA,2020-12-10,13.89
Burkina Faso,BFA,2020-12-11,13.89
Burkina Faso,BFA,2020-12-12,13.89
Burkina Faso,BFA,2020-12-13,13.89
Burkina Faso,BFA,2020-12-14,13.89
Burkina Faso,BFA,2020-12-15,13.89
Burkina Faso,BFA,2020-12-16,13.89
Burkina Faso,BFA,2020-12-17,13.89
Burkina Faso,BFA,2020-12-18,13.89
Burkina Faso,BFA,2020-12-19,13.89
Burkina Faso,BFA,2020-12-20,13.89
Burkina Faso,BFA,2020-12-21,13.89
Burkina Faso,BFA,2020-12-22,13.89
Burkina Faso,BFA,2020-12-23,13.89
Burkina Faso,BFA,2020-12-24,13.89
Burkina Faso,BFA,2020-12-25,13.89
Burkina Faso,BFA,2020-12-26,13.89
Burkina Faso,BFA,2020-12-27,13.89
Burkina Faso,BFA,2020-12-28,13.89
Burkina Faso,BFA,2020-12-29,13.89
Burkina Faso,BFA,2020-12-30,13.89
Burkina Faso,BFA,2020-12-31,13.89
Burkina Faso,BFA,2021-01-01,13.89
Burkina Faso,BFA,2021-01-02,13.89
Burkina Faso,BFA,2021-01-03,13.89
Burkina Faso,BFA,2021-01-04,13.89
Burkina Faso,BFA,2021-01-05,13.89
Burkina Faso,BFA,2021-01-06,13.89
Burkina Faso,BFA,2021-01-07,13.89
Burkina Faso,BFA,2021-01-08,13.89
Burkina Faso,BFA,2021-01-09,13.89
Burkina Faso,BFA,2021-01-10,13.89
Burkina Faso,BFA,2021-01-11,13.89
Burkina Faso,BFA,2021-01-12,16.67
Burkina Faso,BFA,2021-01-13,16.67
Burkina Faso,BFA,2021-01-14,16.67
Burkina Faso,BFA,2021-01-15,16.67
Burkina Faso,BFA,2021-01-16,16.67
Burkina Faso,BFA,2021-01-17,16.67
Burkina Faso,BFA,2021-01-18,16.67
Burkina Faso,BFA,2021-01-19,16.67
Burkina Faso,BFA,2021-01-20,16.67
Burkina Faso,BFA,2021-01-21,16.67
Burkina Faso,BFA,2021-01-22,16.67
Burkina Faso,BFA,2021-01-23,16.67
Burkina Faso,BFA,2021-01-24,16.67
Burkina Faso,BFA,2021-01-25,16.67
Burkina Faso,BFA,2021-01-26,16.67
Burkina Faso,BFA,2021-01-27,16.67
Burkina Faso,BFA,2021-01-28,16.67
Burkina Faso,BFA,2021-01-29,16.67
Burkina Faso,BFA,2021-01-30,16.67
Burkina Faso,BFA,2021-01-31,16.67
Burkina Faso,BFA,2021-02-01,16.67
Burkina Faso,BFA,2021-02-02,13.89
Burkina Faso,BFA,2021-02-03,13.89
Burkina Faso,BFA,2021-02-04,13.89
Burkina Faso,BFA,2021-02-05,13.89
Burkina Faso,BFA,2021-02-06,13.89
Burkina Faso,BFA,2021-02-07,13.89
Burkina Faso,BFA,2021-02-08,13.89
Burkina Faso,BFA,2021-02-09,13.89
Burkina Faso,BFA,2021-02-10,13.89
Burkina Faso,BFA,2021-02-11,13.89
Burkina Faso,BFA,2021-02-12,13.89
Burkina Faso,BFA,2021-02-13,13.89
Burkina Faso,BFA,2021-02-14,13.89
Burkina Faso,BFA,2021-02-15,13.89
Burkina Faso,BFA,2021-02-16,22.22
Burkina Faso,BFA,2021-02-17,22.22
Burkina Faso,BFA,2021-02-18,22.22
Burkina Faso,BFA,2021-02-19,22.22
Burkina Faso,BFA,2021-02-20,22.22
Burkina Faso,BFA,2021-02-21,22.22
Burkina Faso,BFA,2021-02-22,22.22
Burkina Faso,BFA,2021-02-23,22.22
Burkina Faso,BFA,2021-02-24,22.22
Burkina Faso,BFA,2021-02-25,22.22
Burkina Faso,BFA,2021-02-26,22.22
Burkina Faso,BFA,2021-02-27,22.22
Burkina Faso,BFA,2021-02-28,22.22
Burkina Faso,BFA,2021-03-01,22.22
Burundi,BDI,2020-01-01,0
Burundi,BDI,2020-01-02,0
Burundi,BDI,2020-01-03,0
Burundi,BDI,2020-01-04,0
Burundi,BDI,2020-01-05,0
Burundi,BDI,2020-01-06,0
Burundi,BDI,2020-01-07,0
Burundi,BDI,2020-01-08,0
Burundi,BDI,2020-01-09,0
Burundi,BDI,2020-01-10,0
Burundi,BDI,2020-01-11,0
Burundi,BDI,2020-01-12,0
Burundi,BDI,2020-01-13,0
Burundi,BDI,2020-01-14,0
Burundi,BDI,2020-01-15,0
Burundi,BDI,2020-01-16,0
Burundi,BDI,2020-01-17,0
Burundi,BDI,2020-01-18,0
Burundi,BDI,2020-01-19,0
Burundi,BDI,2020-01-20,0
Burundi,BDI,2020-01-21,0
Burundi,BDI,2020-01-22,0
Burundi,BDI,2020-01-23,0
Burundi,BDI,2020-01-24,0
Burundi,BDI,2020-01-25,0
Burundi,BDI,2020-01-26,0
Burundi,BDI,2020-01-27,0
Burundi,BDI,2020-01-28,0
Burundi,BDI,2020-01-29,0
Burundi,BDI,2020-01-30,0
Burundi,BDI,2020-01-31,0
Burundi,BDI,2020-02-01,5.56
Burundi,BDI,2020-02-02,5.56
Burundi,BDI,2020-02-03,5.56
Burundi,BDI,2020-02-04,5.56
Burundi,BDI,2020-02-05,5.56
Burundi,BDI,2020-02-06,5.56
Burundi,BDI,2020-02-07,5.56
Burundi,BDI,2020-02-08,5.56
Burundi,BDI,2020-02-09,5.56
Burundi,BDI,2020-02-10,5.56
Burundi,BDI,2020-02-11,5.56
Burundi,BDI,2020-02-12,5.56
Burundi,BDI,2020-02-13,5.56
Burundi,BDI,2020-02-14,5.56
Burundi,BDI,2020-02-15,5.56
Burundi,BDI,2020-02-16,5.56
Burundi,BDI,2020-02-17,5.56
Burundi,BDI,2020-02-18,5.56
Burundi,BDI,2020-02-19,5.56
Burundi,BDI,2020-02-20,5.56
Burundi,BDI,2020-02-21,5.56
Burundi,BDI,2020-02-22,5.56
Burundi,BDI,2020-02-23,5.56
Burundi,BDI,2020-02-24,5.56
Burundi,BDI,2020-02-25,5.56
Burundi,BDI,2020-02-26,5.56
Burundi,BDI,2020-02-27,5.56
Burundi,BDI,2020-02-28,5.56
Burundi,BDI,2020-02-29,5.56
Burundi,BDI,2020-03-01,5.56
Burundi,BDI,2020-03-02,5.56
Burundi,BDI,2020-03-03,5.56
Burundi,BDI,2020-03-04,5.56
Burundi,BDI,2020-03-05,11.11
Burundi,BDI,2020-03-06,11.11
Burundi,BDI,2020-03-07,11.11
Burundi,BDI,2020-03-08,11.11
Burundi,BDI,2020-03-09,11.11
Burundi,BDI,2020-03-10,11.11
Burundi,BDI,2020-03-11,11.11
Burundi,BDI,2020-03-12,11.11
Burundi,BDI,2020-03-13,11.11
Burundi,BDI,2020-03-14,11.11
Burundi,BDI,2020-03-15,11.11
Burundi,BDI,2020-03-16,11.11
Burundi,BDI,2020-03-17,11.11
Burundi,BDI,2020-03-18,11.11
Burundi,BDI,2020-03-19,11.11
Burundi,BDI,2020-03-20,11.11
Burundi,BDI,2020-03-21,11.11
Burundi,BDI,2020-03-22,13.89
Burundi,BDI,2020-03-23,13.89
Burundi,BDI,2020-03-24,13.89
Burundi,BDI,2020-03-25,13.89
Burundi,BDI,2020-03-26,13.89
Burundi,BDI,2020-03-27,13.89
Burundi,BDI,2020-03-28,13.89
Burundi,BDI,2020-03-29,13.89
Burundi,BDI,2020-03-30,13.89
Burundi,BDI,2020-03-31,13.89
Burundi,BDI,2020-04-01,13.89
Burundi,BDI,2020-04-02,13.89
Burundi,BDI,2020-04-03,13.89
Burundi,BDI,2020-04-04,13.89
Burundi,BDI,2020-04-05,13.89
Burundi,BDI,2020-04-06,13.89
Burundi,BDI,2020-04-07,13.89
Burundi,BDI,2020-04-08,13.89
Burundi,BDI,2020-04-09,13.89
Burundi,BDI,2020-04-10,13.89
Burundi,BDI,2020-04-11,13.89
Burundi,BDI,2020-04-12,13.89
Burundi,BDI,2020-04-13,13.89
Burundi,BDI,2020-04-14,13.89
Burundi,BDI,2020-04-15,13.89
Burundi,BDI,2020-04-16,13.89
Burundi,BDI,2020-04-17,13.89
Burundi,BDI,2020-04-18,13.89
Burundi,BDI,2020-04-19,13.89
Burundi,BDI,2020-04-20,13.89
Burundi,BDI,2020-04-21,13.89
Burundi,BDI,2020-04-22,13.89
Burundi,BDI,2020-04-23,13.89
Burundi,BDI,2020-04-24,13.89
Burundi,BDI,2020-04-25,13.89
Burundi,BDI,2020-04-26,13.89
Burundi,BDI,2020-04-27,13.89
Burundi,BDI,2020-04-28,13.89
Burundi,BDI,2020-04-29,13.89
Burundi,BDI,2020-04-30,13.89
Burundi,BDI,2020-05-01,13.89
Burundi,BDI,2020-05-02,13.89
Burundi,BDI,2020-05-03,13.89
Burundi,BDI,2020-05-04,13.89
Burundi,BDI,2020-05-05,13.89
Burundi,BDI,2020-05-06,13.89
Burundi,BDI,2020-05-07,13.89
Burundi,BDI,2020-05-08,13.89
Burundi,BDI,2020-05-09,13.89
Burundi,BDI,2020-05-10,13.89
Burundi,BDI,2020-05-11,13.89
Burundi,BDI,2020-05-12,13.89
Burundi,BDI,2020-05-13,13.89
Burundi,BDI,2020-05-14,13.89
Burundi,BDI,2020-05-15,13.89
Burundi,BDI,2020-05-16,13.89
Burundi,BDI,2020-05-17,13.89
Burundi,BDI,2020-05-18,13.89
Burundi,BDI,2020-05-19,13.89
Burundi,BDI,2020-05-20,13.89
Burundi,BDI,2020-05-21,13.89
Burundi,BDI,2020-05-22,13.89
Burundi,BDI,2020-05-23,13.89
Burundi,BDI,2020-05-24,13.89
Burundi,BDI,2020-05-25,13.89
Burundi,BDI,2020-05-26,13.89
Burundi,BDI,2020-05-27,13.89
Burundi,BDI,2020-05-28,13.89
Burundi,BDI,2020-05-29,13.89
Burundi,BDI,2020-05-30,13.89
Burundi,BDI,2020-05-31,13.89
Burundi,BDI,2020-06-01,13.89
Burundi,BDI,2020-06-02,13.89
Burundi,BDI,2020-06-03,13.89
Burundi,BDI,2020-06-04,13.89
Burundi,BDI,2020-06-05,13.89
Burundi,BDI,2020-06-06,13.89
Burundi,BDI,2020-06-07,13.89
Burundi,BDI,2020-06-08,13.89
Burundi,BDI,2020-06-09,13.89
Burundi,BDI,2020-06-10,13.89
Burundi,BDI,2020-06-11,13.89
Burundi,BDI,2020-06-12,13.89
Burundi,BDI,2020-06-13,13.89
Burundi,BDI,2020-06-14,13.89
Burundi,BDI,2020-06-15,13.89
Burundi,BDI,2020-06-16,13.89
Burundi,BDI,2020-06-17,13.89
Burundi,BDI,2020-06-18,13.89
Burundi,BDI,2020-06-19,13.89
Burundi,BDI,2020-06-20,13.89
Burundi,BDI,2020-06-21,13.89
Burundi,BDI,2020-06-22,13.89
Burundi,BDI,2020-06-23,13.89
Burundi,BDI,2020-06-24,13.89
Burundi,BDI,2020-06-25,13.89
Burundi,BDI,2020-06-26,13.89
Burundi,BDI,2020-06-27,13.89
Burundi,BDI,2020-06-28,13.89
Burundi,BDI,2020-06-29,13.89
Burundi,BDI,2020-06-30,13.89
Burundi,BDI,2020-07-01,13.89
Burundi,BDI,2020-07-02,13.89
Burundi,BDI,2020-07-03,13.89
Burundi,BDI,2020-07-04,13.89
Burundi,BDI,2020-07-05,13.89
Burundi,BDI,2020-07-06,13.89
Burundi,BDI,2020-07-07,13.89
Burundi,BDI,2020-07-08,13.89
Burundi,BDI,2020-07-09,13.89
Burundi,BDI,2020-07-10,13.89
Burundi,BDI,2020-07-11,13.89
Burundi,BDI,2020-07-12,13.89
Burundi,BDI,2020-07-13,13.89
Burundi,BDI,2020-07-14,13.89
Burundi,BDI,2020-07-15,13.89
Burundi,BDI,2020-07-16,13.89
Burundi,BDI,2020-07-17,13.89
Burundi,BDI,2020-07-18,13.89
Burundi,BDI,2020-07-19,13.89
Burundi,BDI,2020-07-20,13.89
Burundi,BDI,2020-07-21,13.89
Burundi,BDI,2020-07-22,13.89
Burundi,BDI,2020-07-23,13.89
Burundi,BDI,2020-07-24,13.89
Burundi,BDI,2020-07-25,13.89
Burundi,BDI,2020-07-26,13.89
Burundi,BDI,2020-07-27,13.89
Burundi,BDI,2020-07-28,13.89
Burundi,BDI,2020-07-29,13.89
Burundi,BDI,2020-07-30,13.89
Burundi,BDI,2020-07-31,13.89
Burundi,BDI,2020-08-01,11.11
Burundi,BDI,2020-08-02,11.11
Burundi,BDI,2020-08-03,11.11
Burundi,BDI,2020-08-04,11.11
Burundi,BDI,2020-08-05,11.11
Burundi,BDI,2020-08-06,11.11
Burundi,BDI,2020-08-07,11.11
Burundi,BDI,2020-08-08,11.11
Burundi,BDI,2020-08-09,11.11
Burundi,BDI,2020-08-10,11.11
Burundi,BDI,2020-08-11,11.11
Burundi,BDI,2020-08-12,11.11
Burundi,BDI,2020-08-13,11.11
Burundi,BDI,2020-08-14,11.11
Burundi,BDI,2020-08-15,11.11
Burundi,BDI,2020-08-16,11.11
Burundi,BDI,2020-08-17,11.11
Burundi,BDI,2020-08-18,11.11
Burundi,BDI,2020-08-19,11.11
Burundi,BDI,2020-08-20,11.11
Burundi,BDI,2020-08-21,11.11
Burundi,BDI,2020-08-22,11.11
Burundi,BDI,2020-08-23,11.11
Burundi,BDI,2020-08-24,11.11
Burundi,BDI,2020-08-25,11.11
Burundi,BDI,2020-08-26,11.11
Burundi,BDI,2020-08-27,11.11
Burundi,BDI,2020-08-28,11.11
Burundi,BDI,2020-08-29,11.11
Burundi,BDI,2020-08-30,11.11
Burundi,BDI,2020-08-31,11.11
Burundi,BDI,2020-09-01,11.11
Burundi,BDI,2020-09-02,11.11
Burundi,BDI,2020-09-03,11.11
Burundi,BDI,2020-09-04,11.11
Burundi,BDI,2020-09-05,11.11
Burundi,BDI,2020-09-06,11.11
Burundi,BDI,2020-09-07,14.81
Burundi,BDI,2020-09-08,14.81
Burundi,BDI,2020-09-09,14.81
Burundi,BDI,2020-09-10,14.81
Burundi,BDI,2020-09-11,14.81
Burundi,BDI,2020-09-12,14.81
Burundi,BDI,2020-09-13,14.81
Burundi,BDI,2020-09-14,14.81
Burundi,BDI,2020-09-15,14.81
Burundi,BDI,2020-09-16,14.81
Burundi,BDI,2020-09-17,14.81
Burundi,BDI,2020-09-18,14.81
Burundi,BDI,2020-09-19,14.81
Burundi,BDI,2020-09-20,14.81
Burundi,BDI,2020-09-21,14.81
Burundi,BDI,2020-09-22,14.81
Burundi,BDI,2020-09-23,14.81
Burundi,BDI,2020-09-24,14.81
Burundi,BDI,2020-09-25,14.81
Burundi,BDI,2020-09-26,14.81
Burundi,BDI,2020-09-27,14.81
Burundi,BDI,2020-09-28,14.81
Burundi,BDI,2020-09-29,14.81
Burundi,BDI,2020-09-30,14.81
Burundi,BDI,2020-10-01,14.81
Burundi,BDI,2020-10-02,14.81
Burundi,BDI,2020-10-03,14.81
Burundi,BDI,2020-10-04,14.81
Burundi,BDI,2020-10-05,14.81
Burundi,BDI,2020-10-06,14.81
Burundi,BDI,2020-10-07,14.81
Burundi,BDI,2020-10-08,14.81
Burundi,BDI,2020-10-09,14.81
Burundi,BDI,2020-10-10,14.81
Burundi,BDI,2020-10-11,14.81
Burundi,BDI,2020-10-12,14.81
Burundi,BDI,2020-10-13,14.81
Burundi,BDI,2020-10-14,14.81
Burundi,BDI,2020-10-15,14.81
Burundi,BDI,2020-10-16,14.81
Burundi,BDI,2020-10-17,14.81
Burundi,BDI,2020-10-18,14.81
Burundi,BDI,2020-10-19,14.81
Burundi,BDI,2020-10-20,14.81
Burundi,BDI,2020-10-21,14.81
Burundi,BDI,2020-10-22,14.81
Burundi,BDI,2020-10-23,14.81
Burundi,BDI,2020-10-24,14.81
Burundi,BDI,2020-10-25,14.81
Burundi,BDI,2020-10-26,14.81
Burundi,BDI,2020-10-27,14.81
Burundi,BDI,2020-10-28,14.81
Burundi,BDI,2020-10-29,14.81
Burundi,BDI,2020-10-30,14.81
Burundi,BDI,2020-10-31,14.81
Burundi,BDI,2020-11-01,14.81
Burundi,BDI,2020-11-02,14.81
Burundi,BDI,2020-11-03,14.81
Burundi,BDI,2020-11-04,14.81
Burundi,BDI,2020-11-05,14.81
Burundi,BDI,2020-11-06,14.81
Burundi,BDI,2020-11-07,14.81
Burundi,BDI,2020-11-08,14.81
Burundi,BDI,2020-11-09,14.81
Burundi,BDI,2020-11-10,14.81
Burundi,BDI,2020-11-11,14.81
Burundi,BDI,2020-11-12,14.81
Burundi,BDI,2020-11-13,14.81
Burundi,BDI,2020-11-14,14.81
Burundi,BDI,2020-11-15,14.81
Burundi,BDI,2020-11-16,14.81
Burundi,BDI,2020-11-17,14.81
Burundi,BDI,2020-11-18,14.81
Burundi,BDI,2020-11-19,14.81
Burundi,BDI,2020-11-20,14.81
Burundi,BDI,2020-11-21,14.81
Burundi,BDI,2020-11-22,14.81
Burundi,BDI,2020-11-23,14.81
Burundi,BDI,2020-11-24,14.81
Burundi,BDI,2020-11-25,14.81
Burundi,BDI,2020-11-26,14.81
Burundi,BDI,2020-11-27,14.81
Burundi,BDI,2020-11-28,14.81
Burundi,BDI,2020-11-29,14.81
Burundi,BDI,2020-11-30,14.81
Burundi,BDI,2020-12-01,14.81
Burundi,BDI,2020-12-02,14.81
Burundi,BDI,2020-12-03,14.81
Burundi,BDI,2020-12-04,14.81
Burundi,BDI,2020-12-05,14.81
Burundi,BDI,2020-12-06,14.81
Burundi,BDI,2020-12-07,14.81
Burundi,BDI,2020-12-08,14.81
Burundi,BDI,2020-12-09,14.81
Burundi,BDI,2020-12-10,14.81
Burundi,BDI,2020-12-11,14.81
Burundi,BDI,2020-12-12,14.81
Burundi,BDI,2020-12-13,14.81
Burundi,BDI,2020-12-14,14.81
Burundi,BDI,2020-12-15,14.81
Burundi,BDI,2020-12-16,14.81
Burundi,BDI,2020-12-17,14.81
Burundi,BDI,2020-12-18,14.81
Burundi,BDI,2020-12-19,14.81
Burundi,BDI,2020-12-20,14.81
Burundi,BDI,2020-12-21,14.81
Burundi,BDI,2020-12-22,14.81
Burundi,BDI,2020-12-23,14.81
Burundi,BDI,2020-12-24,14.81
Burundi,BDI,2020-12-25,14.81
Burundi,BDI,2020-12-26,14.81
Burundi,BDI,2020-12-27,14.81
Burundi,BDI,2020-12-28,14.81
Burundi,BDI,2020-12-29,14.81
Burundi,BDI,2020-12-30,14.81
Burundi,BDI,2020-12-31,14.81
Burundi,BDI,2021-01-01,14.81
Burundi,BDI,2021-01-02,14.81
Burundi,BDI,2021-01-03,14.81
Burundi,BDI,2021-01-04,14.81
Burundi,BDI,2021-01-05,11.11
Burundi,BDI,2021-01-06,11.11
Burundi,BDI,2021-01-07,11.11
Burundi,BDI,2021-01-08,11.11
Burundi,BDI,2021-01-09,11.11
Burundi,BDI,2021-01-10,11.11
Burundi,BDI,2021-01-11,18.06
Burundi,BDI,2021-01-12,14.81
Burundi,BDI,2021-01-13,14.81
Burundi,BDI,2021-01-14,14.81
Burundi,BDI,2021-01-15,14.81
Burundi,BDI,2021-01-16,14.81
Burundi,BDI,2021-01-17,14.81
Burundi,BDI,2021-01-18,14.81
Burundi,BDI,2021-01-19,16.67
Burundi,BDI,2021-01-20,16.67
Burundi,BDI,2021-01-21,16.67
Burundi,BDI,2021-01-22,16.67
Burundi,BDI,2021-01-23,16.67
Burundi,BDI,2021-01-24,16.67
Burundi,BDI,2021-01-25,16.67
Burundi,BDI,2021-01-26,16.67
Burundi,BDI,2021-01-27,16.67
Burundi,BDI,2021-01-28,16.67
Burundi,BDI,2021-01-29,16.67
Burundi,BDI,2021-01-30,16.67
Burundi,BDI,2021-01-31,16.67
Burundi,BDI,2021-02-01,24.07
Burundi,BDI,2021-02-02,24.07
Burundi,BDI,2021-02-03,24.07
Burundi,BDI,2021-02-04,24.07
Burundi,BDI,2021-02-05,24.07
Burundi,BDI,2021-02-06,24.07
Burundi,BDI,2021-02-07,24.07
Burundi,BDI,2021-02-08,24.07
Burundi,BDI,2021-02-09,24.07
Burundi,BDI,2021-02-10,24.07
Burundi,BDI,2021-02-11,24.07
Burundi,BDI,2021-02-12,24.07
Burundi,BDI,2021-02-13,24.07
Burundi,BDI,2021-02-14,24.07
Burundi,BDI,2021-02-15,24.07
Burundi,BDI,2021-02-16,27.31
Burundi,BDI,2021-02-17,27.31
Burundi,BDI,2021-02-18,27.31
Burundi,BDI,2021-02-19,27.31
Burundi,BDI,2021-02-20,27.31
Burundi,BDI,2021-02-21,27.31
Burundi,BDI,2021-02-22,27.31
Burundi,BDI,2021-02-23,14.81
Burundi,BDI,2021-02-24,14.81
Burundi,BDI,2021-02-25,14.81
Burundi,BDI,2021-02-26,14.81
Burundi,BDI,2021-02-27,14.81
Burundi,BDI,2021-02-28,14.81
Burundi,BDI,2021-03-01,14.81
Burundi,BDI,2021-03-02,14.81
Burundi,BDI,2021-03-03,14.81
Burundi,BDI,2021-03-04,14.81
Burundi,BDI,2021-03-05,14.81
Burundi,BDI,2021-03-06,14.81
Burundi,BDI,2021-03-07,14.81
Cambodia,KHM,2020-01-01,0
Cambodia,KHM,2020-01-02,0
Cambodia,KHM,2020-01-03,0
Cambodia,KHM,2020-01-04,0
Cambodia,KHM,2020-01-05,0
Cambodia,KHM,2020-01-06,0
Cambodia,KHM,2020-01-07,0
Cambodia,KHM,2020-01-08,0
Cambodia,KHM,2020-01-09,0
Cambodia,KHM,2020-01-10,0
Cambodia,KHM,2020-01-11,0
Cambodia,KHM,2020-01-12,0
Cambodia,KHM,2020-01-13,0
Cambodia,KHM,2020-01-14,0
Cambodia,KHM,2020-01-15,0
Cambodia,KHM,2020-01-16,0
Cambodia,KHM,2020-01-17,0
Cambodia,KHM,2020-01-18,0
Cambodia,KHM,2020-01-19,0
Cambodia,KHM,2020-01-20,0
Cambodia,KHM,2020-01-21,0
Cambodia,KHM,2020-01-22,0
Cambodia,KHM,2020-01-23,0
Cambodia,KHM,2020-01-24,0
Cambodia,KHM,2020-01-25,0
Cambodia,KHM,2020-01-26,0
Cambodia,KHM,2020-01-27,0
Cambodia,KHM,2020-01-28,0
Cambodia,KHM,2020-01-29,0
Cambodia,KHM,2020-01-30,0
Cambodia,KHM,2020-01-31,0
Cambodia,KHM,2020-02-01,0
Cambodia,KHM,2020-02-02,0
Cambodia,KHM,2020-02-03,0
Cambodia,KHM,2020-02-04,0
Cambodia,KHM,2020-02-05,0
Cambodia,KHM,2020-02-06,0
Cambodia,KHM,2020-02-07,0
Cambodia,KHM,2020-02-08,0
Cambodia,KHM,2020-02-09,0
Cambodia,KHM,2020-02-10,0
Cambodia,KHM,2020-02-11,0
Cambodia,KHM,2020-02-12,0
Cambodia,KHM,2020-02-13,0
Cambodia,KHM,2020-02-14,0
Cambodia,KHM,2020-02-15,0
Cambodia,KHM,2020-02-16,0
Cambodia,KHM,2020-02-17,0
Cambodia,KHM,2020-02-18,0
Cambodia,KHM,2020-02-19,0
Cambodia,KHM,2020-02-20,0
Cambodia,KHM,2020-02-21,0
Cambodia,KHM,2020-02-22,0
Cambodia,KHM,2020-02-23,0
Cambodia,KHM,2020-02-24,0
Cambodia,KHM,2020-02-25,0
Cambodia,KHM,2020-02-26,0
Cambodia,KHM,2020-02-27,0
Cambodia,KHM,2020-02-28,0
Cambodia,KHM,2020-02-29,0
Cambodia,KHM,2020-03-01,0
Cambodia,KHM,2020-03-02,0
Cambodia,KHM,2020-03-03,0
Cambodia,KHM,2020-03-04,0
Cambodia,KHM,2020-03-05,0
Cambodia,KHM,2020-03-06,0
Cambodia,KHM,2020-03-07,19.44
Cambodia,KHM,2020-03-08,19.44
Cambodia,KHM,2020-03-09,19.44
Cambodia,KHM,2020-03-10,19.44
Cambodia,KHM,2020-03-11,19.44
Cambodia,KHM,2020-03-12,19.44
Cambodia,KHM,2020-03-13,27.78
Cambodia,KHM,2020-03-14,27.78
Cambodia,KHM,2020-03-15,27.78
Cambodia,KHM,2020-03-16,27.78
Cambodia,KHM,2020-03-17,46.3
Cambodia,KHM,2020-03-18,46.3
Cambodia,KHM,2020-03-19,46.3
Cambodia,KHM,2020-03-20,46.3
Cambodia,KHM,2020-03-21,46.3
Cambodia,KHM,2020-03-22,46.3
Cambodia,KHM,2020-03-23,46.3
Cambodia,KHM,2020-03-24,46.3
Cambodia,KHM,2020-03-25,46.3
Cambodia,KHM,2020-03-26,57.41
Cambodia,KHM,2020-03-27,57.41
Cambodia,KHM,2020-03-28,57.41
Cambodia,KHM,2020-03-29,57.41
Cambodia,KHM,2020-03-30,57.41
Cambodia,KHM,2020-03-31,57.41
Cambodia,KHM,2020-04-01,57.41
Cambodia,KHM,2020-04-02,57.41
Cambodia,KHM,2020-04-03,57.41
Cambodia,KHM,2020-04-04,57.41
Cambodia,KHM,2020-04-05,57.41
Cambodia,KHM,2020-04-06,57.41
Cambodia,KHM,2020-04-07,60.19
Cambodia,KHM,2020-04-08,57.41
Cambodia,KHM,2020-04-09,68.52
Cambodia,KHM,2020-04-10,68.52
Cambodia,KHM,2020-04-11,68.52
Cambodia,KHM,2020-04-12,68.52
Cambodia,KHM,2020-04-13,68.52
Cambodia,KHM,2020-04-14,68.52
Cambodia,KHM,2020-04-15,68.52
Cambodia,KHM,2020-04-16,68.52
Cambodia,KHM,2020-04-17,57.41
Cambodia,KHM,2020-04-18,57.41
Cambodia,KHM,2020-04-19,57.41
Cambodia,KHM,2020-04-20,57.41
Cambodia,KHM,2020-04-21,57.41
Cambodia,KHM,2020-04-22,57.41
Cambodia,KHM,2020-04-23,57.41
Cambodia,KHM,2020-04-24,57.41
Cambodia,KHM,2020-04-25,57.41
Cambodia,KHM,2020-04-26,57.41
Cambodia,KHM,2020-04-27,57.41
Cambodia,KHM,2020-04-28,57.41
Cambodia,KHM,2020-04-29,57.41
Cambodia,KHM,2020-04-30,57.41
Cambodia,KHM,2020-05-01,57.41
Cambodia,KHM,2020-05-02,57.41
Cambodia,KHM,2020-05-03,57.41
Cambodia,KHM,2020-05-04,57.41
Cambodia,KHM,2020-05-05,57.41
Cambodia,KHM,2020-05-06,57.41
Cambodia,KHM,2020-05-07,57.41
Cambodia,KHM,2020-05-08,57.41
Cambodia,KHM,2020-05-09,57.41
Cambodia,KHM,2020-05-10,57.41
Cambodia,KHM,2020-05-11,57.41
Cambodia,KHM,2020-05-12,57.41
Cambodia,KHM,2020-05-13,57.41
Cambodia,KHM,2020-05-14,57.41
Cambodia,KHM,2020-05-15,57.41
Cambodia,KHM,2020-05-16,57.41
Cambodia,KHM,2020-05-17,57.41
Cambodia,KHM,2020-05-18,57.41
Cambodia,KHM,2020-05-19,57.41
Cambodia,KHM,2020-05-20,57.41
Cambodia,KHM,2020-05-21,57.41
Cambodia,KHM,2020-05-22,57.41
Cambodia,KHM,2020-05-23,57.41
Cambodia,KHM,2020-05-24,57.41
Cambodia,KHM,2020-05-25,57.41
Cambodia,KHM,2020-05-26,57.41
Cambodia,KHM,2020-05-27,57.41
Cambodia,KHM,2020-05-28,57.41
Cambodia,KHM,2020-05-29,57.41
Cambodia,KHM,2020-05-30,57.41
Cambodia,KHM,2020-05-31,57.41
Cambodia,KHM,2020-06-01,40.74
Cambodia,KHM,2020-06-02,40.74
Cambodia,KHM,2020-06-03,40.74
Cambodia,KHM,2020-06-04,40.74
Cambodia,KHM,2020-06-05,40.74
Cambodia,KHM,2020-06-06,40.74
Cambodia,KHM,2020-06-07,40.74
Cambodia,KHM,2020-06-08,40.74
Cambodia,KHM,2020-06-09,40.74
Cambodia,KHM,2020-06-10,40.74
Cambodia,KHM,2020-06-11,40.74
Cambodia,KHM,2020-06-12,40.74
Cambodia,KHM,2020-06-13,40.74
Cambodia,KHM,2020-06-14,40.74
Cambodia,KHM,2020-06-15,40.74
Cambodia,KHM,2020-06-16,40.74
Cambodia,KHM,2020-06-17,40.74
Cambodia,KHM,2020-06-18,40.74
Cambodia,KHM,2020-06-19,40.74
Cambodia,KHM,2020-06-20,40.74
Cambodia,KHM,2020-06-21,40.74
Cambodia,KHM,2020-06-22,40.74
Cambodia,KHM,2020-06-23,40.74
Cambodia,KHM,2020-06-24,40.74
Cambodia,KHM,2020-06-25,40.74
Cambodia,KHM,2020-06-26,40.74
Cambodia,KHM,2020-06-27,40.74
Cambodia,KHM,2020-06-28,40.74
Cambodia,KHM,2020-06-29,40.74
Cambodia,KHM,2020-06-30,40.74
Cambodia,KHM,2020-07-01,40.74
Cambodia,KHM,2020-07-02,40.74
Cambodia,KHM,2020-07-03,40.74
Cambodia,KHM,2020-07-04,40.74
Cambodia,KHM,2020-07-05,40.74
Cambodia,KHM,2020-07-06,40.74
Cambodia,KHM,2020-07-07,40.74
Cambodia,KHM,2020-07-08,38.89
Cambodia,KHM,2020-07-09,38.89
Cambodia,KHM,2020-07-10,38.89
Cambodia,KHM,2020-07-11,38.89
Cambodia,KHM,2020-07-12,38.89
Cambodia,KHM,2020-07-13,38.89
Cambodia,KHM,2020-07-14,38.89
Cambodia,KHM,2020-07-15,38.89
Cambodia,KHM,2020-07-16,38.89
Cambodia,KHM,2020-07-17,38.89
Cambodia,KHM,2020-07-18,38.89
Cambodia,KHM,2020-07-19,38.89
Cambodia,KHM,2020-07-20,38.89
Cambodia,KHM,2020-07-21,38.89
Cambodia,KHM,2020-07-22,38.89
Cambodia,KHM,2020-07-23,38.89
Cambodia,KHM,2020-07-24,38.89
Cambodia,KHM,2020-07-25,38.89
Cambodia,KHM,2020-07-26,38.89
Cambodia,KHM,2020-07-27,38.89
Cambodia,KHM,2020-07-28,38.89
Cambodia,KHM,2020-07-29,38.89
Cambodia,KHM,2020-07-30,38.89
Cambodia,KHM,2020-07-31,38.89
Cambodia,KHM,2020-08-01,38.89
Cambodia,KHM,2020-08-02,38.89
Cambodia,KHM,2020-08-03,42.59
Cambodia,KHM,2020-08-04,42.59
Cambodia,KHM,2020-08-05,42.59
Cambodia,KHM,2020-08-06,47.22
Cambodia,KHM,2020-08-07,47.22
Cambodia,KHM,2020-08-08,47.22
Cambodia,KHM,2020-08-09,47.22
Cambodia,KHM,2020-08-10,47.22
Cambodia,KHM,2020-08-11,47.22
Cambodia,KHM,2020-08-12,47.22
Cambodia,KHM,2020-08-13,47.22
Cambodia,KHM,2020-08-14,47.22
Cambodia,KHM,2020-08-15,47.22
Cambodia,KHM,2020-08-16,47.22
Cambodia,KHM,2020-08-17,47.22
Cambodia,KHM,2020-08-18,47.22
Cambodia,KHM,2020-08-19,47.22
Cambodia,KHM,2020-08-20,47.22
Cambodia,KHM,2020-08-21,47.22
Cambodia,KHM,2020-08-22,47.22
Cambodia,KHM,2020-08-23,47.22
Cambodia,KHM,2020-08-24,44.44
Cambodia,KHM,2020-08-25,44.44
Cambodia,KHM,2020-08-26,44.44
Cambodia,KHM,2020-08-27,44.44
Cambodia,KHM,2020-08-28,44.44
Cambodia,KHM,2020-08-29,44.44
Cambodia,KHM,2020-08-30,44.44
Cambodia,KHM,2020-08-31,44.44
Cambodia,KHM,2020-09-01,44.44
Cambodia,KHM,2020-09-02,44.44
Cambodia,KHM,2020-09-03,44.44
Cambodia,KHM,2020-09-04,44.44
Cambodia,KHM,2020-09-05,44.44
Cambodia,KHM,2020-09-06,44.44
Cambodia,KHM,2020-09-07,37.04
Cambodia,KHM,2020-09-08,37.04
Cambodia,KHM,2020-09-09,37.04
Cambodia,KHM,2020-09-10,37.04
Cambodia,KHM,2020-09-11,37.04
Cambodia,KHM,2020-09-12,37.04
Cambodia,KHM,2020-09-13,37.04
Cambodia,KHM,2020-09-14,37.04
Cambodia,KHM,2020-09-15,37.04
Cambodia,KHM,2020-09-16,37.04
Cambodia,KHM,2020-09-17,37.04
Cambodia,KHM,2020-09-18,37.04
Cambodia,KHM,2020-09-19,37.04
Cambodia,KHM,2020-09-20,37.04
Cambodia,KHM,2020-09-21,37.04
Cambodia,KHM,2020-09-22,37.04
Cambodia,KHM,2020-09-23,37.04
Cambodia,KHM,2020-09-24,37.04
Cambodia,KHM,2020-09-25,37.04
Cambodia,KHM,2020-09-26,37.04
Cambodia,KHM,2020-09-27,37.04
Cambodia,KHM,2020-09-28,37.04
Cambodia,KHM,2020-09-29,37.04
Cambodia,KHM,2020-09-30,37.04
Cambodia,KHM,2020-10-01,37.04
Cambodia,KHM,2020-10-02,37.04
Cambodia,KHM,2020-10-03,37.04
Cambodia,KHM,2020-10-04,37.04
Cambodia,KHM,2020-10-05,37.04
Cambodia,KHM,2020-10-06,37.04
Cambodia,KHM,2020-10-07,37.04
Cambodia,KHM,2020-10-08,37.04
Cambodia,KHM,2020-10-09,37.04
Cambodia,KHM,2020-10-10,37.04
Cambodia,KHM,2020-10-11,37.04
Cambodia,KHM,2020-10-12,37.04
Cambodia,KHM,2020-10-13,37.04
Cambodia,KHM,2020-10-14,37.04
Cambodia,KHM,2020-10-15,37.04
Cambodia,KHM,2020-10-16,34.26
Cambodia,KHM,2020-10-17,34.26
Cambodia,KHM,2020-10-18,34.26
Cambodia,KHM,2020-10-19,34.26
Cambodia,KHM,2020-10-20,34.26
Cambodia,KHM,2020-10-21,34.26
Cambodia,KHM,2020-10-22,34.26
Cambodia,KHM,2020-10-23,34.26
Cambodia,KHM,2020-10-24,34.26
Cambodia,KHM,2020-10-25,34.26
Cambodia,KHM,2020-10-26,34.26
Cambodia,KHM,2020-10-27,34.26
Cambodia,KHM,2020-10-28,34.26
Cambodia,KHM,2020-10-29,34.26
Cambodia,KHM,2020-10-30,34.26
Cambodia,KHM,2020-10-31,34.26
Cambodia,KHM,2020-11-01,34.26
Cambodia,KHM,2020-11-02,34.26
Cambodia,KHM,2020-11-03,34.26
Cambodia,KHM,2020-11-04,34.26
Cambodia,KHM,2020-11-05,34.26
Cambodia,KHM,2020-11-06,34.26
Cambodia,KHM,2020-11-07,34.26
Cambodia,KHM,2020-11-08,34.26
Cambodia,KHM,2020-11-09,34.26
Cambodia,KHM,2020-11-10,39.81
Cambodia,KHM,2020-11-11,39.81
Cambodia,KHM,2020-11-12,39.81
Cambodia,KHM,2020-11-13,39.81
Cambodia,KHM,2020-11-14,39.81
Cambodia,KHM,2020-11-15,39.81
Cambodia,KHM,2020-11-16,42.59
Cambodia,KHM,2020-11-17,42.59
Cambodia,KHM,2020-11-18,42.59
Cambodia,KHM,2020-11-19,42.59
Cambodia,KHM,2020-11-20,42.59
Cambodia,KHM,2020-11-21,42.59
Cambodia,KHM,2020-11-22,42.59
Cambodia,KHM,2020-11-23,42.59
Cambodia,KHM,2020-11-24,42.59
Cambodia,KHM,2020-11-25,42.59
Cambodia,KHM,2020-11-26,42.59
Cambodia,KHM,2020-11-27,42.59
Cambodia,KHM,2020-11-28,42.59
Cambodia,KHM,2020-11-29,42.59
Cambodia,KHM,2020-11-30,58.33
Cambodia,KHM,2020-12-01,58.33
Cambodia,KHM,2020-12-02,58.33
Cambodia,KHM,2020-12-03,58.33
Cambodia,KHM,2020-12-04,58.33
Cambodia,KHM,2020-12-05,58.33
Cambodia,KHM,2020-12-06,58.33
Cambodia,KHM,2020-12-07,58.33
Cambodia,KHM,2020-12-08,58.33
Cambodia,KHM,2020-12-09,58.33
Cambodia,KHM,2020-12-10,58.33
Cambodia,KHM,2020-12-11,58.33
Cambodia,KHM,2020-12-12,58.33
Cambodia,KHM,2020-12-13,58.33
Cambodia,KHM,2020-12-14,58.33
Cambodia,KHM,2020-12-15,58.33
Cambodia,KHM,2020-12-16,58.33
Cambodia,KHM,2020-12-17,58.33
Cambodia,KHM,2020-12-18,58.33
Cambodia,KHM,2020-12-19,58.33
Cambodia,KHM,2020-12-20,58.33
Cambodia,KHM,2020-12-21,54.63
Cambodia,KHM,2020-12-22,54.63
Cambodia,KHM,2020-12-23,54.63
Cambodia,KHM,2020-12-24,54.63
Cambodia,KHM,2020-12-25,54.63
Cambodia,KHM,2020-12-26,54.63
Cambodia,KHM,2020-12-27,54.63
Cambodia,KHM,2020-12-28,54.63
Cambodia,KHM,2020-12-29,54.63
Cambodia,KHM,2020-12-30,54.63
Cambodia,KHM,2020-12-31,54.63
Cambodia,KHM,2021-01-01,54.63
Cambodia,KHM,2021-01-02,54.63
Cambodia,KHM,2021-01-03,54.63
Cambodia,KHM,2021-01-04,54.63
Cambodia,KHM,2021-01-05,54.63
Cambodia,KHM,2021-01-06,54.63
Cambodia,KHM,2021-01-07,54.63
Cambodia,KHM,2021-01-08,54.63
Cambodia,KHM,2021-01-09,54.63
Cambodia,KHM,2021-01-10,54.63
Cambodia,KHM,2021-01-11,50.93
Cambodia,KHM,2021-01-12,50.93
Cambodia,KHM,2021-01-13,50.93
Cambodia,KHM,2021-01-14,50.93
Cambodia,KHM,2021-01-15,50.93
Cambodia,KHM,2021-01-16,50.93
Cambodia,KHM,2021-01-17,50.93
Cambodia,KHM,2021-01-18,50.93
Cambodia,KHM,2021-01-19,50.93
Cambodia,KHM,2021-01-20,50.93
Cambodia,KHM,2021-01-21,50.93
Cambodia,KHM,2021-01-22,50.93
Cambodia,KHM,2021-01-23,50.93
Cambodia,KHM,2021-01-24,50.93
Cambodia,KHM,2021-01-25,50.93
Cambodia,KHM,2021-01-26,50.93
Cambodia,KHM,2021-01-27,50.93
Cambodia,KHM,2021-01-28,50.93
Cambodia,KHM,2021-01-29,50.93
Cambodia,KHM,2021-01-30,50.93
Cambodia,KHM,2021-01-31,50.93
Cambodia,KHM,2021-02-01,50.93
Cambodia,KHM,2021-02-02,50.93
Cambodia,KHM,2021-02-03,50.93
Cambodia,KHM,2021-02-04,50.93
Cambodia,KHM,2021-02-05,50.93
Cambodia,KHM,2021-02-06,50.93
Cambodia,KHM,2021-02-07,50.93
Cambodia,KHM,2021-02-08,50.93
Cambodia,KHM,2021-02-09,49.07
Cambodia,KHM,2021-02-10,49.07
Cambodia,KHM,2021-02-11,49.07
Cambodia,KHM,2021-02-12,49.07
Cambodia,KHM,2021-02-13,49.07
Cambodia,KHM,2021-02-14,49.07
Cambodia,KHM,2021-02-15,49.07
Cambodia,KHM,2021-02-16,49.07
Cambodia,KHM,2021-02-17,49.07
Cambodia,KHM,2021-02-18,49.07
Cambodia,KHM,2021-02-19,49.07
Cambodia,KHM,2021-02-20,49.07
Cambodia,KHM,2021-02-21,49.07
Cambodia,KHM,2021-02-22,56.48
Cambodia,KHM,2021-02-23,56.48
Cambodia,KHM,2021-02-24,56.48
Cambodia,KHM,2021-02-25,56.48
Cambodia,KHM,2021-02-26,56.48
Cambodia,KHM,2021-02-27,56.48
Cambodia,KHM,2021-02-28,56.48
Cambodia,KHM,2021-03-01,56.48
Cambodia,KHM,2021-03-02,56.48
Cambodia,KHM,2021-03-03,56.48
Cambodia,KHM,2021-03-04,59.26
Cambodia,KHM,2021-03-05,59.26
Cambodia,KHM,2021-03-06,59.26
Cambodia,KHM,2021-03-07,59.26
Cambodia,KHM,2021-03-08,59.26
Cameroon,CMR,2020-01-01,0
Cameroon,CMR,2020-01-02,0
Cameroon,CMR,2020-01-03,0
Cameroon,CMR,2020-01-04,0
Cameroon,CMR,2020-01-05,0
Cameroon,CMR,2020-01-06,0
Cameroon,CMR,2020-01-07,0
Cameroon,CMR,2020-01-08,0
Cameroon,CMR,2020-01-09,0
Cameroon,CMR,2020-01-10,0
Cameroon,CMR,2020-01-11,0
Cameroon,CMR,2020-01-12,0
Cameroon,CMR,2020-01-13,0
Cameroon,CMR,2020-01-14,0
Cameroon,CMR,2020-01-15,0
Cameroon,CMR,2020-01-16,0
Cameroon,CMR,2020-01-17,0
Cameroon,CMR,2020-01-18,0
Cameroon,CMR,2020-01-19,0
Cameroon,CMR,2020-01-20,0
Cameroon,CMR,2020-01-21,0
Cameroon,CMR,2020-01-22,0
Cameroon,CMR,2020-01-23,0
Cameroon,CMR,2020-01-24,0
Cameroon,CMR,2020-01-25,0
Cameroon,CMR,2020-01-26,0
Cameroon,CMR,2020-01-27,0
Cameroon,CMR,2020-01-28,0
Cameroon,CMR,2020-01-29,0
Cameroon,CMR,2020-01-30,0
Cameroon,CMR,2020-01-31,0
Cameroon,CMR,2020-02-01,0
Cameroon,CMR,2020-02-02,0
Cameroon,CMR,2020-02-03,0
Cameroon,CMR,2020-02-04,0
Cameroon,CMR,2020-02-05,0
Cameroon,CMR,2020-02-06,0
Cameroon,CMR,2020-02-07,0
Cameroon,CMR,2020-02-08,0
Cameroon,CMR,2020-02-09,0
Cameroon,CMR,2020-02-10,0
Cameroon,CMR,2020-02-11,0
Cameroon,CMR,2020-02-12,0
Cameroon,CMR,2020-02-13,0
Cameroon,CMR,2020-02-14,0
Cameroon,CMR,2020-02-15,0
Cameroon,CMR,2020-02-16,0
Cameroon,CMR,2020-02-17,0
Cameroon,CMR,2020-02-18,0
Cameroon,CMR,2020-02-19,0
Cameroon,CMR,2020-02-20,0
Cameroon,CMR,2020-02-21,0
Cameroon,CMR,2020-02-22,0
Cameroon,CMR,2020-02-23,0
Cameroon,CMR,2020-02-24,0
Cameroon,CMR,2020-02-25,0
Cameroon,CMR,2020-02-26,0
Cameroon,CMR,2020-02-27,0
Cameroon,CMR,2020-02-28,0
Cameroon,CMR,2020-02-29,0
Cameroon,CMR,2020-03-01,0
Cameroon,CMR,2020-03-02,0
Cameroon,CMR,2020-03-03,0
Cameroon,CMR,2020-03-04,0
Cameroon,CMR,2020-03-05,0
Cameroon,CMR,2020-03-06,0
Cameroon,CMR,2020-03-07,0
Cameroon,CMR,2020-03-08,0
Cameroon,CMR,2020-03-09,0
Cameroon,CMR,2020-03-10,0
Cameroon,CMR,2020-03-11,0
Cameroon,CMR,2020-03-12,0
Cameroon,CMR,2020-03-13,2.78
Cameroon,CMR,2020-03-14,2.78
Cameroon,CMR,2020-03-15,2.78
Cameroon,CMR,2020-03-16,2.78
Cameroon,CMR,2020-03-17,2.78
Cameroon,CMR,2020-03-18,57.41
Cameroon,CMR,2020-03-19,57.41
Cameroon,CMR,2020-03-20,57.41
Cameroon,CMR,2020-03-21,57.41
Cameroon,CMR,2020-03-22,57.41
Cameroon,CMR,2020-03-23,57.41
Cameroon,CMR,2020-03-24,57.41
Cameroon,CMR,2020-03-25,57.41
Cameroon,CMR,2020-03-26,57.41
Cameroon,CMR,2020-03-27,57.41
Cameroon,CMR,2020-03-28,57.41
Cameroon,CMR,2020-03-29,57.41
Cameroon,CMR,2020-03-30,57.41
Cameroon,CMR,2020-03-31,57.41
Cameroon,CMR,2020-04-01,57.41
Cameroon,CMR,2020-04-02,57.41
Cameroon,CMR,2020-04-03,57.41
Cameroon,CMR,2020-04-04,68.52
Cameroon,CMR,2020-04-05,68.52
Cameroon,CMR,2020-04-06,68.52
Cameroon,CMR,2020-04-07,68.52
Cameroon,CMR,2020-04-08,68.52
Cameroon,CMR,2020-04-09,68.52
Cameroon,CMR,2020-04-10,68.52
Cameroon,CMR,2020-04-11,68.52
Cameroon,CMR,2020-04-12,68.52
Cameroon,CMR,2020-04-13,68.52
Cameroon,CMR,2020-04-14,68.52
Cameroon,CMR,2020-04-15,68.52
Cameroon,CMR,2020-04-16,68.52
Cameroon,CMR,2020-04-17,68.52
Cameroon,CMR,2020-04-18,71.3
Cameroon,CMR,2020-04-19,71.3
Cameroon,CMR,2020-04-20,71.3
Cameroon,CMR,2020-04-21,71.3
Cameroon,CMR,2020-04-22,71.3
Cameroon,CMR,2020-04-23,71.3
Cameroon,CMR,2020-04-24,71.3
Cameroon,CMR,2020-04-25,71.3
Cameroon,CMR,2020-04-26,71.3
Cameroon,CMR,2020-04-27,71.3
Cameroon,CMR,2020-04-28,71.3
Cameroon,CMR,2020-04-29,71.3
Cameroon,CMR,2020-04-30,71.3
Cameroon,CMR,2020-05-01,63.89
Cameroon,CMR,2020-05-02,63.89
Cameroon,CMR,2020-05-03,63.89
Cameroon,CMR,2020-05-04,63.89
Cameroon,CMR,2020-05-05,63.89
Cameroon,CMR,2020-05-06,63.89
Cameroon,CMR,2020-05-07,63.89
Cameroon,CMR,2020-05-08,63.89
Cameroon,CMR,2020-05-09,63.89
Cameroon,CMR,2020-05-10,63.89
Cameroon,CMR,2020-05-11,63.89
Cameroon,CMR,2020-05-12,63.89
Cameroon,CMR,2020-05-13,63.89
Cameroon,CMR,2020-05-14,63.89
Cameroon,CMR,2020-05-15,63.89
Cameroon,CMR,2020-05-16,63.89
Cameroon,CMR,2020-05-17,63.89
Cameroon,CMR,2020-05-18,63.89
Cameroon,CMR,2020-05-19,63.89
Cameroon,CMR,2020-05-20,63.89
Cameroon,CMR,2020-05-21,63.89
Cameroon,CMR,2020-05-22,63.89
Cameroon,CMR,2020-05-23,63.89
Cameroon,CMR,2020-05-24,63.89
Cameroon,CMR,2020-05-25,63.89
Cameroon,CMR,2020-05-26,63.89
Cameroon,CMR,2020-05-27,63.89
Cameroon,CMR,2020-05-28,63.89
Cameroon,CMR,2020-05-29,63.89
Cameroon,CMR,2020-05-30,63.89
Cameroon,CMR,2020-05-31,63.89
Cameroon,CMR,2020-06-01,60.19
Cameroon,CMR,2020-06-02,60.19
Cameroon,CMR,2020-06-03,60.19
Cameroon,CMR,2020-06-04,60.19
Cameroon,CMR,2020-06-05,60.19
Cameroon,CMR,2020-06-06,60.19
Cameroon,CMR,2020-06-07,60.19
Cameroon,CMR,2020-06-08,60.19
Cameroon,CMR,2020-06-09,60.19
Cameroon,CMR,2020-06-10,60.19
Cameroon,CMR,2020-06-11,60.19
Cameroon,CMR,2020-06-12,60.19
Cameroon,CMR,2020-06-13,60.19
Cameroon,CMR,2020-06-14,60.19
Cameroon,CMR,2020-06-15,60.19
Cameroon,CMR,2020-06-16,60.19
Cameroon,CMR,2020-06-17,60.19
Cameroon,CMR,2020-06-18,60.19
Cameroon,CMR,2020-06-19,60.19
Cameroon,CMR,2020-06-20,60.19
Cameroon,CMR,2020-06-21,60.19
Cameroon,CMR,2020-06-22,60.19
Cameroon,CMR,2020-06-23,60.19
Cameroon,CMR,2020-06-24,60.19
Cameroon,CMR,2020-06-25,60.19
Cameroon,CMR,2020-06-26,60.19
Cameroon,CMR,2020-06-27,60.19
Cameroon,CMR,2020-06-28,60.19
Cameroon,CMR,2020-06-29,60.19
Cameroon,CMR,2020-06-30,60.19
Cameroon,CMR,2020-07-01,60.19
Cameroon,CMR,2020-07-02,60.19
Cameroon,CMR,2020-07-03,60.19
Cameroon,CMR,2020-07-04,60.19
Cameroon,CMR,2020-07-05,60.19
Cameroon,CMR,2020-07-06,60.19
Cameroon,CMR,2020-07-07,60.19
Cameroon,CMR,2020-07-08,60.19
Cameroon,CMR,2020-07-09,60.19
Cameroon,CMR,2020-07-10,60.19
Cameroon,CMR,2020-07-11,60.19
Cameroon,CMR,2020-07-12,60.19
Cameroon,CMR,2020-07-13,60.19
Cameroon,CMR,2020-07-14,60.19
Cameroon,CMR,2020-07-15,60.19
Cameroon,CMR,2020-07-16,60.19
Cameroon,CMR,2020-07-17,60.19
Cameroon,CMR,2020-07-18,60.19
Cameroon,CMR,2020-07-19,60.19
Cameroon,CMR,2020-07-20,60.19
Cameroon,CMR,2020-07-21,60.19
Cameroon,CMR,2020-07-22,60.19
Cameroon,CMR,2020-07-23,60.19
Cameroon,CMR,2020-07-24,60.19
Cameroon,CMR,2020-07-25,60.19
Cameroon,CMR,2020-07-26,60.19
Cameroon,CMR,2020-07-27,60.19
Cameroon,CMR,2020-07-28,60.19
Cameroon,CMR,2020-07-29,60.19
Cameroon,CMR,2020-07-30,60.19
Cameroon,CMR,2020-07-31,60.19
Cameroon,CMR,2020-08-01,60.19
Cameroon,CMR,2020-08-02,60.19
Cameroon,CMR,2020-08-03,60.19
Cameroon,CMR,2020-08-04,60.19
Cameroon,CMR,2020-08-05,60.19
Cameroon,CMR,2020-08-06,60.19
Cameroon,CMR,2020-08-07,60.19
Cameroon,CMR,2020-08-08,60.19
Cameroon,CMR,2020-08-09,60.19
Cameroon,CMR,2020-08-10,60.19
Cameroon,CMR,2020-08-11,60.19
Cameroon,CMR,2020-08-12,60.19
Cameroon,CMR,2020-08-13,60.19
Cameroon,CMR,2020-08-14,60.19
Cameroon,CMR,2020-08-15,60.19
Cameroon,CMR,2020-08-16,60.19
Cameroon,CMR,2020-08-17,60.19
Cameroon,CMR,2020-08-18,60.19
Cameroon,CMR,2020-08-19,60.19
Cameroon,CMR,2020-08-20,60.19
Cameroon,CMR,2020-08-21,60.19
Cameroon,CMR,2020-08-22,60.19
Cameroon,CMR,2020-08-23,60.19
Cameroon,CMR,2020-08-24,60.19
Cameroon,CMR,2020-08-25,60.19
Cameroon,CMR,2020-08-26,60.19
Cameroon,CMR,2020-08-27,57.41
Cameroon,CMR,2020-08-28,57.41
Cameroon,CMR,2020-08-29,57.41
Cameroon,CMR,2020-08-30,57.41
Cameroon,CMR,2020-08-31,57.41
Cameroon,CMR,2020-09-01,57.41
Cameroon,CMR,2020-09-02,57.41
Cameroon,CMR,2020-09-03,57.41
Cameroon,CMR,2020-09-04,57.41
Cameroon,CMR,2020-09-05,57.41
Cameroon,CMR,2020-09-06,57.41
Cameroon,CMR,2020-09-07,57.41
Cameroon,CMR,2020-09-08,57.41
Cameroon,CMR,2020-09-09,57.41
Cameroon,CMR,2020-09-10,57.41
Cameroon,CMR,2020-09-11,55.56
Cameroon,CMR,2020-09-12,55.56
Cameroon,CMR,2020-09-13,55.56
Cameroon,CMR,2020-09-14,55.56
Cameroon,CMR,2020-09-15,55.56
Cameroon,CMR,2020-09-16,55.56
Cameroon,CMR,2020-09-17,55.56
Cameroon,CMR,2020-09-18,55.56
Cameroon,CMR,2020-09-19,55.56
Cameroon,CMR,2020-09-20,55.56
Cameroon,CMR,2020-09-21,55.56
Cameroon,CMR,2020-09-22,52.78
Cameroon,CMR,2020-09-23,52.78
Cameroon,CMR,2020-09-24,52.78
Cameroon,CMR,2020-09-25,52.78
Cameroon,CMR,2020-09-26,52.78
Cameroon,CMR,2020-09-27,52.78
Cameroon,CMR,2020-09-28,52.78
Cameroon,CMR,2020-09-29,52.78
Cameroon,CMR,2020-09-30,52.78
Cameroon,CMR,2020-10-01,52.78
Cameroon,CMR,2020-10-02,47.22
Cameroon,CMR,2020-10-03,47.22
Cameroon,CMR,2020-10-04,47.22
Cameroon,CMR,2020-10-05,47.22
Cameroon,CMR,2020-10-06,47.22
Cameroon,CMR,2020-10-07,47.22
Cameroon,CMR,2020-10-08,47.22
Cameroon,CMR,2020-10-09,41.67
Cameroon,CMR,2020-10-10,41.67
Cameroon,CMR,2020-10-11,41.67
Cameroon,CMR,2020-10-12,41.67
Cameroon,CMR,2020-10-13,41.67
Cameroon,CMR,2020-10-14,41.67
Cameroon,CMR,2020-10-15,39.81
Cameroon,CMR,2020-10-16,39.81
Cameroon,CMR,2020-10-17,45.37
Cameroon,CMR,2020-10-18,45.37
Cameroon,CMR,2020-10-19,45.37
Cameroon,CMR,2020-10-20,45.37
Cameroon,CMR,2020-10-21,45.37
Cameroon,CMR,2020-10-22,45.37
Cameroon,CMR,2020-10-23,45.37
Cameroon,CMR,2020-10-24,45.37
Cameroon,CMR,2020-10-25,45.37
Cameroon,CMR,2020-10-26,45.37
Cameroon,CMR,2020-10-27,45.37
Cameroon,CMR,2020-10-28,45.37
Cameroon,CMR,2020-10-29,45.37
Cameroon,CMR,2020-10-30,45.37
Cameroon,CMR,2020-10-31,45.37
Cameroon,CMR,2020-11-01,45.37
Cameroon,CMR,2020-11-02,45.37
Cameroon,CMR,2020-11-03,45.37
Cameroon,CMR,2020-11-04,45.37
Cameroon,CMR,2020-11-05,45.37
Cameroon,CMR,2020-11-06,45.37
Cameroon,CMR,2020-11-07,45.37
Cameroon,CMR,2020-11-08,45.37
Cameroon,CMR,2020-11-09,45.37
Cameroon,CMR,2020-11-10,45.37
Cameroon,CMR,2020-11-11,45.37
Cameroon,CMR,2020-11-12,45.37
Cameroon,CMR,2020-11-13,45.37
Cameroon,CMR,2020-11-14,45.37
Cameroon,CMR,2020-11-15,45.37
Cameroon,CMR,2020-11-16,45.37
Cameroon,CMR,2020-11-17,45.37
Cameroon,CMR,2020-11-18,45.37
Cameroon,CMR,2020-11-19,45.37
Cameroon,CMR,2020-11-20,45.37
Cameroon,CMR,2020-11-21,45.37
Cameroon,CMR,2020-11-22,45.37
Cameroon,CMR,2020-11-23,45.37
Cameroon,CMR,2020-11-24,31.48
Cameroon,CMR,2020-11-25,31.48
Cameroon,CMR,2020-11-26,31.48
Cameroon,CMR,2020-11-27,31.48
Cameroon,CMR,2020-11-28,31.48
Cameroon,CMR,2020-11-29,31.48
Cameroon,CMR,2020-11-30,31.48
Cameroon,CMR,2020-12-01,31.48
Cameroon,CMR,2020-12-02,31.48
Cameroon,CMR,2020-12-03,31.48
Cameroon,CMR,2020-12-04,31.48
Cameroon,CMR,2020-12-05,31.48
Cameroon,CMR,2020-12-06,31.48
Cameroon,CMR,2020-12-07,20.37
Cameroon,CMR,2020-12-08,20.37
Cameroon,CMR,2020-12-09,20.37
Cameroon,CMR,2020-12-10,20.37
Cameroon,CMR,2020-12-11,20.37
Cameroon,CMR,2020-12-12,20.37
Cameroon,CMR,2020-12-13,20.37
Cameroon,CMR,2020-12-14,20.37
Cameroon,CMR,2020-12-15,20.37
Cameroon,CMR,2020-12-16,20.37
Cameroon,CMR,2020-12-17,20.37
Cameroon,CMR,2020-12-18,20.37
Cameroon,CMR,2020-12-19,20.37
Cameroon,CMR,2020-12-20,20.37
Cameroon,CMR,2020-12-21,20.37
Cameroon,CMR,2020-12-22,20.37
Cameroon,CMR,2020-12-23,20.37
Cameroon,CMR,2020-12-24,20.37
Cameroon,CMR,2020-12-25,20.37
Cameroon,CMR,2020-12-26,20.37
Cameroon,CMR,2020-12-27,20.37
Cameroon,CMR,2020-12-28,20.37
Cameroon,CMR,2020-12-29,20.37
Cameroon,CMR,2020-12-30,20.37
Cameroon,CMR,2020-12-31,20.37
Cameroon,CMR,2021-01-01,20.37
Cameroon,CMR,2021-01-02,20.37
Cameroon,CMR,2021-01-03,20.37
Cameroon,CMR,2021-01-04,20.37
Cameroon,CMR,2021-01-05,35.19
Cameroon,CMR,2021-01-06,35.19
Cameroon,CMR,2021-01-07,35.19
Cameroon,CMR,2021-01-08,35.19
Cameroon,CMR,2021-01-09,35.19
Cameroon,CMR,2021-01-10,35.19
Cameroon,CMR,2021-01-11,35.19
Cameroon,CMR,2021-01-12,35.19
Cameroon,CMR,2021-01-13,35.19
Cameroon,CMR,2021-01-14,35.19
Cameroon,CMR,2021-01-15,35.19
Cameroon,CMR,2021-01-16,35.19
Cameroon,CMR,2021-01-17,35.19
Cameroon,CMR,2021-01-18,24.07
Cameroon,CMR,2021-01-19,24.07
Cameroon,CMR,2021-01-20,24.07
Cameroon,CMR,2021-01-21,24.07
Cameroon,CMR,2021-01-22,24.07
Cameroon,CMR,2021-01-23,24.07
Cameroon,CMR,2021-01-24,24.07
Cameroon,CMR,2021-01-25,24.07
Cameroon,CMR,2021-01-26,35.19
Cameroon,CMR,2021-01-27,35.19
Cameroon,CMR,2021-01-28,35.19
Cameroon,CMR,2021-01-29,35.19
Cameroon,CMR,2021-01-30,35.19
Cameroon,CMR,2021-01-31,35.19
Cameroon,CMR,2021-02-01,24.07
Cameroon,CMR,2021-02-02,24.07
Cameroon,CMR,2021-02-03,24.07
Cameroon,CMR,2021-02-04,24.07
Cameroon,CMR,2021-02-05,24.07
Cameroon,CMR,2021-02-06,24.07
Cameroon,CMR,2021-02-07,24.07
Cameroon,CMR,2021-02-08,35.19
Cameroon,CMR,2021-02-09,35.19
Cameroon,CMR,2021-02-10,35.19
Cameroon,CMR,2021-02-11,35.19
Cameroon,CMR,2021-02-12,35.19
Cameroon,CMR,2021-02-13,35.19
Cameroon,CMR,2021-02-14,35.19
Cameroon,CMR,2021-02-15,35.19
Cameroon,CMR,2021-02-16,35.19
Cameroon,CMR,2021-02-17,35.19
Cameroon,CMR,2021-02-18,35.19
Cameroon,CMR,2021-02-19,35.19
Cameroon,CMR,2021-02-20,35.19
Cameroon,CMR,2021-02-21,35.19
Cameroon,CMR,2021-02-22,35.19
Cameroon,CMR,2021-02-23,35.19
Cameroon,CMR,2021-02-24,35.19
Cameroon,CMR,2021-02-25,35.19
Cameroon,CMR,2021-02-26,35.19
Cameroon,CMR,2021-02-27,35.19
Cameroon,CMR,2021-02-28,35.19
Cameroon,CMR,2021-03-01,35.19
Cameroon,CMR,2021-03-02,35.19
Cameroon,CMR,2021-03-03,35.19
Cameroon,CMR,2021-03-04,35.19
Cameroon,CMR,2021-03-05,35.19
Cameroon,CMR,2021-03-06,35.19
Cameroon,CMR,2021-03-07,35.19
Cameroon,CMR,2021-03-08,35.19
Canada,CAN,2020-01-01,0
Canada,CAN,2020-01-02,0
Canada,CAN,2020-01-03,0
Canada,CAN,2020-01-04,0
Canada,CAN,2020-01-05,0
Canada,CAN,2020-01-06,0
Canada,CAN,2020-01-07,0
Canada,CAN,2020-01-08,0
Canada,CAN,2020-01-09,0
Canada,CAN,2020-01-10,0
Canada,CAN,2020-01-11,0
Canada,CAN,2020-01-12,0
Canada,CAN,2020-01-13,0
Canada,CAN,2020-01-14,0
Canada,CAN,2020-01-15,0
Canada,CAN,2020-01-16,0
Canada,CAN,2020-01-17,0
Canada,CAN,2020-01-18,0
Canada,CAN,2020-01-19,0
Canada,CAN,2020-01-20,0
Canada,CAN,2020-01-21,0
Canada,CAN,2020-01-22,2.78
Canada,CAN,2020-01-23,2.78
Canada,CAN,2020-01-24,2.78
Canada,CAN,2020-01-25,2.78
Canada,CAN,2020-01-26,2.78
Canada,CAN,2020-01-27,2.78
Canada,CAN,2020-01-28,2.78
Canada,CAN,2020-01-29,2.78
Canada,CAN,2020-01-30,2.78
Canada,CAN,2020-01-31,2.78
Canada,CAN,2020-02-01,2.78
Canada,CAN,2020-02-02,2.78
Canada,CAN,2020-02-03,2.78
Canada,CAN,2020-02-04,2.78
Canada,CAN,2020-02-05,2.78
Canada,CAN,2020-02-06,2.78
Canada,CAN,2020-02-07,2.78
Canada,CAN,2020-02-08,2.78
Canada,CAN,2020-02-09,2.78
Canada,CAN,2020-02-10,2.78
Canada,CAN,2020-02-11,2.78
Canada,CAN,2020-02-12,2.78
Canada,CAN,2020-02-13,2.78
Canada,CAN,2020-02-14,2.78
Canada,CAN,2020-02-15,2.78
Canada,CAN,2020-02-16,2.78
Canada,CAN,2020-02-17,2.78
Canada,CAN,2020-02-18,2.78
Canada,CAN,2020-02-19,2.78
Canada,CAN,2020-02-20,2.78
Canada,CAN,2020-02-21,2.78
Canada,CAN,2020-02-22,2.78
Canada,CAN,2020-02-23,2.78
Canada,CAN,2020-02-24,2.78
Canada,CAN,2020-02-25,2.78
Canada,CAN,2020-02-26,2.78
Canada,CAN,2020-02-27,2.78
Canada,CAN,2020-02-28,2.78
Canada,CAN,2020-02-29,2.78
Canada,CAN,2020-03-01,2.78
Canada,CAN,2020-03-02,2.78
Canada,CAN,2020-03-03,2.78
Canada,CAN,2020-03-04,2.78
Canada,CAN,2020-03-05,2.78
Canada,CAN,2020-03-06,2.78
Canada,CAN,2020-03-07,2.78
Canada,CAN,2020-03-08,2.78
Canada,CAN,2020-03-09,2.78
Canada,CAN,2020-03-10,2.78
Canada,CAN,2020-03-11,13.89
Canada,CAN,2020-03-12,22.22
Canada,CAN,2020-03-13,22.22
Canada,CAN,2020-03-14,24.07
Canada,CAN,2020-03-15,24.07
Canada,CAN,2020-03-16,43.52
Canada,CAN,2020-03-17,43.52
Canada,CAN,2020-03-18,61.11
Canada,CAN,2020-03-19,61.11
Canada,CAN,2020-03-20,71.3
Canada,CAN,2020-03-21,71.3
Canada,CAN,2020-03-22,71.3
Canada,CAN,2020-03-23,72.69
Canada,CAN,2020-03-24,72.69
Canada,CAN,2020-03-25,72.69
Canada,CAN,2020-03-26,72.69
Canada,CAN,2020-03-27,72.69
Canada,CAN,2020-03-28,72.69
Canada,CAN,2020-03-29,72.69
Canada,CAN,2020-03-30,72.69
Canada,CAN,2020-03-31,72.69
Canada,CAN,2020-04-01,74.54
Canada,CAN,2020-04-02,74.54
Canada,CAN,2020-04-03,74.54
Canada,CAN,2020-04-04,72.69
Canada,CAN,2020-04-05,72.69
Canada,CAN,2020-04-06,72.69
Canada,CAN,2020-04-07,72.69
Canada,CAN,2020-04-08,72.69
Canada,CAN,2020-04-09,72.69
Canada,CAN,2020-04-10,72.69
Canada,CAN,2020-04-11,72.69
Canada,CAN,2020-04-12,72.69
Canada,CAN,2020-04-13,72.69
Canada,CAN,2020-04-14,72.69
Canada,CAN,2020-04-15,72.69
Canada,CAN,2020-04-16,72.69
Canada,CAN,2020-04-17,72.69
Canada,CAN,2020-04-18,72.69
Canada,CAN,2020-04-19,72.69
Canada,CAN,2020-04-20,72.69
Canada,CAN,2020-04-21,72.69
Canada,CAN,2020-04-22,72.69
Canada,CAN,2020-04-23,72.69
Canada,CAN,2020-04-24,72.69
Canada,CAN,2020-04-25,72.69
Canada,CAN,2020-04-26,72.69
Canada,CAN,2020-04-27,72.69
Canada,CAN,2020-04-28,72.69
Canada,CAN,2020-04-29,72.69
Canada,CAN,2020-04-30,72.69
Canada,CAN,2020-05-01,72.69
Canada,CAN,2020-05-02,72.69
Canada,CAN,2020-05-03,72.69
Canada,CAN,2020-05-04,72.69
Canada,CAN,2020-05-05,72.69
Canada,CAN,2020-05-06,72.69
Canada,CAN,2020-05-07,72.69
Canada,CAN,2020-05-08,72.69
Canada,CAN,2020-05-09,72.69
Canada,CAN,2020-05-10,72.69
Canada,CAN,2020-05-11,70.83
Canada,CAN,2020-05-12,70.83
Canada,CAN,2020-05-13,70.83
Canada,CAN,2020-05-14,70.83
Canada,CAN,2020-05-15,70.83
Canada,CAN,2020-05-16,70.83
Canada,CAN,2020-05-17,70.83
Canada,CAN,2020-05-18,70.83
Canada,CAN,2020-05-19,70.83
Canada,CAN,2020-05-20,70.83
Canada,CAN,2020-05-21,70.83
Canada,CAN,2020-05-22,70.83
Canada,CAN,2020-05-23,70.83
Canada,CAN,2020-05-24,70.83
Canada,CAN,2020-05-25,70.83
Canada,CAN,2020-05-26,70.83
Canada,CAN,2020-05-27,70.83
Canada,CAN,2020-05-28,70.83
Canada,CAN,2020-05-29,70.83
Canada,CAN,2020-05-30,70.83
Canada,CAN,2020-05-31,70.83
Canada,CAN,2020-06-01,70.83
Canada,CAN,2020-06-02,70.83
Canada,CAN,2020-06-03,70.83
Canada,CAN,2020-06-04,70.83
Canada,CAN,2020-06-05,70.83
Canada,CAN,2020-06-06,70.83
Canada,CAN,2020-06-07,70.83
Canada,CAN,2020-06-08,70.83
Canada,CAN,2020-06-09,70.83
Canada,CAN,2020-06-10,70.83
Canada,CAN,2020-06-11,70.83
Canada,CAN,2020-06-12,70.83
Canada,CAN,2020-06-13,70.83
Canada,CAN,2020-06-14,70.83
Canada,CAN,2020-06-15,70.83
Canada,CAN,2020-06-16,70.83
Canada,CAN,2020-06-17,70.83
Canada,CAN,2020-06-18,70.83
Canada,CAN,2020-06-19,70.83
Canada,CAN,2020-06-20,70.83
Canada,CAN,2020-06-21,70.83
Canada,CAN,2020-06-22,68.98
Canada,CAN,2020-06-23,68.98
Canada,CAN,2020-06-24,68.98
Canada,CAN,2020-06-25,68.98
Canada,CAN,2020-06-26,68.98
Canada,CAN,2020-06-27,68.98
Canada,CAN,2020-06-28,68.98
Canada,CAN,2020-06-29,68.98
Canada,CAN,2020-06-30,68.98
Canada,CAN,2020-07-01,68.98
Canada,CAN,2020-07-02,68.98
Canada,CAN,2020-07-03,68.98
Canada,CAN,2020-07-04,68.98
Canada,CAN,2020-07-05,68.98
Canada,CAN,2020-07-06,68.98
Canada,CAN,2020-07-07,68.98
Canada,CAN,2020-07-08,68.98
Canada,CAN,2020-07-09,67.13
Canada,CAN,2020-07-10,67.13
Canada,CAN,2020-07-11,67.13
Canada,CAN,2020-07-12,67.13
Canada,CAN,2020-07-13,67.13
Canada,CAN,2020-07-14,67.13
Canada,CAN,2020-07-15,67.13
Canada,CAN,2020-07-16,67.13
Canada,CAN,2020-07-17,67.13
Canada,CAN,2020-07-18,67.13
Canada,CAN,2020-07-19,67.13
Canada,CAN,2020-07-20,67.13
Canada,CAN,2020-07-21,67.13
Canada,CAN,2020-07-22,67.13
Canada,CAN,2020-07-23,67.13
Canada,CAN,2020-07-24,67.13
Canada,CAN,2020-07-25,67.13
Canada,CAN,2020-07-26,67.13
Canada,CAN,2020-07-27,67.13
Canada,CAN,2020-07-28,67.13
Canada,CAN,2020-07-29,67.13
Canada,CAN,2020-07-30,67.13
Canada,CAN,2020-07-31,67.13
Canada,CAN,2020-08-01,67.13
Canada,CAN,2020-08-02,67.13
Canada,CAN,2020-08-03,67.13
Canada,CAN,2020-08-04,67.13
Canada,CAN,2020-08-05,67.13
Canada,CAN,2020-08-06,67.13
Canada,CAN,2020-08-07,67.13
Canada,CAN,2020-08-08,67.13
Canada,CAN,2020-08-09,67.13
Canada,CAN,2020-08-10,67.13
Canada,CAN,2020-08-11,67.13
Canada,CAN,2020-08-12,67.13
Canada,CAN,2020-08-13,67.13
Canada,CAN,2020-08-14,67.13
Canada,CAN,2020-08-15,67.13
Canada,CAN,2020-08-16,67.13
Canada,CAN,2020-08-17,67.13
Canada,CAN,2020-08-18,67.13
Canada,CAN,2020-08-19,67.13
Canada,CAN,2020-08-20,67.13
Canada,CAN,2020-08-21,67.13
Canada,CAN,2020-08-22,67.13
Canada,CAN,2020-08-23,67.13
Canada,CAN,2020-08-24,67.13
Canada,CAN,2020-08-25,64.35
Canada,CAN,2020-08-26,64.35
Canada,CAN,2020-08-27,64.35
Canada,CAN,2020-08-28,67.13
Canada,CAN,2020-08-29,67.13
Canada,CAN,2020-08-30,67.13
Canada,CAN,2020-08-31,67.13
Canada,CAN,2020-09-01,67.13
Canada,CAN,2020-09-02,67.13
Canada,CAN,2020-09-03,67.13
Canada,CAN,2020-09-04,67.13
Canada,CAN,2020-09-05,67.13
Canada,CAN,2020-09-06,67.13
Canada,CAN,2020-09-07,67.13
Canada,CAN,2020-09-08,63.43
Canada,CAN,2020-09-09,63.43
Canada,CAN,2020-09-10,63.43
Canada,CAN,2020-09-11,63.43
Canada,CAN,2020-09-12,63.43
Canada,CAN,2020-09-13,63.43
Canada,CAN,2020-09-14,63.43
Canada,CAN,2020-09-15,63.43
Canada,CAN,2020-09-16,63.43
Canada,CAN,2020-09-17,63.43
Canada,CAN,2020-09-18,63.43
Canada,CAN,2020-09-19,63.43
Canada,CAN,2020-09-20,63.43
Canada,CAN,2020-09-21,63.43
Canada,CAN,2020-09-22,63.43
Canada,CAN,2020-09-23,63.43
Canada,CAN,2020-09-24,63.43
Canada,CAN,2020-09-25,63.43
Canada,CAN,2020-09-26,63.43
Canada,CAN,2020-09-27,63.43
Canada,CAN,2020-09-28,63.43
Canada,CAN,2020-09-29,63.43
Canada,CAN,2020-09-30,63.43
Canada,CAN,2020-10-01,63.43
Canada,CAN,2020-10-02,63.43
Canada,CAN,2020-10-03,63.43
Canada,CAN,2020-10-04,63.43
Canada,CAN,2020-10-05,63.43
Canada,CAN,2020-10-06,63.43
Canada,CAN,2020-10-07,63.43
Canada,CAN,2020-10-08,63.43
Canada,CAN,2020-10-09,63.43
Canada,CAN,2020-10-10,63.43
Canada,CAN,2020-10-11,63.43
Canada,CAN,2020-10-12,63.43
Canada,CAN,2020-10-13,63.43
Canada,CAN,2020-10-14,63.43
Canada,CAN,2020-10-15,63.43
Canada,CAN,2020-10-16,63.43
Canada,CAN,2020-10-17,63.43
Canada,CAN,2020-10-18,63.43
Canada,CAN,2020-10-19,63.43
Canada,CAN,2020-10-20,63.43
Canada,CAN,2020-10-21,63.43
Canada,CAN,2020-10-22,63.43
Canada,CAN,2020-10-23,63.43
Canada,CAN,2020-10-24,63.43
Canada,CAN,2020-10-25,63.43
Canada,CAN,2020-10-26,63.43
Canada,CAN,2020-10-27,63.43
Canada,CAN,2020-10-28,63.43
Canada,CAN,2020-10-29,63.43
Canada,CAN,2020-10-30,63.43
Canada,CAN,2020-10-31,63.43
Canada,CAN,2020-11-01,63.43
Canada,CAN,2020-11-02,63.43
Canada,CAN,2020-11-03,63.43
Canada,CAN,2020-11-04,63.43
Canada,CAN,2020-11-05,63.43
Canada,CAN,2020-11-06,63.43
Canada,CAN,2020-11-07,63.43
Canada,CAN,2020-11-08,63.43
Canada,CAN,2020-11-09,63.43
Canada,CAN,2020-11-10,63.43
Canada,CAN,2020-11-11,63.43
Canada,CAN,2020-11-12,63.43
Canada,CAN,2020-11-13,63.43
Canada,CAN,2020-11-14,63.43
Canada,CAN,2020-11-15,63.43
Canada,CAN,2020-11-16,63.43
Canada,CAN,2020-11-17,63.43
Canada,CAN,2020-11-18,67.13
Canada,CAN,2020-11-19,67.13
Canada,CAN,2020-11-20,67.13
Canada,CAN,2020-11-21,67.13
Canada,CAN,2020-11-22,67.13
Canada,CAN,2020-11-23,67.13
Canada,CAN,2020-11-24,67.13
Canada,CAN,2020-11-25,67.13
Canada,CAN,2020-11-26,67.13
Canada,CAN,2020-11-27,67.13
Canada,CAN,2020-11-28,67.13
Canada,CAN,2020-11-29,67.13
Canada,CAN,2020-11-30,67.13
Canada,CAN,2020-12-01,67.13
Canada,CAN,2020-12-02,67.13
Canada,CAN,2020-12-03,67.13
Canada,CAN,2020-12-04,67.13
Canada,CAN,2020-12-05,67.13
Canada,CAN,2020-12-06,67.13
Canada,CAN,2020-12-07,67.13
Canada,CAN,2020-12-08,67.13
Canada,CAN,2020-12-09,67.13
Canada,CAN,2020-12-10,67.13
Canada,CAN,2020-12-11,67.13
Canada,CAN,2020-12-12,67.13
Canada,CAN,2020-12-13,67.13
Canada,CAN,2020-12-14,67.13
Canada,CAN,2020-12-15,67.13
Canada,CAN,2020-12-16,67.13
Canada,CAN,2020-12-17,67.13
Canada,CAN,2020-12-18,67.13
Canada,CAN,2020-12-19,67.13
Canada,CAN,2020-12-20,67.13
Canada,CAN,2020-12-21,67.13
Canada,CAN,2020-12-22,67.13
Canada,CAN,2020-12-23,67.13
Canada,CAN,2020-12-24,67.13
Canada,CAN,2020-12-25,67.13
Canada,CAN,2020-12-26,67.13
Canada,CAN,2020-12-27,67.13
Canada,CAN,2020-12-28,67.13
Canada,CAN,2020-12-29,67.13
Canada,CAN,2020-12-30,67.13
Canada,CAN,2020-12-31,67.13
Canada,CAN,2021-01-01,67.13
Canada,CAN,2021-01-02,67.13
Canada,CAN,2021-01-03,67.13
Canada,CAN,2021-01-04,67.13
Canada,CAN,2021-01-05,67.13
Canada,CAN,2021-01-06,69.91
Canada,CAN,2021-01-07,69.91
Canada,CAN,2021-01-08,69.91
Canada,CAN,2021-01-09,71.76
Canada,CAN,2021-01-10,71.76
Canada,CAN,2021-01-11,75.46
Canada,CAN,2021-01-12,75.46
Canada,CAN,2021-01-13,75.46
Canada,CAN,2021-01-14,75.46
Canada,CAN,2021-01-15,75.46
Canada,CAN,2021-01-16,75.46
Canada,CAN,2021-01-17,75.46
Canada,CAN,2021-01-18,75.46
Canada,CAN,2021-01-19,75.46
Canada,CAN,2021-01-20,75.46
Canada,CAN,2021-01-21,75.46
Canada,CAN,2021-01-22,75.46
Canada,CAN,2021-01-23,75.46
Canada,CAN,2021-01-24,75.46
Canada,CAN,2021-01-25,75.46
Canada,CAN,2021-01-26,75.46
Canada,CAN,2021-01-27,75.46
Canada,CAN,2021-01-28,75.46
Canada,CAN,2021-01-29,75.46
Canada,CAN,2021-01-30,75.46
Canada,CAN,2021-01-31,75.46
Canada,CAN,2021-02-01,75.46
Canada,CAN,2021-02-02,75.46
Canada,CAN,2021-02-03,75.46
Canada,CAN,2021-02-04,75.46
Canada,CAN,2021-02-05,75.46
Canada,CAN,2021-02-06,75.46
Canada,CAN,2021-02-07,75.46
Canada,CAN,2021-02-08,75.46
Canada,CAN,2021-02-09,75.46
Canada,CAN,2021-02-10,75.46
Canada,CAN,2021-02-11,75.46
Canada,CAN,2021-02-12,75.46
Canada,CAN,2021-02-13,75.46
Canada,CAN,2021-02-14,75.46
Canada,CAN,2021-02-15,75.46
Canada,CAN,2021-02-16,75.46
Canada,CAN,2021-02-17,75.46
Canada,CAN,2021-02-18,75.46
Canada,CAN,2021-02-19,75.46
Canada,CAN,2021-02-20,75.46
Canada,CAN,2021-02-21,75.46
Canada,CAN,2021-02-22,75.46
Canada,CAN,2021-02-23,75.46
Canada,CAN,2021-02-24,75.46
Canada,CAN,2021-02-25,75.46
Canada,CAN,2021-02-26,75.46
Canada,CAN,2021-02-27,75.46
Canada,CAN,2021-02-28,75.46
Canada,CAN,2021-03-01,75.46
Canada,CAN,2021-03-02,75.46
Canada,CAN,2021-03-03,75.46
Canada,CAN,2021-03-04,75.46
Canada,CAN,2021-03-05,75.46
Canada,CAN,2021-03-06,75.46
Canada,CAN,2021-03-07,75.46
Canada,CAN,2021-03-08,75.46
Cape Verde,CPV,2020-01-01,0
Cape Verde,CPV,2020-01-02,0
Cape Verde,CPV,2020-01-03,0
Cape Verde,CPV,2020-01-04,0
Cape Verde,CPV,2020-01-05,0
Cape Verde,CPV,2020-01-06,0
Cape Verde,CPV,2020-01-07,0
Cape Verde,CPV,2020-01-08,0
Cape Verde,CPV,2020-01-09,0
Cape Verde,CPV,2020-01-10,0
Cape Verde,CPV,2020-01-11,0
Cape Verde,CPV,2020-01-12,0
Cape Verde,CPV,2020-01-13,0
Cape Verde,CPV,2020-01-14,0
Cape Verde,CPV,2020-01-15,0
Cape Verde,CPV,2020-01-16,0
Cape Verde,CPV,2020-01-17,0
Cape Verde,CPV,2020-01-18,0
Cape Verde,CPV,2020-01-19,0
Cape Verde,CPV,2020-01-20,0
Cape Verde,CPV,2020-01-21,0
Cape Verde,CPV,2020-01-22,0
Cape Verde,CPV,2020-01-23,0
Cape Verde,CPV,2020-01-24,0
Cape Verde,CPV,2020-01-25,0
Cape Verde,CPV,2020-01-26,0
Cape Verde,CPV,2020-01-27,0
Cape Verde,CPV,2020-01-28,0
Cape Verde,CPV,2020-01-29,0
Cape Verde,CPV,2020-01-30,0
Cape Verde,CPV,2020-01-31,0
Cape Verde,CPV,2020-02-01,0
Cape Verde,CPV,2020-02-02,0
Cape Verde,CPV,2020-02-03,0
Cape Verde,CPV,2020-02-04,0
Cape Verde,CPV,2020-02-05,5.56
Cape Verde,CPV,2020-02-06,5.56
Cape Verde,CPV,2020-02-07,5.56
Cape Verde,CPV,2020-02-08,5.56
Cape Verde,CPV,2020-02-09,5.56
Cape Verde,CPV,2020-02-10,5.56
Cape Verde,CPV,2020-02-11,11.11
Cape Verde,CPV,2020-02-12,11.11
Cape Verde,CPV,2020-02-13,11.11
Cape Verde,CPV,2020-02-14,11.11
Cape Verde,CPV,2020-02-15,11.11
Cape Verde,CPV,2020-02-16,11.11
Cape Verde,CPV,2020-02-17,11.11
Cape Verde,CPV,2020-02-18,11.11
Cape Verde,CPV,2020-02-19,11.11
Cape Verde,CPV,2020-02-20,11.11
Cape Verde,CPV,2020-02-21,11.11
Cape Verde,CPV,2020-02-22,11.11
Cape Verde,CPV,2020-02-23,11.11
Cape Verde,CPV,2020-02-24,11.11
Cape Verde,CPV,2020-02-25,11.11
Cape Verde,CPV,2020-02-26,11.11
Cape Verde,CPV,2020-02-27,19.44
Cape Verde,CPV,2020-02-28,19.44
Cape Verde,CPV,2020-02-29,19.44
Cape Verde,CPV,2020-03-01,19.44
Cape Verde,CPV,2020-03-02,19.44
Cape Verde,CPV,2020-03-03,19.44
Cape Verde,CPV,2020-03-04,19.44
Cape Verde,CPV,2020-03-05,19.44
Cape Verde,CPV,2020-03-06,19.44
Cape Verde,CPV,2020-03-07,19.44
Cape Verde,CPV,2020-03-08,19.44
Cape Verde,CPV,2020-03-09,19.44
Cape Verde,CPV,2020-03-10,19.44
Cape Verde,CPV,2020-03-11,19.44
Cape Verde,CPV,2020-03-12,19.44
Cape Verde,CPV,2020-03-13,19.44
Cape Verde,CPV,2020-03-14,19.44
Cape Verde,CPV,2020-03-15,19.44
Cape Verde,CPV,2020-03-16,30.56
Cape Verde,CPV,2020-03-17,30.56
Cape Verde,CPV,2020-03-18,30.56
Cape Verde,CPV,2020-03-19,33.33
Cape Verde,CPV,2020-03-20,43.52
Cape Verde,CPV,2020-03-21,43.52
Cape Verde,CPV,2020-03-22,43.52
Cape Verde,CPV,2020-03-23,50.93
Cape Verde,CPV,2020-03-24,50.93
Cape Verde,CPV,2020-03-25,50.93
Cape Verde,CPV,2020-03-26,50.93
Cape Verde,CPV,2020-03-27,53.7
Cape Verde,CPV,2020-03-28,74.07
Cape Verde,CPV,2020-03-29,74.07
Cape Verde,CPV,2020-03-30,74.07
Cape Verde,CPV,2020-03-31,74.07
Cape Verde,CPV,2020-04-01,79.63
Cape Verde,CPV,2020-04-02,79.63
Cape Verde,CPV,2020-04-03,79.63
Cape Verde,CPV,2020-04-04,79.63
Cape Verde,CPV,2020-04-05,79.63
Cape Verde,CPV,2020-04-06,79.63
Cape Verde,CPV,2020-04-07,79.63
Cape Verde,CPV,2020-04-08,79.63
Cape Verde,CPV,2020-04-09,79.63
Cape Verde,CPV,2020-04-10,79.63
Cape Verde,CPV,2020-04-11,79.63
Cape Verde,CPV,2020-04-12,79.63
Cape Verde,CPV,2020-04-13,79.63
Cape Verde,CPV,2020-04-14,79.63
Cape Verde,CPV,2020-04-15,79.63
Cape Verde,CPV,2020-04-16,79.63
Cape Verde,CPV,2020-04-17,79.63
Cape Verde,CPV,2020-04-18,79.63
Cape Verde,CPV,2020-04-19,79.63
Cape Verde,CPV,2020-04-20,79.63
Cape Verde,CPV,2020-04-21,79.63
Cape Verde,CPV,2020-04-22,79.63
Cape Verde,CPV,2020-04-23,79.63
Cape Verde,CPV,2020-04-24,79.63
Cape Verde,CPV,2020-04-25,79.63
Cape Verde,CPV,2020-04-26,79.63
Cape Verde,CPV,2020-04-27,79.63
Cape Verde,CPV,2020-04-28,79.63
Cape Verde,CPV,2020-04-29,79.63
Cape Verde,CPV,2020-04-30,79.63
Cape Verde,CPV,2020-05-01,79.63
Cape Verde,CPV,2020-05-02,87.96
Cape Verde,CPV,2020-05-03,87.96
Cape Verde,CPV,2020-05-04,87.96
Cape Verde,CPV,2020-05-05,79.63
Cape Verde,CPV,2020-05-06,79.63
Cape Verde,CPV,2020-05-07,79.63
Cape Verde,CPV,2020-05-08,79.63
Cape Verde,CPV,2020-05-09,79.63
Cape Verde,CPV,2020-05-10,79.63
Cape Verde,CPV,2020-05-11,79.63
Cape Verde,CPV,2020-05-12,79.63
Cape Verde,CPV,2020-05-13,79.63
Cape Verde,CPV,2020-05-14,79.63
Cape Verde,CPV,2020-05-15,79.63
Cape Verde,CPV,2020-05-16,79.63
Cape Verde,CPV,2020-05-17,79.63
Cape Verde,CPV,2020-05-18,79.17
Cape Verde,CPV,2020-05-19,79.17
Cape Verde,CPV,2020-05-20,79.17
Cape Verde,CPV,2020-05-21,79.17
Cape Verde,CPV,2020-05-22,79.17
Cape Verde,CPV,2020-05-23,79.17
Cape Verde,CPV,2020-05-24,79.17
Cape Verde,CPV,2020-05-25,79.17
Cape Verde,CPV,2020-05-26,79.17
Cape Verde,CPV,2020-05-27,79.17
Cape Verde,CPV,2020-05-28,79.17
Cape Verde,CPV,2020-05-29,79.17
Cape Verde,CPV,2020-05-30,79.17
Cape Verde,CPV,2020-05-31,79.17
Cape Verde,CPV,2020-06-01,79.17
Cape Verde,CPV,2020-06-02,79.17
Cape Verde,CPV,2020-06-03,79.17
Cape Verde,CPV,2020-06-04,79.17
Cape Verde,CPV,2020-06-05,79.17
Cape Verde,CPV,2020-06-06,79.17
Cape Verde,CPV,2020-06-07,79.17
Cape Verde,CPV,2020-06-08,79.17
Cape Verde,CPV,2020-06-09,79.17
Cape Verde,CPV,2020-06-10,79.17
Cape Verde,CPV,2020-06-11,79.17
Cape Verde,CPV,2020-06-12,79.17
Cape Verde,CPV,2020-06-13,79.17
Cape Verde,CPV,2020-06-14,79.17
Cape Verde,CPV,2020-06-15,79.17
Cape Verde,CPV,2020-06-16,79.17
Cape Verde,CPV,2020-06-17,79.17
Cape Verde,CPV,2020-06-18,79.17
Cape Verde,CPV,2020-06-19,79.17
Cape Verde,CPV,2020-06-20,79.17
Cape Verde,CPV,2020-06-21,79.17
Cape Verde,CPV,2020-06-22,79.17
Cape Verde,CPV,2020-06-23,79.17
Cape Verde,CPV,2020-06-24,79.17
Cape Verde,CPV,2020-06-25,79.17
Cape Verde,CPV,2020-06-26,79.17
Cape Verde,CPV,2020-06-27,79.17
Cape Verde,CPV,2020-06-28,79.17
Cape Verde,CPV,2020-06-29,79.17
Cape Verde,CPV,2020-06-30,79.17
Cape Verde,CPV,2020-07-01,79.17
Cape Verde,CPV,2020-07-02,79.17
Cape Verde,CPV,2020-07-03,79.17
Cape Verde,CPV,2020-07-04,79.17
Cape Verde,CPV,2020-07-05,79.17
Cape Verde,CPV,2020-07-06,79.17
Cape Verde,CPV,2020-07-07,79.17
Cape Verde,CPV,2020-07-08,79.17
Cape Verde,CPV,2020-07-09,79.17
Cape Verde,CPV,2020-07-10,79.17
Cape Verde,CPV,2020-07-11,79.17
Cape Verde,CPV,2020-07-12,79.17
Cape Verde,CPV,2020-07-13,79.17
Cape Verde,CPV,2020-07-14,79.17
Cape Verde,CPV,2020-07-15,68.06
Cape Verde,CPV,2020-07-16,68.06
Cape Verde,CPV,2020-07-17,68.06
Cape Verde,CPV,2020-07-18,68.06
Cape Verde,CPV,2020-07-19,68.06
Cape Verde,CPV,2020-07-20,68.06
Cape Verde,CPV,2020-07-21,68.06
Cape Verde,CPV,2020-07-22,68.06
Cape Verde,CPV,2020-07-23,68.06
Cape Verde,CPV,2020-07-24,68.06
Cape Verde,CPV,2020-07-25,68.06
Cape Verde,CPV,2020-07-26,68.06
Cape Verde,CPV,2020-07-27,65.28
Cape Verde,CPV,2020-07-28,65.28
Cape Verde,CPV,2020-07-29,65.28
Cape Verde,CPV,2020-07-30,65.28
Cape Verde,CPV,2020-07-31,65.28
Cape Verde,CPV,2020-08-01,65.28
Cape Verde,CPV,2020-08-02,65.28
Cape Verde,CPV,2020-08-03,65.28
Cape Verde,CPV,2020-08-04,65.28
Cape Verde,CPV,2020-08-05,65.28
Cape Verde,CPV,2020-08-06,65.28
Cape Verde,CPV,2020-08-07,65.28
Cape Verde,CPV,2020-08-08,65.28
Cape Verde,CPV,2020-08-09,65.28
Cape Verde,CPV,2020-08-10,65.28
Cape Verde,CPV,2020-08-11,65.28
Cape Verde,CPV,2020-08-12,65.28
Cape Verde,CPV,2020-08-13,65.28
Cape Verde,CPV,2020-08-14,65.28
Cape Verde,CPV,2020-08-15,65.28
Cape Verde,CPV,2020-08-16,65.28
Cape Verde,CPV,2020-08-17,65.28
Cape Verde,CPV,2020-08-18,65.28
Cape Verde,CPV,2020-08-19,65.28
Cape Verde,CPV,2020-08-20,65.28
Cape Verde,CPV,2020-08-21,65.28
Cape Verde,CPV,2020-08-22,65.28
Cape Verde,CPV,2020-08-23,65.28
Cape Verde,CPV,2020-08-24,65.28
Cape Verde,CPV,2020-08-25,65.28
Cape Verde,CPV,2020-08-26,65.28
Cape Verde,CPV,2020-08-27,65.28
Cape Verde,CPV,2020-08-28,65.28
Cape Verde,CPV,2020-08-29,65.28
Cape Verde,CPV,2020-08-30,65.28
Cape Verde,CPV,2020-08-31,65.28
Cape Verde,CPV,2020-09-01,68.98
Cape Verde,CPV,2020-09-02,68.98
Cape Verde,CPV,2020-09-03,68.98
Cape Verde,CPV,2020-09-04,68.98
Cape Verde,CPV,2020-09-05,68.98
Cape Verde,CPV,2020-09-06,68.98
Cape Verde,CPV,2020-09-07,68.98
Cape Verde,CPV,2020-09-08,68.98
Cape Verde,CPV,2020-09-09,68.98
Cape Verde,CPV,2020-09-10,68.98
Cape Verde,CPV,2020-09-11,68.98
Cape Verde,CPV,2020-09-12,68.98
Cape Verde,CPV,2020-09-13,68.98
Cape Verde,CPV,2020-09-14,68.98
Cape Verde,CPV,2020-09-15,68.98
Cape Verde,CPV,2020-09-16,68.98
Cape Verde,CPV,2020-09-17,68.98
Cape Verde,CPV,2020-09-18,68.98
Cape Verde,CPV,2020-09-19,68.98
Cape Verde,CPV,2020-09-20,68.98
Cape Verde,CPV,2020-09-21,68.98
Cape Verde,CPV,2020-09-22,68.98
Cape Verde,CPV,2020-09-23,68.98
Cape Verde,CPV,2020-09-24,68.98
Cape Verde,CPV,2020-09-25,68.98
Cape Verde,CPV,2020-09-26,68.98
Cape Verde,CPV,2020-09-27,68.98
Cape Verde,CPV,2020-09-28,67.13
Cape Verde,CPV,2020-09-29,67.13
Cape Verde,CPV,2020-09-30,67.13
Cape Verde,CPV,2020-10-01,67.13
Cape Verde,CPV,2020-10-02,67.13
Cape Verde,CPV,2020-10-03,67.13
Cape Verde,CPV,2020-10-04,67.13
Cape Verde,CPV,2020-10-05,67.13
Cape Verde,CPV,2020-10-06,67.13
Cape Verde,CPV,2020-10-07,67.13
Cape Verde,CPV,2020-10-08,67.13
Cape Verde,CPV,2020-10-09,67.13
Cape Verde,CPV,2020-10-10,67.13
Cape Verde,CPV,2020-10-11,67.13
Cape Verde,CPV,2020-10-12,68.52
Cape Verde,CPV,2020-10-13,68.52
Cape Verde,CPV,2020-10-14,68.52
Cape Verde,CPV,2020-10-15,68.52
Cape Verde,CPV,2020-10-16,68.52
Cape Verde,CPV,2020-10-17,68.52
Cape Verde,CPV,2020-10-18,68.52
Cape Verde,CPV,2020-10-19,68.52
Cape Verde,CPV,2020-10-20,68.52
Cape Verde,CPV,2020-10-21,68.52
Cape Verde,CPV,2020-10-22,71.3
Cape Verde,CPV,2020-10-23,71.3
Cape Verde,CPV,2020-10-24,71.3
Cape Verde,CPV,2020-10-25,71.3
Cape Verde,CPV,2020-10-26,71.3
Cape Verde,CPV,2020-10-27,71.3
Cape Verde,CPV,2020-10-28,71.3
Cape Verde,CPV,2020-10-29,71.3
Cape Verde,CPV,2020-10-30,71.3
Cape Verde,CPV,2020-10-31,71.3
Cape Verde,CPV,2020-11-01,71.3
Cape Verde,CPV,2020-11-02,71.3
Cape Verde,CPV,2020-11-03,71.3
Cape Verde,CPV,2020-11-04,71.3
Cape Verde,CPV,2020-11-05,71.3
Cape Verde,CPV,2020-11-06,71.3
Cape Verde,CPV,2020-11-07,71.3
Cape Verde,CPV,2020-11-08,71.3
Cape Verde,CPV,2020-11-09,71.3
Cape Verde,CPV,2020-11-10,71.3
Cape Verde,CPV,2020-11-11,71.3
Cape Verde,CPV,2020-11-12,71.3
Cape Verde,CPV,2020-11-13,71.3
Cape Verde,CPV,2020-11-14,71.3
Cape Verde,CPV,2020-11-15,71.3
Cape Verde,CPV,2020-11-16,71.3
Cape Verde,CPV,2020-11-17,71.3
Cape Verde,CPV,2020-11-18,71.3
Cape Verde,CPV,2020-11-19,71.3
Cape Verde,CPV,2020-11-20,71.3
Cape Verde,CPV,2020-11-21,71.3
Cape Verde,CPV,2020-11-22,71.3
Cape Verde,CPV,2020-11-23,71.3
Cape Verde,CPV,2020-11-24,71.3
Cape Verde,CPV,2020-11-25,71.3
Cape Verde,CPV,2020-11-26,71.3
Cape Verde,CPV,2020-11-27,71.3
Cape Verde,CPV,2020-11-28,71.3
Cape Verde,CPV,2020-11-29,71.3
Cape Verde,CPV,2020-11-30,71.3
Cape Verde,CPV,2020-12-01,71.3
Cape Verde,CPV,2020-12-02,71.3
Cape Verde,CPV,2020-12-03,71.3
Cape Verde,CPV,2020-12-04,71.3
Cape Verde,CPV,2020-12-05,71.3
Cape Verde,CPV,2020-12-06,71.3
Cape Verde,CPV,2020-12-07,71.3
Cape Verde,CPV,2020-12-08,71.3
Cape Verde,CPV,2020-12-09,71.3
Cape Verde,CPV,2020-12-10,71.3
Cape Verde,CPV,2020-12-11,71.3
Cape Verde,CPV,2020-12-12,71.3
Cape Verde,CPV,2020-12-13,71.3
Cape Verde,CPV,2020-12-14,64.81
Cape Verde,CPV,2020-12-15,64.81
Cape Verde,CPV,2020-12-16,64.81
Cape Verde,CPV,2020-12-17,64.81
Cape Verde,CPV,2020-12-18,64.81
Cape Verde,CPV,2020-12-19,64.81
Cape Verde,CPV,2020-12-20,64.81
Cape Verde,CPV,2020-12-21,64.81
Cape Verde,CPV,2020-12-22,64.81
Cape Verde,CPV,2020-12-23,64.81
Cape Verde,CPV,2020-12-24,64.81
Cape Verde,CPV,2020-12-25,64.81
Cape Verde,CPV,2020-12-26,64.81
Cape Verde,CPV,2020-12-27,64.81
Cape Verde,CPV,2020-12-28,64.81
Cape Verde,CPV,2020-12-29,64.81
Cape Verde,CPV,2020-12-30,64.81
Cape Verde,CPV,2020-12-31,64.81
Cape Verde,CPV,2021-01-01,64.81
Cape Verde,CPV,2021-01-02,64.81
Cape Verde,CPV,2021-01-03,64.81
Cape Verde,CPV,2021-01-04,64.81
Cape Verde,CPV,2021-01-05,64.81
Cape Verde,CPV,2021-01-06,64.81
Cape Verde,CPV,2021-01-07,64.81
Cape Verde,CPV,2021-01-08,64.81
Cape Verde,CPV,2021-01-09,64.81
Cape Verde,CPV,2021-01-10,64.81
Cape Verde,CPV,2021-01-11,64.81
Cape Verde,CPV,2021-01-12,64.81
Cape Verde,CPV,2021-01-13,64.81
Cape Verde,CPV,2021-01-14,64.81
Cape Verde,CPV,2021-01-15,64.81
Cape Verde,CPV,2021-01-16,64.81
Cape Verde,CPV,2021-01-17,64.81
Cape Verde,CPV,2021-01-18,64.81
Cape Verde,CPV,2021-01-19,64.81
Cape Verde,CPV,2021-01-20,64.81
Cape Verde,CPV,2021-01-21,64.81
Cape Verde,CPV,2021-01-22,64.81
Cape Verde,CPV,2021-01-23,64.81
Cape Verde,CPV,2021-01-24,64.81
Cape Verde,CPV,2021-01-25,64.81
Cape Verde,CPV,2021-01-26,59.26
Cape Verde,CPV,2021-01-27,59.26
Cape Verde,CPV,2021-01-28,59.26
Cape Verde,CPV,2021-01-29,59.26
Cape Verde,CPV,2021-01-30,59.26
Cape Verde,CPV,2021-01-31,59.26
Cape Verde,CPV,2021-02-01,59.26
Cape Verde,CPV,2021-02-02,59.26
Cape Verde,CPV,2021-02-03,59.26
Cape Verde,CPV,2021-02-04,59.26
Cape Verde,CPV,2021-02-05,59.26
Cape Verde,CPV,2021-02-06,59.26
Cape Verde,CPV,2021-02-07,59.26
Cape Verde,CPV,2021-02-08,59.26
Cape Verde,CPV,2021-02-09,59.26
Cape Verde,CPV,2021-02-10,59.26
Cape Verde,CPV,2021-02-11,59.26
Cape Verde,CPV,2021-02-12,59.26
Cape Verde,CPV,2021-02-13,59.26
Cape Verde,CPV,2021-02-14,59.26
Cape Verde,CPV,2021-02-15,59.26
Cape Verde,CPV,2021-02-16,59.26
Cape Verde,CPV,2021-02-17,59.26
Cape Verde,CPV,2021-02-18,59.26
Cape Verde,CPV,2021-02-19,59.26
Cape Verde,CPV,2021-02-20,59.26
Cape Verde,CPV,2021-02-21,59.26
Cape Verde,CPV,2021-02-22,59.26
Cape Verde,CPV,2021-02-23,59.26
Cape Verde,CPV,2021-02-24,59.26
Cape Verde,CPV,2021-02-25,59.26
Cape Verde,CPV,2021-02-26,59.26
Cape Verde,CPV,2021-02-27,59.26
Cape Verde,CPV,2021-02-28,59.26
Cape Verde,CPV,2021-03-01,59.26
Cape Verde,CPV,2021-03-02,59.26
Cape Verde,CPV,2021-03-03,59.26
Cape Verde,CPV,2021-03-04,59.26
Cape Verde,CPV,2021-03-05,59.26
Cape Verde,CPV,2021-03-06,59.26
Cape Verde,CPV,2021-03-07,59.26
Central African Republic,CAF,2020-01-01,0
Central African Republic,CAF,2020-01-02,0
Central African Republic,CAF,2020-01-03,0
Central African Republic,CAF,2020-01-04,0
Central African Republic,CAF,2020-01-05,0
Central African Republic,CAF,2020-01-06,0
Central African Republic,CAF,2020-01-07,0
Central African Republic,CAF,2020-01-08,0
Central African Republic,CAF,2020-01-09,0
Central African Republic,CAF,2020-01-10,0
Central African Republic,CAF,2020-01-11,0
Central African Republic,CAF,2020-01-12,0
Central African Republic,CAF,2020-01-13,0
Central African Republic,CAF,2020-01-14,0
Central African Republic,CAF,2020-01-15,0
Central African Republic,CAF,2020-01-16,0
Central African Republic,CAF,2020-01-17,0
Central African Republic,CAF,2020-01-18,0
Central African Republic,CAF,2020-01-19,0
Central African Republic,CAF,2020-01-20,0
Central African Republic,CAF,2020-01-21,0
Central African Republic,CAF,2020-01-22,0
Central African Republic,CAF,2020-01-23,0
Central African Republic,CAF,2020-01-24,0
Central African Republic,CAF,2020-01-25,0
Central African Republic,CAF,2020-01-26,0
Central African Republic,CAF,2020-01-27,0
Central African Republic,CAF,2020-01-28,0
Central African Republic,CAF,2020-01-29,0
Central African Republic,CAF,2020-01-30,0
Central African Republic,CAF,2020-01-31,0
Central African Republic,CAF,2020-02-01,0
Central African Republic,CAF,2020-02-02,0
Central African Republic,CAF,2020-02-03,0
Central African Republic,CAF,2020-02-04,0
Central African Republic,CAF,2020-02-05,0
Central African Republic,CAF,2020-02-06,0
Central African Republic,CAF,2020-02-07,0
Central African Republic,CAF,2020-02-08,0
Central African Republic,CAF,2020-02-09,0
Central African Republic,CAF,2020-02-10,0
Central African Republic,CAF,2020-02-11,0
Central African Republic,CAF,2020-02-12,0
Central African Republic,CAF,2020-02-13,0
Central African Republic,CAF,2020-02-14,0
Central African Republic,CAF,2020-02-15,0
Central African Republic,CAF,2020-02-16,0
Central African Republic,CAF,2020-02-17,0
Central African Republic,CAF,2020-02-18,0
Central African Republic,CAF,2020-02-19,0
Central African Republic,CAF,2020-02-20,0
Central African Republic,CAF,2020-02-21,0
Central African Republic,CAF,2020-02-22,0
Central African Republic,CAF,2020-02-23,0
Central African Republic,CAF,2020-02-24,0
Central African Republic,CAF,2020-02-25,0
Central African Republic,CAF,2020-02-26,0
Central African Republic,CAF,2020-02-27,0
Central African Republic,CAF,2020-02-28,0
Central African Republic,CAF,2020-02-29,0
Central African Republic,CAF,2020-03-01,0
Central African Republic,CAF,2020-03-02,0
Central African Republic,CAF,2020-03-03,0
Central African Republic,CAF,2020-03-04,0
Central African Republic,CAF,2020-03-05,0
Central African Republic,CAF,2020-03-06,0
Central African Republic,CAF,2020-03-07,0
Central African Republic,CAF,2020-03-08,0
Central African Republic,CAF,2020-03-09,0
Central African Republic,CAF,2020-03-10,0
Central African Republic,CAF,2020-03-11,0
Central African Republic,CAF,2020-03-12,0
Central African Republic,CAF,2020-03-13,0
Central African Republic,CAF,2020-03-14,11.11
Central African Republic,CAF,2020-03-15,11.11
Central African Republic,CAF,2020-03-16,11.11
Central African Republic,CAF,2020-03-17,11.11
Central African Republic,CAF,2020-03-18,11.11
Central African Republic,CAF,2020-03-19,11.11
Central African Republic,CAF,2020-03-20,11.11
Central African Republic,CAF,2020-03-21,11.11
Central African Republic,CAF,2020-03-22,11.11
Central African Republic,CAF,2020-03-23,11.11
Central African Republic,CAF,2020-03-24,11.11
Central African Republic,CAF,2020-03-25,11.11
Central African Republic,CAF,2020-03-26,68.52
Central African Republic,CAF,2020-03-27,68.52
Central African Republic,CAF,2020-03-28,68.52
Central African Republic,CAF,2020-03-29,68.52
Central African Republic,CAF,2020-03-30,68.52
Central African Republic,CAF,2020-03-31,68.52
Central African Republic,CAF,2020-04-01,68.52
Central African Republic,CAF,2020-04-02,68.52
Central African Republic,CAF,2020-04-03,68.52
Central African Republic,CAF,2020-04-04,68.52
Central African Republic,CAF,2020-04-05,68.52
Central African Republic,CAF,2020-04-06,68.52
Central African Republic,CAF,2020-04-07,68.52
Central African Republic,CAF,2020-04-08,68.52
Central African Republic,CAF,2020-04-09,68.52
Central African Republic,CAF,2020-04-10,68.52
Central African Republic,CAF,2020-04-11,68.52
Central African Republic,CAF,2020-04-12,68.52
Central African Republic,CAF,2020-04-13,68.52
Central African Republic,CAF,2020-04-14,68.52
Central African Republic,CAF,2020-04-15,68.52
Central African Republic,CAF,2020-04-16,68.52
Central African Republic,CAF,2020-04-17,68.52
Central African Republic,CAF,2020-04-18,68.52
Central African Republic,CAF,2020-04-19,68.52
Central African Republic,CAF,2020-04-20,68.52
Central African Republic,CAF,2020-04-21,68.52
Central African Republic,CAF,2020-04-22,68.52
Central African Republic,CAF,2020-04-23,68.52
Central African Republic,CAF,2020-04-24,68.52
Central African Republic,CAF,2020-04-25,68.52
Central African Republic,CAF,2020-04-26,68.52
Central African Republic,CAF,2020-04-27,68.52
Central African Republic,CAF,2020-04-28,68.52
Central African Republic,CAF,2020-04-29,68.52
Central African Republic,CAF,2020-04-30,68.52
Central African Republic,CAF,2020-05-01,68.52
Central African Republic,CAF,2020-05-02,68.52
Central African Republic,CAF,2020-05-03,68.52
Central African Republic,CAF,2020-05-04,68.52
Central African Republic,CAF,2020-05-05,68.52
Central African Republic,CAF,2020-05-06,68.52
Central African Republic,CAF,2020-05-07,68.52
Central African Republic,CAF,2020-05-08,75.93
Central African Republic,CAF,2020-05-09,75.93
Central African Republic,CAF,2020-05-10,75.93
Central African Republic,CAF,2020-05-11,75.93
Central African Republic,CAF,2020-05-12,75.93
Central African Republic,CAF,2020-05-13,75.93
Central African Republic,CAF,2020-05-14,75.93
Central African Republic,CAF,2020-05-15,75.93
Central African Republic,CAF,2020-05-16,75.93
Central African Republic,CAF,2020-05-17,75.93
Central African Republic,CAF,2020-05-18,75.93
Central African Republic,CAF,2020-05-19,75.93
Central African Republic,CAF,2020-05-20,75.93
Central African Republic,CAF,2020-05-21,75.93
Central African Republic,CAF,2020-05-22,75.93
Central African Republic,CAF,2020-05-23,75.93
Central African Republic,CAF,2020-05-24,75.93
Central African Republic,CAF,2020-05-25,75.93
Central African Republic,CAF,2020-05-26,75.93
Central African Republic,CAF,2020-05-27,75.93
Central African Republic,CAF,2020-05-28,75.93
Central African Republic,CAF,2020-05-29,75.93
Central African Republic,CAF,2020-05-30,75.93
Central African Republic,CAF,2020-05-31,75.93
Central African Republic,CAF,2020-06-01,75.93
Central African Republic,CAF,2020-06-02,75.93
Central African Republic,CAF,2020-06-03,75.93
Central African Republic,CAF,2020-06-04,75.93
Central African Republic,CAF,2020-06-05,75.93
Central African Republic,CAF,2020-06-06,75.93
Central African Republic,CAF,2020-06-07,75.93
Central African Republic,CAF,2020-06-08,75.93
Central African Republic,CAF,2020-06-09,75.93
Central African Republic,CAF,2020-06-10,75.93
Central African Republic,CAF,2020-06-11,64.81
Central African Republic,CAF,2020-06-12,64.81
Central African Republic,CAF,2020-06-13,64.81
Central African Republic,CAF,2020-06-14,64.81
Central African Republic,CAF,2020-06-15,64.81
Central African Republic,CAF,2020-06-16,64.81
Central African Republic,CAF,2020-06-17,64.81
Central African Republic,CAF,2020-06-18,64.81
Central African Republic,CAF,2020-06-19,64.81
Central African Republic,CAF,2020-06-20,64.81
Central African Republic,CAF,2020-06-21,64.81
Central African Republic,CAF,2020-06-22,64.81
Central African Republic,CAF,2020-06-23,64.81
Central African Republic,CAF,2020-06-24,64.81
Central African Republic,CAF,2020-06-25,64.81
Central African Republic,CAF,2020-06-26,64.81
Central African Republic,CAF,2020-06-27,64.81
Central African Republic,CAF,2020-06-28,64.81
Central African Republic,CAF,2020-06-29,64.81
Central African Republic,CAF,2020-06-30,64.81
Central African Republic,CAF,2020-07-01,64.81
Central African Republic,CAF,2020-07-02,64.81
Central African Republic,CAF,2020-07-03,64.81
Central African Republic,CAF,2020-07-04,64.81
Central African Republic,CAF,2020-07-05,64.81
Central African Republic,CAF,2020-07-06,64.81
Central African Republic,CAF,2020-07-07,64.81
Central African Republic,CAF,2020-07-08,64.81
Central African Republic,CAF,2020-07-09,64.81
Central African Republic,CAF,2020-07-10,64.81
Central African Republic,CAF,2020-07-11,64.81
Central African Republic,CAF,2020-07-12,64.81
Central African Republic,CAF,2020-07-13,64.81
Central African Republic,CAF,2020-07-14,53.7
Central African Republic,CAF,2020-07-15,50
Central African Republic,CAF,2020-07-16,50
Central African Republic,CAF,2020-07-17,50
Central African Republic,CAF,2020-07-18,50
Central African Republic,CAF,2020-07-19,50
Central African Republic,CAF,2020-07-20,50
Central African Republic,CAF,2020-07-21,50
Central African Republic,CAF,2020-07-22,50
Central African Republic,CAF,2020-07-23,50
Central African Republic,CAF,2020-07-24,50.93
Central African Republic,CAF,2020-07-25,50.93
Central African Republic,CAF,2020-07-26,50.93
Central African Republic,CAF,2020-07-27,50.93
Central African Republic,CAF,2020-07-28,50.93
Central African Republic,CAF,2020-07-29,50.93
Central African Republic,CAF,2020-07-30,50.93
Central African Republic,CAF,2020-07-31,50.93
Central African Republic,CAF,2020-08-01,50.93
Central African Republic,CAF,2020-08-02,50.93
Central African Republic,CAF,2020-08-03,50.93
Central African Republic,CAF,2020-08-04,50.93
Central African Republic,CAF,2020-08-05,50.93
Central African Republic,CAF,2020-08-06,50.93
Central African Republic,CAF,2020-08-07,50.93
Central African Republic,CAF,2020-08-08,50.93
Central African Republic,CAF,2020-08-09,50.93
Central African Republic,CAF,2020-08-10,50.93
Central African Republic,CAF,2020-08-11,50.93
Central African Republic,CAF,2020-08-12,50.93
Central African Republic,CAF,2020-08-13,50.93
Central African Republic,CAF,2020-08-14,50.93
Central African Republic,CAF,2020-08-15,50.93
Central African Republic,CAF,2020-08-16,50.93
Central African Republic,CAF,2020-08-17,50.93
Central African Republic,CAF,2020-08-18,50.93
Central African Republic,CAF,2020-08-19,50.93
Central African Republic,CAF,2020-08-20,50.93
Central African Republic,CAF,2020-08-21,50.93
Central African Republic,CAF,2020-08-22,50.93
Central African Republic,CAF,2020-08-23,50.93
Central African Republic,CAF,2020-08-24,50.93
Central African Republic,CAF,2020-08-25,50.93
Central African Republic,CAF,2020-08-26,50.93
Central African Republic,CAF,2020-08-27,50.93
Central African Republic,CAF,2020-08-28,50.93
Central African Republic,CAF,2020-08-29,50.93
Central African Republic,CAF,2020-08-30,50.93
Central African Republic,CAF,2020-08-31,50.93
Central African Republic,CAF,2020-09-01,50.93
Central African Republic,CAF,2020-09-02,50.93
Central African Republic,CAF,2020-09-03,50.93
Central African Republic,CAF,2020-09-04,50.93
Central African Republic,CAF,2020-09-05,50.93
Central African Republic,CAF,2020-09-06,50.93
Central African Republic,CAF,2020-09-07,50.93
Central African Republic,CAF,2020-09-08,50.93
Central African Republic,CAF,2020-09-09,50.93
Central African Republic,CAF,2020-09-10,50.93
Central African Republic,CAF,2020-09-11,50.93
Central African Republic,CAF,2020-09-12,50.93
Central African Republic,CAF,2020-09-13,50.93
Central African Republic,CAF,2020-09-14,50.93
Central African Republic,CAF,2020-09-15,56.48
Central African Republic,CAF,2020-09-16,56.48
Central African Republic,CAF,2020-09-17,56.48
Central African Republic,CAF,2020-09-18,56.48
Central African Republic,CAF,2020-09-19,56.48
Central African Republic,CAF,2020-09-20,56.48
Central African Republic,CAF,2020-09-21,56.48
Central African Republic,CAF,2020-09-22,56.48
Central African Republic,CAF,2020-09-23,56.48
Central African Republic,CAF,2020-09-24,56.48
Central African Republic,CAF,2020-09-25,56.48
Central African Republic,CAF,2020-09-26,56.48
Central African Republic,CAF,2020-09-27,56.48
Central African Republic,CAF,2020-09-28,56.48
Central African Republic,CAF,2020-09-29,56.48
Central African Republic,CAF,2020-09-30,56.48
Central African Republic,CAF,2020-10-01,56.48
Central African Republic,CAF,2020-10-02,56.48
Central African Republic,CAF,2020-10-03,56.48
Central African Republic,CAF,2020-10-04,56.48
Central African Republic,CAF,2020-10-05,56.48
Central African Republic,CAF,2020-10-06,56.48
Central African Republic,CAF,2020-10-07,56.48
Central African Republic,CAF,2020-10-08,56.48
Central African Republic,CAF,2020-10-09,56.48
Central African Republic,CAF,2020-10-10,56.48
Central African Republic,CAF,2020-10-11,56.48
Central African Republic,CAF,2020-10-12,56.48
Central African Republic,CAF,2020-10-13,56.48
Central African Republic,CAF,2020-10-14,56.48
Central African Republic,CAF,2020-10-15,56.48
Central African Republic,CAF,2020-10-16,56.48
Central African Republic,CAF,2020-10-17,31.48
Central African Republic,CAF,2020-10-18,31.48
Central African Republic,CAF,2020-10-19,24.07
Central African Republic,CAF,2020-10-20,24.07
Central African Republic,CAF,2020-10-21,24.07
Central African Republic,CAF,2020-10-22,24.07
Central African Republic,CAF,2020-10-23,24.07
Central African Republic,CAF,2020-10-24,24.07
Central African Republic,CAF,2020-10-25,24.07
Central African Republic,CAF,2020-10-26,24.07
Central African Republic,CAF,2020-10-27,24.07
Central African Republic,CAF,2020-10-28,24.07
Central African Republic,CAF,2020-10-29,24.07
Central African Republic,CAF,2020-10-30,24.07
Central African Republic,CAF,2020-10-31,24.07
Central African Republic,CAF,2020-11-01,24.07
Central African Republic,CAF,2020-11-02,24.07
Central African Republic,CAF,2020-11-03,24.07
Central African Republic,CAF,2020-11-04,24.07
Central African Republic,CAF,2020-11-05,24.07
Central African Republic,CAF,2020-11-06,24.07
Central African Republic,CAF,2020-11-07,24.07
Central African Republic,CAF,2020-11-08,24.07
Central African Republic,CAF,2020-11-09,24.07
Central African Republic,CAF,2020-11-10,24.07
Central African Republic,CAF,2020-11-11,24.07
Central African Republic,CAF,2020-11-12,24.07
Central African Republic,CAF,2020-11-13,24.07
Central African Republic,CAF,2020-11-14,24.07
Central African Republic,CAF,2020-11-15,24.07
Central African Republic,CAF,2020-11-16,24.07
Central African Republic,CAF,2020-11-17,24.07
Central African Republic,CAF,2020-11-18,24.07
Central African Republic,CAF,2020-11-19,24.07
Central African Republic,CAF,2020-11-20,24.07
Central African Republic,CAF,2020-11-21,24.07
Central African Republic,CAF,2020-11-22,24.07
Central African Republic,CAF,2020-11-23,24.07
Central African Republic,CAF,2020-11-24,20.37
Central African Republic,CAF,2020-11-25,20.37
Central African Republic,CAF,2020-11-26,20.37
Central African Republic,CAF,2020-11-27,20.37
Central African Republic,CAF,2020-11-28,20.37
Central African Republic,CAF,2020-11-29,20.37
Central African Republic,CAF,2020-11-30,20.37
Central African Republic,CAF,2020-12-01,20.37
Central African Republic,CAF,2020-12-02,20.37
Central African Republic,CAF,2020-12-03,20.37
Central African Republic,CAF,2020-12-04,20.37
Central African Republic,CAF,2020-12-05,20.37
Central African Republic,CAF,2020-12-06,20.37
Central African Republic,CAF,2020-12-07,20.37
Central African Republic,CAF,2020-12-08,20.37
Central African Republic,CAF,2020-12-09,20.37
Central African Republic,CAF,2020-12-10,20.37
Central African Republic,CAF,2020-12-11,20.37
Central African Republic,CAF,2020-12-12,20.37
Central African Republic,CAF,2020-12-13,20.37
Central African Republic,CAF,2020-12-14,20.37
Central African Republic,CAF,2020-12-15,20.37
Central African Republic,CAF,2020-12-16,20.37
Central African Republic,CAF,2020-12-17,20.37
Central African Republic,CAF,2020-12-18,20.37
Central African Republic,CAF,2020-12-19,20.37
Central African Republic,CAF,2020-12-20,20.37
Central African Republic,CAF,2020-12-21,20.37
Central African Republic,CAF,2020-12-22,20.37
Central African Republic,CAF,2020-12-23,16.67
Central African Republic,CAF,2020-12-24,16.67
Central African Republic,CAF,2020-12-25,16.67
Central African Republic,CAF,2020-12-26,16.67
Central African Republic,CAF,2020-12-27,16.67
Central African Republic,CAF,2020-12-28,16.67
Central African Republic,CAF,2020-12-29,16.67
Central African Republic,CAF,2020-12-30,16.67
Central African Republic,CAF,2020-12-31,16.67
Central African Republic,CAF,2021-01-01,16.67
Central African Republic,CAF,2021-01-02,16.67
Central African Republic,CAF,2021-01-03,16.67
Central African Republic,CAF,2021-01-04,16.67
Central African Republic,CAF,2021-01-05,16.67
Central African Republic,CAF,2021-01-06,16.67
Central African Republic,CAF,2021-01-07,22.22
Central African Republic,CAF,2021-01-08,22.22
Central African Republic,CAF,2021-01-09,22.22
Central African Republic,CAF,2021-01-10,22.22
Central African Republic,CAF,2021-01-11,22.22
Central African Republic,CAF,2021-01-12,22.22
Central African Republic,CAF,2021-01-13,22.22
Central African Republic,CAF,2021-01-14,22.22
Central African Republic,CAF,2021-01-15,22.22
Central African Republic,CAF,2021-01-16,22.22
Central African Republic,CAF,2021-01-17,22.22
Central African Republic,CAF,2021-01-18,22.22
Central African Republic,CAF,2021-01-19,22.22
Central African Republic,CAF,2021-01-20,22.22
Central African Republic,CAF,2021-01-21,22.22
Central African Republic,CAF,2021-01-22,22.22
Central African Republic,CAF,2021-01-23,22.22
Central African Republic,CAF,2021-01-24,22.22
Central African Republic,CAF,2021-01-25,22.22
Central African Republic,CAF,2021-01-26,22.22
Central African Republic,CAF,2021-01-27,22.22
Central African Republic,CAF,2021-01-28,22.22
Central African Republic,CAF,2021-01-29,22.22
Central African Republic,CAF,2021-01-30,22.22
Central African Republic,CAF,2021-01-31,22.22
Central African Republic,CAF,2021-02-01,22.22
Central African Republic,CAF,2021-02-02,22.22
Central African Republic,CAF,2021-02-03,22.22
Central African Republic,CAF,2021-02-04,22.22
Central African Republic,CAF,2021-02-05,22.22
Central African Republic,CAF,2021-02-06,22.22
Central African Republic,CAF,2021-02-07,22.22
Central African Republic,CAF,2021-02-08,22.22
Central African Republic,CAF,2021-02-09,22.22
Central African Republic,CAF,2021-02-10,22.22
Central African Republic,CAF,2021-02-11,22.22
Central African Republic,CAF,2021-02-12,22.22
Central African Republic,CAF,2021-02-13,22.22
Central African Republic,CAF,2021-02-14,22.22
Central African Republic,CAF,2021-02-15,22.22
Central African Republic,CAF,2021-02-16,22.22
Central African Republic,CAF,2021-02-17,22.22
Central African Republic,CAF,2021-02-18,22.22
Central African Republic,CAF,2021-02-19,22.22
Central African Republic,CAF,2021-02-20,22.22
Central African Republic,CAF,2021-02-21,22.22
Central African Republic,CAF,2021-02-22,22.22
Central African Republic,CAF,2021-02-23,18.52
Central African Republic,CAF,2021-02-24,18.52
Central African Republic,CAF,2021-02-25,18.52
Central African Republic,CAF,2021-02-26,18.52
Central African Republic,CAF,2021-02-27,18.52
Central African Republic,CAF,2021-02-28,18.52
Central African Republic,CAF,2021-03-01,18.52
Central African Republic,CAF,2021-03-02,18.52
Central African Republic,CAF,2021-03-03,18.52
Central African Republic,CAF,2021-03-04,18.52
Central African Republic,CAF,2021-03-05,18.52
Central African Republic,CAF,2021-03-06,18.52
Central African Republic,CAF,2021-03-07,18.52
Chad,TCD,2020-01-01,0
Chad,TCD,2020-01-02,0
Chad,TCD,2020-01-03,0
Chad,TCD,2020-01-04,0
Chad,TCD,2020-01-05,0
Chad,TCD,2020-01-06,0
Chad,TCD,2020-01-07,0
Chad,TCD,2020-01-08,0
Chad,TCD,2020-01-09,0
Chad,TCD,2020-01-10,0
Chad,TCD,2020-01-11,0
Chad,TCD,2020-01-12,0
Chad,TCD,2020-01-13,0
Chad,TCD,2020-01-14,0
Chad,TCD,2020-01-15,0
Chad,TCD,2020-01-16,0
Chad,TCD,2020-01-17,0
Chad,TCD,2020-01-18,0
Chad,TCD,2020-01-19,0
Chad,TCD,2020-01-20,0
Chad,TCD,2020-01-21,0
Chad,TCD,2020-01-22,0
Chad,TCD,2020-01-23,0
Chad,TCD,2020-01-24,0
Chad,TCD,2020-01-25,0
Chad,TCD,2020-01-26,0
Chad,TCD,2020-01-27,0
Chad,TCD,2020-01-28,0
Chad,TCD,2020-01-29,0
Chad,TCD,2020-01-30,0
Chad,TCD,2020-01-31,0
Chad,TCD,2020-02-01,0
Chad,TCD,2020-02-02,0
Chad,TCD,2020-02-03,0
Chad,TCD,2020-02-04,0
Chad,TCD,2020-02-05,0
Chad,TCD,2020-02-06,0
Chad,TCD,2020-02-07,0
Chad,TCD,2020-02-08,0
Chad,TCD,2020-02-09,0
Chad,TCD,2020-02-10,0
Chad,TCD,2020-02-11,0
Chad,TCD,2020-02-12,0
Chad,TCD,2020-02-13,0
Chad,TCD,2020-02-14,0
Chad,TCD,2020-02-15,0
Chad,TCD,2020-02-16,0
Chad,TCD,2020-02-17,0
Chad,TCD,2020-02-18,0
Chad,TCD,2020-02-19,0
Chad,TCD,2020-02-20,0
Chad,TCD,2020-02-21,0
Chad,TCD,2020-02-22,0
Chad,TCD,2020-02-23,0
Chad,TCD,2020-02-24,0
Chad,TCD,2020-02-25,0
Chad,TCD,2020-02-26,0
Chad,TCD,2020-02-27,0
Chad,TCD,2020-02-28,0
Chad,TCD,2020-02-29,0
Chad,TCD,2020-03-01,0
Chad,TCD,2020-03-02,0
Chad,TCD,2020-03-03,0
Chad,TCD,2020-03-04,0
Chad,TCD,2020-03-05,0
Chad,TCD,2020-03-06,0
Chad,TCD,2020-03-07,11.11
Chad,TCD,2020-03-08,16.67
Chad,TCD,2020-03-09,16.67
Chad,TCD,2020-03-10,16.67
Chad,TCD,2020-03-11,16.67
Chad,TCD,2020-03-12,16.67
Chad,TCD,2020-03-13,16.67
Chad,TCD,2020-03-14,16.67
Chad,TCD,2020-03-15,16.67
Chad,TCD,2020-03-16,16.67
Chad,TCD,2020-03-17,16.67
Chad,TCD,2020-03-18,19.44
Chad,TCD,2020-03-19,27.78
Chad,TCD,2020-03-20,27.78
Chad,TCD,2020-03-21,27.78
Chad,TCD,2020-03-22,27.78
Chad,TCD,2020-03-23,27.78
Chad,TCD,2020-03-24,27.78
Chad,TCD,2020-03-25,27.78
Chad,TCD,2020-03-26,27.78
Chad,TCD,2020-03-27,27.78
Chad,TCD,2020-03-28,27.78
Chad,TCD,2020-03-29,27.78
Chad,TCD,2020-03-30,27.78
Chad,TCD,2020-03-31,27.78
Chad,TCD,2020-04-01,27.78
Chad,TCD,2020-04-02,33.33
Chad,TCD,2020-04-03,33.33
Chad,TCD,2020-04-04,33.33
Chad,TCD,2020-04-05,33.33
Chad,TCD,2020-04-06,33.33
Chad,TCD,2020-04-07,33.33
Chad,TCD,2020-04-08,33.33
Chad,TCD,2020-04-09,33.33
Chad,TCD,2020-04-10,33.33
Chad,TCD,2020-04-11,33.33
Chad,TCD,2020-04-12,33.33
Chad,TCD,2020-04-13,88.89
Chad,TCD,2020-04-14,88.89
Chad,TCD,2020-04-15,88.89
Chad,TCD,2020-04-16,88.89
Chad,TCD,2020-04-17,88.89
Chad,TCD,2020-04-18,88.89
Chad,TCD,2020-04-19,88.89
Chad,TCD,2020-04-20,88.89
Chad,TCD,2020-04-21,88.89
Chad,TCD,2020-04-22,88.89
Chad,TCD,2020-04-23,88.89
Chad,TCD,2020-04-24,88.89
Chad,TCD,2020-04-25,88.89
Chad,TCD,2020-04-26,88.89
Chad,TCD,2020-04-27,88.89
Chad,TCD,2020-04-28,88.89
Chad,TCD,2020-04-29,88.89
Chad,TCD,2020-04-30,88.89
Chad,TCD,2020-05-01,88.89
Chad,TCD,2020-05-02,88.89
Chad,TCD,2020-05-03,88.89
Chad,TCD,2020-05-04,88.89
Chad,TCD,2020-05-05,88.89
Chad,TCD,2020-05-06,88.89
Chad,TCD,2020-05-07,88.89
Chad,TCD,2020-05-08,88.89
Chad,TCD,2020-05-09,88.89
Chad,TCD,2020-05-10,88.89
Chad,TCD,2020-05-11,88.89
Chad,TCD,2020-05-12,87.04
Chad,TCD,2020-05-13,87.04
Chad,TCD,2020-05-14,87.04
Chad,TCD,2020-05-15,87.04
Chad,TCD,2020-05-16,87.04
Chad,TCD,2020-05-17,87.04
Chad,TCD,2020-05-18,74.07
Chad,TCD,2020-05-19,74.07
Chad,TCD,2020-05-20,74.07
Chad,TCD,2020-05-21,74.07
Chad,TCD,2020-05-22,74.07
Chad,TCD,2020-05-23,74.07
Chad,TCD,2020-05-24,74.07
Chad,TCD,2020-05-25,74.07
Chad,TCD,2020-05-26,74.07
Chad,TCD,2020-05-27,74.07
Chad,TCD,2020-05-28,74.07
Chad,TCD,2020-05-29,74.07
Chad,TCD,2020-05-30,74.07
Chad,TCD,2020-05-31,74.07
Chad,TCD,2020-06-01,74.07
Chad,TCD,2020-06-02,74.07
Chad,TCD,2020-06-03,74.07
Chad,TCD,2020-06-04,74.07
Chad,TCD,2020-06-05,74.07
Chad,TCD,2020-06-06,74.07
Chad,TCD,2020-06-07,74.07
Chad,TCD,2020-06-08,74.07
Chad,TCD,2020-06-09,74.07
Chad,TCD,2020-06-10,74.07
Chad,TCD,2020-06-11,74.07
Chad,TCD,2020-06-12,74.07
Chad,TCD,2020-06-13,74.07
Chad,TCD,2020-06-14,74.07
Chad,TCD,2020-06-15,74.07
Chad,TCD,2020-06-16,74.07
Chad,TCD,2020-06-17,74.07
Chad,TCD,2020-06-18,74.07
Chad,TCD,2020-06-19,74.07
Chad,TCD,2020-06-20,74.07
Chad,TCD,2020-06-21,74.07
Chad,TCD,2020-06-22,74.07
Chad,TCD,2020-06-23,74.07
Chad,TCD,2020-06-24,74.07
Chad,TCD,2020-06-25,67.59
Chad,TCD,2020-06-26,67.59
Chad,TCD,2020-06-27,67.59
Chad,TCD,2020-06-28,67.59
Chad,TCD,2020-06-29,67.59
Chad,TCD,2020-06-30,67.59
Chad,TCD,2020-07-01,67.59
Chad,TCD,2020-07-02,67.59
Chad,TCD,2020-07-03,67.59
Chad,TCD,2020-07-04,67.59
Chad,TCD,2020-07-05,67.59
Chad,TCD,2020-07-06,67.59
Chad,TCD,2020-07-07,67.59
Chad,TCD,2020-07-08,67.59
Chad,TCD,2020-07-09,67.59
Chad,TCD,2020-07-10,67.59
Chad,TCD,2020-07-11,67.59
Chad,TCD,2020-07-12,67.59
Chad,TCD,2020-07-13,67.59
Chad,TCD,2020-07-14,67.59
Chad,TCD,2020-07-15,67.59
Chad,TCD,2020-07-16,67.59
Chad,TCD,2020-07-17,67.59
Chad,TCD,2020-07-18,67.59
Chad,TCD,2020-07-19,67.59
Chad,TCD,2020-07-20,67.59
Chad,TCD,2020-07-21,67.59
Chad,TCD,2020-07-22,67.59
Chad,TCD,2020-07-23,67.59
Chad,TCD,2020-07-24,67.59
Chad,TCD,2020-07-25,67.59
Chad,TCD,2020-07-26,67.59
Chad,TCD,2020-07-27,67.59
Chad,TCD,2020-07-28,70.37
Chad,TCD,2020-07-29,70.37
Chad,TCD,2020-07-30,70.37
Chad,TCD,2020-07-31,70.37
Chad,TCD,2020-08-01,64.81
Chad,TCD,2020-08-02,64.81
Chad,TCD,2020-08-03,64.81
Chad,TCD,2020-08-04,64.81
Chad,TCD,2020-08-05,64.81
Chad,TCD,2020-08-06,64.81
Chad,TCD,2020-08-07,64.81
Chad,TCD,2020-08-08,64.81
Chad,TCD,2020-08-09,64.81
Chad,TCD,2020-08-10,64.81
Chad,TCD,2020-08-11,64.81
Chad,TCD,2020-08-12,64.81
Chad,TCD,2020-08-13,64.81
Chad,TCD,2020-08-14,64.81
Chad,TCD,2020-08-15,64.81
Chad,TCD,2020-08-16,64.81
Chad,TCD,2020-08-17,64.81
Chad,TCD,2020-08-18,64.81
Chad,TCD,2020-08-19,64.81
Chad,TCD,2020-08-20,64.81
Chad,TCD,2020-08-21,64.81
Chad,TCD,2020-08-22,64.81
Chad,TCD,2020-08-23,64.81
Chad,TCD,2020-08-24,64.81
Chad,TCD,2020-08-25,64.81
Chad,TCD,2020-08-26,64.81
Chad,TCD,2020-08-27,64.81
Chad,TCD,2020-08-28,64.81
Chad,TCD,2020-08-29,64.81
Chad,TCD,2020-08-30,64.81
Chad,TCD,2020-08-31,64.81
Chad,TCD,2020-09-01,64.81
Chad,TCD,2020-09-02,64.81
Chad,TCD,2020-09-03,64.81
Chad,TCD,2020-09-04,64.81
Chad,TCD,2020-09-05,64.81
Chad,TCD,2020-09-06,64.81
Chad,TCD,2020-09-07,64.81
Chad,TCD,2020-09-08,64.81
Chad,TCD,2020-09-09,64.81
Chad,TCD,2020-09-10,64.81
Chad,TCD,2020-09-11,64.81
Chad,TCD,2020-09-12,64.81
Chad,TCD,2020-09-13,64.81
Chad,TCD,2020-09-14,64.81
Chad,TCD,2020-09-15,68.52
Chad,TCD,2020-09-16,68.52
Chad,TCD,2020-09-17,68.52
Chad,TCD,2020-09-18,76.85
Chad,TCD,2020-09-19,76.85
Chad,TCD,2020-09-20,76.85
Chad,TCD,2020-09-21,76.85
Chad,TCD,2020-09-22,76.85
Chad,TCD,2020-09-23,76.85
Chad,TCD,2020-09-24,76.85
Chad,TCD,2020-09-25,76.85
Chad,TCD,2020-09-26,76.85
Chad,TCD,2020-09-27,76.85
Chad,TCD,2020-09-28,76.85
Chad,TCD,2020-09-29,76.85
Chad,TCD,2020-09-30,76.85
Chad,TCD,2020-10-01,73.15
Chad,TCD,2020-10-02,73.15
Chad,TCD,2020-10-03,73.15
Chad,TCD,2020-10-04,73.15
Chad,TCD,2020-10-05,73.15
Chad,TCD,2020-10-06,73.15
Chad,TCD,2020-10-07,73.15
Chad,TCD,2020-10-08,73.15
Chad,TCD,2020-10-09,73.15
Chad,TCD,2020-10-10,73.15
Chad,TCD,2020-10-11,73.15
Chad,TCD,2020-10-12,73.15
Chad,TCD,2020-10-13,73.15
Chad,TCD,2020-10-14,73.15
Chad,TCD,2020-10-15,73.15
Chad,TCD,2020-10-16,74.07
Chad,TCD,2020-10-17,74.07
Chad,TCD,2020-10-18,74.07
Chad,TCD,2020-10-19,74.07
Chad,TCD,2020-10-20,74.07
Chad,TCD,2020-10-21,74.07
Chad,TCD,2020-10-22,74.07
Chad,TCD,2020-10-23,74.07
Chad,TCD,2020-10-24,74.07
Chad,TCD,2020-10-25,74.07
Chad,TCD,2020-10-26,74.07
Chad,TCD,2020-10-27,74.07
Chad,TCD,2020-10-28,74.07
Chad,TCD,2020-10-29,74.07
Chad,TCD,2020-10-30,74.07
Chad,TCD,2020-10-31,70.37
Chad,TCD,2020-11-01,70.37
Chad,TCD,2020-11-02,70.37
Chad,TCD,2020-11-03,70.37
Chad,TCD,2020-11-04,70.37
Chad,TCD,2020-11-05,70.37
Chad,TCD,2020-11-06,70.37
Chad,TCD,2020-11-07,70.37
Chad,TCD,2020-11-08,70.37
Chad,TCD,2020-11-09,70.37
Chad,TCD,2020-11-10,70.37
Chad,TCD,2020-11-11,70.37
Chad,TCD,2020-11-12,70.37
Chad,TCD,2020-11-13,70.37
Chad,TCD,2020-11-14,70.37
Chad,TCD,2020-11-15,70.37
Chad,TCD,2020-11-16,70.37
Chad,TCD,2020-11-17,70.37
Chad,TCD,2020-11-18,70.37
Chad,TCD,2020-11-19,70.37
Chad,TCD,2020-11-20,70.37
Chad,TCD,2020-11-21,70.37
Chad,TCD,2020-11-22,70.37
Chad,TCD,2020-11-23,70.37
Chad,TCD,2020-11-24,70.37
Chad,TCD,2020-11-25,70.37
Chad,TCD,2020-11-26,70.37
Chad,TCD,2020-11-27,70.37
Chad,TCD,2020-11-28,70.37
Chad,TCD,2020-11-29,70.37
Chad,TCD,2020-11-30,70.37
Chad,TCD,2020-12-01,70.37
Chad,TCD,2020-12-02,70.37
Chad,TCD,2020-12-03,70.37
Chad,TCD,2020-12-04,70.37
Chad,TCD,2020-12-05,70.37
Chad,TCD,2020-12-06,70.37
Chad,TCD,2020-12-07,70.37
Chad,TCD,2020-12-08,70.37
Chad,TCD,2020-12-09,70.37
Chad,TCD,2020-12-10,70.37
Chad,TCD,2020-12-11,70.37
Chad,TCD,2020-12-12,70.37
Chad,TCD,2020-12-13,70.37
Chad,TCD,2020-12-14,70.37
Chad,TCD,2020-12-15,70.37
Chad,TCD,2020-12-16,70.37
Chad,TCD,2020-12-17,70.37
Chad,TCD,2020-12-18,70.37
Chad,TCD,2020-12-19,70.37
Chad,TCD,2020-12-20,70.37
Chad,TCD,2020-12-21,70.37
Chad,TCD,2020-12-22,61.11
Chad,TCD,2020-12-23,61.11
Chad,TCD,2020-12-24,61.11
Chad,TCD,2020-12-25,61.11
Chad,TCD,2020-12-26,61.11
Chad,TCD,2020-12-27,61.11
Chad,TCD,2020-12-28,61.11
Chad,TCD,2020-12-29,61.11
Chad,TCD,2020-12-30,61.11
Chad,TCD,2020-12-31,61.11
Chad,TCD,2021-01-01,61.11
Chad,TCD,2021-01-02,61.11
Chad,TCD,2021-01-03,61.11
Chad,TCD,2021-01-04,68.98
Chad,TCD,2021-01-05,68.98
Chad,TCD,2021-01-06,68.98
Chad,TCD,2021-01-07,68.98
Chad,TCD,2021-01-08,68.98
Chad,TCD,2021-01-09,68.98
Chad,TCD,2021-01-10,68.98
Chad,TCD,2021-01-11,68.98
Chad,TCD,2021-01-12,74.07
Chad,TCD,2021-01-13,74.07
Chad,TCD,2021-01-14,74.07
Chad,TCD,2021-01-15,74.07
Chad,TCD,2021-01-16,74.07
Chad,TCD,2021-01-17,74.07
Chad,TCD,2021-01-18,74.07
Chad,TCD,2021-01-19,74.07
Chad,TCD,2021-01-20,74.07
Chad,TCD,2021-01-21,74.07
Chad,TCD,2021-01-22,74.07
Chad,TCD,2021-01-23,74.07
Chad,TCD,2021-01-24,74.07
Chad,TCD,2021-01-25,74.07
Chad,TCD,2021-01-26,74.07
Chad,TCD,2021-01-27,74.07
Chad,TCD,2021-01-28,74.07
Chad,TCD,2021-01-29,74.07
Chad,TCD,2021-01-30,74.07
Chad,TCD,2021-01-31,74.07
Chad,TCD,2021-02-01,74.07
Chad,TCD,2021-02-02,34.26
Chad,TCD,2021-02-03,34.26
Chad,TCD,2021-02-04,34.26
Chad,TCD,2021-02-05,34.26
Chad,TCD,2021-02-06,34.26
Chad,TCD,2021-02-07,34.26
Chad,TCD,2021-02-08,34.26
Chad,TCD,2021-02-09,34.26
Chad,TCD,2021-02-10,34.26
Chad,TCD,2021-02-11,34.26
Chad,TCD,2021-02-12,34.26
Chad,TCD,2021-02-13,34.26
Chad,TCD,2021-02-14,34.26
Chad,TCD,2021-02-15,25
Chad,TCD,2021-02-16,25
Chad,TCD,2021-02-17,25
Chad,TCD,2021-02-18,25
Chad,TCD,2021-02-19,25
Chad,TCD,2021-02-20,25
Chad,TCD,2021-02-21,25
Chad,TCD,2021-02-22,25
Chad,TCD,2021-02-23,25
Chad,TCD,2021-02-24,25
Chad,TCD,2021-02-25,25
Chad,TCD,2021-02-26,25
Chad,TCD,2021-02-27,25
Chad,TCD,2021-02-28,25
Chad,TCD,2021-03-01,22.22
Chad,TCD,2021-03-02,22.22
Chad,TCD,2021-03-03,22.22
Chad,TCD,2021-03-04,22.22
Chad,TCD,2021-03-05,22.22
Chad,TCD,2021-03-06,22.22
Chad,TCD,2021-03-07,22.22
Chad,TCD,2021-03-08,22.22
Chile,CHL,2020-01-01,0
Chile,CHL,2020-01-02,0
Chile,CHL,2020-01-03,0
Chile,CHL,2020-01-04,0
Chile,CHL,2020-01-05,0
Chile,CHL,2020-01-06,0
Chile,CHL,2020-01-07,0
Chile,CHL,2020-01-08,0
Chile,CHL,2020-01-09,0
Chile,CHL,2020-01-10,0
Chile,CHL,2020-01-11,0
Chile,CHL,2020-01-12,0
Chile,CHL,2020-01-13,0
Chile,CHL,2020-01-14,0
Chile,CHL,2020-01-15,0
Chile,CHL,2020-01-16,0
Chile,CHL,2020-01-17,0
Chile,CHL,2020-01-18,0
Chile,CHL,2020-01-19,0
Chile,CHL,2020-01-20,0
Chile,CHL,2020-01-21,0
Chile,CHL,2020-01-22,0
Chile,CHL,2020-01-23,0
Chile,CHL,2020-01-24,0
Chile,CHL,2020-01-25,0
Chile,CHL,2020-01-26,0
Chile,CHL,2020-01-27,0
Chile,CHL,2020-01-28,0
Chile,CHL,2020-01-29,0
Chile,CHL,2020-01-30,0
Chile,CHL,2020-01-31,0
Chile,CHL,2020-02-01,0
Chile,CHL,2020-02-02,0
Chile,CHL,2020-02-03,0
Chile,CHL,2020-02-04,0
Chile,CHL,2020-02-05,0
Chile,CHL,2020-02-06,0
Chile,CHL,2020-02-07,0
Chile,CHL,2020-02-08,0
Chile,CHL,2020-02-09,0
Chile,CHL,2020-02-10,0
Chile,CHL,2020-02-11,0
Chile,CHL,2020-02-12,0
Chile,CHL,2020-02-13,0
Chile,CHL,2020-02-14,0
Chile,CHL,2020-02-15,0
Chile,CHL,2020-02-16,0
Chile,CHL,2020-02-17,0
Chile,CHL,2020-02-18,0
Chile,CHL,2020-02-19,0
Chile,CHL,2020-02-20,0
Chile,CHL,2020-02-21,0
Chile,CHL,2020-02-22,0
Chile,CHL,2020-02-23,0
Chile,CHL,2020-02-24,0
Chile,CHL,2020-02-25,0
Chile,CHL,2020-02-26,0
Chile,CHL,2020-02-27,0
Chile,CHL,2020-02-28,0
Chile,CHL,2020-02-29,0
Chile,CHL,2020-03-01,0
Chile,CHL,2020-03-02,0
Chile,CHL,2020-03-03,0
Chile,CHL,2020-03-04,0
Chile,CHL,2020-03-05,0
Chile,CHL,2020-03-06,0
Chile,CHL,2020-03-07,0
Chile,CHL,2020-03-08,0
Chile,CHL,2020-03-09,0
Chile,CHL,2020-03-10,0
Chile,CHL,2020-03-11,0
Chile,CHL,2020-03-12,0
Chile,CHL,2020-03-13,0
Chile,CHL,2020-03-14,11.11
Chile,CHL,2020-03-15,22.22
Chile,CHL,2020-03-16,47.22
Chile,CHL,2020-03-17,47.22
Chile,CHL,2020-03-18,55.56
Chile,CHL,2020-03-19,55.56
Chile,CHL,2020-03-20,55.56
Chile,CHL,2020-03-21,51.85
Chile,CHL,2020-03-22,51.85
Chile,CHL,2020-03-23,51.85
Chile,CHL,2020-03-24,51.85
Chile,CHL,2020-03-25,73.15
Chile,CHL,2020-03-26,73.15
Chile,CHL,2020-03-27,73.15
Chile,CHL,2020-03-28,73.15
Chile,CHL,2020-03-29,73.15
Chile,CHL,2020-03-30,73.15
Chile,CHL,2020-03-31,73.15
Chile,CHL,2020-04-01,73.15
Chile,CHL,2020-04-02,73.15
Chile,CHL,2020-04-03,73.15
Chile,CHL,2020-04-04,73.15
Chile,CHL,2020-04-05,73.15
Chile,CHL,2020-04-06,73.15
Chile,CHL,2020-04-07,73.15
Chile,CHL,2020-04-08,73.15
Chile,CHL,2020-04-09,73.15
Chile,CHL,2020-04-10,73.15
Chile,CHL,2020-04-11,73.15
Chile,CHL,2020-04-12,73.15
Chile,CHL,2020-04-13,73.15
Chile,CHL,2020-04-14,73.15
Chile,CHL,2020-04-15,73.15
Chile,CHL,2020-04-16,73.15
Chile,CHL,2020-04-17,73.15
Chile,CHL,2020-04-18,73.15
Chile,CHL,2020-04-19,73.15
Chile,CHL,2020-04-20,73.15
Chile,CHL,2020-04-21,73.15
Chile,CHL,2020-04-22,73.15
Chile,CHL,2020-04-23,73.15
Chile,CHL,2020-04-24,73.15
Chile,CHL,2020-04-25,73.15
Chile,CHL,2020-04-26,73.15
Chile,CHL,2020-04-27,73.15
Chile,CHL,2020-04-28,73.15
Chile,CHL,2020-04-29,73.15
Chile,CHL,2020-04-30,73.15
Chile,CHL,2020-05-01,73.15
Chile,CHL,2020-05-02,73.15
Chile,CHL,2020-05-03,73.15
Chile,CHL,2020-05-04,73.15
Chile,CHL,2020-05-05,73.15
Chile,CHL,2020-05-06,73.15
Chile,CHL,2020-05-07,73.15
Chile,CHL,2020-05-08,75.93
Chile,CHL,2020-05-09,75.93
Chile,CHL,2020-05-10,75.93
Chile,CHL,2020-05-11,75.93
Chile,CHL,2020-05-12,75.93
Chile,CHL,2020-05-13,75.93
Chile,CHL,2020-05-14,75.93
Chile,CHL,2020-05-15,78.24
Chile,CHL,2020-05-16,78.24
Chile,CHL,2020-05-17,78.24
Chile,CHL,2020-05-18,78.24
Chile,CHL,2020-05-19,78.24
Chile,CHL,2020-05-20,78.24
Chile,CHL,2020-05-21,78.24
Chile,CHL,2020-05-22,78.24
Chile,CHL,2020-05-23,78.24
Chile,CHL,2020-05-24,78.24
Chile,CHL,2020-05-25,78.24
Chile,CHL,2020-05-26,78.24
Chile,CHL,2020-05-27,78.24
Chile,CHL,2020-05-28,78.24
Chile,CHL,2020-05-29,78.24
Chile,CHL,2020-05-30,78.24
Chile,CHL,2020-05-31,78.24
Chile,CHL,2020-06-01,78.24
Chile,CHL,2020-06-02,78.24
Chile,CHL,2020-06-03,78.24
Chile,CHL,2020-06-04,78.24
Chile,CHL,2020-06-05,78.24
Chile,CHL,2020-06-06,78.24
Chile,CHL,2020-06-07,78.24
Chile,CHL,2020-06-08,78.24
Chile,CHL,2020-06-09,78.24
Chile,CHL,2020-06-10,78.24
Chile,CHL,2020-06-11,78.24
Chile,CHL,2020-06-12,78.24
Chile,CHL,2020-06-13,78.24
Chile,CHL,2020-06-14,78.24
Chile,CHL,2020-06-15,78.24
Chile,CHL,2020-06-16,78.24
Chile,CHL,2020-06-17,78.24
Chile,CHL,2020-06-18,78.24
Chile,CHL,2020-06-19,78.24
Chile,CHL,2020-06-20,78.24
Chile,CHL,2020-06-21,78.24
Chile,CHL,2020-06-22,78.24
Chile,CHL,2020-06-23,78.24
Chile,CHL,2020-06-24,78.24
Chile,CHL,2020-06-25,78.24
Chile,CHL,2020-06-26,78.24
Chile,CHL,2020-06-27,78.24
Chile,CHL,2020-06-28,78.24
Chile,CHL,2020-06-29,78.24
Chile,CHL,2020-06-30,78.24
Chile,CHL,2020-07-01,76.39
Chile,CHL,2020-07-02,76.39
Chile,CHL,2020-07-03,87.5
Chile,CHL,2020-07-04,87.5
Chile,CHL,2020-07-05,87.5
Chile,CHL,2020-07-06,87.5
Chile,CHL,2020-07-07,87.5
Chile,CHL,2020-07-08,87.5
Chile,CHL,2020-07-09,87.5
Chile,CHL,2020-07-10,87.5
Chile,CHL,2020-07-11,87.5
Chile,CHL,2020-07-12,87.5
Chile,CHL,2020-07-13,87.5
Chile,CHL,2020-07-14,87.5
Chile,CHL,2020-07-15,87.5
Chile,CHL,2020-07-16,87.5
Chile,CHL,2020-07-17,84.72
Chile,CHL,2020-07-18,84.72
Chile,CHL,2020-07-19,84.72
Chile,CHL,2020-07-20,84.72
Chile,CHL,2020-07-21,84.72
Chile,CHL,2020-07-22,84.72
Chile,CHL,2020-07-23,84.72
Chile,CHL,2020-07-24,84.72
Chile,CHL,2020-07-25,84.72
Chile,CHL,2020-07-26,84.72
Chile,CHL,2020-07-27,84.72
Chile,CHL,2020-07-28,84.72
Chile,CHL,2020-07-29,84.72
Chile,CHL,2020-07-30,84.72
Chile,CHL,2020-07-31,84.72
Chile,CHL,2020-08-01,87.5
Chile,CHL,2020-08-02,87.5
Chile,CHL,2020-08-03,87.5
Chile,CHL,2020-08-04,87.5
Chile,CHL,2020-08-05,87.5
Chile,CHL,2020-08-06,87.5
Chile,CHL,2020-08-07,87.5
Chile,CHL,2020-08-08,87.5
Chile,CHL,2020-08-09,87.5
Chile,CHL,2020-08-10,81.94
Chile,CHL,2020-08-11,81.94
Chile,CHL,2020-08-12,81.94
Chile,CHL,2020-08-13,81.94
Chile,CHL,2020-08-14,81.94
Chile,CHL,2020-08-15,81.94
Chile,CHL,2020-08-16,81.94
Chile,CHL,2020-08-17,81.94
Chile,CHL,2020-08-18,81.94
Chile,CHL,2020-08-19,81.94
Chile,CHL,2020-08-20,81.94
Chile,CHL,2020-08-21,81.94
Chile,CHL,2020-08-22,81.94
Chile,CHL,2020-08-23,81.94
Chile,CHL,2020-08-24,81.94
Chile,CHL,2020-08-25,81.94
Chile,CHL,2020-08-26,81.94
Chile,CHL,2020-08-27,81.94
Chile,CHL,2020-08-28,81.94
Chile,CHL,2020-08-29,81.94
Chile,CHL,2020-08-30,81.94
Chile,CHL,2020-08-31,81.94
Chile,CHL,2020-09-01,81.94
Chile,CHL,2020-09-02,81.94
Chile,CHL,2020-09-03,81.94
Chile,CHL,2020-09-04,81.94
Chile,CHL,2020-09-05,81.94
Chile,CHL,2020-09-06,81.94
Chile,CHL,2020-09-07,81.94
Chile,CHL,2020-09-08,81.94
Chile,CHL,2020-09-09,81.94
Chile,CHL,2020-09-10,81.94
Chile,CHL,2020-09-11,81.94
Chile,CHL,2020-09-12,81.94
Chile,CHL,2020-09-13,81.94
Chile,CHL,2020-09-14,81.94
Chile,CHL,2020-09-15,81.94
Chile,CHL,2020-09-16,81.94
Chile,CHL,2020-09-17,81.94
Chile,CHL,2020-09-18,81.94
Chile,CHL,2020-09-19,81.94
Chile,CHL,2020-09-20,81.94
Chile,CHL,2020-09-21,81.94
Chile,CHL,2020-09-22,81.94
Chile,CHL,2020-09-23,81.94
Chile,CHL,2020-09-24,81.94
Chile,CHL,2020-09-25,81.94
Chile,CHL,2020-09-26,81.94
Chile,CHL,2020-09-27,81.94
Chile,CHL,2020-09-28,81.94
Chile,CHL,2020-09-29,81.94
Chile,CHL,2020-09-30,81.94
Chile,CHL,2020-10-01,81.94
Chile,CHL,2020-10-02,81.94
Chile,CHL,2020-10-03,81.94
Chile,CHL,2020-10-04,81.94
Chile,CHL,2020-10-05,81.94
Chile,CHL,2020-10-06,81.94
Chile,CHL,2020-10-07,81.94
Chile,CHL,2020-10-08,81.94
Chile,CHL,2020-10-09,81.94
Chile,CHL,2020-10-10,81.94
Chile,CHL,2020-10-11,81.94
Chile,CHL,2020-10-12,81.94
Chile,CHL,2020-10-13,81.94
Chile,CHL,2020-10-14,81.94
Chile,CHL,2020-10-15,81.94
Chile,CHL,2020-10-16,81.94
Chile,CHL,2020-10-17,81.94
Chile,CHL,2020-10-18,81.94
Chile,CHL,2020-10-19,81.94
Chile,CHL,2020-10-20,81.94
Chile,CHL,2020-10-21,81.94
Chile,CHL,2020-10-22,81.94
Chile,CHL,2020-10-23,81.94
Chile,CHL,2020-10-24,81.94
Chile,CHL,2020-10-25,81.94
Chile,CHL,2020-10-26,81.94
Chile,CHL,2020-10-27,81.94
Chile,CHL,2020-10-28,81.94
Chile,CHL,2020-10-29,81.94
Chile,CHL,2020-10-30,81.94
Chile,CHL,2020-10-31,81.94
Chile,CHL,2020-11-01,81.94
Chile,CHL,2020-11-02,81.94
Chile,CHL,2020-11-03,81.94
Chile,CHL,2020-11-04,81.94
Chile,CHL,2020-11-05,81.94
Chile,CHL,2020-11-06,81.94
Chile,CHL,2020-11-07,81.94
Chile,CHL,2020-11-08,81.94
Chile,CHL,2020-11-09,81.94
Chile,CHL,2020-11-10,81.94
Chile,CHL,2020-11-11,81.94
Chile,CHL,2020-11-12,81.94
Chile,CHL,2020-11-13,81.94
Chile,CHL,2020-11-14,81.94
Chile,CHL,2020-11-15,81.94
Chile,CHL,2020-11-16,81.94
Chile,CHL,2020-11-17,81.94
Chile,CHL,2020-11-18,81.94
Chile,CHL,2020-11-19,81.94
Chile,CHL,2020-11-20,81.94
Chile,CHL,2020-11-21,81.94
Chile,CHL,2020-11-22,81.94
Chile,CHL,2020-11-23,76.39
Chile,CHL,2020-11-24,76.39
Chile,CHL,2020-11-25,76.39
Chile,CHL,2020-11-26,76.39
Chile,CHL,2020-11-27,76.39
Chile,CHL,2020-11-28,76.39
Chile,CHL,2020-11-29,76.39
Chile,CHL,2020-11-30,76.39
Chile,CHL,2020-12-01,76.39
Chile,CHL,2020-12-02,76.39
Chile,CHL,2020-12-03,76.39
Chile,CHL,2020-12-04,76.39
Chile,CHL,2020-12-05,76.39
Chile,CHL,2020-12-06,76.39
Chile,CHL,2020-12-07,76.39
Chile,CHL,2020-12-08,73.61
Chile,CHL,2020-12-09,73.61
Chile,CHL,2020-12-10,73.61
Chile,CHL,2020-12-11,73.61
Chile,CHL,2020-12-12,73.61
Chile,CHL,2020-12-13,73.61
Chile,CHL,2020-12-14,73.61
Chile,CHL,2020-12-15,73.61
Chile,CHL,2020-12-16,73.61
Chile,CHL,2020-12-17,73.61
Chile,CHL,2020-12-18,73.61
Chile,CHL,2020-12-19,73.61
Chile,CHL,2020-12-20,73.61
Chile,CHL,2020-12-21,73.61
Chile,CHL,2020-12-22,79.17
Chile,CHL,2020-12-23,79.17
Chile,CHL,2020-12-24,79.17
Chile,CHL,2020-12-25,79.17
Chile,CHL,2020-12-26,79.17
Chile,CHL,2020-12-27,79.17
Chile,CHL,2020-12-28,79.17
Chile,CHL,2020-12-29,79.17
Chile,CHL,2020-12-30,79.17
Chile,CHL,2020-12-31,79.17
Chile,CHL,2021-01-01,79.17
Chile,CHL,2021-01-02,79.17
Chile,CHL,2021-01-03,79.17
Chile,CHL,2021-01-04,79.17
Chile,CHL,2021-01-05,79.17
Chile,CHL,2021-01-06,79.17
Chile,CHL,2021-01-07,79.17
Chile,CHL,2021-01-08,79.17
Chile,CHL,2021-01-09,79.17
Chile,CHL,2021-01-10,79.17
Chile,CHL,2021-01-11,79.17
Chile,CHL,2021-01-12,79.17
Chile,CHL,2021-01-13,79.17
Chile,CHL,2021-01-14,79.17
Chile,CHL,2021-01-15,79.17
Chile,CHL,2021-01-16,79.17
Chile,CHL,2021-01-17,79.17
Chile,CHL,2021-01-18,79.17
Chile,CHL,2021-01-19,79.17
Chile,CHL,2021-01-20,79.17
Chile,CHL,2021-01-21,79.17
Chile,CHL,2021-01-22,79.17
Chile,CHL,2021-01-23,79.17
Chile,CHL,2021-01-24,79.17
Chile,CHL,2021-01-25,79.17
Chile,CHL,2021-01-26,79.17
Chile,CHL,2021-01-27,79.17
Chile,CHL,2021-01-28,79.17
Chile,CHL,2021-01-29,79.17
Chile,CHL,2021-01-30,79.17
Chile,CHL,2021-01-31,79.17
Chile,CHL,2021-02-01,79.17
Chile,CHL,2021-02-02,79.17
Chile,CHL,2021-02-03,79.17
Chile,CHL,2021-02-04,79.17
Chile,CHL,2021-02-05,79.17
Chile,CHL,2021-02-06,79.17
Chile,CHL,2021-02-07,79.17
Chile,CHL,2021-02-08,79.17
Chile,CHL,2021-02-09,79.17
Chile,CHL,2021-02-10,79.17
Chile,CHL,2021-02-11,79.17
Chile,CHL,2021-02-12,79.17
Chile,CHL,2021-02-13,79.17
Chile,CHL,2021-02-14,79.17
Chile,CHL,2021-02-15,79.17
Chile,CHL,2021-02-16,79.17
Chile,CHL,2021-02-17,79.17
Chile,CHL,2021-02-18,79.17
Chile,CHL,2021-02-19,79.17
Chile,CHL,2021-02-20,79.17
Chile,CHL,2021-02-21,79.17
Chile,CHL,2021-02-22,79.17
Chile,CHL,2021-02-23,79.17
Chile,CHL,2021-02-24,79.17
Chile,CHL,2021-02-25,79.17
Chile,CHL,2021-02-26,79.17
Chile,CHL,2021-02-27,79.17
Chile,CHL,2021-02-28,79.17
Chile,CHL,2021-03-01,79.17
Chile,CHL,2021-03-02,79.17
Chile,CHL,2021-03-03,79.17
Chile,CHL,2021-03-04,79.17
Chile,CHL,2021-03-05,79.17
Chile,CHL,2021-03-06,79.17
Chile,CHL,2021-03-07,79.17
Chile,CHL,2021-03-08,79.17
China,CHN,2020-01-01,0
China,CHN,2020-01-02,0
China,CHN,2020-01-03,0
China,CHN,2020-01-04,0
China,CHN,2020-01-05,2.78
China,CHN,2020-01-06,2.78
China,CHN,2020-01-07,2.78
China,CHN,2020-01-08,2.78
China,CHN,2020-01-09,2.78
China,CHN,2020-01-10,2.78
China,CHN,2020-01-11,2.78
China,CHN,2020-01-12,2.78
China,CHN,2020-01-13,2.78
China,CHN,2020-01-14,2.78
China,CHN,2020-01-15,8.33
China,CHN,2020-01-16,8.33
China,CHN,2020-01-17,8.33
China,CHN,2020-01-18,8.33
China,CHN,2020-01-19,8.33
China,CHN,2020-01-20,8.33
China,CHN,2020-01-21,8.33
China,CHN,2020-01-22,26.39
China,CHN,2020-01-23,44.91
China,CHN,2020-01-24,44.91
China,CHN,2020-01-25,47.69
China,CHN,2020-01-26,69.91
China,CHN,2020-01-27,69.91
China,CHN,2020-01-28,69.91
China,CHN,2020-01-29,69.91
China,CHN,2020-01-30,69.91
China,CHN,2020-01-31,69.91
China,CHN,2020-02-01,77.31
China,CHN,2020-02-02,77.31
China,CHN,2020-02-03,77.31
China,CHN,2020-02-04,77.31
China,CHN,2020-02-05,77.31
China,CHN,2020-02-06,77.31
China,CHN,2020-02-07,77.31
China,CHN,2020-02-08,77.31
China,CHN,2020-02-09,77.31
China,CHN,2020-02-10,75.46
China,CHN,2020-02-11,75.46
China,CHN,2020-02-12,75.46
China,CHN,2020-02-13,75.46
China,CHN,2020-02-14,75.46
China,CHN,2020-02-15,75.46
China,CHN,2020-02-16,75.46
China,CHN,2020-02-17,75.46
China,CHN,2020-02-18,75.46
China,CHN,2020-02-19,75.46
China,CHN,2020-02-20,75.46
China,CHN,2020-02-21,75.46
China,CHN,2020-02-22,75.46
China,CHN,2020-02-23,75.46
China,CHN,2020-02-24,75.46
China,CHN,2020-02-25,81.02
China,CHN,2020-02-26,81.02
China,CHN,2020-02-27,81.02
China,CHN,2020-02-28,81.02
China,CHN,2020-02-29,81.02
China,CHN,2020-03-01,81.02
China,CHN,2020-03-02,81.02
China,CHN,2020-03-03,81.02
China,CHN,2020-03-04,81.02
China,CHN,2020-03-05,81.02
China,CHN,2020-03-06,81.02
China,CHN,2020-03-07,81.02
China,CHN,2020-03-08,81.02
China,CHN,2020-03-09,81.02
China,CHN,2020-03-10,81.02
China,CHN,2020-03-11,81.02
China,CHN,2020-03-12,81.02
China,CHN,2020-03-13,81.02
China,CHN,2020-03-14,81.02
China,CHN,2020-03-15,81.02
China,CHN,2020-03-16,79.17
China,CHN,2020-03-17,79.17
China,CHN,2020-03-18,79.17
China,CHN,2020-03-19,79.17
China,CHN,2020-03-20,79.17
China,CHN,2020-03-21,79.17
China,CHN,2020-03-22,79.17
China,CHN,2020-03-23,79.17
China,CHN,2020-03-24,79.17
China,CHN,2020-03-25,79.17
China,CHN,2020-03-26,81.94
China,CHN,2020-03-27,81.94
China,CHN,2020-03-28,73.61
China,CHN,2020-03-29,73.61
China,CHN,2020-03-30,73.61
China,CHN,2020-03-31,73.61
China,CHN,2020-04-01,73.61
China,CHN,2020-04-02,73.61
China,CHN,2020-04-03,69.91
China,CHN,2020-04-04,69.91
China,CHN,2020-04-05,69.91
China,CHN,2020-04-06,69.91
China,CHN,2020-04-07,69.91
China,CHN,2020-04-08,56.94
China,CHN,2020-04-09,56.94
China,CHN,2020-04-10,56.94
China,CHN,2020-04-11,56.94
China,CHN,2020-04-12,56.94
China,CHN,2020-04-13,56.94
China,CHN,2020-04-14,56.94
China,CHN,2020-04-15,56.94
China,CHN,2020-04-16,56.94
China,CHN,2020-04-17,56.94
China,CHN,2020-04-18,56.94
China,CHN,2020-04-19,56.94
China,CHN,2020-04-20,56.94
China,CHN,2020-04-21,56.94
China,CHN,2020-04-22,56.94
China,CHN,2020-04-23,56.94
China,CHN,2020-04-24,56.94
China,CHN,2020-04-25,56.94
China,CHN,2020-04-26,56.94
China,CHN,2020-04-27,56.94
China,CHN,2020-04-28,56.94
China,CHN,2020-04-29,56.94
China,CHN,2020-04-30,56.94
China,CHN,2020-05-01,56.94
China,CHN,2020-05-02,56.94
China,CHN,2020-05-03,56.94
China,CHN,2020-05-04,56.94
China,CHN,2020-05-05,56.94
China,CHN,2020-05-06,56.94
China,CHN,2020-05-07,56.94
China,CHN,2020-05-08,56.94
China,CHN,2020-05-09,56.94
China,CHN,2020-05-10,81.94
China,CHN,2020-05-11,81.94
China,CHN,2020-05-12,81.94
China,CHN,2020-05-13,81.94
China,CHN,2020-05-14,81.94
China,CHN,2020-05-15,81.94
China,CHN,2020-05-16,81.94
China,CHN,2020-05-17,81.94
China,CHN,2020-05-18,81.94
China,CHN,2020-05-19,81.94
China,CHN,2020-05-20,81.94
China,CHN,2020-05-21,81.94
China,CHN,2020-05-22,81.94
China,CHN,2020-05-23,81.94
China,CHN,2020-05-24,81.94
China,CHN,2020-05-25,81.94
China,CHN,2020-05-26,81.94
China,CHN,2020-05-27,81.94
China,CHN,2020-05-28,81.94
China,CHN,2020-05-29,81.94
China,CHN,2020-05-30,81.94
China,CHN,2020-05-31,81.94
China,CHN,2020-06-01,81.94
China,CHN,2020-06-02,81.94
China,CHN,2020-06-03,78.24
China,CHN,2020-06-04,78.24
China,CHN,2020-06-05,78.24
China,CHN,2020-06-06,78.24
China,CHN,2020-06-07,78.24
China,CHN,2020-06-08,78.24
China,CHN,2020-06-09,78.24
China,CHN,2020-06-10,78.24
China,CHN,2020-06-11,78.24
China,CHN,2020-06-12,78.24
China,CHN,2020-06-13,78.24
China,CHN,2020-06-14,78.24
China,CHN,2020-06-15,78.24
China,CHN,2020-06-16,78.24
China,CHN,2020-06-17,78.24
China,CHN,2020-06-18,78.24
China,CHN,2020-06-19,78.24
China,CHN,2020-06-20,78.24
China,CHN,2020-06-21,78.24
China,CHN,2020-06-22,78.24
China,CHN,2020-06-23,78.24
China,CHN,2020-06-24,78.24
China,CHN,2020-06-25,78.24
China,CHN,2020-06-26,78.24
China,CHN,2020-06-27,78.24
China,CHN,2020-06-28,78.24
China,CHN,2020-06-29,78.24
China,CHN,2020-06-30,78.24
China,CHN,2020-07-01,78.24
China,CHN,2020-07-02,78.24
China,CHN,2020-07-03,78.24
China,CHN,2020-07-04,78.24
China,CHN,2020-07-05,78.24
China,CHN,2020-07-06,78.24
China,CHN,2020-07-07,78.24
China,CHN,2020-07-08,78.24
China,CHN,2020-07-09,78.24
China,CHN,2020-07-10,78.24
China,CHN,2020-07-11,78.24
China,CHN,2020-07-12,78.24
China,CHN,2020-07-13,78.24
China,CHN,2020-07-14,78.24
China,CHN,2020-07-15,78.24
China,CHN,2020-07-16,78.24
China,CHN,2020-07-17,78.24
China,CHN,2020-07-18,78.24
China,CHN,2020-07-19,78.24
China,CHN,2020-07-20,78.24
China,CHN,2020-07-21,78.24
China,CHN,2020-07-22,78.24
China,CHN,2020-07-23,78.24
China,CHN,2020-07-24,78.24
China,CHN,2020-07-25,78.24
China,CHN,2020-07-26,78.24
China,CHN,2020-07-27,78.24
China,CHN,2020-07-28,78.24
China,CHN,2020-07-29,78.24
China,CHN,2020-07-30,78.24
China,CHN,2020-07-31,78.24
China,CHN,2020-08-01,78.24
China,CHN,2020-08-02,78.24
China,CHN,2020-08-03,78.24
China,CHN,2020-08-04,78.24
China,CHN,2020-08-05,78.24
China,CHN,2020-08-06,78.24
China,CHN,2020-08-07,78.24
China,CHN,2020-08-08,78.24
China,CHN,2020-08-09,78.24
China,CHN,2020-08-10,78.24
China,CHN,2020-08-11,78.24
China,CHN,2020-08-12,78.24
China,CHN,2020-08-13,78.24
China,CHN,2020-08-14,78.24
China,CHN,2020-08-15,78.24
China,CHN,2020-08-16,78.24
China,CHN,2020-08-17,78.24
China,CHN,2020-08-18,78.24
China,CHN,2020-08-19,78.24
China,CHN,2020-08-20,78.24
China,CHN,2020-08-21,78.24
China,CHN,2020-08-22,78.24
China,CHN,2020-08-23,78.24
China,CHN,2020-08-24,78.24
China,CHN,2020-08-25,78.24
China,CHN,2020-08-26,78.24
China,CHN,2020-08-27,78.24
China,CHN,2020-08-28,78.24
China,CHN,2020-08-29,78.24
China,CHN,2020-08-30,78.24
China,CHN,2020-08-31,78.24
China,CHN,2020-09-01,78.24
China,CHN,2020-09-02,55.09
China,CHN,2020-09-03,55.09
China,CHN,2020-09-04,46.76
China,CHN,2020-09-05,46.76
China,CHN,2020-09-06,46.76
China,CHN,2020-09-07,46.76
China,CHN,2020-09-08,46.76
China,CHN,2020-09-09,46.76
China,CHN,2020-09-10,46.76
China,CHN,2020-09-11,46.76
China,CHN,2020-09-12,46.76
China,CHN,2020-09-13,46.76
China,CHN,2020-09-14,46.76
China,CHN,2020-09-15,81.94
China,CHN,2020-09-16,81.94
China,CHN,2020-09-17,81.94
China,CHN,2020-09-18,81.94
China,CHN,2020-09-19,81.94
China,CHN,2020-09-20,81.94
China,CHN,2020-09-21,75.46
China,CHN,2020-09-22,71.76
China,CHN,2020-09-23,60.65
China,CHN,2020-09-24,63.43
China,CHN,2020-09-25,63.43
China,CHN,2020-09-26,54.17
China,CHN,2020-09-27,54.17
China,CHN,2020-09-28,54.17
China,CHN,2020-09-29,54.17
China,CHN,2020-09-30,54.17
China,CHN,2020-10-01,54.17
China,CHN,2020-10-02,54.17
China,CHN,2020-10-03,54.17
China,CHN,2020-10-04,54.17
China,CHN,2020-10-05,54.17
China,CHN,2020-10-06,54.17
China,CHN,2020-10-07,54.17
China,CHN,2020-10-08,54.17
China,CHN,2020-10-09,54.17
China,CHN,2020-10-10,52.31
China,CHN,2020-10-11,52.31
China,CHN,2020-10-12,61.57
China,CHN,2020-10-13,61.57
China,CHN,2020-10-14,61.57
China,CHN,2020-10-15,61.57
China,CHN,2020-10-16,61.57
China,CHN,2020-10-17,61.57
China,CHN,2020-10-18,61.57
China,CHN,2020-10-19,61.57
China,CHN,2020-10-20,61.57
China,CHN,2020-10-21,61.57
China,CHN,2020-10-22,61.57
China,CHN,2020-10-23,61.57
China,CHN,2020-10-24,81.94
China,CHN,2020-10-25,81.94
China,CHN,2020-10-26,81.94
China,CHN,2020-10-27,81.94
China,CHN,2020-10-28,81.94
China,CHN,2020-10-29,81.94
China,CHN,2020-10-30,68.98
China,CHN,2020-10-31,63.43
China,CHN,2020-11-01,63.43
China,CHN,2020-11-02,63.43
China,CHN,2020-11-03,63.43
China,CHN,2020-11-04,63.43
China,CHN,2020-11-05,63.43
China,CHN,2020-11-06,63.43
China,CHN,2020-11-07,63.43
China,CHN,2020-11-08,63.43
China,CHN,2020-11-09,63.43
China,CHN,2020-11-10,63.43
China,CHN,2020-11-11,63.43
China,CHN,2020-11-12,63.43
China,CHN,2020-11-13,63.43
China,CHN,2020-11-14,63.43
China,CHN,2020-11-15,63.43
China,CHN,2020-11-16,63.43
China,CHN,2020-11-17,63.43
China,CHN,2020-11-18,63.43
China,CHN,2020-11-19,63.43
China,CHN,2020-11-20,76.39
China,CHN,2020-11-21,76.39
China,CHN,2020-11-22,76.39
China,CHN,2020-11-23,76.39
China,CHN,2020-11-24,81.94
China,CHN,2020-11-25,81.94
China,CHN,2020-11-26,81.94
China,CHN,2020-11-27,81.94
China,CHN,2020-11-28,81.94
China,CHN,2020-11-29,81.94
China,CHN,2020-11-30,81.94
China,CHN,2020-12-01,81.94
China,CHN,2020-12-02,81.94
China,CHN,2020-12-03,81.94
China,CHN,2020-12-04,81.94
China,CHN,2020-12-05,81.94
China,CHN,2020-12-06,81.94
China,CHN,2020-12-07,81.94
China,CHN,2020-12-08,78.24
China,CHN,2020-12-09,78.24
China,CHN,2020-12-10,78.24
China,CHN,2020-12-11,78.24
China,CHN,2020-12-12,78.24
China,CHN,2020-12-13,78.24
China,CHN,2020-12-14,78.24
China,CHN,2020-12-15,78.24
China,CHN,2020-12-16,78.24
China,CHN,2020-12-17,78.24
China,CHN,2020-12-18,78.24
China,CHN,2020-12-19,78.24
China,CHN,2020-12-20,78.24
China,CHN,2020-12-21,78.24
China,CHN,2020-12-22,78.24
China,CHN,2020-12-23,78.24
China,CHN,2020-12-24,78.24
China,CHN,2020-12-25,78.24
China,CHN,2020-12-26,78.24
China,CHN,2020-12-27,78.24
China,CHN,2020-12-28,78.24
China,CHN,2020-12-29,78.24
China,CHN,2020-12-30,78.24
China,CHN,2020-12-31,78.24
China,CHN,2021-01-01,78.24
China,CHN,2021-01-02,78.24
China,CHN,2021-01-03,78.24
China,CHN,2021-01-04,78.24
China,CHN,2021-01-05,78.24
China,CHN,2021-01-06,78.24
China,CHN,2021-01-07,78.24
China,CHN,2021-01-08,78.24
China,CHN,2021-01-09,78.24
China,CHN,2021-01-10,78.24
China,CHN,2021-01-11,78.24
China,CHN,2021-01-12,78.24
China,CHN,2021-01-13,78.24
China,CHN,2021-01-14,78.24
China,CHN,2021-01-15,78.24
China,CHN,2021-01-16,78.24
China,CHN,2021-01-17,78.24
China,CHN,2021-01-18,78.24
China,CHN,2021-01-19,78.24
China,CHN,2021-01-20,78.24
China,CHN,2021-01-21,78.24
China,CHN,2021-01-22,78.24
China,CHN,2021-01-23,78.24
China,CHN,2021-01-24,78.24
China,CHN,2021-01-25,78.24
China,CHN,2021-01-26,78.24
China,CHN,2021-01-27,78.24
China,CHN,2021-01-28,78.24
China,CHN,2021-01-29,78.24
China,CHN,2021-01-30,78.24
China,CHN,2021-01-31,78.24
China,CHN,2021-02-01,78.24
China,CHN,2021-02-02,78.24
China,CHN,2021-02-03,78.24
China,CHN,2021-02-04,78.24
China,CHN,2021-02-05,78.24
China,CHN,2021-02-06,78.24
China,CHN,2021-02-07,78.24
China,CHN,2021-02-08,78.24
China,CHN,2021-02-09,78.24
China,CHN,2021-02-10,78.24
China,CHN,2021-02-11,78.24
China,CHN,2021-02-12,78.24
China,CHN,2021-02-13,78.24
China,CHN,2021-02-14,78.24
China,CHN,2021-02-15,78.24
China,CHN,2021-02-16,78.24
China,CHN,2021-02-17,78.24
China,CHN,2021-02-18,78.24
China,CHN,2021-02-19,78.24
China,CHN,2021-02-20,78.24
China,CHN,2021-02-21,78.24
China,CHN,2021-02-22,67.13
China,CHN,2021-02-23,67.13
China,CHN,2021-02-24,67.13
China,CHN,2021-02-25,67.13
China,CHN,2021-02-26,67.13
China,CHN,2021-02-27,67.13
China,CHN,2021-02-28,67.13
China,CHN,2021-03-01,61.57
China,CHN,2021-03-02,61.57
China,CHN,2021-03-03,61.57
China,CHN,2021-03-04,61.57
China,CHN,2021-03-05,61.57
China,CHN,2021-03-06,61.57
China,CHN,2021-03-07,61.57
China,CHN,2021-03-08,61.57
Colombia,COL,2020-01-01,0
Colombia,COL,2020-01-02,0
Colombia,COL,2020-01-03,0
Colombia,COL,2020-01-04,0
Colombia,COL,2020-01-05,0
Colombia,COL,2020-01-06,0
Colombia,COL,2020-01-07,0
Colombia,COL,2020-01-08,0
Colombia,COL,2020-01-09,0
Colombia,COL,2020-01-10,0
Colombia,COL,2020-01-11,0
Colombia,COL,2020-01-12,0
Colombia,COL,2020-01-13,0
Colombia,COL,2020-01-14,0
Colombia,COL,2020-01-15,0
Colombia,COL,2020-01-16,0
Colombia,COL,2020-01-17,0
Colombia,COL,2020-01-18,0
Colombia,COL,2020-01-19,0
Colombia,COL,2020-01-20,0
Colombia,COL,2020-01-21,8.33
Colombia,COL,2020-01-22,8.33
Colombia,COL,2020-01-23,8.33
Colombia,COL,2020-01-24,8.33
Colombia,COL,2020-01-25,8.33
Colombia,COL,2020-01-26,8.33
Colombia,COL,2020-01-27,8.33
Colombia,COL,2020-01-28,8.33
Colombia,COL,2020-01-29,8.33
Colombia,COL,2020-01-30,8.33
Colombia,COL,2020-01-31,8.33
Colombia,COL,2020-02-01,8.33
Colombia,COL,2020-02-02,8.33
Colombia,COL,2020-02-03,8.33
Colombia,COL,2020-02-04,8.33
Colombia,COL,2020-02-05,8.33
Colombia,COL,2020-02-06,8.33
Colombia,COL,2020-02-07,8.33
Colombia,COL,2020-02-08,8.33
Colombia,COL,2020-02-09,8.33
Colombia,COL,2020-02-10,8.33
Colombia,COL,2020-02-11,8.33
Colombia,COL,2020-02-12,8.33
Colombia,COL,2020-02-13,8.33
Colombia,COL,2020-02-14,8.33
Colombia,COL,2020-02-15,8.33
Colombia,COL,2020-02-16,8.33
Colombia,COL,2020-02-17,8.33
Colombia,COL,2020-02-18,8.33
Colombia,COL,2020-02-19,8.33
Colombia,COL,2020-02-20,8.33
Colombia,COL,2020-02-21,8.33
Colombia,COL,2020-02-22,8.33
Colombia,COL,2020-02-23,8.33
Colombia,COL,2020-02-24,12.04
Colombia,COL,2020-02-25,12.04
Colombia,COL,2020-02-26,12.04
Colombia,COL,2020-02-27,12.04
Colombia,COL,2020-02-28,12.04
Colombia,COL,2020-02-29,12.04
Colombia,COL,2020-03-01,12.04
Colombia,COL,2020-03-02,12.04
Colombia,COL,2020-03-03,12.04
Colombia,COL,2020-03-04,12.04
Colombia,COL,2020-03-05,12.04
Colombia,COL,2020-03-06,12.04
Colombia,COL,2020-03-07,12.04
Colombia,COL,2020-03-08,12.04
Colombia,COL,2020-03-09,14.81
Colombia,COL,2020-03-10,14.81
Colombia,COL,2020-03-11,14.81
Colombia,COL,2020-03-12,34.26
Colombia,COL,2020-03-13,34.26
Colombia,COL,2020-03-14,34.26
Colombia,COL,2020-03-15,34.26
Colombia,COL,2020-03-16,45.37
Colombia,COL,2020-03-17,50.93
Colombia,COL,2020-03-18,50.93
Colombia,COL,2020-03-19,50.93
Colombia,COL,2020-03-20,50.93
Colombia,COL,2020-03-21,50.93
Colombia,COL,2020-03-22,50.93
Colombia,COL,2020-03-23,53.7
Colombia,COL,2020-03-24,53.7
Colombia,COL,2020-03-25,87.96
Colombia,COL,2020-03-26,87.96
Colombia,COL,2020-03-27,87.96
Colombia,COL,2020-03-28,87.96
Colombia,COL,2020-03-29,87.96
Colombia,COL,2020-03-30,87.96
Colombia,COL,2020-03-31,87.96
Colombia,COL,2020-04-01,87.96
Colombia,COL,2020-04-02,87.96
Colombia,COL,2020-04-03,87.96
Colombia,COL,2020-04-04,87.96
Colombia,COL,2020-04-05,87.96
Colombia,COL,2020-04-06,87.96
Colombia,COL,2020-04-07,87.96
Colombia,COL,2020-04-08,87.96
Colombia,COL,2020-04-09,87.96
Colombia,COL,2020-04-10,87.96
Colombia,COL,2020-04-11,87.96
Colombia,COL,2020-04-12,87.96
Colombia,COL,2020-04-13,87.96
Colombia,COL,2020-04-14,84.26
Colombia,COL,2020-04-15,84.26
Colombia,COL,2020-04-16,84.26
Colombia,COL,2020-04-17,84.26
Colombia,COL,2020-04-18,84.26
Colombia,COL,2020-04-19,84.26
Colombia,COL,2020-04-20,84.26
Colombia,COL,2020-04-21,84.26
Colombia,COL,2020-04-22,84.26
Colombia,COL,2020-04-23,84.26
Colombia,COL,2020-04-24,87.04
Colombia,COL,2020-04-25,87.04
Colombia,COL,2020-04-26,87.04
Colombia,COL,2020-04-27,90.74
Colombia,COL,2020-04-28,90.74
Colombia,COL,2020-04-29,90.74
Colombia,COL,2020-04-30,90.74
Colombia,COL,2020-05-01,90.74
Colombia,COL,2020-05-02,90.74
Colombia,COL,2020-05-03,90.74
Colombia,COL,2020-05-04,90.74
Colombia,COL,2020-05-05,90.74
Colombia,COL,2020-05-06,87.04
Colombia,COL,2020-05-07,87.04
Colombia,COL,2020-05-08,87.04
Colombia,COL,2020-05-09,87.04
Colombia,COL,2020-05-10,87.04
Colombia,COL,2020-05-11,87.04
Colombia,COL,2020-05-12,87.04
Colombia,COL,2020-05-13,87.04
Colombia,COL,2020-05-14,87.04
Colombia,COL,2020-05-15,87.04
Colombia,COL,2020-05-16,87.04
Colombia,COL,2020-05-17,87.04
Colombia,COL,2020-05-18,87.04
Colombia,COL,2020-05-19,87.04
Colombia,COL,2020-05-20,87.04
Colombia,COL,2020-05-21,87.04
Colombia,COL,2020-05-22,87.04
Colombia,COL,2020-05-23,87.04
Colombia,COL,2020-05-24,87.04
Colombia,COL,2020-05-25,87.04
Colombia,COL,2020-05-26,87.04
Colombia,COL,2020-05-27,87.04
Colombia,COL,2020-05-28,87.04
Colombia,COL,2020-05-29,87.04
Colombia,COL,2020-05-30,87.04
Colombia,COL,2020-05-31,87.04
Colombia,COL,2020-06-01,87.04
Colombia,COL,2020-06-02,87.04
Colombia,COL,2020-06-03,87.04
Colombia,COL,2020-06-04,87.04
Colombia,COL,2020-06-05,87.04
Colombia,COL,2020-06-06,87.04
Colombia,COL,2020-06-07,87.04
Colombia,COL,2020-06-08,87.04
Colombia,COL,2020-06-09,87.04
Colombia,COL,2020-06-10,87.04
Colombia,COL,2020-06-11,87.04
Colombia,COL,2020-06-12,87.04
Colombia,COL,2020-06-13,87.04
Colombia,COL,2020-06-14,87.04
Colombia,COL,2020-06-15,87.04
Colombia,COL,2020-06-16,87.04
Colombia,COL,2020-06-17,87.04
Colombia,COL,2020-06-18,87.04
Colombia,COL,2020-06-19,87.04
Colombia,COL,2020-06-20,87.04
Colombia,COL,2020-06-21,87.04
Colombia,COL,2020-06-22,87.04
Colombia,COL,2020-06-23,87.04
Colombia,COL,2020-06-24,87.04
Colombia,COL,2020-06-25,87.04
Colombia,COL,2020-06-26,87.04
Colombia,COL,2020-06-27,87.04
Colombia,COL,2020-06-28,87.04
Colombia,COL,2020-06-29,87.04
Colombia,COL,2020-06-30,87.04
Colombia,COL,2020-07-01,87.04
Colombia,COL,2020-07-02,87.04
Colombia,COL,2020-07-03,87.04
Colombia,COL,2020-07-04,87.04
Colombia,COL,2020-07-05,87.04
Colombia,COL,2020-07-06,87.04
Colombia,COL,2020-07-07,87.04
Colombia,COL,2020-07-08,87.04
Colombia,COL,2020-07-09,87.04
Colombia,COL,2020-07-10,87.04
Colombia,COL,2020-07-11,87.04
Colombia,COL,2020-07-12,87.04
Colombia,COL,2020-07-13,87.04
Colombia,COL,2020-07-14,87.04
Colombia,COL,2020-07-15,87.04
Colombia,COL,2020-07-16,87.04
Colombia,COL,2020-07-17,87.04
Colombia,COL,2020-07-18,87.04
Colombia,COL,2020-07-19,87.04
Colombia,COL,2020-07-20,87.04
Colombia,COL,2020-07-21,87.04
Colombia,COL,2020-07-22,87.04
Colombia,COL,2020-07-23,87.04
Colombia,COL,2020-07-24,87.04
Colombia,COL,2020-07-25,87.04
Colombia,COL,2020-07-26,87.04
Colombia,COL,2020-07-27,87.04
Colombia,COL,2020-07-28,87.04
Colombia,COL,2020-07-29,87.04
Colombia,COL,2020-07-30,87.04
Colombia,COL,2020-07-31,87.04
Colombia,COL,2020-08-01,87.04
Colombia,COL,2020-08-02,87.04
Colombia,COL,2020-08-03,87.04
Colombia,COL,2020-08-04,87.04
Colombia,COL,2020-08-05,87.04
Colombia,COL,2020-08-06,87.04
Colombia,COL,2020-08-07,87.04
Colombia,COL,2020-08-08,87.04
Colombia,COL,2020-08-09,87.04
Colombia,COL,2020-08-10,87.04
Colombia,COL,2020-08-11,87.04
Colombia,COL,2020-08-12,87.04
Colombia,COL,2020-08-13,87.04
Colombia,COL,2020-08-14,87.04
Colombia,COL,2020-08-15,87.04
Colombia,COL,2020-08-16,87.04
Colombia,COL,2020-08-17,87.04
Colombia,COL,2020-08-18,87.04
Colombia,COL,2020-08-19,87.04
Colombia,COL,2020-08-20,87.04
Colombia,COL,2020-08-21,87.04
Colombia,COL,2020-08-22,87.04
Colombia,COL,2020-08-23,87.04
Colombia,COL,2020-08-24,87.04
Colombia,COL,2020-08-25,87.04
Colombia,COL,2020-08-26,87.04
Colombia,COL,2020-08-27,87.04
Colombia,COL,2020-08-28,87.04
Colombia,COL,2020-08-29,87.04
Colombia,COL,2020-08-30,87.04
Colombia,COL,2020-08-31,87.04
Colombia,COL,2020-09-01,71.3
Colombia,COL,2020-09-02,71.3
Colombia,COL,2020-09-03,71.3
Colombia,COL,2020-09-04,71.3
Colombia,COL,2020-09-05,71.3
Colombia,COL,2020-09-06,71.3
Colombia,COL,2020-09-07,71.3
Colombia,COL,2020-09-08,71.3
Colombia,COL,2020-09-09,71.3
Colombia,COL,2020-09-10,71.3
Colombia,COL,2020-09-11,71.3
Colombia,COL,2020-09-12,71.3
Colombia,COL,2020-09-13,71.3
Colombia,COL,2020-09-14,71.3
Colombia,COL,2020-09-15,71.3
Colombia,COL,2020-09-16,71.3
Colombia,COL,2020-09-17,71.3
Colombia,COL,2020-09-18,71.3
Colombia,COL,2020-09-19,71.3
Colombia,COL,2020-09-20,71.3
Colombia,COL,2020-09-21,71.3
Colombia,COL,2020-09-22,71.3
Colombia,COL,2020-09-23,71.3
Colombia,COL,2020-09-24,71.3
Colombia,COL,2020-09-25,71.3
Colombia,COL,2020-09-26,71.3
Colombia,COL,2020-09-27,71.3
Colombia,COL,2020-09-28,71.3
Colombia,COL,2020-09-29,71.3
Colombia,COL,2020-09-30,71.3
Colombia,COL,2020-10-01,71.3
Colombia,COL,2020-10-02,71.3
Colombia,COL,2020-10-03,71.3
Colombia,COL,2020-10-04,71.3
Colombia,COL,2020-10-05,71.3
Colombia,COL,2020-10-06,71.3
Colombia,COL,2020-10-07,71.3
Colombia,COL,2020-10-08,71.3
Colombia,COL,2020-10-09,71.3
Colombia,COL,2020-10-10,71.3
Colombia,COL,2020-10-11,71.3
Colombia,COL,2020-10-12,71.3
Colombia,COL,2020-10-13,71.3
Colombia,COL,2020-10-14,71.3
Colombia,COL,2020-10-15,71.3
Colombia,COL,2020-10-16,71.3
Colombia,COL,2020-10-17,71.3
Colombia,COL,2020-10-18,71.3
Colombia,COL,2020-10-19,65.74
Colombia,COL,2020-10-20,65.74
Colombia,COL,2020-10-21,65.74
Colombia,COL,2020-10-22,65.74
Colombia,COL,2020-10-23,65.74
Colombia,COL,2020-10-24,65.74
Colombia,COL,2020-10-25,65.74
Colombia,COL,2020-10-26,65.74
Colombia,COL,2020-10-27,65.74
Colombia,COL,2020-10-28,65.74
Colombia,COL,2020-10-29,65.74
Colombia,COL,2020-10-30,65.74
Colombia,COL,2020-10-31,65.74
Colombia,COL,2020-11-01,65.74
Colombia,COL,2020-11-02,65.74
Colombia,COL,2020-11-03,65.74
Colombia,COL,2020-11-04,65.74
Colombia,COL,2020-11-05,65.74
Colombia,COL,2020-11-06,65.74
Colombia,COL,2020-11-07,65.74
Colombia,COL,2020-11-08,65.74
Colombia,COL,2020-11-09,65.74
Colombia,COL,2020-11-10,65.74
Colombia,COL,2020-11-11,65.74
Colombia,COL,2020-11-12,65.74
Colombia,COL,2020-11-13,65.74
Colombia,COL,2020-11-14,65.74
Colombia,COL,2020-11-15,65.74
Colombia,COL,2020-11-16,65.74
Colombia,COL,2020-11-17,65.74
Colombia,COL,2020-11-18,65.74
Colombia,COL,2020-11-19,65.74
Colombia,COL,2020-11-20,65.74
Colombia,COL,2020-11-21,65.74
Colombia,COL,2020-11-22,65.74
Colombia,COL,2020-11-23,65.74
Colombia,COL,2020-11-24,65.74
Colombia,COL,2020-11-25,65.74
Colombia,COL,2020-11-26,60.19
Colombia,COL,2020-11-27,60.19
Colombia,COL,2020-11-28,60.19
Colombia,COL,2020-11-29,60.19
Colombia,COL,2020-11-30,60.19
Colombia,COL,2020-12-01,60.19
Colombia,COL,2020-12-02,60.19
Colombia,COL,2020-12-03,60.19
Colombia,COL,2020-12-04,60.19
Colombia,COL,2020-12-05,60.19
Colombia,COL,2020-12-06,60.19
Colombia,COL,2020-12-07,60.19
Colombia,COL,2020-12-08,60.19
Colombia,COL,2020-12-09,60.19
Colombia,COL,2020-12-10,60.19
Colombia,COL,2020-12-11,60.19
Colombia,COL,2020-12-12,60.19
Colombia,COL,2020-12-13,60.19
Colombia,COL,2020-12-14,60.19
Colombia,COL,2020-12-15,60.19
Colombia,COL,2020-12-16,60.19
Colombia,COL,2020-12-17,60.19
Colombia,COL,2020-12-18,60.19
Colombia,COL,2020-12-19,60.19
Colombia,COL,2020-12-20,60.19
Colombia,COL,2020-12-21,60.19
Colombia,COL,2020-12-22,60.19
Colombia,COL,2020-12-23,60.19
Colombia,COL,2020-12-24,60.19
Colombia,COL,2020-12-25,60.19
Colombia,COL,2020-12-26,60.19
Colombia,COL,2020-12-27,60.19
Colombia,COL,2020-12-28,60.19
Colombia,COL,2020-12-29,60.19
Colombia,COL,2020-12-30,60.19
Colombia,COL,2020-12-31,60.19
Colombia,COL,2021-01-01,60.19
Colombia,COL,2021-01-02,60.19
Colombia,COL,2021-01-03,60.19
Colombia,COL,2021-01-04,60.19
Colombia,COL,2021-01-05,60.19
Colombia,COL,2021-01-06,60.19
Colombia,COL,2021-01-07,81.02
Colombia,COL,2021-01-08,81.02
Colombia,COL,2021-01-09,81.02
Colombia,COL,2021-01-10,81.02
Colombia,COL,2021-01-11,81.02
Colombia,COL,2021-01-12,81.02
Colombia,COL,2021-01-13,81.02
Colombia,COL,2021-01-14,81.02
Colombia,COL,2021-01-15,81.02
Colombia,COL,2021-01-16,81.02
Colombia,COL,2021-01-17,81.02
Colombia,COL,2021-01-18,81.02
Colombia,COL,2021-01-19,81.02
Colombia,COL,2021-01-20,81.02
Colombia,COL,2021-01-21,81.02
Colombia,COL,2021-01-22,81.02
Colombia,COL,2021-01-23,81.02
Colombia,COL,2021-01-24,81.02
Colombia,COL,2021-01-25,81.02
Colombia,COL,2021-01-26,81.02
Colombia,COL,2021-01-27,81.02
Colombia,COL,2021-01-28,81.02
Colombia,COL,2021-01-29,81.02
Colombia,COL,2021-01-30,81.02
Colombia,COL,2021-01-31,81.02
Colombia,COL,2021-02-01,81.02
Colombia,COL,2021-02-02,81.02
Colombia,COL,2021-02-03,81.02
Colombia,COL,2021-02-04,81.02
Colombia,COL,2021-02-05,81.02
Colombia,COL,2021-02-06,81.02
Colombia,COL,2021-02-07,81.02
Colombia,COL,2021-02-08,81.02
Colombia,COL,2021-02-09,81.02
Colombia,COL,2021-02-10,81.02
Colombia,COL,2021-02-11,81.02
Colombia,COL,2021-02-12,81.02
Colombia,COL,2021-02-13,81.02
Colombia,COL,2021-02-14,81.02
Colombia,COL,2021-02-15,81.02
Colombia,COL,2021-02-16,81.02
Colombia,COL,2021-02-17,81.02
Colombia,COL,2021-02-18,81.02
Colombia,COL,2021-02-19,81.02
Colombia,COL,2021-02-20,81.02
Colombia,COL,2021-02-21,81.02
Colombia,COL,2021-02-22,81.02
Colombia,COL,2021-02-23,81.02
Colombia,COL,2021-02-24,81.02
Colombia,COL,2021-02-25,81.02
Colombia,COL,2021-02-26,81.02
Colombia,COL,2021-02-27,81.02
Colombia,COL,2021-02-28,81.02
Colombia,COL,2021-03-01,81.02
Colombia,COL,2021-03-02,81.02
Colombia,COL,2021-03-03,81.02
Colombia,COL,2021-03-04,81.02
Colombia,COL,2021-03-05,81.02
Colombia,COL,2021-03-06,81.02
Colombia,COL,2021-03-07,81.02
Congo,COG,2020-01-01,0
Congo,COG,2020-01-02,0
Congo,COG,2020-01-03,0
Congo,COG,2020-01-04,0
Congo,COG,2020-01-05,0
Congo,COG,2020-01-06,0
Congo,COG,2020-01-07,0
Congo,COG,2020-01-08,0
Congo,COG,2020-01-09,0
Congo,COG,2020-01-10,0
Congo,COG,2020-01-11,0
Congo,COG,2020-01-12,0
Congo,COG,2020-01-13,0
Congo,COG,2020-01-14,0
Congo,COG,2020-01-15,0
Congo,COG,2020-01-16,0
Congo,COG,2020-01-17,0
Congo,COG,2020-01-18,0
Congo,COG,2020-01-19,0
Congo,COG,2020-01-20,0
Congo,COG,2020-01-21,0
Congo,COG,2020-01-22,0
Congo,COG,2020-01-23,0
Congo,COG,2020-01-24,0
Congo,COG,2020-01-25,0
Congo,COG,2020-01-26,0
Congo,COG,2020-01-27,0
Congo,COG,2020-01-28,0
Congo,COG,2020-01-29,0
Congo,COG,2020-01-30,0
Congo,COG,2020-01-31,0
Congo,COG,2020-02-01,0
Congo,COG,2020-02-02,0
Congo,COG,2020-02-03,0
Congo,COG,2020-02-04,0
Congo,COG,2020-02-05,0
Congo,COG,2020-02-06,0
Congo,COG,2020-02-07,0
Congo,COG,2020-02-08,0
Congo,COG,2020-02-09,0
Congo,COG,2020-02-10,0
Congo,COG,2020-02-11,0
Congo,COG,2020-02-12,0
Congo,COG,2020-02-13,0
Congo,COG,2020-02-14,0
Congo,COG,2020-02-15,0
Congo,COG,2020-02-16,0
Congo,COG,2020-02-17,0
Congo,COG,2020-02-18,0
Congo,COG,2020-02-19,0
Congo,COG,2020-02-20,0
Congo,COG,2020-02-21,0
Congo,COG,2020-02-22,0
Congo,COG,2020-02-23,0
Congo,COG,2020-02-24,0
Congo,COG,2020-02-25,0
Congo,COG,2020-02-26,0
Congo,COG,2020-02-27,0
Congo,COG,2020-02-28,0
Congo,COG,2020-02-29,0
Congo,COG,2020-03-01,0
Congo,COG,2020-03-02,0
Congo,COG,2020-03-03,5.56
Congo,COG,2020-03-04,5.56
Congo,COG,2020-03-05,5.56
Congo,COG,2020-03-06,5.56
Congo,COG,2020-03-07,5.56
Congo,COG,2020-03-08,5.56
Congo,COG,2020-03-09,5.56
Congo,COG,2020-03-10,5.56
Congo,COG,2020-03-11,5.56
Congo,COG,2020-03-12,5.56
Congo,COG,2020-03-13,5.56
Congo,COG,2020-03-14,5.56
Congo,COG,2020-03-15,11.11
Congo,COG,2020-03-16,11.11
Congo,COG,2020-03-17,11.11
Congo,COG,2020-03-18,11.11
Congo,COG,2020-03-19,11.11
Congo,COG,2020-03-20,11.11
Congo,COG,2020-03-21,16.67
Congo,COG,2020-03-22,16.67
Congo,COG,2020-03-23,16.67
Congo,COG,2020-03-24,16.67
Congo,COG,2020-03-25,16.67
Congo,COG,2020-03-26,16.67
Congo,COG,2020-03-27,16.67
Congo,COG,2020-03-28,80.56
Congo,COG,2020-03-29,80.56
Congo,COG,2020-03-30,86.11
Congo,COG,2020-03-31,97.22
Congo,COG,2020-04-01,97.22
Congo,COG,2020-04-02,97.22
Congo,COG,2020-04-03,97.22
Congo,COG,2020-04-04,97.22
Congo,COG,2020-04-05,97.22
Congo,COG,2020-04-06,97.22
Congo,COG,2020-04-07,97.22
Congo,COG,2020-04-08,97.22
Congo,COG,2020-04-09,97.22
Congo,COG,2020-04-10,97.22
Congo,COG,2020-04-11,97.22
Congo,COG,2020-04-12,97.22
Congo,COG,2020-04-13,97.22
Congo,COG,2020-04-14,97.22
Congo,COG,2020-04-15,97.22
Congo,COG,2020-04-16,97.22
Congo,COG,2020-04-17,97.22
Congo,COG,2020-04-18,97.22
Congo,COG,2020-04-19,97.22
Congo,COG,2020-04-20,97.22
Congo,COG,2020-04-21,97.22
Congo,COG,2020-04-22,97.22
Congo,COG,2020-04-23,97.22
Congo,COG,2020-04-24,97.22
Congo,COG,2020-04-25,97.22
Congo,COG,2020-04-26,97.22
Congo,COG,2020-04-27,97.22
Congo,COG,2020-04-28,97.22
Congo,COG,2020-04-29,97.22
Congo,COG,2020-04-30,97.22
Congo,COG,2020-05-01,97.22
Congo,COG,2020-05-02,97.22
Congo,COG,2020-05-03,97.22
Congo,COG,2020-05-04,97.22
Congo,COG,2020-05-05,97.22
Congo,COG,2020-05-06,97.22
Congo,COG,2020-05-07,97.22
Congo,COG,2020-05-08,97.22
Congo,COG,2020-05-09,97.22
Congo,COG,2020-05-10,97.22
Congo,COG,2020-05-11,97.22
Congo,COG,2020-05-12,97.22
Congo,COG,2020-05-13,97.22
Congo,COG,2020-05-14,97.22
Congo,COG,2020-05-15,97.22
Congo,COG,2020-05-16,97.22
Congo,COG,2020-05-17,97.22
Congo,COG,2020-05-18,82.41
Congo,COG,2020-05-19,82.41
Congo,COG,2020-05-20,82.41
Congo,COG,2020-05-21,82.41
Congo,COG,2020-05-22,82.41
Congo,COG,2020-05-23,82.41
Congo,COG,2020-05-24,82.41
Congo,COG,2020-05-25,82.41
Congo,COG,2020-05-26,82.41
Congo,COG,2020-05-27,82.41
Congo,COG,2020-05-28,82.41
Congo,COG,2020-05-29,82.41
Congo,COG,2020-05-30,82.41
Congo,COG,2020-05-31,82.41
Congo,COG,2020-06-01,82.41
Congo,COG,2020-06-02,73.15
Congo,COG,2020-06-03,73.15
Congo,COG,2020-06-04,73.15
Congo,COG,2020-06-05,73.15
Congo,COG,2020-06-06,73.15
Congo,COG,2020-06-07,73.15
Congo,COG,2020-06-08,73.15
Congo,COG,2020-06-09,73.15
Congo,COG,2020-06-10,73.15
Congo,COG,2020-06-11,73.15
Congo,COG,2020-06-12,73.15
Congo,COG,2020-06-13,73.15
Congo,COG,2020-06-14,73.15
Congo,COG,2020-06-15,73.15
Congo,COG,2020-06-16,73.15
Congo,COG,2020-06-17,73.15
Congo,COG,2020-06-18,73.15
Congo,COG,2020-06-19,73.15
Congo,COG,2020-06-20,73.15
Congo,COG,2020-06-21,73.15
Congo,COG,2020-06-22,73.15
Congo,COG,2020-06-23,73.15
Congo,COG,2020-06-24,73.15
Congo,COG,2020-06-25,73.15
Congo,COG,2020-06-26,73.15
Congo,COG,2020-06-27,73.15
Congo,COG,2020-06-28,73.15
Congo,COG,2020-06-29,73.15
Congo,COG,2020-06-30,73.15
Congo,COG,2020-07-01,73.15
Congo,COG,2020-07-02,73.15
Congo,COG,2020-07-03,73.15
Congo,COG,2020-07-04,73.15
Congo,COG,2020-07-05,73.15
Congo,COG,2020-07-06,73.15
Congo,COG,2020-07-07,73.15
Congo,COG,2020-07-08,73.15
Congo,COG,2020-07-09,73.15
Congo,COG,2020-07-10,73.15
Congo,COG,2020-07-11,73.15
Congo,COG,2020-07-12,73.15
Congo,COG,2020-07-13,73.15
Congo,COG,2020-07-14,73.15
Congo,COG,2020-07-15,73.15
Congo,COG,2020-07-16,73.15
Congo,COG,2020-07-17,73.15
Congo,COG,2020-07-18,73.15
Congo,COG,2020-07-19,73.15
Congo,COG,2020-07-20,73.15
Congo,COG,2020-07-21,62.04
Congo,COG,2020-07-22,62.04
Congo,COG,2020-07-23,62.04
Congo,COG,2020-07-24,62.04
Congo,COG,2020-07-25,62.04
Congo,COG,2020-07-26,62.04
Congo,COG,2020-07-27,62.04
Congo,COG,2020-07-28,62.04
Congo,COG,2020-07-29,62.04
Congo,COG,2020-07-30,62.04
Congo,COG,2020-07-31,62.04
Congo,COG,2020-08-01,62.04
Congo,COG,2020-08-02,62.04
Congo,COG,2020-08-03,62.04
Congo,COG,2020-08-04,67.59
Congo,COG,2020-08-05,67.59
Congo,COG,2020-08-06,67.59
Congo,COG,2020-08-07,67.59
Congo,COG,2020-08-08,67.59
Congo,COG,2020-08-09,67.59
Congo,COG,2020-08-10,67.59
Congo,COG,2020-08-11,67.59
Congo,COG,2020-08-12,67.59
Congo,COG,2020-08-13,67.59
Congo,COG,2020-08-14,67.59
Congo,COG,2020-08-15,67.59
Congo,COG,2020-08-16,67.59
Congo,COG,2020-08-17,67.59
Congo,COG,2020-08-18,67.59
Congo,COG,2020-08-19,67.59
Congo,COG,2020-08-20,67.59
Congo,COG,2020-08-21,67.59
Congo,COG,2020-08-22,67.59
Congo,COG,2020-08-23,67.59
Congo,COG,2020-08-24,62.04
Congo,COG,2020-08-25,62.04
Congo,COG,2020-08-26,62.04
Congo,COG,2020-08-27,62.04
Congo,COG,2020-08-28,62.04
Congo,COG,2020-08-29,62.04
Congo,COG,2020-08-30,62.04
Congo,COG,2020-08-31,62.04
Congo,COG,2020-09-01,62.04
Congo,COG,2020-09-02,62.04
Congo,COG,2020-09-03,62.04
Congo,COG,2020-09-04,62.04
Congo,COG,2020-09-05,62.04
Congo,COG,2020-09-06,62.04
Congo,COG,2020-09-07,62.04
Congo,COG,2020-09-08,62.04
Congo,COG,2020-09-09,62.04
Congo,COG,2020-09-10,62.04
Congo,COG,2020-09-11,62.04
Congo,COG,2020-09-12,62.04
Congo,COG,2020-09-13,62.04
Congo,COG,2020-09-14,62.04
Congo,COG,2020-09-15,62.04
Congo,COG,2020-09-16,62.04
Congo,COG,2020-09-17,62.04
Congo,COG,2020-09-18,62.04
Congo,COG,2020-09-19,62.04
Congo,COG,2020-09-20,62.04
Congo,COG,2020-09-21,62.04
Congo,COG,2020-09-22,62.04
Congo,COG,2020-09-23,62.04
Congo,COG,2020-09-24,62.04
Congo,COG,2020-09-25,62.04
Congo,COG,2020-09-26,62.04
Congo,COG,2020-09-27,62.04
Congo,COG,2020-09-28,56.48
Congo,COG,2020-09-29,56.48
Congo,COG,2020-09-30,56.48
Congo,COG,2020-10-01,56.48
Congo,COG,2020-10-02,56.48
Congo,COG,2020-10-03,56.48
Congo,COG,2020-10-04,56.48
Congo,COG,2020-10-05,56.48
Congo,COG,2020-10-06,56.48
Congo,COG,2020-10-07,56.48
Congo,COG,2020-10-08,56.48
Congo,COG,2020-10-09,56.48
Congo,COG,2020-10-10,56.48
Congo,COG,2020-10-11,56.48
Congo,COG,2020-10-12,56.48
Congo,COG,2020-10-13,56.48
Congo,COG,2020-10-14,56.48
Congo,COG,2020-10-15,50.93
Congo,COG,2020-10-16,50.93
Congo,COG,2020-10-17,50.93
Congo,COG,2020-10-18,50.93
Congo,COG,2020-10-19,50.93
Congo,COG,2020-10-20,50.93
Congo,COG,2020-10-21,50.93
Congo,COG,2020-10-22,47.22
Congo,COG,2020-10-23,47.22
Congo,COG,2020-10-24,47.22
Congo,COG,2020-10-25,47.22
Congo,COG,2020-10-26,47.22
Congo,COG,2020-10-27,47.22
Congo,COG,2020-10-28,47.22
Congo,COG,2020-10-29,47.22
Congo,COG,2020-10-30,47.22
Congo,COG,2020-10-31,47.22
Congo,COG,2020-11-01,47.22
Congo,COG,2020-11-02,47.22
Congo,COG,2020-11-03,47.22
Congo,COG,2020-11-04,47.22
Congo,COG,2020-11-05,47.22
Congo,COG,2020-11-06,47.22
Congo,COG,2020-11-07,47.22
Congo,COG,2020-11-08,47.22
Congo,COG,2020-11-09,47.22
Congo,COG,2020-11-10,47.22
Congo,COG,2020-11-11,47.22
Congo,COG,2020-11-12,47.22
Congo,COG,2020-11-13,47.22
Congo,COG,2020-11-14,47.22
Congo,COG,2020-11-15,47.22
Congo,COG,2020-11-16,44.44
Congo,COG,2020-11-17,44.44
Congo,COG,2020-11-18,44.44
Congo,COG,2020-11-19,44.44
Congo,COG,2020-11-20,44.44
Congo,COG,2020-11-21,44.44
Congo,COG,2020-11-22,44.44
Congo,COG,2020-11-23,43.52
Congo,COG,2020-11-24,43.52
Congo,COG,2020-11-25,43.52
Congo,COG,2020-11-26,43.52
Congo,COG,2020-11-27,43.52
Congo,COG,2020-11-28,43.52
Congo,COG,2020-11-29,43.52
Congo,COG,2020-11-30,43.52
Congo,COG,2020-12-01,43.52
Congo,COG,2020-12-02,43.52
Congo,COG,2020-12-03,43.52
Congo,COG,2020-12-04,43.52
Congo,COG,2020-12-05,43.52
Congo,COG,2020-12-06,43.52
Congo,COG,2020-12-07,43.52
Congo,COG,2020-12-08,43.52
Congo,COG,2020-12-09,43.52
Congo,COG,2020-12-10,43.52
Congo,COG,2020-12-11,43.52
Congo,COG,2020-12-12,43.52
Congo,COG,2020-12-13,43.52
Congo,COG,2020-12-14,43.52
Congo,COG,2020-12-15,43.52
Congo,COG,2020-12-16,43.52
Congo,COG,2020-12-17,43.52
Congo,COG,2020-12-18,43.52
Congo,COG,2020-12-19,43.52
Congo,COG,2020-12-20,43.52
Congo,COG,2020-12-21,43.52
Congo,COG,2020-12-22,43.52
Congo,COG,2020-12-23,43.52
Congo,COG,2020-12-24,43.52
Congo,COG,2020-12-25,49.07
Congo,COG,2020-12-26,43.52
Congo,COG,2020-12-27,43.52
Congo,COG,2020-12-28,43.52
Congo,COG,2020-12-29,43.52
Congo,COG,2020-12-30,43.52
Congo,COG,2020-12-31,49.07
Congo,COG,2021-01-01,43.52
Congo,COG,2021-01-02,43.52
Congo,COG,2021-01-03,43.52
Congo,COG,2021-01-04,43.52
Congo,COG,2021-01-05,43.52
Congo,COG,2021-01-06,43.52
Congo,COG,2021-01-07,43.52
Congo,COG,2021-01-08,43.52
Congo,COG,2021-01-09,43.52
Congo,COG,2021-01-10,43.52
Congo,COG,2021-01-11,43.52
Congo,COG,2021-01-12,43.52
Congo,COG,2021-01-13,43.52
Congo,COG,2021-01-14,43.52
Congo,COG,2021-01-15,43.52
Congo,COG,2021-01-16,43.52
Congo,COG,2021-01-17,43.52
Congo,COG,2021-01-18,43.52
Congo,COG,2021-01-19,43.52
Congo,COG,2021-01-20,43.52
Congo,COG,2021-01-21,43.52
Congo,COG,2021-01-22,43.52
Congo,COG,2021-01-23,43.52
Congo,COG,2021-01-24,43.52
Congo,COG,2021-01-25,43.52
Congo,COG,2021-01-26,43.52
Congo,COG,2021-01-27,43.52
Congo,COG,2021-01-28,43.52
Congo,COG,2021-01-29,43.52
Congo,COG,2021-01-30,43.52
Congo,COG,2021-01-31,43.52
Congo,COG,2021-02-01,43.52
Congo,COG,2021-02-02,43.52
Congo,COG,2021-02-03,43.52
Congo,COG,2021-02-04,43.52
Congo,COG,2021-02-05,43.52
Congo,COG,2021-02-06,43.52
Congo,COG,2021-02-07,43.52
Congo,COG,2021-02-08,43.52
Congo,COG,2021-02-09,43.52
Congo,COG,2021-02-10,43.52
Congo,COG,2021-02-11,43.52
Congo,COG,2021-02-12,43.52
Congo,COG,2021-02-13,43.52
Congo,COG,2021-02-14,43.52
Congo,COG,2021-02-15,43.52
Congo,COG,2021-02-16,43.52
Congo,COG,2021-02-17,43.52
Congo,COG,2021-02-18,43.52
Congo,COG,2021-02-19,43.52
Congo,COG,2021-02-20,43.52
Congo,COG,2021-02-21,43.52
Congo,COG,2021-02-22,43.52
Congo,COG,2021-02-23,43.52
Congo,COG,2021-02-24,43.52
Congo,COG,2021-02-25,43.52
Congo,COG,2021-02-26,43.52
Congo,COG,2021-02-27,43.52
Congo,COG,2021-02-28,43.52
Congo,COG,2021-03-01,43.52
Congo,COG,2021-03-02,41.67
Congo,COG,2021-03-03,41.67
Congo,COG,2021-03-04,41.67
Congo,COG,2021-03-05,41.67
Congo,COG,2021-03-06,41.67
Congo,COG,2021-03-07,41.67
Congo,COG,2021-03-08,41.67
Costa Rica,CRI,2020-01-01,0
Costa Rica,CRI,2020-01-02,0
Costa Rica,CRI,2020-01-03,0
Costa Rica,CRI,2020-01-04,0
Costa Rica,CRI,2020-01-05,0
Costa Rica,CRI,2020-01-06,0
Costa Rica,CRI,2020-01-07,0
Costa Rica,CRI,2020-01-08,0
Costa Rica,CRI,2020-01-09,0
Costa Rica,CRI,2020-01-10,0
Costa Rica,CRI,2020-01-11,0
Costa Rica,CRI,2020-01-12,0
Costa Rica,CRI,2020-01-13,0
Costa Rica,CRI,2020-01-14,0
Costa Rica,CRI,2020-01-15,0
Costa Rica,CRI,2020-01-16,0
Costa Rica,CRI,2020-01-17,0
Costa Rica,CRI,2020-01-18,0
Costa Rica,CRI,2020-01-19,0
Costa Rica,CRI,2020-01-20,0
Costa Rica,CRI,2020-01-21,0
Costa Rica,CRI,2020-01-22,0
Costa Rica,CRI,2020-01-23,0
Costa Rica,CRI,2020-01-24,0
Costa Rica,CRI,2020-01-25,0
Costa Rica,CRI,2020-01-26,0
Costa Rica,CRI,2020-01-27,0
Costa Rica,CRI,2020-01-28,0
Costa Rica,CRI,2020-01-29,0
Costa Rica,CRI,2020-01-30,0
Costa Rica,CRI,2020-01-31,0
Costa Rica,CRI,2020-02-01,0
Costa Rica,CRI,2020-02-02,0
Costa Rica,CRI,2020-02-03,11.11
Costa Rica,CRI,2020-02-04,11.11
Costa Rica,CRI,2020-02-05,11.11
Costa Rica,CRI,2020-02-06,11.11
Costa Rica,CRI,2020-02-07,11.11
Costa Rica,CRI,2020-02-08,11.11
Costa Rica,CRI,2020-02-09,11.11
Costa Rica,CRI,2020-02-10,11.11
Costa Rica,CRI,2020-02-11,11.11
Costa Rica,CRI,2020-02-12,11.11
Costa Rica,CRI,2020-02-13,11.11
Costa Rica,CRI,2020-02-14,11.11
Costa Rica,CRI,2020-02-15,11.11
Costa Rica,CRI,2020-02-16,11.11
Costa Rica,CRI,2020-02-17,11.11
Costa Rica,CRI,2020-02-18,11.11
Costa Rica,CRI,2020-02-19,11.11
Costa Rica,CRI,2020-02-20,11.11
Costa Rica,CRI,2020-02-21,11.11
Costa Rica,CRI,2020-02-22,11.11
Costa Rica,CRI,2020-02-23,11.11
Costa Rica,CRI,2020-02-24,11.11
Costa Rica,CRI,2020-02-25,11.11
Costa Rica,CRI,2020-02-26,11.11
Costa Rica,CRI,2020-02-27,11.11
Costa Rica,CRI,2020-02-28,11.11
Costa Rica,CRI,2020-02-29,11.11
Costa Rica,CRI,2020-03-01,11.11
Costa Rica,CRI,2020-03-02,11.11
Costa Rica,CRI,2020-03-03,11.11
Costa Rica,CRI,2020-03-04,11.11
Costa Rica,CRI,2020-03-05,11.11
Costa Rica,CRI,2020-03-06,11.11
Costa Rica,CRI,2020-03-07,11.11
Costa Rica,CRI,2020-03-08,11.11
Costa Rica,CRI,2020-03-09,11.11
Costa Rica,CRI,2020-03-10,29.63
Costa Rica,CRI,2020-03-11,29.63
Costa Rica,CRI,2020-03-12,37.04
Costa Rica,CRI,2020-03-13,37.04
Costa Rica,CRI,2020-03-14,37.04
Costa Rica,CRI,2020-03-15,37.04
Costa Rica,CRI,2020-03-16,37.04
Costa Rica,CRI,2020-03-17,62.96
Costa Rica,CRI,2020-03-18,62.96
Costa Rica,CRI,2020-03-19,62.96
Costa Rica,CRI,2020-03-20,62.96
Costa Rica,CRI,2020-03-21,71.3
Costa Rica,CRI,2020-03-22,71.3
Costa Rica,CRI,2020-03-23,71.3
Costa Rica,CRI,2020-03-24,71.3
Costa Rica,CRI,2020-03-25,71.3
Costa Rica,CRI,2020-03-26,71.3
Costa Rica,CRI,2020-03-27,71.3
Costa Rica,CRI,2020-03-28,71.3
Costa Rica,CRI,2020-03-29,71.3
Costa Rica,CRI,2020-03-30,71.3
Costa Rica,CRI,2020-03-31,71.3
Costa Rica,CRI,2020-04-01,75
Costa Rica,CRI,2020-04-02,75
Costa Rica,CRI,2020-04-03,75
Costa Rica,CRI,2020-04-04,75
Costa Rica,CRI,2020-04-05,75
Costa Rica,CRI,2020-04-06,75
Costa Rica,CRI,2020-04-07,75
Costa Rica,CRI,2020-04-08,77.78
Costa Rica,CRI,2020-04-09,77.78
Costa Rica,CRI,2020-04-10,77.78
Costa Rica,CRI,2020-04-11,77.78
Costa Rica,CRI,2020-04-12,77.78
Costa Rica,CRI,2020-04-13,75.93
Costa Rica,CRI,2020-04-14,75.93
Costa Rica,CRI,2020-04-15,75.93
Costa Rica,CRI,2020-04-16,75.93
Costa Rica,CRI,2020-04-17,75.93
Costa Rica,CRI,2020-04-18,75.93
Costa Rica,CRI,2020-04-19,75.93
Costa Rica,CRI,2020-04-20,75.93
Costa Rica,CRI,2020-04-21,75.93
Costa Rica,CRI,2020-04-22,75.93
Costa Rica,CRI,2020-04-23,75.93
Costa Rica,CRI,2020-04-24,75.93
Costa Rica,CRI,2020-04-25,75.93
Costa Rica,CRI,2020-04-26,75.93
Costa Rica,CRI,2020-04-27,81.48
Costa Rica,CRI,2020-04-28,81.48
Costa Rica,CRI,2020-04-29,81.48
Costa Rica,CRI,2020-04-30,81.48
Costa Rica,CRI,2020-05-01,72.22
Costa Rica,CRI,2020-05-02,72.22
Costa Rica,CRI,2020-05-03,72.22
Costa Rica,CRI,2020-05-04,72.22
Costa Rica,CRI,2020-05-05,72.22
Costa Rica,CRI,2020-05-06,72.22
Costa Rica,CRI,2020-05-07,72.22
Costa Rica,CRI,2020-05-08,72.22
Costa Rica,CRI,2020-05-09,72.22
Costa Rica,CRI,2020-05-10,72.22
Costa Rica,CRI,2020-05-11,72.22
Costa Rica,CRI,2020-05-12,72.22
Costa Rica,CRI,2020-05-13,72.22
Costa Rica,CRI,2020-05-14,72.22
Costa Rica,CRI,2020-05-15,72.22
Costa Rica,CRI,2020-05-16,72.22
Costa Rica,CRI,2020-05-17,72.22
Costa Rica,CRI,2020-05-18,72.22
Costa Rica,CRI,2020-05-19,72.22
Costa Rica,CRI,2020-05-20,72.22
Costa Rica,CRI,2020-05-21,72.22
Costa Rica,CRI,2020-05-22,72.22
Costa Rica,CRI,2020-05-23,72.22
Costa Rica,CRI,2020-05-24,72.22
Costa Rica,CRI,2020-05-25,72.22
Costa Rica,CRI,2020-05-26,72.22
Costa Rica,CRI,2020-05-27,72.22
Costa Rica,CRI,2020-05-28,72.22
Costa Rica,CRI,2020-05-29,72.22
Costa Rica,CRI,2020-05-30,72.22
Costa Rica,CRI,2020-05-31,72.22
Costa Rica,CRI,2020-06-01,72.22
Costa Rica,CRI,2020-06-02,72.22
Costa Rica,CRI,2020-06-03,72.22
Costa Rica,CRI,2020-06-04,72.22
Costa Rica,CRI,2020-06-05,72.22
Costa Rica,CRI,2020-06-06,72.22
Costa Rica,CRI,2020-06-07,72.22
Costa Rica,CRI,2020-06-08,72.22
Costa Rica,CRI,2020-06-09,72.22
Costa Rica,CRI,2020-06-10,72.22
Costa Rica,CRI,2020-06-11,72.22
Costa Rica,CRI,2020-06-12,72.22
Costa Rica,CRI,2020-06-13,72.22
Costa Rica,CRI,2020-06-14,72.22
Costa Rica,CRI,2020-06-15,72.22
Costa Rica,CRI,2020-06-16,72.22
Costa Rica,CRI,2020-06-17,72.22
Costa Rica,CRI,2020-06-18,72.22
Costa Rica,CRI,2020-06-19,72.22
Costa Rica,CRI,2020-06-20,72.22
Costa Rica,CRI,2020-06-21,72.22
Costa Rica,CRI,2020-06-22,72.22
Costa Rica,CRI,2020-06-23,72.22
Costa Rica,CRI,2020-06-24,72.22
Costa Rica,CRI,2020-06-25,72.22
Costa Rica,CRI,2020-06-26,73.61
Costa Rica,CRI,2020-06-27,73.61
Costa Rica,CRI,2020-06-28,73.61
Costa Rica,CRI,2020-06-29,73.61
Costa Rica,CRI,2020-06-30,73.61
Costa Rica,CRI,2020-07-01,73.61
Costa Rica,CRI,2020-07-02,73.61
Costa Rica,CRI,2020-07-03,73.61
Costa Rica,CRI,2020-07-04,73.61
Costa Rica,CRI,2020-07-05,73.61
Costa Rica,CRI,2020-07-06,73.61
Costa Rica,CRI,2020-07-07,73.61
Costa Rica,CRI,2020-07-08,73.61
Costa Rica,CRI,2020-07-09,73.61
Costa Rica,CRI,2020-07-10,73.61
Costa Rica,CRI,2020-07-11,73.61
Costa Rica,CRI,2020-07-12,73.61
Costa Rica,CRI,2020-07-13,73.61
Costa Rica,CRI,2020-07-14,73.61
Costa Rica,CRI,2020-07-15,73.61
Costa Rica,CRI,2020-07-16,73.61
Costa Rica,CRI,2020-07-17,73.61
Costa Rica,CRI,2020-07-18,73.61
Costa Rica,CRI,2020-07-19,73.61
Costa Rica,CRI,2020-07-20,73.61
Costa Rica,CRI,2020-07-21,73.61
Costa Rica,CRI,2020-07-22,73.61
Costa Rica,CRI,2020-07-23,73.61
Costa Rica,CRI,2020-07-24,73.61
Costa Rica,CRI,2020-07-25,73.61
Costa Rica,CRI,2020-07-26,73.61
Costa Rica,CRI,2020-07-27,73.61
Costa Rica,CRI,2020-07-28,73.61
Costa Rica,CRI,2020-07-29,73.61
Costa Rica,CRI,2020-07-30,73.61
Costa Rica,CRI,2020-07-31,73.61
Costa Rica,CRI,2020-08-01,62.96
Costa Rica,CRI,2020-08-02,62.96
Costa Rica,CRI,2020-08-03,62.96
Costa Rica,CRI,2020-08-04,62.96
Costa Rica,CRI,2020-08-05,62.96
Costa Rica,CRI,2020-08-06,68.52
Costa Rica,CRI,2020-08-07,68.52
Costa Rica,CRI,2020-08-08,68.52
Costa Rica,CRI,2020-08-09,68.52
Costa Rica,CRI,2020-08-10,72.22
Costa Rica,CRI,2020-08-11,72.22
Costa Rica,CRI,2020-08-12,72.22
Costa Rica,CRI,2020-08-13,72.22
Costa Rica,CRI,2020-08-14,72.22
Costa Rica,CRI,2020-08-15,72.22
Costa Rica,CRI,2020-08-16,72.22
Costa Rica,CRI,2020-08-17,72.22
Costa Rica,CRI,2020-08-18,72.22
Costa Rica,CRI,2020-08-19,72.22
Costa Rica,CRI,2020-08-20,72.22
Costa Rica,CRI,2020-08-21,72.22
Costa Rica,CRI,2020-08-22,72.22
Costa Rica,CRI,2020-08-23,72.22
Costa Rica,CRI,2020-08-24,72.22
Costa Rica,CRI,2020-08-25,72.22
Costa Rica,CRI,2020-08-26,72.22
Costa Rica,CRI,2020-08-27,72.22
Costa Rica,CRI,2020-08-28,61.11
Costa Rica,CRI,2020-08-29,61.11
Costa Rica,CRI,2020-08-30,61.11
Costa Rica,CRI,2020-08-31,61.11
Costa Rica,CRI,2020-09-01,61.11
Costa Rica,CRI,2020-09-02,61.11
Costa Rica,CRI,2020-09-03,61.11
Costa Rica,CRI,2020-09-04,61.11
Costa Rica,CRI,2020-09-05,61.11
Costa Rica,CRI,2020-09-06,61.11
Costa Rica,CRI,2020-09-07,61.11
Costa Rica,CRI,2020-09-08,61.11
Costa Rica,CRI,2020-09-09,61.11
Costa Rica,CRI,2020-09-10,61.11
Costa Rica,CRI,2020-09-11,61.11
Costa Rica,CRI,2020-09-12,61.11
Costa Rica,CRI,2020-09-13,61.11
Costa Rica,CRI,2020-09-14,62.96
Costa Rica,CRI,2020-09-15,62.96
Costa Rica,CRI,2020-09-16,62.96
Costa Rica,CRI,2020-09-17,62.96
Costa Rica,CRI,2020-09-18,62.96
Costa Rica,CRI,2020-09-19,62.96
Costa Rica,CRI,2020-09-20,62.96
Costa Rica,CRI,2020-09-21,62.96
Costa Rica,CRI,2020-09-22,62.96
Costa Rica,CRI,2020-09-23,62.96
Costa Rica,CRI,2020-09-24,62.96
Costa Rica,CRI,2020-09-25,62.96
Costa Rica,CRI,2020-09-26,62.96
Costa Rica,CRI,2020-09-27,62.96
Costa Rica,CRI,2020-09-28,62.96
Costa Rica,CRI,2020-09-29,62.96
Costa Rica,CRI,2020-09-30,62.96
Costa Rica,CRI,2020-10-01,62.96
Costa Rica,CRI,2020-10-02,62.96
Costa Rica,CRI,2020-10-03,62.96
Costa Rica,CRI,2020-10-04,62.96
Costa Rica,CRI,2020-10-05,61.11
Costa Rica,CRI,2020-10-06,61.11
Costa Rica,CRI,2020-10-07,58.33
Costa Rica,CRI,2020-10-08,58.33
Costa Rica,CRI,2020-10-09,58.33
Costa Rica,CRI,2020-10-10,58.33
Costa Rica,CRI,2020-10-11,58.33
Costa Rica,CRI,2020-10-12,58.33
Costa Rica,CRI,2020-10-13,58.33
Costa Rica,CRI,2020-10-14,58.33
Costa Rica,CRI,2020-10-15,58.33
Costa Rica,CRI,2020-10-16,58.33
Costa Rica,CRI,2020-10-17,58.33
Costa Rica,CRI,2020-10-18,58.33
Costa Rica,CRI,2020-10-19,58.33
Costa Rica,CRI,2020-10-20,58.33
Costa Rica,CRI,2020-10-21,58.33
Costa Rica,CRI,2020-10-22,58.33
Costa Rica,CRI,2020-10-23,58.33
Costa Rica,CRI,2020-10-24,58.33
Costa Rica,CRI,2020-10-25,58.33
Costa Rica,CRI,2020-10-26,58.33
Costa Rica,CRI,2020-10-27,58.33
Costa Rica,CRI,2020-10-28,58.33
Costa Rica,CRI,2020-10-29,58.33
Costa Rica,CRI,2020-10-30,58.33
Costa Rica,CRI,2020-10-31,58.33
Costa Rica,CRI,2020-11-01,55.56
Costa Rica,CRI,2020-11-02,55.56
Costa Rica,CRI,2020-11-03,55.56
Costa Rica,CRI,2020-11-04,55.56
Costa Rica,CRI,2020-11-05,55.56
Costa Rica,CRI,2020-11-06,55.56
Costa Rica,CRI,2020-11-07,55.56
Costa Rica,CRI,2020-11-08,55.56
Costa Rica,CRI,2020-11-09,55.56
Costa Rica,CRI,2020-11-10,55.56
Costa Rica,CRI,2020-11-11,55.56
Costa Rica,CRI,2020-11-12,55.56
Costa Rica,CRI,2020-11-13,55.56
Costa Rica,CRI,2020-11-14,55.56
Costa Rica,CRI,2020-11-15,55.56
Costa Rica,CRI,2020-11-16,55.56
Costa Rica,CRI,2020-11-17,55.56
Costa Rica,CRI,2020-11-18,55.56
Costa Rica,CRI,2020-11-19,55.56
Costa Rica,CRI,2020-11-20,55.56
Costa Rica,CRI,2020-11-21,55.56
Costa Rica,CRI,2020-11-22,55.56
Costa Rica,CRI,2020-11-23,55.56
Costa Rica,CRI,2020-11-24,55.56
Costa Rica,CRI,2020-11-25,55.56
Costa Rica,CRI,2020-11-26,55.56
Costa Rica,CRI,2020-11-27,55.56
Costa Rica,CRI,2020-11-28,55.56
Costa Rica,CRI,2020-11-29,55.56
Costa Rica,CRI,2020-11-30,55.56
Costa Rica,CRI,2020-12-01,55.56
Costa Rica,CRI,2020-12-02,55.56
Costa Rica,CRI,2020-12-03,55.56
Costa Rica,CRI,2020-12-04,55.56
Costa Rica,CRI,2020-12-05,55.56
Costa Rica,CRI,2020-12-06,55.56
Costa Rica,CRI,2020-12-07,55.56
Costa Rica,CRI,2020-12-08,55.56
Costa Rica,CRI,2020-12-09,55.56
Costa Rica,CRI,2020-12-10,55.56
Costa Rica,CRI,2020-12-11,55.56
Costa Rica,CRI,2020-12-12,55.56
Costa Rica,CRI,2020-12-13,55.56
Costa Rica,CRI,2020-12-14,55.56
Costa Rica,CRI,2020-12-15,55.56
Costa Rica,CRI,2020-12-16,55.56
Costa Rica,CRI,2020-12-17,55.56
Costa Rica,CRI,2020-12-18,55.56
Costa Rica,CRI,2020-12-19,55.56
Costa Rica,CRI,2020-12-20,55.56
Costa Rica,CRI,2020-12-21,55.56
Costa Rica,CRI,2020-12-22,55.56
Costa Rica,CRI,2020-12-23,55.56
Costa Rica,CRI,2020-12-24,55.56
Costa Rica,CRI,2020-12-25,55.56
Costa Rica,CRI,2020-12-26,55.56
Costa Rica,CRI,2020-12-27,55.56
Costa Rica,CRI,2020-12-28,55.56
Costa Rica,CRI,2020-12-29,55.56
Costa Rica,CRI,2020-12-30,55.56
Costa Rica,CRI,2020-12-31,63.89
Costa Rica,CRI,2021-01-01,63.89
Costa Rica,CRI,2021-01-02,63.89
Costa Rica,CRI,2021-01-03,63.89
Costa Rica,CRI,2021-01-04,63.89
Costa Rica,CRI,2021-01-05,63.89
Costa Rica,CRI,2021-01-06,63.89
Costa Rica,CRI,2021-01-07,63.89
Costa Rica,CRI,2021-01-08,63.89
Costa Rica,CRI,2021-01-09,63.89
Costa Rica,CRI,2021-01-10,63.89
Costa Rica,CRI,2021-01-11,63.89
Costa Rica,CRI,2021-01-12,63.89
Costa Rica,CRI,2021-01-13,63.89
Costa Rica,CRI,2021-01-14,63.89
Costa Rica,CRI,2021-01-15,63.89
Costa Rica,CRI,2021-01-16,63.89
Costa Rica,CRI,2021-01-17,63.89
Costa Rica,CRI,2021-01-18,63.89
Costa Rica,CRI,2021-01-19,63.89
Costa Rica,CRI,2021-01-20,63.89
Costa Rica,CRI,2021-01-21,63.89
Costa Rica,CRI,2021-01-22,63.89
Costa Rica,CRI,2021-01-23,63.89
Costa Rica,CRI,2021-01-24,63.89
Costa Rica,CRI,2021-01-25,63.89
Costa Rica,CRI,2021-01-26,63.89
Costa Rica,CRI,2021-01-27,63.89
Costa Rica,CRI,2021-01-28,63.89
Costa Rica,CRI,2021-01-29,63.89
Costa Rica,CRI,2021-01-30,63.89
Costa Rica,CRI,2021-01-31,63.89
Costa Rica,CRI,2021-02-01,63.89
Costa Rica,CRI,2021-02-02,63.89
Costa Rica,CRI,2021-02-03,63.89
Costa Rica,CRI,2021-02-04,63.89
Costa Rica,CRI,2021-02-05,63.89
Costa Rica,CRI,2021-02-06,63.89
Costa Rica,CRI,2021-02-07,63.89
Costa Rica,CRI,2021-02-08,56.48
Costa Rica,CRI,2021-02-09,56.48
Costa Rica,CRI,2021-02-10,56.48
Costa Rica,CRI,2021-02-11,56.48
Costa Rica,CRI,2021-02-12,56.48
Costa Rica,CRI,2021-02-13,56.48
Costa Rica,CRI,2021-02-14,56.48
Costa Rica,CRI,2021-02-15,56.48
Costa Rica,CRI,2021-02-16,56.48
Costa Rica,CRI,2021-02-17,56.48
Costa Rica,CRI,2021-02-18,56.48
Costa Rica,CRI,2021-02-19,56.48
Costa Rica,CRI,2021-02-20,56.48
Costa Rica,CRI,2021-02-21,56.48
Costa Rica,CRI,2021-02-22,56.48
Costa Rica,CRI,2021-02-23,56.48
Costa Rica,CRI,2021-02-24,56.48
Costa Rica,CRI,2021-02-25,56.48
Costa Rica,CRI,2021-02-26,56.48
Costa Rica,CRI,2021-02-27,56.48
Costa Rica,CRI,2021-02-28,56.48
Costa Rica,CRI,2021-03-01,56.48
Costa Rica,CRI,2021-03-02,56.48
Costa Rica,CRI,2021-03-03,56.48
Costa Rica,CRI,2021-03-04,56.48
Costa Rica,CRI,2021-03-05,56.48
Costa Rica,CRI,2021-03-06,56.48
Costa Rica,CRI,2021-03-07,56.48
Costa Rica,CRI,2021-03-08,56.48
Cote d'Ivoire,CIV,2020-01-01,0
Cote d'Ivoire,CIV,2020-01-02,0
Cote d'Ivoire,CIV,2020-01-03,0
Cote d'Ivoire,CIV,2020-01-04,0
Cote d'Ivoire,CIV,2020-01-05,0
Cote d'Ivoire,CIV,2020-01-06,0
Cote d'Ivoire,CIV,2020-01-07,0
Cote d'Ivoire,CIV,2020-01-08,0
Cote d'Ivoire,CIV,2020-01-09,0
Cote d'Ivoire,CIV,2020-01-10,0
Cote d'Ivoire,CIV,2020-01-11,0
Cote d'Ivoire,CIV,2020-01-12,0
Cote d'Ivoire,CIV,2020-01-13,0
Cote d'Ivoire,CIV,2020-01-14,0
Cote d'Ivoire,CIV,2020-01-15,0
Cote d'Ivoire,CIV,2020-01-16,0
Cote d'Ivoire,CIV,2020-01-17,0
Cote d'Ivoire,CIV,2020-01-18,0
Cote d'Ivoire,CIV,2020-01-19,0
Cote d'Ivoire,CIV,2020-01-20,0
Cote d'Ivoire,CIV,2020-01-21,0
Cote d'Ivoire,CIV,2020-01-22,0
Cote d'Ivoire,CIV,2020-01-23,0
Cote d'Ivoire,CIV,2020-01-24,0
Cote d'Ivoire,CIV,2020-01-25,0
Cote d'Ivoire,CIV,2020-01-26,0
Cote d'Ivoire,CIV,2020-01-27,0
Cote d'Ivoire,CIV,2020-01-28,0
Cote d'Ivoire,CIV,2020-01-29,0
Cote d'Ivoire,CIV,2020-01-30,0
Cote d'Ivoire,CIV,2020-01-31,0
Cote d'Ivoire,CIV,2020-02-01,0
Cote d'Ivoire,CIV,2020-02-02,0
Cote d'Ivoire,CIV,2020-02-03,0
Cote d'Ivoire,CIV,2020-02-04,0
Cote d'Ivoire,CIV,2020-02-05,0
Cote d'Ivoire,CIV,2020-02-06,0
Cote d'Ivoire,CIV,2020-02-07,0
Cote d'Ivoire,CIV,2020-02-08,0
Cote d'Ivoire,CIV,2020-02-09,0
Cote d'Ivoire,CIV,2020-02-10,0
Cote d'Ivoire,CIV,2020-02-11,0
Cote d'Ivoire,CIV,2020-02-12,0
Cote d'Ivoire,CIV,2020-02-13,0
Cote d'Ivoire,CIV,2020-02-14,0
Cote d'Ivoire,CIV,2020-02-15,0
Cote d'Ivoire,CIV,2020-02-16,0
Cote d'Ivoire,CIV,2020-02-17,0
Cote d'Ivoire,CIV,2020-02-18,0
Cote d'Ivoire,CIV,2020-02-19,0
Cote d'Ivoire,CIV,2020-02-20,0
Cote d'Ivoire,CIV,2020-02-21,0
Cote d'Ivoire,CIV,2020-02-22,0
Cote d'Ivoire,CIV,2020-02-23,0
Cote d'Ivoire,CIV,2020-02-24,0
Cote d'Ivoire,CIV,2020-02-25,0
Cote d'Ivoire,CIV,2020-02-26,0
Cote d'Ivoire,CIV,2020-02-27,0
Cote d'Ivoire,CIV,2020-02-28,0
Cote d'Ivoire,CIV,2020-02-29,0
Cote d'Ivoire,CIV,2020-03-01,0
Cote d'Ivoire,CIV,2020-03-02,0
Cote d'Ivoire,CIV,2020-03-03,0
Cote d'Ivoire,CIV,2020-03-04,0
Cote d'Ivoire,CIV,2020-03-05,0
Cote d'Ivoire,CIV,2020-03-06,0
Cote d'Ivoire,CIV,2020-03-07,0
Cote d'Ivoire,CIV,2020-03-08,0
Cote d'Ivoire,CIV,2020-03-09,0
Cote d'Ivoire,CIV,2020-03-10,0
Cote d'Ivoire,CIV,2020-03-11,0
Cote d'Ivoire,CIV,2020-03-12,11.11
Cote d'Ivoire,CIV,2020-03-13,11.11
Cote d'Ivoire,CIV,2020-03-14,11.11
Cote d'Ivoire,CIV,2020-03-15,11.11
Cote d'Ivoire,CIV,2020-03-16,30.56
Cote d'Ivoire,CIV,2020-03-17,30.56
Cote d'Ivoire,CIV,2020-03-18,30.56
Cote d'Ivoire,CIV,2020-03-19,57.41
Cote d'Ivoire,CIV,2020-03-20,57.41
Cote d'Ivoire,CIV,2020-03-21,57.41
Cote d'Ivoire,CIV,2020-03-22,60.19
Cote d'Ivoire,CIV,2020-03-23,63.89
Cote d'Ivoire,CIV,2020-03-24,80.56
Cote d'Ivoire,CIV,2020-03-25,80.56
Cote d'Ivoire,CIV,2020-03-26,80.56
Cote d'Ivoire,CIV,2020-03-27,80.56
Cote d'Ivoire,CIV,2020-03-28,80.56
Cote d'Ivoire,CIV,2020-03-29,80.56
Cote d'Ivoire,CIV,2020-03-30,80.56
Cote d'Ivoire,CIV,2020-03-31,80.56
Cote d'Ivoire,CIV,2020-04-01,80.56
Cote d'Ivoire,CIV,2020-04-02,80.56
Cote d'Ivoire,CIV,2020-04-03,80.56
Cote d'Ivoire,CIV,2020-04-04,80.56
Cote d'Ivoire,CIV,2020-04-05,80.56
Cote d'Ivoire,CIV,2020-04-06,80.56
Cote d'Ivoire,CIV,2020-04-07,80.56
Cote d'Ivoire,CIV,2020-04-08,80.56
Cote d'Ivoire,CIV,2020-04-09,80.56
Cote d'Ivoire,CIV,2020-04-10,80.56
Cote d'Ivoire,CIV,2020-04-11,80.56
Cote d'Ivoire,CIV,2020-04-12,80.56
Cote d'Ivoire,CIV,2020-04-13,80.56
Cote d'Ivoire,CIV,2020-04-14,80.56
Cote d'Ivoire,CIV,2020-04-15,80.56
Cote d'Ivoire,CIV,2020-04-16,80.56
Cote d'Ivoire,CIV,2020-04-17,80.56
Cote d'Ivoire,CIV,2020-04-18,80.56
Cote d'Ivoire,CIV,2020-04-19,80.56
Cote d'Ivoire,CIV,2020-04-20,80.56
Cote d'Ivoire,CIV,2020-04-21,80.56
Cote d'Ivoire,CIV,2020-04-22,80.56
Cote d'Ivoire,CIV,2020-04-23,80.56
Cote d'Ivoire,CIV,2020-04-24,80.56
Cote d'Ivoire,CIV,2020-04-25,80.56
Cote d'Ivoire,CIV,2020-04-26,80.56
Cote d'Ivoire,CIV,2020-04-27,80.56
Cote d'Ivoire,CIV,2020-04-28,80.56
Cote d'Ivoire,CIV,2020-04-29,80.56
Cote d'Ivoire,CIV,2020-04-30,80.56
Cote d'Ivoire,CIV,2020-05-01,80.56
Cote d'Ivoire,CIV,2020-05-02,80.56
Cote d'Ivoire,CIV,2020-05-03,80.56
Cote d'Ivoire,CIV,2020-05-04,80.56
Cote d'Ivoire,CIV,2020-05-05,80.56
Cote d'Ivoire,CIV,2020-05-06,80.56
Cote d'Ivoire,CIV,2020-05-07,80.56
Cote d'Ivoire,CIV,2020-05-08,69.91
Cote d'Ivoire,CIV,2020-05-09,69.91
Cote d'Ivoire,CIV,2020-05-10,69.91
Cote d'Ivoire,CIV,2020-05-11,69.91
Cote d'Ivoire,CIV,2020-05-12,69.91
Cote d'Ivoire,CIV,2020-05-13,69.91
Cote d'Ivoire,CIV,2020-05-14,69.91
Cote d'Ivoire,CIV,2020-05-15,69.91
Cote d'Ivoire,CIV,2020-05-16,64.81
Cote d'Ivoire,CIV,2020-05-17,64.81
Cote d'Ivoire,CIV,2020-05-18,64.81
Cote d'Ivoire,CIV,2020-05-19,64.81
Cote d'Ivoire,CIV,2020-05-20,64.81
Cote d'Ivoire,CIV,2020-05-21,64.81
Cote d'Ivoire,CIV,2020-05-22,64.81
Cote d'Ivoire,CIV,2020-05-23,64.81
Cote d'Ivoire,CIV,2020-05-24,64.81
Cote d'Ivoire,CIV,2020-05-25,64.81
Cote d'Ivoire,CIV,2020-05-26,64.81
Cote d'Ivoire,CIV,2020-05-27,64.81
Cote d'Ivoire,CIV,2020-05-28,64.81
Cote d'Ivoire,CIV,2020-05-29,64.81
Cote d'Ivoire,CIV,2020-05-30,64.81
Cote d'Ivoire,CIV,2020-05-31,64.81
Cote d'Ivoire,CIV,2020-06-01,64.81
Cote d'Ivoire,CIV,2020-06-02,64.81
Cote d'Ivoire,CIV,2020-06-03,64.81
Cote d'Ivoire,CIV,2020-06-04,64.81
Cote d'Ivoire,CIV,2020-06-05,64.81
Cote d'Ivoire,CIV,2020-06-06,64.81
Cote d'Ivoire,CIV,2020-06-07,64.81
Cote d'Ivoire,CIV,2020-06-08,64.81
Cote d'Ivoire,CIV,2020-06-09,64.81
Cote d'Ivoire,CIV,2020-06-10,64.81
Cote d'Ivoire,CIV,2020-06-11,64.81
Cote d'Ivoire,CIV,2020-06-12,64.81
Cote d'Ivoire,CIV,2020-06-13,62.96
Cote d'Ivoire,CIV,2020-06-14,62.96
Cote d'Ivoire,CIV,2020-06-15,62.96
Cote d'Ivoire,CIV,2020-06-16,62.96
Cote d'Ivoire,CIV,2020-06-17,62.96
Cote d'Ivoire,CIV,2020-06-18,62.96
Cote d'Ivoire,CIV,2020-06-19,62.96
Cote d'Ivoire,CIV,2020-06-20,62.96
Cote d'Ivoire,CIV,2020-06-21,62.96
Cote d'Ivoire,CIV,2020-06-22,62.96
Cote d'Ivoire,CIV,2020-06-23,62.96
Cote d'Ivoire,CIV,2020-06-24,62.96
Cote d'Ivoire,CIV,2020-06-25,62.96
Cote d'Ivoire,CIV,2020-06-26,66.2
Cote d'Ivoire,CIV,2020-06-27,66.2
Cote d'Ivoire,CIV,2020-06-28,66.2
Cote d'Ivoire,CIV,2020-06-29,66.2
Cote d'Ivoire,CIV,2020-06-30,66.2
Cote d'Ivoire,CIV,2020-07-01,63.43
Cote d'Ivoire,CIV,2020-07-02,63.43
Cote d'Ivoire,CIV,2020-07-03,63.43
Cote d'Ivoire,CIV,2020-07-04,63.43
Cote d'Ivoire,CIV,2020-07-05,63.43
Cote d'Ivoire,CIV,2020-07-06,63.43
Cote d'Ivoire,CIV,2020-07-07,63.43
Cote d'Ivoire,CIV,2020-07-08,63.43
Cote d'Ivoire,CIV,2020-07-09,63.43
Cote d'Ivoire,CIV,2020-07-10,63.43
Cote d'Ivoire,CIV,2020-07-11,63.43
Cote d'Ivoire,CIV,2020-07-12,63.43
Cote d'Ivoire,CIV,2020-07-13,63.43
Cote d'Ivoire,CIV,2020-07-14,63.43
Cote d'Ivoire,CIV,2020-07-15,63.43
Cote d'Ivoire,CIV,2020-07-16,60.65
Cote d'Ivoire,CIV,2020-07-17,60.65
Cote d'Ivoire,CIV,2020-07-18,60.65
Cote d'Ivoire,CIV,2020-07-19,60.65
Cote d'Ivoire,CIV,2020-07-20,60.65
Cote d'Ivoire,CIV,2020-07-21,60.65
Cote d'Ivoire,CIV,2020-07-22,60.65
Cote d'Ivoire,CIV,2020-07-23,60.65
Cote d'Ivoire,CIV,2020-07-24,60.65
Cote d'Ivoire,CIV,2020-07-25,60.65
Cote d'Ivoire,CIV,2020-07-26,60.65
Cote d'Ivoire,CIV,2020-07-27,44.91
Cote d'Ivoire,CIV,2020-07-28,44.91
Cote d'Ivoire,CIV,2020-07-29,44.91
Cote d'Ivoire,CIV,2020-07-30,44.91
Cote d'Ivoire,CIV,2020-07-31,31.94
Cote d'Ivoire,CIV,2020-08-01,31.94
Cote d'Ivoire,CIV,2020-08-02,31.94
Cote d'Ivoire,CIV,2020-08-03,31.94
Cote d'Ivoire,CIV,2020-08-04,31.94
Cote d'Ivoire,CIV,2020-08-05,31.94
Cote d'Ivoire,CIV,2020-08-06,31.94
Cote d'Ivoire,CIV,2020-08-07,31.94
Cote d'Ivoire,CIV,2020-08-08,31.94
Cote d'Ivoire,CIV,2020-08-09,31.94
Cote d'Ivoire,CIV,2020-08-10,31.94
Cote d'Ivoire,CIV,2020-08-11,31.94
Cote d'Ivoire,CIV,2020-08-12,31.94
Cote d'Ivoire,CIV,2020-08-13,31.94
Cote d'Ivoire,CIV,2020-08-14,31.94
Cote d'Ivoire,CIV,2020-08-15,31.94
Cote d'Ivoire,CIV,2020-08-16,31.94
Cote d'Ivoire,CIV,2020-08-17,31.94
Cote d'Ivoire,CIV,2020-08-18,31.94
Cote d'Ivoire,CIV,2020-08-19,31.94
Cote d'Ivoire,CIV,2020-08-20,31.94
Cote d'Ivoire,CIV,2020-08-21,38.43
Cote d'Ivoire,CIV,2020-08-22,38.43
Cote d'Ivoire,CIV,2020-08-23,38.43
Cote d'Ivoire,CIV,2020-08-24,38.43
Cote d'Ivoire,CIV,2020-08-25,38.43
Cote d'Ivoire,CIV,2020-08-26,38.43
Cote d'Ivoire,CIV,2020-08-27,38.43
Cote d'Ivoire,CIV,2020-08-28,38.43
Cote d'Ivoire,CIV,2020-08-29,38.43
Cote d'Ivoire,CIV,2020-08-30,38.43
Cote d'Ivoire,CIV,2020-08-31,38.43
Cote d'Ivoire,CIV,2020-09-01,38.43
Cote d'Ivoire,CIV,2020-09-02,38.43
Cote d'Ivoire,CIV,2020-09-03,38.43
Cote d'Ivoire,CIV,2020-09-04,38.43
Cote d'Ivoire,CIV,2020-09-05,38.43
Cote d'Ivoire,CIV,2020-09-06,38.43
Cote d'Ivoire,CIV,2020-09-07,38.43
Cote d'Ivoire,CIV,2020-09-08,38.43
Cote d'Ivoire,CIV,2020-09-09,38.43
Cote d'Ivoire,CIV,2020-09-10,39.81
Cote d'Ivoire,CIV,2020-09-11,39.81
Cote d'Ivoire,CIV,2020-09-12,39.81
Cote d'Ivoire,CIV,2020-09-13,39.81
Cote d'Ivoire,CIV,2020-09-14,37.96
Cote d'Ivoire,CIV,2020-09-15,37.96
Cote d'Ivoire,CIV,2020-09-16,37.96
Cote d'Ivoire,CIV,2020-09-17,37.96
Cote d'Ivoire,CIV,2020-09-18,37.96
Cote d'Ivoire,CIV,2020-09-19,37.96
Cote d'Ivoire,CIV,2020-09-20,37.96
Cote d'Ivoire,CIV,2020-09-21,37.96
Cote d'Ivoire,CIV,2020-09-22,36.11
Cote d'Ivoire,CIV,2020-09-23,36.11
Cote d'Ivoire,CIV,2020-09-24,36.11
Cote d'Ivoire,CIV,2020-09-25,36.11
Cote d'Ivoire,CIV,2020-09-26,36.11
Cote d'Ivoire,CIV,2020-09-27,36.11
Cote d'Ivoire,CIV,2020-09-28,36.11
Cote d'Ivoire,CIV,2020-09-29,36.11
Cote d'Ivoire,CIV,2020-09-30,36.11
Cote d'Ivoire,CIV,2020-10-01,36.11
Cote d'Ivoire,CIV,2020-10-02,36.11
Cote d'Ivoire,CIV,2020-10-03,36.11
Cote d'Ivoire,CIV,2020-10-04,36.11
Cote d'Ivoire,CIV,2020-10-05,36.11
Cote d'Ivoire,CIV,2020-10-06,36.11
Cote d'Ivoire,CIV,2020-10-07,36.11
Cote d'Ivoire,CIV,2020-10-08,36.11
Cote d'Ivoire,CIV,2020-10-09,36.11
Cote d'Ivoire,CIV,2020-10-10,36.11
Cote d'Ivoire,CIV,2020-10-11,36.11
Cote d'Ivoire,CIV,2020-10-12,36.11
Cote d'Ivoire,CIV,2020-10-13,36.11
Cote d'Ivoire,CIV,2020-10-14,36.11
Cote d'Ivoire,CIV,2020-10-15,36.11
Cote d'Ivoire,CIV,2020-10-16,36.11
Cote d'Ivoire,CIV,2020-10-17,36.11
Cote d'Ivoire,CIV,2020-10-18,36.11
Cote d'Ivoire,CIV,2020-10-19,36.11
Cote d'Ivoire,CIV,2020-10-20,36.11
Cote d'Ivoire,CIV,2020-10-21,36.11
Cote d'Ivoire,CIV,2020-10-22,36.11
Cote d'Ivoire,CIV,2020-10-23,36.11
Cote d'Ivoire,CIV,2020-10-24,30.56
Cote d'Ivoire,CIV,2020-10-25,30.56
Cote d'Ivoire,CIV,2020-10-26,30.56
Cote d'Ivoire,CIV,2020-10-27,30.56
Cote d'Ivoire,CIV,2020-10-28,30.56
Cote d'Ivoire,CIV,2020-10-29,30.56
Cote d'Ivoire,CIV,2020-10-30,25
Cote d'Ivoire,CIV,2020-10-31,25
Cote d'Ivoire,CIV,2020-11-01,25
Cote d'Ivoire,CIV,2020-11-02,25
Cote d'Ivoire,CIV,2020-11-03,25
Cote d'Ivoire,CIV,2020-11-04,25
Cote d'Ivoire,CIV,2020-11-05,25
Cote d'Ivoire,CIV,2020-11-06,25
Cote d'Ivoire,CIV,2020-11-07,25
Cote d'Ivoire,CIV,2020-11-08,25
Cote d'Ivoire,CIV,2020-11-09,25
Cote d'Ivoire,CIV,2020-11-10,25
Cote d'Ivoire,CIV,2020-11-11,25
Cote d'Ivoire,CIV,2020-11-12,25
Cote d'Ivoire,CIV,2020-11-13,25
Cote d'Ivoire,CIV,2020-11-14,25
Cote d'Ivoire,CIV,2020-11-15,25
Cote d'Ivoire,CIV,2020-11-16,25
Cote d'Ivoire,CIV,2020-11-17,25
Cote d'Ivoire,CIV,2020-11-18,25
Cote d'Ivoire,CIV,2020-11-19,25
Cote d'Ivoire,CIV,2020-11-20,25
Cote d'Ivoire,CIV,2020-11-21,25
Cote d'Ivoire,CIV,2020-11-22,25
Cote d'Ivoire,CIV,2020-11-23,25
Cote d'Ivoire,CIV,2020-11-24,25
Cote d'Ivoire,CIV,2020-11-25,25
Cote d'Ivoire,CIV,2020-11-26,25
Cote d'Ivoire,CIV,2020-11-27,25
Cote d'Ivoire,CIV,2020-11-28,25
Cote d'Ivoire,CIV,2020-11-29,25
Cote d'Ivoire,CIV,2020-11-30,25
Cote d'Ivoire,CIV,2020-12-01,25
Cote d'Ivoire,CIV,2020-12-02,25
Cote d'Ivoire,CIV,2020-12-03,25
Cote d'Ivoire,CIV,2020-12-04,25
Cote d'Ivoire,CIV,2020-12-05,25
Cote d'Ivoire,CIV,2020-12-06,25
Cote d'Ivoire,CIV,2020-12-07,25
Cote d'Ivoire,CIV,2020-12-08,25
Cote d'Ivoire,CIV,2020-12-09,25
Cote d'Ivoire,CIV,2020-12-10,25
Cote d'Ivoire,CIV,2020-12-11,25
Cote d'Ivoire,CIV,2020-12-12,25
Cote d'Ivoire,CIV,2020-12-13,25
Cote d'Ivoire,CIV,2020-12-14,25
Cote d'Ivoire,CIV,2020-12-15,15.74
Cote d'Ivoire,CIV,2020-12-16,15.74
Cote d'Ivoire,CIV,2020-12-17,15.74
Cote d'Ivoire,CIV,2020-12-18,15.74
Cote d'Ivoire,CIV,2020-12-19,15.74
Cote d'Ivoire,CIV,2020-12-20,15.74
Cote d'Ivoire,CIV,2020-12-21,15.74
Cote d'Ivoire,CIV,2020-12-22,15.74
Cote d'Ivoire,CIV,2020-12-23,15.74
Cote d'Ivoire,CIV,2020-12-24,15.74
Cote d'Ivoire,CIV,2020-12-25,15.74
Cote d'Ivoire,CIV,2020-12-26,15.74
Cote d'Ivoire,CIV,2020-12-27,15.74
Cote d'Ivoire,CIV,2020-12-28,15.74
Cote d'Ivoire,CIV,2020-12-29,15.74
Cote d'Ivoire,CIV,2020-12-30,15.74
Cote d'Ivoire,CIV,2020-12-31,15.74
Cote d'Ivoire,CIV,2021-01-01,15.74
Cote d'Ivoire,CIV,2021-01-02,15.74
Cote d'Ivoire,CIV,2021-01-03,15.74
Cote d'Ivoire,CIV,2021-01-04,15.74
Cote d'Ivoire,CIV,2021-01-05,17.59
Cote d'Ivoire,CIV,2021-01-06,17.59
Cote d'Ivoire,CIV,2021-01-07,17.59
Cote d'Ivoire,CIV,2021-01-08,17.59
Cote d'Ivoire,CIV,2021-01-09,17.59
Cote d'Ivoire,CIV,2021-01-10,17.59
Cote d'Ivoire,CIV,2021-01-11,17.59
Cote d'Ivoire,CIV,2021-01-12,17.59
Cote d'Ivoire,CIV,2021-01-13,17.59
Cote d'Ivoire,CIV,2021-01-14,17.59
Cote d'Ivoire,CIV,2021-01-15,17.59
Cote d'Ivoire,CIV,2021-01-16,17.59
Cote d'Ivoire,CIV,2021-01-17,17.59
Cote d'Ivoire,CIV,2021-01-18,17.59
Cote d'Ivoire,CIV,2021-01-19,17.59
Cote d'Ivoire,CIV,2021-01-20,17.59
Cote d'Ivoire,CIV,2021-01-21,17.59
Cote d'Ivoire,CIV,2021-01-22,17.59
Cote d'Ivoire,CIV,2021-01-23,17.59
Cote d'Ivoire,CIV,2021-01-24,17.59
Cote d'Ivoire,CIV,2021-01-25,17.59
Cote d'Ivoire,CIV,2021-01-26,17.59
Cote d'Ivoire,CIV,2021-01-27,17.59
Cote d'Ivoire,CIV,2021-01-28,17.59
Cote d'Ivoire,CIV,2021-01-29,17.59
Cote d'Ivoire,CIV,2021-01-30,17.59
Cote d'Ivoire,CIV,2021-01-31,17.59
Cote d'Ivoire,CIV,2021-02-01,17.59
Cote d'Ivoire,CIV,2021-02-02,17.59
Cote d'Ivoire,CIV,2021-02-03,17.59
Cote d'Ivoire,CIV,2021-02-04,17.59
Cote d'Ivoire,CIV,2021-02-05,17.59
Cote d'Ivoire,CIV,2021-02-06,17.59
Cote d'Ivoire,CIV,2021-02-07,17.59
Cote d'Ivoire,CIV,2021-02-08,25.93
Cote d'Ivoire,CIV,2021-02-09,25.93
Cote d'Ivoire,CIV,2021-02-10,25.93
Cote d'Ivoire,CIV,2021-02-11,25.93
Cote d'Ivoire,CIV,2021-02-12,25.93
Cote d'Ivoire,CIV,2021-02-13,25.93
Cote d'Ivoire,CIV,2021-02-14,25.93
Cote d'Ivoire,CIV,2021-02-15,20.37
Cote d'Ivoire,CIV,2021-02-16,20.37
Cote d'Ivoire,CIV,2021-02-17,20.37
Cote d'Ivoire,CIV,2021-02-18,20.37
Cote d'Ivoire,CIV,2021-02-19,20.37
Cote d'Ivoire,CIV,2021-02-20,20.37
Cote d'Ivoire,CIV,2021-02-21,20.37
Cote d'Ivoire,CIV,2021-02-22,20.37
Cote d'Ivoire,CIV,2021-02-23,20.37
Cote d'Ivoire,CIV,2021-02-24,25.93
Cote d'Ivoire,CIV,2021-02-25,25.93
Cote d'Ivoire,CIV,2021-02-26,25.93
Cote d'Ivoire,CIV,2021-02-27,25.93
Cote d'Ivoire,CIV,2021-02-28,25.93
Cote d'Ivoire,CIV,2021-03-01,25.93
Cote d'Ivoire,CIV,2021-03-02,25.93
Cote d'Ivoire,CIV,2021-03-03,25.93
Cote d'Ivoire,CIV,2021-03-04,25.93
Cote d'Ivoire,CIV,2021-03-05,25.93
Cote d'Ivoire,CIV,2021-03-06,25.93
Cote d'Ivoire,CIV,2021-03-07,25.93
Cote d'Ivoire,CIV,2021-03-08,25.93
Croatia,HRV,2020-01-01,0
Croatia,HRV,2020-01-02,0
Croatia,HRV,2020-01-03,0
Croatia,HRV,2020-01-04,0
Croatia,HRV,2020-01-05,0
Croatia,HRV,2020-01-06,0
Croatia,HRV,2020-01-07,0
Croatia,HRV,2020-01-08,0
Croatia,HRV,2020-01-09,0
Croatia,HRV,2020-01-10,0
Croatia,HRV,2020-01-11,0
Croatia,HRV,2020-01-12,0
Croatia,HRV,2020-01-13,0
Croatia,HRV,2020-01-14,0
Croatia,HRV,2020-01-15,0
Croatia,HRV,2020-01-16,0
Croatia,HRV,2020-01-17,0
Croatia,HRV,2020-01-18,0
Croatia,HRV,2020-01-19,0
Croatia,HRV,2020-01-20,0
Croatia,HRV,2020-01-21,0
Croatia,HRV,2020-01-22,0
Croatia,HRV,2020-01-23,0
Croatia,HRV,2020-01-24,0
Croatia,HRV,2020-01-25,0
Croatia,HRV,2020-01-26,0
Croatia,HRV,2020-01-27,5.56
Croatia,HRV,2020-01-28,5.56
Croatia,HRV,2020-01-29,5.56
Croatia,HRV,2020-01-30,5.56
Croatia,HRV,2020-01-31,11.11
Croatia,HRV,2020-02-01,11.11
Croatia,HRV,2020-02-02,11.11
Croatia,HRV,2020-02-03,11.11
Croatia,HRV,2020-02-04,13.89
Croatia,HRV,2020-02-05,13.89
Croatia,HRV,2020-02-06,13.89
Croatia,HRV,2020-02-07,13.89
Croatia,HRV,2020-02-08,13.89
Croatia,HRV,2020-02-09,13.89
Croatia,HRV,2020-02-10,13.89
Croatia,HRV,2020-02-11,13.89
Croatia,HRV,2020-02-12,13.89
Croatia,HRV,2020-02-13,13.89
Croatia,HRV,2020-02-14,13.89
Croatia,HRV,2020-02-15,13.89
Croatia,HRV,2020-02-16,13.89
Croatia,HRV,2020-02-17,13.89
Croatia,HRV,2020-02-18,13.89
Croatia,HRV,2020-02-19,13.89
Croatia,HRV,2020-02-20,13.89
Croatia,HRV,2020-02-21,13.89
Croatia,HRV,2020-02-22,13.89
Croatia,HRV,2020-02-23,13.89
Croatia,HRV,2020-02-24,13.89
Croatia,HRV,2020-02-25,13.89
Croatia,HRV,2020-02-26,13.89
Croatia,HRV,2020-02-27,13.89
Croatia,HRV,2020-02-28,13.89
Croatia,HRV,2020-02-29,13.89
Croatia,HRV,2020-03-01,13.89
Croatia,HRV,2020-03-02,13.89
Croatia,HRV,2020-03-03,13.89
Croatia,HRV,2020-03-04,13.89
Croatia,HRV,2020-03-05,13.89
Croatia,HRV,2020-03-06,13.89
Croatia,HRV,2020-03-07,13.89
Croatia,HRV,2020-03-08,13.89
Croatia,HRV,2020-03-09,13.89
Croatia,HRV,2020-03-10,22.22
Croatia,HRV,2020-03-11,22.22
Croatia,HRV,2020-03-12,22.22
Croatia,HRV,2020-03-13,31.48
Croatia,HRV,2020-03-14,37.04
Croatia,HRV,2020-03-15,39.81
Croatia,HRV,2020-03-16,41.67
Croatia,HRV,2020-03-17,41.67
Croatia,HRV,2020-03-18,44.44
Croatia,HRV,2020-03-19,50
Croatia,HRV,2020-03-20,66.67
Croatia,HRV,2020-03-21,75
Croatia,HRV,2020-03-22,77.78
Croatia,HRV,2020-03-23,96.3
Croatia,HRV,2020-03-24,96.3
Croatia,HRV,2020-03-25,96.3
Croatia,HRV,2020-03-26,96.3
Croatia,HRV,2020-03-27,96.3
Croatia,HRV,2020-03-28,96.3
Croatia,HRV,2020-03-29,96.3
Croatia,HRV,2020-03-30,96.3
Croatia,HRV,2020-03-31,96.3
Croatia,HRV,2020-04-01,96.3
Croatia,HRV,2020-04-02,96.3
Croatia,HRV,2020-04-03,96.3
Croatia,HRV,2020-04-04,96.3
Croatia,HRV,2020-04-05,96.3
Croatia,HRV,2020-04-06,96.3
Croatia,HRV,2020-04-07,96.3
Croatia,HRV,2020-04-08,96.3
Croatia,HRV,2020-04-09,96.3
Croatia,HRV,2020-04-10,96.3
Croatia,HRV,2020-04-11,96.3
Croatia,HRV,2020-04-12,96.3
Croatia,HRV,2020-04-13,96.3
Croatia,HRV,2020-04-14,96.3
Croatia,HRV,2020-04-15,96.3
Croatia,HRV,2020-04-16,96.3
Croatia,HRV,2020-04-17,96.3
Croatia,HRV,2020-04-18,96.3
Croatia,HRV,2020-04-19,96.3
Croatia,HRV,2020-04-20,96.3
Croatia,HRV,2020-04-21,96.3
Croatia,HRV,2020-04-22,96.3
Croatia,HRV,2020-04-23,96.3
Croatia,HRV,2020-04-24,96.3
Croatia,HRV,2020-04-25,96.3
Croatia,HRV,2020-04-26,96.3
Croatia,HRV,2020-04-27,89.81
Croatia,HRV,2020-04-28,89.81
Croatia,HRV,2020-04-29,89.81
Croatia,HRV,2020-04-30,89.81
Croatia,HRV,2020-05-01,89.81
Croatia,HRV,2020-05-02,89.81
Croatia,HRV,2020-05-03,89.81
Croatia,HRV,2020-05-04,89.81
Croatia,HRV,2020-05-05,89.81
Croatia,HRV,2020-05-06,89.81
Croatia,HRV,2020-05-07,89.81
Croatia,HRV,2020-05-08,89.81
Croatia,HRV,2020-05-09,89.81
Croatia,HRV,2020-05-10,89.81
Croatia,HRV,2020-05-11,70.37
Croatia,HRV,2020-05-12,70.37
Croatia,HRV,2020-05-13,70.37
Croatia,HRV,2020-05-14,70.37
Croatia,HRV,2020-05-15,70.37
Croatia,HRV,2020-05-16,70.37
Croatia,HRV,2020-05-17,70.37
Croatia,HRV,2020-05-18,70.37
Croatia,HRV,2020-05-19,70.37
Croatia,HRV,2020-05-20,70.37
Croatia,HRV,2020-05-21,70.37
Croatia,HRV,2020-05-22,70.37
Croatia,HRV,2020-05-23,70.37
Croatia,HRV,2020-05-24,70.37
Croatia,HRV,2020-05-25,62.04
Croatia,HRV,2020-05-26,53.7
Croatia,HRV,2020-05-27,53.7
Croatia,HRV,2020-05-28,50.93
Croatia,HRV,2020-05-29,50.93
Croatia,HRV,2020-05-30,50.93
Croatia,HRV,2020-05-31,50.93
Croatia,HRV,2020-06-01,50.93
Croatia,HRV,2020-06-02,50.93
Croatia,HRV,2020-06-03,50.93
Croatia,HRV,2020-06-04,50.93
Croatia,HRV,2020-06-05,50.93
Croatia,HRV,2020-06-06,50.93
Croatia,HRV,2020-06-07,50.93
Croatia,HRV,2020-06-08,50.93
Croatia,HRV,2020-06-09,50.93
Croatia,HRV,2020-06-10,50.93
Croatia,HRV,2020-06-11,50.93
Croatia,HRV,2020-06-12,54.63
Croatia,HRV,2020-06-13,54.63
Croatia,HRV,2020-06-14,54.63
Croatia,HRV,2020-06-15,54.63
Croatia,HRV,2020-06-16,54.63
Croatia,HRV,2020-06-17,54.63
Croatia,HRV,2020-06-18,54.63
Croatia,HRV,2020-06-19,54.63
Croatia,HRV,2020-06-20,54.63
Croatia,HRV,2020-06-21,54.63
Croatia,HRV,2020-06-22,54.63
Croatia,HRV,2020-06-23,54.63
Croatia,HRV,2020-06-24,54.63
Croatia,HRV,2020-06-25,54.63
Croatia,HRV,2020-06-26,54.63
Croatia,HRV,2020-06-27,54.63
Croatia,HRV,2020-06-28,54.63
Croatia,HRV,2020-06-29,54.63
Croatia,HRV,2020-06-30,54.63
Croatia,HRV,2020-07-01,54.63
Croatia,HRV,2020-07-02,54.63
Croatia,HRV,2020-07-03,54.63
Croatia,HRV,2020-07-04,54.63
Croatia,HRV,2020-07-05,54.63
Croatia,HRV,2020-07-06,54.63
Croatia,HRV,2020-07-07,54.63
Croatia,HRV,2020-07-08,54.63
Croatia,HRV,2020-07-09,49.07
Croatia,HRV,2020-07-10,49.07
Croatia,HRV,2020-07-11,49.07
Croatia,HRV,2020-07-12,49.07
Croatia,HRV,2020-07-13,49.07
Croatia,HRV,2020-07-14,49.07
Croatia,HRV,2020-07-15,46.3
Croatia,HRV,2020-07-16,46.3
Croatia,HRV,2020-07-17,46.3
Croatia,HRV,2020-07-18,46.3
Croatia,HRV,2020-07-19,46.3
Croatia,HRV,2020-07-20,46.3
Croatia,HRV,2020-07-21,35.19
Croatia,HRV,2020-07-22,35.19
Croatia,HRV,2020-07-23,35.19
Croatia,HRV,2020-07-24,35.19
Croatia,HRV,2020-07-25,35.19
Croatia,HRV,2020-07-26,35.19
Croatia,HRV,2020-07-27,35.19
Croatia,HRV,2020-07-28,35.19
Croatia,HRV,2020-07-29,35.19
Croatia,HRV,2020-07-30,35.19
Croatia,HRV,2020-07-31,35.19
Croatia,HRV,2020-08-01,35.19
Croatia,HRV,2020-08-02,35.19
Croatia,HRV,2020-08-03,35.19
Croatia,HRV,2020-08-04,35.19
Croatia,HRV,2020-08-05,35.19
Croatia,HRV,2020-08-06,35.19
Croatia,HRV,2020-08-07,35.19
Croatia,HRV,2020-08-08,35.19
Croatia,HRV,2020-08-09,35.19
Croatia,HRV,2020-08-10,35.19
Croatia,HRV,2020-08-11,35.19
Croatia,HRV,2020-08-12,35.19
Croatia,HRV,2020-08-13,35.19
Croatia,HRV,2020-08-14,35.19
Croatia,HRV,2020-08-15,35.19
Croatia,HRV,2020-08-16,35.19
Croatia,HRV,2020-08-17,35.19
Croatia,HRV,2020-08-18,35.19
Croatia,HRV,2020-08-19,35.19
Croatia,HRV,2020-08-20,35.19
Croatia,HRV,2020-08-21,35.19
Croatia,HRV,2020-08-22,35.19
Croatia,HRV,2020-08-23,35.19
Croatia,HRV,2020-08-24,35.19
Croatia,HRV,2020-08-25,35.19
Croatia,HRV,2020-08-26,35.19
Croatia,HRV,2020-08-27,35.19
Croatia,HRV,2020-08-28,35.19
Croatia,HRV,2020-08-29,35.19
Croatia,HRV,2020-08-30,35.19
Croatia,HRV,2020-08-31,35.19
Croatia,HRV,2020-09-01,35.19
Croatia,HRV,2020-09-02,35.19
Croatia,HRV,2020-09-03,35.19
Croatia,HRV,2020-09-04,35.19
Croatia,HRV,2020-09-05,35.19
Croatia,HRV,2020-09-06,35.19
Croatia,HRV,2020-09-07,28.7
Croatia,HRV,2020-09-08,28.7
Croatia,HRV,2020-09-09,28.7
Croatia,HRV,2020-09-10,28.7
Croatia,HRV,2020-09-11,28.7
Croatia,HRV,2020-09-12,28.7
Croatia,HRV,2020-09-13,28.7
Croatia,HRV,2020-09-14,28.7
Croatia,HRV,2020-09-15,28.7
Croatia,HRV,2020-09-16,28.7
Croatia,HRV,2020-09-17,28.7
Croatia,HRV,2020-09-18,28.7
Croatia,HRV,2020-09-19,28.7
Croatia,HRV,2020-09-20,28.7
Croatia,HRV,2020-09-21,28.7
Croatia,HRV,2020-09-22,28.7
Croatia,HRV,2020-09-23,28.7
Croatia,HRV,2020-09-24,28.7
Croatia,HRV,2020-09-25,28.7
Croatia,HRV,2020-09-26,28.7
Croatia,HRV,2020-09-27,28.7
Croatia,HRV,2020-09-28,28.7
Croatia,HRV,2020-09-29,28.7
Croatia,HRV,2020-09-30,28.7
Croatia,HRV,2020-10-01,28.7
Croatia,HRV,2020-10-02,28.7
Croatia,HRV,2020-10-03,28.7
Croatia,HRV,2020-10-04,28.7
Croatia,HRV,2020-10-05,28.7
Croatia,HRV,2020-10-06,28.7
Croatia,HRV,2020-10-07,28.7
Croatia,HRV,2020-10-08,28.7
Croatia,HRV,2020-10-09,28.7
Croatia,HRV,2020-10-10,28.7
Croatia,HRV,2020-10-11,28.7
Croatia,HRV,2020-10-12,28.7
Croatia,HRV,2020-10-13,28.7
Croatia,HRV,2020-10-14,28.7
Croatia,HRV,2020-10-15,28.7
Croatia,HRV,2020-10-16,28.7
Croatia,HRV,2020-10-17,28.7
Croatia,HRV,2020-10-18,28.7
Croatia,HRV,2020-10-19,28.7
Croatia,HRV,2020-10-20,28.7
Croatia,HRV,2020-10-21,28.7
Croatia,HRV,2020-10-22,28.7
Croatia,HRV,2020-10-23,28.7
Croatia,HRV,2020-10-24,28.7
Croatia,HRV,2020-10-25,28.7
Croatia,HRV,2020-10-26,31.48
Croatia,HRV,2020-10-27,31.48
Croatia,HRV,2020-10-28,31.48
Croatia,HRV,2020-10-29,31.48
Croatia,HRV,2020-10-30,31.48
Croatia,HRV,2020-10-31,31.48
Croatia,HRV,2020-11-01,31.48
Croatia,HRV,2020-11-02,31.48
Croatia,HRV,2020-11-03,31.48
Croatia,HRV,2020-11-04,31.48
Croatia,HRV,2020-11-05,31.48
Croatia,HRV,2020-11-06,31.48
Croatia,HRV,2020-11-07,31.48
Croatia,HRV,2020-11-08,31.48
Croatia,HRV,2020-11-09,31.48
Croatia,HRV,2020-11-10,31.48
Croatia,HRV,2020-11-11,31.48
Croatia,HRV,2020-11-12,31.48
Croatia,HRV,2020-11-13,31.48
Croatia,HRV,2020-11-14,31.48
Croatia,HRV,2020-11-15,31.48
Croatia,HRV,2020-11-16,31.48
Croatia,HRV,2020-11-17,31.48
Croatia,HRV,2020-11-18,31.48
Croatia,HRV,2020-11-19,31.48
Croatia,HRV,2020-11-20,31.48
Croatia,HRV,2020-11-21,38.89
Croatia,HRV,2020-11-22,38.89
Croatia,HRV,2020-11-23,38.89
Croatia,HRV,2020-11-24,38.89
Croatia,HRV,2020-11-25,38.89
Croatia,HRV,2020-11-26,38.89
Croatia,HRV,2020-11-27,38.89
Croatia,HRV,2020-11-28,41.67
Croatia,HRV,2020-11-29,41.67
Croatia,HRV,2020-11-30,41.67
Croatia,HRV,2020-12-01,47.22
Croatia,HRV,2020-12-02,47.22
Croatia,HRV,2020-12-03,47.22
Croatia,HRV,2020-12-04,47.22
Croatia,HRV,2020-12-05,47.22
Croatia,HRV,2020-12-06,47.22
Croatia,HRV,2020-12-07,47.22
Croatia,HRV,2020-12-08,47.22
Croatia,HRV,2020-12-09,47.22
Croatia,HRV,2020-12-10,47.22
Croatia,HRV,2020-12-11,47.22
Croatia,HRV,2020-12-12,47.22
Croatia,HRV,2020-12-13,47.22
Croatia,HRV,2020-12-14,50.93
Croatia,HRV,2020-12-15,50.93
Croatia,HRV,2020-12-16,50.93
Croatia,HRV,2020-12-17,50.93
Croatia,HRV,2020-12-18,50.93
Croatia,HRV,2020-12-19,50.93
Croatia,HRV,2020-12-20,50.93
Croatia,HRV,2020-12-21,50.93
Croatia,HRV,2020-12-22,50.93
Croatia,HRV,2020-12-23,50.93
Croatia,HRV,2020-12-24,50.93
Croatia,HRV,2020-12-25,50.93
Croatia,HRV,2020-12-26,50.93
Croatia,HRV,2020-12-27,50.93
Croatia,HRV,2020-12-28,50.93
Croatia,HRV,2020-12-29,50.93
Croatia,HRV,2020-12-30,50.93
Croatia,HRV,2020-12-31,50.93
Croatia,HRV,2021-01-01,50.93
Croatia,HRV,2021-01-02,50.93
Croatia,HRV,2021-01-03,50.93
Croatia,HRV,2021-01-04,50.93
Croatia,HRV,2021-01-05,50.93
Croatia,HRV,2021-01-06,50.93
Croatia,HRV,2021-01-07,50.93
Croatia,HRV,2021-01-08,50.93
Croatia,HRV,2021-01-09,50.93
Croatia,HRV,2021-01-10,50.93
Croatia,HRV,2021-01-11,50.93
Croatia,HRV,2021-01-12,50.93
Croatia,HRV,2021-01-13,50.93
Croatia,HRV,2021-01-14,50.93
Croatia,HRV,2021-01-15,50.93
Croatia,HRV,2021-01-16,50.93
Croatia,HRV,2021-01-17,50.93
Croatia,HRV,2021-01-18,47.22
Croatia,HRV,2021-01-19,47.22
Croatia,HRV,2021-01-20,47.22
Croatia,HRV,2021-01-21,47.22
Croatia,HRV,2021-01-22,47.22
Croatia,HRV,2021-01-23,47.22
Croatia,HRV,2021-01-24,47.22
Croatia,HRV,2021-01-25,47.22
Croatia,HRV,2021-01-26,47.22
Croatia,HRV,2021-01-27,47.22
Croatia,HRV,2021-01-28,47.22
Croatia,HRV,2021-01-29,47.22
Croatia,HRV,2021-01-30,47.22
Croatia,HRV,2021-01-31,47.22
Croatia,HRV,2021-02-01,47.22
Croatia,HRV,2021-02-02,47.22
Croatia,HRV,2021-02-03,47.22
Croatia,HRV,2021-02-04,47.22
Croatia,HRV,2021-02-05,47.22
Croatia,HRV,2021-02-06,47.22
Croatia,HRV,2021-02-07,47.22
Croatia,HRV,2021-02-08,47.22
Croatia,HRV,2021-02-09,47.22
Croatia,HRV,2021-02-10,47.22
Croatia,HRV,2021-02-11,47.22
Croatia,HRV,2021-02-12,47.22
Croatia,HRV,2021-02-13,47.22
Croatia,HRV,2021-02-14,47.22
Croatia,HRV,2021-02-15,47.22
Croatia,HRV,2021-02-16,47.22
Croatia,HRV,2021-02-17,47.22
Croatia,HRV,2021-02-18,47.22
Croatia,HRV,2021-02-19,47.22
Croatia,HRV,2021-02-20,47.22
Croatia,HRV,2021-02-21,47.22
Croatia,HRV,2021-02-22,47.22
Croatia,HRV,2021-02-23,47.22
Croatia,HRV,2021-02-24,47.22
Croatia,HRV,2021-02-25,47.22
Croatia,HRV,2021-02-26,47.22
Croatia,HRV,2021-02-27,47.22
Croatia,HRV,2021-02-28,47.22
Croatia,HRV,2021-03-01,43.52
Croatia,HRV,2021-03-02,43.52
Croatia,HRV,2021-03-03,43.52
Croatia,HRV,2021-03-04,43.52
Croatia,HRV,2021-03-05,43.52
Croatia,HRV,2021-03-06,43.52
Croatia,HRV,2021-03-07,43.52
Cuba,CUB,2020-01-01,0
Cuba,CUB,2020-01-02,0
Cuba,CUB,2020-01-03,0
Cuba,CUB,2020-01-04,0
Cuba,CUB,2020-01-05,0
Cuba,CUB,2020-01-06,0
Cuba,CUB,2020-01-07,0
Cuba,CUB,2020-01-08,0
Cuba,CUB,2020-01-09,0
Cuba,CUB,2020-01-10,0
Cuba,CUB,2020-01-11,0
Cuba,CUB,2020-01-12,0
Cuba,CUB,2020-01-13,0
Cuba,CUB,2020-01-14,0
Cuba,CUB,2020-01-15,0
Cuba,CUB,2020-01-16,0
Cuba,CUB,2020-01-17,0
Cuba,CUB,2020-01-18,0
Cuba,CUB,2020-01-19,0
Cuba,CUB,2020-01-20,0
Cuba,CUB,2020-01-21,0
Cuba,CUB,2020-01-22,0
Cuba,CUB,2020-01-23,0
Cuba,CUB,2020-01-24,0
Cuba,CUB,2020-01-25,0
Cuba,CUB,2020-01-26,0
Cuba,CUB,2020-01-27,0
Cuba,CUB,2020-01-28,11.11
Cuba,CUB,2020-01-29,11.11
Cuba,CUB,2020-01-30,11.11
Cuba,CUB,2020-01-31,11.11
Cuba,CUB,2020-02-01,11.11
Cuba,CUB,2020-02-02,11.11
Cuba,CUB,2020-02-03,11.11
Cuba,CUB,2020-02-04,11.11
Cuba,CUB,2020-02-05,11.11
Cuba,CUB,2020-02-06,11.11
Cuba,CUB,2020-02-07,11.11
Cuba,CUB,2020-02-08,11.11
Cuba,CUB,2020-02-09,11.11
Cuba,CUB,2020-02-10,11.11
Cuba,CUB,2020-02-11,11.11
Cuba,CUB,2020-02-12,11.11
Cuba,CUB,2020-02-13,11.11
Cuba,CUB,2020-02-14,11.11
Cuba,CUB,2020-02-15,11.11
Cuba,CUB,2020-02-16,11.11
Cuba,CUB,2020-02-17,11.11
Cuba,CUB,2020-02-18,11.11
Cuba,CUB,2020-02-19,11.11
Cuba,CUB,2020-02-20,11.11
Cuba,CUB,2020-02-21,13.89
Cuba,CUB,2020-02-22,13.89
Cuba,CUB,2020-02-23,13.89
Cuba,CUB,2020-02-24,13.89
Cuba,CUB,2020-02-25,13.89
Cuba,CUB,2020-02-26,13.89
Cuba,CUB,2020-02-27,13.89
Cuba,CUB,2020-02-28,13.89
Cuba,CUB,2020-02-29,13.89
Cuba,CUB,2020-03-01,13.89
Cuba,CUB,2020-03-02,13.89
Cuba,CUB,2020-03-03,13.89
Cuba,CUB,2020-03-04,13.89
Cuba,CUB,2020-03-05,13.89
Cuba,CUB,2020-03-06,13.89
Cuba,CUB,2020-03-07,13.89
Cuba,CUB,2020-03-08,13.89
Cuba,CUB,2020-03-09,13.89
Cuba,CUB,2020-03-10,13.89
Cuba,CUB,2020-03-11,13.89
Cuba,CUB,2020-03-12,13.89
Cuba,CUB,2020-03-13,13.89
Cuba,CUB,2020-03-14,13.89
Cuba,CUB,2020-03-15,13.89
Cuba,CUB,2020-03-16,13.89
Cuba,CUB,2020-03-17,13.89
Cuba,CUB,2020-03-18,13.89
Cuba,CUB,2020-03-19,13.89
Cuba,CUB,2020-03-20,30.56
Cuba,CUB,2020-03-21,30.56
Cuba,CUB,2020-03-22,30.56
Cuba,CUB,2020-03-23,41.67
Cuba,CUB,2020-03-24,66.67
Cuba,CUB,2020-03-25,66.67
Cuba,CUB,2020-03-26,66.67
Cuba,CUB,2020-03-27,66.67
Cuba,CUB,2020-03-28,66.67
Cuba,CUB,2020-03-29,66.67
Cuba,CUB,2020-03-30,66.67
Cuba,CUB,2020-03-31,66.67
Cuba,CUB,2020-04-01,66.67
Cuba,CUB,2020-04-02,66.67
Cuba,CUB,2020-04-03,66.67
Cuba,CUB,2020-04-04,66.67
Cuba,CUB,2020-04-05,66.67
Cuba,CUB,2020-04-06,66.67
Cuba,CUB,2020-04-07,70.37
Cuba,CUB,2020-04-08,70.37
Cuba,CUB,2020-04-09,70.37
Cuba,CUB,2020-04-10,70.37
Cuba,CUB,2020-04-11,73.15
Cuba,CUB,2020-04-12,73.15
Cuba,CUB,2020-04-13,73.15
Cuba,CUB,2020-04-14,73.15
Cuba,CUB,2020-04-15,73.15
Cuba,CUB,2020-04-16,73.15
Cuba,CUB,2020-04-17,83.33
Cuba,CUB,2020-04-18,83.33
Cuba,CUB,2020-04-19,83.33
Cuba,CUB,2020-04-20,83.33
Cuba,CUB,2020-04-21,83.33
Cuba,CUB,2020-04-22,83.33
Cuba,CUB,2020-04-23,83.33
Cuba,CUB,2020-04-24,83.33
Cuba,CUB,2020-04-25,83.33
Cuba,CUB,2020-04-26,83.33
Cuba,CUB,2020-04-27,83.33
Cuba,CUB,2020-04-28,83.33
Cuba,CUB,2020-04-29,83.33
Cuba,CUB,2020-04-30,83.33
Cuba,CUB,2020-05-01,83.33
Cuba,CUB,2020-05-02,83.33
Cuba,CUB,2020-05-03,83.33
Cuba,CUB,2020-05-04,83.33
Cuba,CUB,2020-05-05,85.19
Cuba,CUB,2020-05-06,85.19
Cuba,CUB,2020-05-07,85.19
Cuba,CUB,2020-05-08,85.19
Cuba,CUB,2020-05-09,85.19
Cuba,CUB,2020-05-10,85.19
Cuba,CUB,2020-05-11,100
Cuba,CUB,2020-05-12,100
Cuba,CUB,2020-05-13,100
Cuba,CUB,2020-05-14,100
Cuba,CUB,2020-05-15,100
Cuba,CUB,2020-05-16,100
Cuba,CUB,2020-05-17,100
Cuba,CUB,2020-05-18,100
Cuba,CUB,2020-05-19,100
Cuba,CUB,2020-05-20,100
Cuba,CUB,2020-05-21,100
Cuba,CUB,2020-05-22,100
Cuba,CUB,2020-05-23,100
Cuba,CUB,2020-05-24,100
Cuba,CUB,2020-05-25,100
Cuba,CUB,2020-05-26,100
Cuba,CUB,2020-05-27,100
Cuba,CUB,2020-05-28,100
Cuba,CUB,2020-05-29,100
Cuba,CUB,2020-05-30,100
Cuba,CUB,2020-05-31,100
Cuba,CUB,2020-06-01,100
Cuba,CUB,2020-06-02,100
Cuba,CUB,2020-06-03,100
Cuba,CUB,2020-06-04,100
Cuba,CUB,2020-06-05,100
Cuba,CUB,2020-06-06,100
Cuba,CUB,2020-06-07,100
Cuba,CUB,2020-06-08,100
Cuba,CUB,2020-06-09,100
Cuba,CUB,2020-06-10,100
Cuba,CUB,2020-06-11,100
Cuba,CUB,2020-06-12,100
Cuba,CUB,2020-06-13,100
Cuba,CUB,2020-06-14,100
Cuba,CUB,2020-06-15,100
Cuba,CUB,2020-06-16,100
Cuba,CUB,2020-06-17,100
Cuba,CUB,2020-06-18,86.11
Cuba,CUB,2020-06-19,86.11
Cuba,CUB,2020-06-20,86.11
Cuba,CUB,2020-06-21,86.11
Cuba,CUB,2020-06-22,86.11
Cuba,CUB,2020-06-23,86.11
Cuba,CUB,2020-06-24,86.11
Cuba,CUB,2020-06-25,86.11
Cuba,CUB,2020-06-26,86.11
Cuba,CUB,2020-06-27,86.11
Cuba,CUB,2020-06-28,86.11
Cuba,CUB,2020-06-29,86.11
Cuba,CUB,2020-06-30,86.11
Cuba,CUB,2020-07-01,86.11
Cuba,CUB,2020-07-02,86.11
Cuba,CUB,2020-07-03,66.67
Cuba,CUB,2020-07-04,66.67
Cuba,CUB,2020-07-05,66.67
Cuba,CUB,2020-07-06,66.67
Cuba,CUB,2020-07-07,66.67
Cuba,CUB,2020-07-08,66.67
Cuba,CUB,2020-07-09,66.67
Cuba,CUB,2020-07-10,66.67
Cuba,CUB,2020-07-11,66.67
Cuba,CUB,2020-07-12,66.67
Cuba,CUB,2020-07-13,66.67
Cuba,CUB,2020-07-14,66.67
Cuba,CUB,2020-07-15,66.67
Cuba,CUB,2020-07-16,66.67
Cuba,CUB,2020-07-17,66.67
Cuba,CUB,2020-07-18,66.67
Cuba,CUB,2020-07-19,66.67
Cuba,CUB,2020-07-20,66.67
Cuba,CUB,2020-07-21,66.67
Cuba,CUB,2020-07-22,66.67
Cuba,CUB,2020-07-23,66.67
Cuba,CUB,2020-07-24,66.67
Cuba,CUB,2020-07-25,66.67
Cuba,CUB,2020-07-26,66.67
Cuba,CUB,2020-07-27,66.67
Cuba,CUB,2020-07-28,66.67
Cuba,CUB,2020-07-29,66.67
Cuba,CUB,2020-07-30,66.67
Cuba,CUB,2020-07-31,66.67
Cuba,CUB,2020-08-01,66.67
Cuba,CUB,2020-08-02,66.67
Cuba,CUB,2020-08-03,66.67
Cuba,CUB,2020-08-04,66.67
Cuba,CUB,2020-08-05,66.67
Cuba,CUB,2020-08-06,66.67
Cuba,CUB,2020-08-07,66.67
Cuba,CUB,2020-08-08,66.67
Cuba,CUB,2020-08-09,75
Cuba,CUB,2020-08-10,75
Cuba,CUB,2020-08-11,82.41
Cuba,CUB,2020-08-12,82.41
Cuba,CUB,2020-08-13,82.41
Cuba,CUB,2020-08-14,82.41
Cuba,CUB,2020-08-15,82.41
Cuba,CUB,2020-08-16,82.41
Cuba,CUB,2020-08-17,82.41
Cuba,CUB,2020-08-18,82.41
Cuba,CUB,2020-08-19,82.41
Cuba,CUB,2020-08-20,82.41
Cuba,CUB,2020-08-21,82.41
Cuba,CUB,2020-08-22,82.41
Cuba,CUB,2020-08-23,82.41
Cuba,CUB,2020-08-24,82.41
Cuba,CUB,2020-08-25,82.41
Cuba,CUB,2020-08-26,82.41
Cuba,CUB,2020-08-27,82.41
Cuba,CUB,2020-08-28,82.41
Cuba,CUB,2020-08-29,82.41
Cuba,CUB,2020-08-30,82.41
Cuba,CUB,2020-08-31,82.41
Cuba,CUB,2020-09-01,86.11
Cuba,CUB,2020-09-02,86.11
Cuba,CUB,2020-09-03,86.11
Cuba,CUB,2020-09-04,86.11
Cuba,CUB,2020-09-05,86.11
Cuba,CUB,2020-09-06,86.11
Cuba,CUB,2020-09-07,86.11
Cuba,CUB,2020-09-08,86.11
Cuba,CUB,2020-09-09,86.11
Cuba,CUB,2020-09-10,86.11
Cuba,CUB,2020-09-11,86.11
Cuba,CUB,2020-09-12,86.11
Cuba,CUB,2020-09-13,86.11
Cuba,CUB,2020-09-14,86.11
Cuba,CUB,2020-09-15,86.11
Cuba,CUB,2020-09-16,86.11
Cuba,CUB,2020-09-17,86.11
Cuba,CUB,2020-09-18,86.11
Cuba,CUB,2020-09-19,86.11
Cuba,CUB,2020-09-20,86.11
Cuba,CUB,2020-09-21,86.11
Cuba,CUB,2020-09-22,86.11
Cuba,CUB,2020-09-23,84.26
Cuba,CUB,2020-09-24,84.26
Cuba,CUB,2020-09-25,84.26
Cuba,CUB,2020-09-26,84.26
Cuba,CUB,2020-09-27,84.26
Cuba,CUB,2020-09-28,84.26
Cuba,CUB,2020-09-29,84.26
Cuba,CUB,2020-09-30,84.26
Cuba,CUB,2020-10-01,78.7
Cuba,CUB,2020-10-02,78.7
Cuba,CUB,2020-10-03,73.15
Cuba,CUB,2020-10-04,73.15
Cuba,CUB,2020-10-05,73.15
Cuba,CUB,2020-10-06,73.15
Cuba,CUB,2020-10-07,73.15
Cuba,CUB,2020-10-08,73.15
Cuba,CUB,2020-10-09,73.15
Cuba,CUB,2020-10-10,73.15
Cuba,CUB,2020-10-11,73.15
Cuba,CUB,2020-10-12,64.81
Cuba,CUB,2020-10-13,64.81
Cuba,CUB,2020-10-14,64.81
Cuba,CUB,2020-10-15,64.81
Cuba,CUB,2020-10-16,64.81
Cuba,CUB,2020-10-17,64.81
Cuba,CUB,2020-10-18,64.81
Cuba,CUB,2020-10-19,64.81
Cuba,CUB,2020-10-20,64.81
Cuba,CUB,2020-10-21,64.81
Cuba,CUB,2020-10-22,64.81
Cuba,CUB,2020-10-23,64.81
Cuba,CUB,2020-10-24,64.81
Cuba,CUB,2020-10-25,64.81
Cuba,CUB,2020-10-26,64.81
Cuba,CUB,2020-10-27,64.81
Cuba,CUB,2020-10-28,64.81
Cuba,CUB,2020-10-29,64.81
Cuba,CUB,2020-10-30,64.81
Cuba,CUB,2020-10-31,64.81
Cuba,CUB,2020-11-01,64.81
Cuba,CUB,2020-11-02,64.81
Cuba,CUB,2020-11-03,59.26
Cuba,CUB,2020-11-04,59.26
Cuba,CUB,2020-11-05,59.26
Cuba,CUB,2020-11-06,59.26
Cuba,CUB,2020-11-07,59.26
Cuba,CUB,2020-11-08,59.26
Cuba,CUB,2020-11-09,59.26
Cuba,CUB,2020-11-10,59.26
Cuba,CUB,2020-11-11,59.26
Cuba,CUB,2020-11-12,59.26
Cuba,CUB,2020-11-13,59.26
Cuba,CUB,2020-11-14,59.26
Cuba,CUB,2020-11-15,59.26
Cuba,CUB,2020-11-16,59.26
Cuba,CUB,2020-11-17,59.26
Cuba,CUB,2020-11-18,59.26
Cuba,CUB,2020-11-19,59.26
Cuba,CUB,2020-11-20,59.26
Cuba,CUB,2020-11-21,59.26
Cuba,CUB,2020-11-22,59.26
Cuba,CUB,2020-11-23,59.26
Cuba,CUB,2020-11-24,59.26
Cuba,CUB,2020-11-25,59.26
Cuba,CUB,2020-11-26,59.26
Cuba,CUB,2020-11-27,59.26
Cuba,CUB,2020-11-28,59.26
Cuba,CUB,2020-11-29,59.26
Cuba,CUB,2020-11-30,56.48
Cuba,CUB,2020-12-01,56.48
Cuba,CUB,2020-12-02,56.48
Cuba,CUB,2020-12-03,56.48
Cuba,CUB,2020-12-04,56.48
Cuba,CUB,2020-12-05,56.48
Cuba,CUB,2020-12-06,56.48
Cuba,CUB,2020-12-07,56.48
Cuba,CUB,2020-12-08,56.48
Cuba,CUB,2020-12-09,56.48
Cuba,CUB,2020-12-10,56.48
Cuba,CUB,2020-12-11,56.48
Cuba,CUB,2020-12-12,56.48
Cuba,CUB,2020-12-13,56.48
Cuba,CUB,2020-12-14,56.48
Cuba,CUB,2020-12-15,56.48
Cuba,CUB,2020-12-16,56.48
Cuba,CUB,2020-12-17,56.48
Cuba,CUB,2020-12-18,56.48
Cuba,CUB,2020-12-19,56.48
Cuba,CUB,2020-12-20,56.48
Cuba,CUB,2020-12-21,56.48
Cuba,CUB,2020-12-22,56.48
Cuba,CUB,2020-12-23,56.48
Cuba,CUB,2020-12-24,56.48
Cuba,CUB,2020-12-25,56.48
Cuba,CUB,2020-12-26,56.48
Cuba,CUB,2020-12-27,56.48
Cuba,CUB,2020-12-28,56.48
Cuba,CUB,2020-12-29,56.48
Cuba,CUB,2020-12-30,56.48
Cuba,CUB,2020-12-31,56.48
Cuba,CUB,2021-01-01,62.04
Cuba,CUB,2021-01-02,62.04
Cuba,CUB,2021-01-03,62.04
Cuba,CUB,2021-01-04,62.04
Cuba,CUB,2021-01-05,62.04
Cuba,CUB,2021-01-06,62.04
Cuba,CUB,2021-01-07,62.04
Cuba,CUB,2021-01-08,62.04
Cuba,CUB,2021-01-09,67.59
Cuba,CUB,2021-01-10,64.81
Cuba,CUB,2021-01-11,64.81
Cuba,CUB,2021-01-12,64.81
Cuba,CUB,2021-01-13,64.81
Cuba,CUB,2021-01-14,78.7
Cuba,CUB,2021-01-15,78.7
Cuba,CUB,2021-01-16,78.7
Cuba,CUB,2021-01-17,78.7
Cuba,CUB,2021-01-18,78.7
Cuba,CUB,2021-01-19,78.7
Cuba,CUB,2021-01-20,78.7
Cuba,CUB,2021-01-21,78.7
Cuba,CUB,2021-01-22,78.7
Cuba,CUB,2021-01-23,78.7
Cuba,CUB,2021-01-24,78.7
Cuba,CUB,2021-01-25,78.7
Cuba,CUB,2021-01-26,78.7
Cuba,CUB,2021-01-27,78.7
Cuba,CUB,2021-01-28,78.7
Cuba,CUB,2021-01-29,78.7
Cuba,CUB,2021-01-30,78.7
Cuba,CUB,2021-01-31,78.7
Cuba,CUB,2021-02-01,78.7
Cuba,CUB,2021-02-02,78.7
Cuba,CUB,2021-02-03,78.7
Cuba,CUB,2021-02-04,78.7
Cuba,CUB,2021-02-05,83.33
Cuba,CUB,2021-02-06,83.33
Cuba,CUB,2021-02-07,83.33
Cuba,CUB,2021-02-08,83.33
Cuba,CUB,2021-02-09,83.33
Cuba,CUB,2021-02-10,83.33
Cuba,CUB,2021-02-11,83.33
Cuba,CUB,2021-02-12,83.33
Cuba,CUB,2021-02-13,83.33
Cuba,CUB,2021-02-14,83.33
Cuba,CUB,2021-02-15,83.33
Cuba,CUB,2021-02-16,83.33
Cuba,CUB,2021-02-17,83.33
Cuba,CUB,2021-02-18,83.33
Cuba,CUB,2021-02-19,83.33
Cuba,CUB,2021-02-20,83.33
Cuba,CUB,2021-02-21,83.33
Cuba,CUB,2021-02-22,83.33
Cuba,CUB,2021-02-23,83.33
Cuba,CUB,2021-02-24,83.33
Cuba,CUB,2021-02-25,83.33
Cuba,CUB,2021-02-26,83.33
Cuba,CUB,2021-02-27,83.33
Cuba,CUB,2021-02-28,83.33
Cuba,CUB,2021-03-01,83.33
Cuba,CUB,2021-03-02,83.33
Cuba,CUB,2021-03-03,83.33
Cuba,CUB,2021-03-04,83.33
Cuba,CUB,2021-03-05,83.33
Cuba,CUB,2021-03-06,83.33
Cuba,CUB,2021-03-07,83.33
Cuba,CUB,2021-03-08,83.33
Cuba,CUB,2021-03-09,83.33
Cyprus,CYP,2020-01-01,0
Cyprus,CYP,2020-01-02,0
Cyprus,CYP,2020-01-03,0
Cyprus,CYP,2020-01-04,0
Cyprus,CYP,2020-01-05,0
Cyprus,CYP,2020-01-06,0
Cyprus,CYP,2020-01-07,0
Cyprus,CYP,2020-01-08,0
Cyprus,CYP,2020-01-09,0
Cyprus,CYP,2020-01-10,0
Cyprus,CYP,2020-01-11,0
Cyprus,CYP,2020-01-12,0
Cyprus,CYP,2020-01-13,0
Cyprus,CYP,2020-01-14,0
Cyprus,CYP,2020-01-15,0
Cyprus,CYP,2020-01-16,0
Cyprus,CYP,2020-01-17,0
Cyprus,CYP,2020-01-18,0
Cyprus,CYP,2020-01-19,0
Cyprus,CYP,2020-01-20,0
Cyprus,CYP,2020-01-21,0
Cyprus,CYP,2020-01-22,0
Cyprus,CYP,2020-01-23,0
Cyprus,CYP,2020-01-24,0
Cyprus,CYP,2020-01-25,0
Cyprus,CYP,2020-01-26,0
Cyprus,CYP,2020-01-27,0
Cyprus,CYP,2020-01-28,0
Cyprus,CYP,2020-01-29,0
Cyprus,CYP,2020-01-30,0
Cyprus,CYP,2020-01-31,0
Cyprus,CYP,2020-02-01,0
Cyprus,CYP,2020-02-02,0
Cyprus,CYP,2020-02-03,0
Cyprus,CYP,2020-02-04,0
Cyprus,CYP,2020-02-05,0
Cyprus,CYP,2020-02-06,0
Cyprus,CYP,2020-02-07,0
Cyprus,CYP,2020-02-08,0
Cyprus,CYP,2020-02-09,0
Cyprus,CYP,2020-02-10,0
Cyprus,CYP,2020-02-11,0
Cyprus,CYP,2020-02-12,0
Cyprus,CYP,2020-02-13,0
Cyprus,CYP,2020-02-14,0
Cyprus,CYP,2020-02-15,0
Cyprus,CYP,2020-02-16,0
Cyprus,CYP,2020-02-17,0
Cyprus,CYP,2020-02-18,0
Cyprus,CYP,2020-02-19,0
Cyprus,CYP,2020-02-20,0
Cyprus,CYP,2020-02-21,0
Cyprus,CYP,2020-02-22,0
Cyprus,CYP,2020-02-23,0
Cyprus,CYP,2020-02-24,0
Cyprus,CYP,2020-02-25,0
Cyprus,CYP,2020-02-26,0
Cyprus,CYP,2020-02-27,0
Cyprus,CYP,2020-02-28,0
Cyprus,CYP,2020-02-29,0
Cyprus,CYP,2020-03-01,0
Cyprus,CYP,2020-03-02,0
Cyprus,CYP,2020-03-03,0
Cyprus,CYP,2020-03-04,0
Cyprus,CYP,2020-03-05,11.11
Cyprus,CYP,2020-03-06,11.11
Cyprus,CYP,2020-03-07,11.11
Cyprus,CYP,2020-03-08,11.11
Cyprus,CYP,2020-03-09,11.11
Cyprus,CYP,2020-03-10,22.22
Cyprus,CYP,2020-03-11,22.22
Cyprus,CYP,2020-03-12,22.22
Cyprus,CYP,2020-03-13,38.89
Cyprus,CYP,2020-03-14,38.89
Cyprus,CYP,2020-03-15,44.44
Cyprus,CYP,2020-03-16,51.85
Cyprus,CYP,2020-03-17,51.85
Cyprus,CYP,2020-03-18,51.85
Cyprus,CYP,2020-03-19,51.85
Cyprus,CYP,2020-03-20,51.85
Cyprus,CYP,2020-03-21,51.85
Cyprus,CYP,2020-03-22,51.85
Cyprus,CYP,2020-03-23,62.96
Cyprus,CYP,2020-03-24,92.59
Cyprus,CYP,2020-03-25,92.59
Cyprus,CYP,2020-03-26,92.59
Cyprus,CYP,2020-03-27,92.59
Cyprus,CYP,2020-03-28,92.59
Cyprus,CYP,2020-03-29,92.59
Cyprus,CYP,2020-03-30,92.59
Cyprus,CYP,2020-03-31,92.59
Cyprus,CYP,2020-04-01,92.59
Cyprus,CYP,2020-04-02,92.59
Cyprus,CYP,2020-04-03,92.59
Cyprus,CYP,2020-04-04,92.59
Cyprus,CYP,2020-04-05,92.59
Cyprus,CYP,2020-04-06,92.59
Cyprus,CYP,2020-04-07,92.59
Cyprus,CYP,2020-04-08,92.59
Cyprus,CYP,2020-04-09,92.59
Cyprus,CYP,2020-04-10,92.59
Cyprus,CYP,2020-04-11,92.59
Cyprus,CYP,2020-04-12,92.59
Cyprus,CYP,2020-04-13,92.59
Cyprus,CYP,2020-04-14,92.59
Cyprus,CYP,2020-04-15,92.59
Cyprus,CYP,2020-04-16,94.44
Cyprus,CYP,2020-04-17,94.44
Cyprus,CYP,2020-04-18,94.44
Cyprus,CYP,2020-04-19,94.44
Cyprus,CYP,2020-04-20,94.44
Cyprus,CYP,2020-04-21,94.44
Cyprus,CYP,2020-04-22,94.44
Cyprus,CYP,2020-04-23,94.44
Cyprus,CYP,2020-04-24,94.44
Cyprus,CYP,2020-04-25,94.44
Cyprus,CYP,2020-04-26,94.44
Cyprus,CYP,2020-04-27,94.44
Cyprus,CYP,2020-04-28,94.44
Cyprus,CYP,2020-04-29,94.44
Cyprus,CYP,2020-04-30,94.44
Cyprus,CYP,2020-05-01,94.44
Cyprus,CYP,2020-05-02,94.44
Cyprus,CYP,2020-05-03,94.44
Cyprus,CYP,2020-05-04,92.59
Cyprus,CYP,2020-05-05,92.59
Cyprus,CYP,2020-05-06,92.59
Cyprus,CYP,2020-05-07,92.59
Cyprus,CYP,2020-05-08,92.59
Cyprus,CYP,2020-05-09,92.59
Cyprus,CYP,2020-05-10,92.59
Cyprus,CYP,2020-05-11,92.59
Cyprus,CYP,2020-05-12,92.59
Cyprus,CYP,2020-05-13,92.59
Cyprus,CYP,2020-05-14,92.59
Cyprus,CYP,2020-05-15,92.59
Cyprus,CYP,2020-05-16,92.59
Cyprus,CYP,2020-05-17,92.59
Cyprus,CYP,2020-05-18,92.59
Cyprus,CYP,2020-05-19,92.59
Cyprus,CYP,2020-05-20,92.59
Cyprus,CYP,2020-05-21,76.85
Cyprus,CYP,2020-05-22,76.85
Cyprus,CYP,2020-05-23,76.85
Cyprus,CYP,2020-05-24,76.85
Cyprus,CYP,2020-05-25,76.85
Cyprus,CYP,2020-05-26,76.85
Cyprus,CYP,2020-05-27,76.85
Cyprus,CYP,2020-05-28,76.85
Cyprus,CYP,2020-05-29,76.85
Cyprus,CYP,2020-05-30,76.85
Cyprus,CYP,2020-05-31,76.85
Cyprus,CYP,2020-06-01,76.85
Cyprus,CYP,2020-06-02,76.85
Cyprus,CYP,2020-06-03,76.85
Cyprus,CYP,2020-06-04,76.85
Cyprus,CYP,2020-06-05,76.85
Cyprus,CYP,2020-06-06,76.85
Cyprus,CYP,2020-06-07,76.85
Cyprus,CYP,2020-06-08,71.3
Cyprus,CYP,2020-06-09,62.96
Cyprus,CYP,2020-06-10,62.96
Cyprus,CYP,2020-06-11,62.96
Cyprus,CYP,2020-06-12,62.96
Cyprus,CYP,2020-06-13,62.96
Cyprus,CYP,2020-06-14,62.96
Cyprus,CYP,2020-06-15,62.96
Cyprus,CYP,2020-06-16,62.96
Cyprus,CYP,2020-06-17,62.96
Cyprus,CYP,2020-06-18,62.96
Cyprus,CYP,2020-06-19,62.96
Cyprus,CYP,2020-06-20,62.96
Cyprus,CYP,2020-06-21,62.96
Cyprus,CYP,2020-06-22,62.96
Cyprus,CYP,2020-06-23,62.96
Cyprus,CYP,2020-06-24,50
Cyprus,CYP,2020-06-25,50
Cyprus,CYP,2020-06-26,50
Cyprus,CYP,2020-06-27,50
Cyprus,CYP,2020-06-28,50
Cyprus,CYP,2020-06-29,50
Cyprus,CYP,2020-06-30,50
Cyprus,CYP,2020-07-01,50
Cyprus,CYP,2020-07-02,50
Cyprus,CYP,2020-07-03,50
Cyprus,CYP,2020-07-04,50
Cyprus,CYP,2020-07-05,50
Cyprus,CYP,2020-07-06,50
Cyprus,CYP,2020-07-07,50
Cyprus,CYP,2020-07-08,50
Cyprus,CYP,2020-07-09,50
Cyprus,CYP,2020-07-10,50
Cyprus,CYP,2020-07-11,50
Cyprus,CYP,2020-07-12,47.22
Cyprus,CYP,2020-07-13,47.22
Cyprus,CYP,2020-07-14,47.22
Cyprus,CYP,2020-07-15,47.22
Cyprus,CYP,2020-07-16,47.22
Cyprus,CYP,2020-07-17,47.22
Cyprus,CYP,2020-07-18,47.22
Cyprus,CYP,2020-07-19,47.22
Cyprus,CYP,2020-07-20,47.22
Cyprus,CYP,2020-07-21,47.22
Cyprus,CYP,2020-07-22,47.22
Cyprus,CYP,2020-07-23,47.22
Cyprus,CYP,2020-07-24,47.22
Cyprus,CYP,2020-07-25,47.22
Cyprus,CYP,2020-07-26,47.22
Cyprus,CYP,2020-07-27,47.22
Cyprus,CYP,2020-07-28,47.22
Cyprus,CYP,2020-07-29,47.22
Cyprus,CYP,2020-07-30,47.22
Cyprus,CYP,2020-07-31,47.22
Cyprus,CYP,2020-08-01,47.22
Cyprus,CYP,2020-08-02,47.22
Cyprus,CYP,2020-08-03,47.22
Cyprus,CYP,2020-08-04,47.22
Cyprus,CYP,2020-08-05,47.22
Cyprus,CYP,2020-08-06,47.22
Cyprus,CYP,2020-08-07,47.22
Cyprus,CYP,2020-08-08,47.22
Cyprus,CYP,2020-08-09,47.22
Cyprus,CYP,2020-08-10,47.22
Cyprus,CYP,2020-08-11,47.22
Cyprus,CYP,2020-08-12,47.22
Cyprus,CYP,2020-08-13,47.22
Cyprus,CYP,2020-08-14,47.22
Cyprus,CYP,2020-08-15,47.22
Cyprus,CYP,2020-08-16,47.22
Cyprus,CYP,2020-08-17,47.22
Cyprus,CYP,2020-08-18,47.22
Cyprus,CYP,2020-08-19,47.22
Cyprus,CYP,2020-08-20,47.22
Cyprus,CYP,2020-08-21,47.22
Cyprus,CYP,2020-08-22,50
Cyprus,CYP,2020-08-23,50
Cyprus,CYP,2020-08-24,50
Cyprus,CYP,2020-08-25,50
Cyprus,CYP,2020-08-26,50
Cyprus,CYP,2020-08-27,50
Cyprus,CYP,2020-08-28,50
Cyprus,CYP,2020-08-29,50
Cyprus,CYP,2020-08-30,50
Cyprus,CYP,2020-08-31,50
Cyprus,CYP,2020-09-01,50
Cyprus,CYP,2020-09-02,50
Cyprus,CYP,2020-09-03,50
Cyprus,CYP,2020-09-04,50
Cyprus,CYP,2020-09-05,50
Cyprus,CYP,2020-09-06,50
Cyprus,CYP,2020-09-07,50
Cyprus,CYP,2020-09-08,55.56
Cyprus,CYP,2020-09-09,55.56
Cyprus,CYP,2020-09-10,55.56
Cyprus,CYP,2020-09-11,55.56
Cyprus,CYP,2020-09-12,55.56
Cyprus,CYP,2020-09-13,55.56
Cyprus,CYP,2020-09-14,53.7
Cyprus,CYP,2020-09-15,53.7
Cyprus,CYP,2020-09-16,53.7
Cyprus,CYP,2020-09-17,53.7
Cyprus,CYP,2020-09-18,53.7
Cyprus,CYP,2020-09-19,53.7
Cyprus,CYP,2020-09-20,53.7
Cyprus,CYP,2020-09-21,53.7
Cyprus,CYP,2020-09-22,53.7
Cyprus,CYP,2020-09-23,53.7
Cyprus,CYP,2020-09-24,53.7
Cyprus,CYP,2020-09-25,53.7
Cyprus,CYP,2020-09-26,53.7
Cyprus,CYP,2020-09-27,53.7
Cyprus,CYP,2020-09-28,53.7
Cyprus,CYP,2020-09-29,53.7
Cyprus,CYP,2020-09-30,53.7
Cyprus,CYP,2020-10-01,53.7
Cyprus,CYP,2020-10-02,53.7
Cyprus,CYP,2020-10-03,53.7
Cyprus,CYP,2020-10-04,53.7
Cyprus,CYP,2020-10-05,53.7
Cyprus,CYP,2020-10-06,53.7
Cyprus,CYP,2020-10-07,53.7
Cyprus,CYP,2020-10-08,53.7
Cyprus,CYP,2020-10-09,50
Cyprus,CYP,2020-10-10,50
Cyprus,CYP,2020-10-11,50
Cyprus,CYP,2020-10-12,50
Cyprus,CYP,2020-10-13,50
Cyprus,CYP,2020-10-14,50
Cyprus,CYP,2020-10-15,50
Cyprus,CYP,2020-10-16,50
Cyprus,CYP,2020-10-17,50
Cyprus,CYP,2020-10-18,46.3
Cyprus,CYP,2020-10-19,46.3
Cyprus,CYP,2020-10-20,51.85
Cyprus,CYP,2020-10-21,51.85
Cyprus,CYP,2020-10-22,51.85
Cyprus,CYP,2020-10-23,63.89
Cyprus,CYP,2020-10-24,63.89
Cyprus,CYP,2020-10-25,63.89
Cyprus,CYP,2020-10-26,63.89
Cyprus,CYP,2020-10-27,63.89
Cyprus,CYP,2020-10-28,63.89
Cyprus,CYP,2020-10-29,63.89
Cyprus,CYP,2020-10-30,63.89
Cyprus,CYP,2020-10-31,63.89
Cyprus,CYP,2020-11-01,63.89
Cyprus,CYP,2020-11-02,63.89
Cyprus,CYP,2020-11-03,69.44
Cyprus,CYP,2020-11-04,69.44
Cyprus,CYP,2020-11-05,69.44
Cyprus,CYP,2020-11-06,69.44
Cyprus,CYP,2020-11-07,69.44
Cyprus,CYP,2020-11-08,69.44
Cyprus,CYP,2020-11-09,69.44
Cyprus,CYP,2020-11-10,69.44
Cyprus,CYP,2020-11-11,69.44
Cyprus,CYP,2020-11-12,72.22
Cyprus,CYP,2020-11-13,72.22
Cyprus,CYP,2020-11-14,72.22
Cyprus,CYP,2020-11-15,72.22
Cyprus,CYP,2020-11-16,72.22
Cyprus,CYP,2020-11-17,72.22
Cyprus,CYP,2020-11-18,72.22
Cyprus,CYP,2020-11-19,72.22
Cyprus,CYP,2020-11-20,72.22
Cyprus,CYP,2020-11-21,72.22
Cyprus,CYP,2020-11-22,72.22
Cyprus,CYP,2020-11-23,72.22
Cyprus,CYP,2020-11-24,72.22
Cyprus,CYP,2020-11-25,72.22
Cyprus,CYP,2020-11-26,72.22
Cyprus,CYP,2020-11-27,72.22
Cyprus,CYP,2020-11-28,72.22
Cyprus,CYP,2020-11-29,72.22
Cyprus,CYP,2020-11-30,65.74
Cyprus,CYP,2020-12-01,65.74
Cyprus,CYP,2020-12-02,65.74
Cyprus,CYP,2020-12-03,69.44
Cyprus,CYP,2020-12-04,69.44
Cyprus,CYP,2020-12-05,69.44
Cyprus,CYP,2020-12-06,69.44
Cyprus,CYP,2020-12-07,69.44
Cyprus,CYP,2020-12-08,69.44
Cyprus,CYP,2020-12-09,69.44
Cyprus,CYP,2020-12-10,69.44
Cyprus,CYP,2020-12-11,69.44
Cyprus,CYP,2020-12-12,69.44
Cyprus,CYP,2020-12-13,69.44
Cyprus,CYP,2020-12-14,69.44
Cyprus,CYP,2020-12-15,69.44
Cyprus,CYP,2020-12-16,69.44
Cyprus,CYP,2020-12-17,69.44
Cyprus,CYP,2020-12-18,69.44
Cyprus,CYP,2020-12-19,69.44
Cyprus,CYP,2020-12-20,69.44
Cyprus,CYP,2020-12-21,77.78
Cyprus,CYP,2020-12-22,77.78
Cyprus,CYP,2020-12-23,77.78
Cyprus,CYP,2020-12-24,69.44
Cyprus,CYP,2020-12-25,69.44
Cyprus,CYP,2020-12-26,77.78
Cyprus,CYP,2020-12-27,77.78
Cyprus,CYP,2020-12-28,77.78
Cyprus,CYP,2020-12-29,74.07
Cyprus,CYP,2020-12-30,74.07
Cyprus,CYP,2020-12-31,74.07
Cyprus,CYP,2021-01-01,74.07
Cyprus,CYP,2021-01-02,74.07
Cyprus,CYP,2021-01-03,74.07
Cyprus,CYP,2021-01-04,74.07
Cyprus,CYP,2021-01-05,74.07
Cyprus,CYP,2021-01-06,74.07
Cyprus,CYP,2021-01-07,74.07
Cyprus,CYP,2021-01-08,74.07
Cyprus,CYP,2021-01-09,74.07
Cyprus,CYP,2021-01-10,84.26
Cyprus,CYP,2021-01-11,84.26
Cyprus,CYP,2021-01-12,84.26
Cyprus,CYP,2021-01-13,84.26
Cyprus,CYP,2021-01-14,84.26
Cyprus,CYP,2021-01-15,84.26
Cyprus,CYP,2021-01-16,84.26
Cyprus,CYP,2021-01-17,84.26
Cyprus,CYP,2021-01-18,84.26
Cyprus,CYP,2021-01-19,84.26
Cyprus,CYP,2021-01-20,84.26
Cyprus,CYP,2021-01-21,84.26
Cyprus,CYP,2021-01-22,84.26
Cyprus,CYP,2021-01-23,84.26
Cyprus,CYP,2021-01-24,84.26
Cyprus,CYP,2021-01-25,84.26
Cyprus,CYP,2021-01-26,84.26
Cyprus,CYP,2021-01-27,84.26
Cyprus,CYP,2021-01-28,84.26
Cyprus,CYP,2021-01-29,84.26
Cyprus,CYP,2021-01-30,84.26
Cyprus,CYP,2021-01-31,84.26
Cyprus,CYP,2021-02-01,80.56
Cyprus,CYP,2021-02-02,80.56
Cyprus,CYP,2021-02-03,80.56
Cyprus,CYP,2021-02-04,80.56
Cyprus,CYP,2021-02-05,80.56
Cyprus,CYP,2021-02-06,80.56
Cyprus,CYP,2021-02-07,80.56
Cyprus,CYP,2021-02-08,80.56
Cyprus,CYP,2021-02-09,80.56
Cyprus,CYP,2021-02-10,80.56
Cyprus,CYP,2021-02-11,80.56
Cyprus,CYP,2021-02-12,80.56
Cyprus,CYP,2021-02-13,80.56
Cyprus,CYP,2021-02-14,80.56
Cyprus,CYP,2021-02-15,80.56
Cyprus,CYP,2021-02-16,80.56
Cyprus,CYP,2021-02-17,80.56
Cyprus,CYP,2021-02-18,80.56
Cyprus,CYP,2021-02-19,80.56
Cyprus,CYP,2021-02-20,80.56
Cyprus,CYP,2021-02-21,80.56
Cyprus,CYP,2021-02-22,80.56
Cyprus,CYP,2021-02-23,80.56
Cyprus,CYP,2021-02-24,80.56
Cyprus,CYP,2021-02-25,80.56
Cyprus,CYP,2021-02-26,80.56
Cyprus,CYP,2021-02-27,80.56
Cyprus,CYP,2021-02-28,80.56
Cyprus,CYP,2021-03-01,75
Cyprus,CYP,2021-03-02,75
Cyprus,CYP,2021-03-03,75
Cyprus,CYP,2021-03-04,75
Cyprus,CYP,2021-03-05,75
Cyprus,CYP,2021-03-06,75
Cyprus,CYP,2021-03-07,75
Czechia,CZE,2020-01-01,0
Czechia,CZE,2020-01-02,0
Czechia,CZE,2020-01-03,0
Czechia,CZE,2020-01-04,0
Czechia,CZE,2020-01-05,0
Czechia,CZE,2020-01-06,0
Czechia,CZE,2020-01-07,0
Czechia,CZE,2020-01-08,0
Czechia,CZE,2020-01-09,0
Czechia,CZE,2020-01-10,0
Czechia,CZE,2020-01-11,0
Czechia,CZE,2020-01-12,0
Czechia,CZE,2020-01-13,0
Czechia,CZE,2020-01-14,0
Czechia,CZE,2020-01-15,0
Czechia,CZE,2020-01-16,0
Czechia,CZE,2020-01-17,0
Czechia,CZE,2020-01-18,0
Czechia,CZE,2020-01-19,0
Czechia,CZE,2020-01-20,0
Czechia,CZE,2020-01-21,0
Czechia,CZE,2020-01-22,0
Czechia,CZE,2020-01-23,0
Czechia,CZE,2020-01-24,5.56
Czechia,CZE,2020-01-25,5.56
Czechia,CZE,2020-01-26,5.56
Czechia,CZE,2020-01-27,11.11
Czechia,CZE,2020-01-28,11.11
Czechia,CZE,2020-01-29,11.11
Czechia,CZE,2020-01-30,16.67
Czechia,CZE,2020-01-31,16.67
Czechia,CZE,2020-02-01,16.67
Czechia,CZE,2020-02-02,16.67
Czechia,CZE,2020-02-03,16.67
Czechia,CZE,2020-02-04,16.67
Czechia,CZE,2020-02-05,16.67
Czechia,CZE,2020-02-06,16.67
Czechia,CZE,2020-02-07,16.67
Czechia,CZE,2020-02-08,16.67
Czechia,CZE,2020-02-09,16.67
Czechia,CZE,2020-02-10,16.67
Czechia,CZE,2020-02-11,16.67
Czechia,CZE,2020-02-12,16.67
Czechia,CZE,2020-02-13,16.67
Czechia,CZE,2020-02-14,16.67
Czechia,CZE,2020-02-15,16.67
Czechia,CZE,2020-02-16,16.67
Czechia,CZE,2020-02-17,16.67
Czechia,CZE,2020-02-18,16.67
Czechia,CZE,2020-02-19,16.67
Czechia,CZE,2020-02-20,16.67
Czechia,CZE,2020-02-21,16.67
Czechia,CZE,2020-02-22,16.67
Czechia,CZE,2020-02-23,16.67
Czechia,CZE,2020-02-24,16.67
Czechia,CZE,2020-02-25,16.67
Czechia,CZE,2020-02-26,16.67
Czechia,CZE,2020-02-27,16.67
Czechia,CZE,2020-02-28,19.44
Czechia,CZE,2020-02-29,19.44
Czechia,CZE,2020-03-01,19.44
Czechia,CZE,2020-03-02,19.44
Czechia,CZE,2020-03-03,19.44
Czechia,CZE,2020-03-04,19.44
Czechia,CZE,2020-03-05,19.44
Czechia,CZE,2020-03-06,19.44
Czechia,CZE,2020-03-07,19.44
Czechia,CZE,2020-03-08,19.44
Czechia,CZE,2020-03-09,19.44
Czechia,CZE,2020-03-10,25
Czechia,CZE,2020-03-11,47.22
Czechia,CZE,2020-03-12,50
Czechia,CZE,2020-03-13,57.41
Czechia,CZE,2020-03-14,61.11
Czechia,CZE,2020-03-15,68.52
Czechia,CZE,2020-03-16,79.63
Czechia,CZE,2020-03-17,79.63
Czechia,CZE,2020-03-18,79.63
Czechia,CZE,2020-03-19,79.63
Czechia,CZE,2020-03-20,79.63
Czechia,CZE,2020-03-21,79.63
Czechia,CZE,2020-03-22,79.63
Czechia,CZE,2020-03-23,82.41
Czechia,CZE,2020-03-24,82.41
Czechia,CZE,2020-03-25,82.41
Czechia,CZE,2020-03-26,82.41
Czechia,CZE,2020-03-27,82.41
Czechia,CZE,2020-03-28,82.41
Czechia,CZE,2020-03-29,82.41
Czechia,CZE,2020-03-30,82.41
Czechia,CZE,2020-03-31,82.41
Czechia,CZE,2020-04-01,82.41
Czechia,CZE,2020-04-02,74.07
Czechia,CZE,2020-04-03,74.07
Czechia,CZE,2020-04-04,74.07
Czechia,CZE,2020-04-05,74.07
Czechia,CZE,2020-04-06,74.07
Czechia,CZE,2020-04-07,74.07
Czechia,CZE,2020-04-08,74.07
Czechia,CZE,2020-04-09,74.07
Czechia,CZE,2020-04-10,74.07
Czechia,CZE,2020-04-11,74.07
Czechia,CZE,2020-04-12,74.07
Czechia,CZE,2020-04-13,74.07
Czechia,CZE,2020-04-14,71.3
Czechia,CZE,2020-04-15,71.3
Czechia,CZE,2020-04-16,71.3
Czechia,CZE,2020-04-17,71.3
Czechia,CZE,2020-04-18,71.3
Czechia,CZE,2020-04-19,71.3
Czechia,CZE,2020-04-20,63.89
Czechia,CZE,2020-04-21,60.19
Czechia,CZE,2020-04-22,60.19
Czechia,CZE,2020-04-23,60.19
Czechia,CZE,2020-04-24,60.19
Czechia,CZE,2020-04-25,60.19
Czechia,CZE,2020-04-26,60.19
Czechia,CZE,2020-04-27,57.41
Czechia,CZE,2020-04-28,57.41
Czechia,CZE,2020-04-29,57.41
Czechia,CZE,2020-04-30,57.41
Czechia,CZE,2020-05-01,57.41
Czechia,CZE,2020-05-02,57.41
Czechia,CZE,2020-05-03,57.41
Czechia,CZE,2020-05-04,57.41
Czechia,CZE,2020-05-05,57.41
Czechia,CZE,2020-05-06,57.41
Czechia,CZE,2020-05-07,57.41
Czechia,CZE,2020-05-08,57.41
Czechia,CZE,2020-05-09,57.41
Czechia,CZE,2020-05-10,57.41
Czechia,CZE,2020-05-11,57.41
Czechia,CZE,2020-05-12,57.41
Czechia,CZE,2020-05-13,57.41
Czechia,CZE,2020-05-14,57.41
Czechia,CZE,2020-05-15,57.41
Czechia,CZE,2020-05-16,57.41
Czechia,CZE,2020-05-17,57.41
Czechia,CZE,2020-05-18,57.41
Czechia,CZE,2020-05-19,57.41
Czechia,CZE,2020-05-20,57.41
Czechia,CZE,2020-05-21,57.41
Czechia,CZE,2020-05-22,57.41
Czechia,CZE,2020-05-23,57.41
Czechia,CZE,2020-05-24,57.41
Czechia,CZE,2020-05-25,45.37
Czechia,CZE,2020-05-26,45.37
Czechia,CZE,2020-05-27,45.37
Czechia,CZE,2020-05-28,45.37
Czechia,CZE,2020-05-29,45.37
Czechia,CZE,2020-05-30,45.37
Czechia,CZE,2020-05-31,45.37
Czechia,CZE,2020-06-01,41.67
Czechia,CZE,2020-06-02,41.67
Czechia,CZE,2020-06-03,41.67
Czechia,CZE,2020-06-04,41.67
Czechia,CZE,2020-06-05,41.67
Czechia,CZE,2020-06-06,41.67
Czechia,CZE,2020-06-07,41.67
Czechia,CZE,2020-06-08,41.67
Czechia,CZE,2020-06-09,41.67
Czechia,CZE,2020-06-10,41.67
Czechia,CZE,2020-06-11,41.67
Czechia,CZE,2020-06-12,41.67
Czechia,CZE,2020-06-13,41.67
Czechia,CZE,2020-06-14,41.67
Czechia,CZE,2020-06-15,41.67
Czechia,CZE,2020-06-16,41.67
Czechia,CZE,2020-06-17,41.67
Czechia,CZE,2020-06-18,41.67
Czechia,CZE,2020-06-19,41.67
Czechia,CZE,2020-06-20,41.67
Czechia,CZE,2020-06-21,35.19
Czechia,CZE,2020-06-22,35.19
Czechia,CZE,2020-06-23,35.19
Czechia,CZE,2020-06-24,35.19
Czechia,CZE,2020-06-25,35.19
Czechia,CZE,2020-06-26,35.19
Czechia,CZE,2020-06-27,35.19
Czechia,CZE,2020-06-28,35.19
Czechia,CZE,2020-06-29,35.19
Czechia,CZE,2020-06-30,37.5
Czechia,CZE,2020-07-01,37.5
Czechia,CZE,2020-07-02,37.5
Czechia,CZE,2020-07-03,37.5
Czechia,CZE,2020-07-04,34.72
Czechia,CZE,2020-07-05,34.72
Czechia,CZE,2020-07-06,34.72
Czechia,CZE,2020-07-07,34.72
Czechia,CZE,2020-07-08,34.72
Czechia,CZE,2020-07-09,34.72
Czechia,CZE,2020-07-10,34.72
Czechia,CZE,2020-07-11,34.72
Czechia,CZE,2020-07-12,34.72
Czechia,CZE,2020-07-13,34.72
Czechia,CZE,2020-07-14,34.72
Czechia,CZE,2020-07-15,34.72
Czechia,CZE,2020-07-16,34.72
Czechia,CZE,2020-07-17,34.72
Czechia,CZE,2020-07-18,37.5
Czechia,CZE,2020-07-19,37.5
Czechia,CZE,2020-07-20,37.5
Czechia,CZE,2020-07-21,37.5
Czechia,CZE,2020-07-22,37.5
Czechia,CZE,2020-07-23,37.5
Czechia,CZE,2020-07-24,37.5
Czechia,CZE,2020-07-25,37.5
Czechia,CZE,2020-07-26,37.5
Czechia,CZE,2020-07-27,36.11
Czechia,CZE,2020-07-28,36.11
Czechia,CZE,2020-07-29,36.11
Czechia,CZE,2020-07-30,36.11
Czechia,CZE,2020-07-31,36.11
Czechia,CZE,2020-08-01,36.11
Czechia,CZE,2020-08-02,36.11
Czechia,CZE,2020-08-03,36.11
Czechia,CZE,2020-08-04,36.11
Czechia,CZE,2020-08-05,36.11
Czechia,CZE,2020-08-06,36.11
Czechia,CZE,2020-08-07,36.11
Czechia,CZE,2020-08-08,36.11
Czechia,CZE,2020-08-09,36.11
Czechia,CZE,2020-08-10,36.11
Czechia,CZE,2020-08-11,36.11
Czechia,CZE,2020-08-12,36.11
Czechia,CZE,2020-08-13,36.11
Czechia,CZE,2020-08-14,36.11
Czechia,CZE,2020-08-15,36.11
Czechia,CZE,2020-08-16,36.11
Czechia,CZE,2020-08-17,36.11
Czechia,CZE,2020-08-18,36.11
Czechia,CZE,2020-08-19,36.11
Czechia,CZE,2020-08-20,36.11
Czechia,CZE,2020-08-21,36.11
Czechia,CZE,2020-08-22,36.11
Czechia,CZE,2020-08-23,36.11
Czechia,CZE,2020-08-24,36.11
Czechia,CZE,2020-08-25,36.11
Czechia,CZE,2020-08-26,36.11
Czechia,CZE,2020-08-27,36.11
Czechia,CZE,2020-08-28,36.11
Czechia,CZE,2020-08-29,36.11
Czechia,CZE,2020-08-30,36.11
Czechia,CZE,2020-08-31,36.11
Czechia,CZE,2020-09-01,36.11
Czechia,CZE,2020-09-02,36.11
Czechia,CZE,2020-09-03,36.11
Czechia,CZE,2020-09-04,36.11
Czechia,CZE,2020-09-05,36.11
Czechia,CZE,2020-09-06,36.11
Czechia,CZE,2020-09-07,36.11
Czechia,CZE,2020-09-08,38.89
Czechia,CZE,2020-09-09,38.89
Czechia,CZE,2020-09-10,38.89
Czechia,CZE,2020-09-11,38.89
Czechia,CZE,2020-09-12,38.89
Czechia,CZE,2020-09-13,38.89
Czechia,CZE,2020-09-14,38.89
Czechia,CZE,2020-09-15,38.89
Czechia,CZE,2020-09-16,38.89
Czechia,CZE,2020-09-17,38.89
Czechia,CZE,2020-09-18,38.89
Czechia,CZE,2020-09-19,38.89
Czechia,CZE,2020-09-20,38.89
Czechia,CZE,2020-09-21,38.89
Czechia,CZE,2020-09-22,38.89
Czechia,CZE,2020-09-23,38.89
Czechia,CZE,2020-09-24,38.89
Czechia,CZE,2020-09-25,38.89
Czechia,CZE,2020-09-26,38.89
Czechia,CZE,2020-09-27,38.89
Czechia,CZE,2020-09-28,38.89
Czechia,CZE,2020-09-29,38.89
Czechia,CZE,2020-09-30,38.89
Czechia,CZE,2020-10-01,38.89
Czechia,CZE,2020-10-02,38.89
Czechia,CZE,2020-10-03,38.89
Czechia,CZE,2020-10-04,38.89
Czechia,CZE,2020-10-05,48.15
Czechia,CZE,2020-10-06,48.15
Czechia,CZE,2020-10-07,48.15
Czechia,CZE,2020-10-08,48.15
Czechia,CZE,2020-10-09,48.15
Czechia,CZE,2020-10-10,48.15
Czechia,CZE,2020-10-11,48.15
Czechia,CZE,2020-10-12,48.15
Czechia,CZE,2020-10-13,48.15
Czechia,CZE,2020-10-14,48.15
Czechia,CZE,2020-10-15,48.15
Czechia,CZE,2020-10-16,48.15
Czechia,CZE,2020-10-17,48.15
Czechia,CZE,2020-10-18,48.15
Czechia,CZE,2020-10-19,48.15
Czechia,CZE,2020-10-20,48.15
Czechia,CZE,2020-10-21,48.15
Czechia,CZE,2020-10-22,67.59
Czechia,CZE,2020-10-23,67.59
Czechia,CZE,2020-10-24,67.59
Czechia,CZE,2020-10-25,67.59
Czechia,CZE,2020-10-26,73.15
Czechia,CZE,2020-10-27,73.15
Czechia,CZE,2020-10-28,73.15
Czechia,CZE,2020-10-29,73.15
Czechia,CZE,2020-10-30,73.15
Czechia,CZE,2020-10-31,73.15
Czechia,CZE,2020-11-01,73.15
Czechia,CZE,2020-11-02,73.15
Czechia,CZE,2020-11-03,73.15
Czechia,CZE,2020-11-04,73.15
Czechia,CZE,2020-11-05,73.15
Czechia,CZE,2020-11-06,73.15
Czechia,CZE,2020-11-07,73.15
Czechia,CZE,2020-11-08,73.15
Czechia,CZE,2020-11-09,73.15
Czechia,CZE,2020-11-10,73.15
Czechia,CZE,2020-11-11,73.15
Czechia,CZE,2020-11-12,73.15
Czechia,CZE,2020-11-13,73.15
Czechia,CZE,2020-11-14,73.15
Czechia,CZE,2020-11-15,73.15
Czechia,CZE,2020-11-16,73.15
Czechia,CZE,2020-11-17,73.15
Czechia,CZE,2020-11-18,69.44
Czechia,CZE,2020-11-19,69.44
Czechia,CZE,2020-11-20,69.44
Czechia,CZE,2020-11-21,69.44
Czechia,CZE,2020-11-22,69.44
Czechia,CZE,2020-11-23,69.44
Czechia,CZE,2020-11-24,69.44
Czechia,CZE,2020-11-25,69.44
Czechia,CZE,2020-11-26,69.44
Czechia,CZE,2020-11-27,69.44
Czechia,CZE,2020-11-28,69.44
Czechia,CZE,2020-11-29,69.44
Czechia,CZE,2020-11-30,69.44
Czechia,CZE,2020-12-01,69.44
Czechia,CZE,2020-12-02,69.44
Czechia,CZE,2020-12-03,62.04
Czechia,CZE,2020-12-04,62.04
Czechia,CZE,2020-12-05,62.04
Czechia,CZE,2020-12-06,62.04
Czechia,CZE,2020-12-07,62.04
Czechia,CZE,2020-12-08,62.04
Czechia,CZE,2020-12-09,62.04
Czechia,CZE,2020-12-10,62.04
Czechia,CZE,2020-12-11,62.04
Czechia,CZE,2020-12-12,62.04
Czechia,CZE,2020-12-13,62.04
Czechia,CZE,2020-12-14,62.04
Czechia,CZE,2020-12-15,62.04
Czechia,CZE,2020-12-16,62.04
Czechia,CZE,2020-12-17,62.04
Czechia,CZE,2020-12-18,65.74
Czechia,CZE,2020-12-19,65.74
Czechia,CZE,2020-12-20,65.74
Czechia,CZE,2020-12-21,69.44
Czechia,CZE,2020-12-22,69.44
Czechia,CZE,2020-12-23,69.44
Czechia,CZE,2020-12-24,69.44
Czechia,CZE,2020-12-25,69.44
Czechia,CZE,2020-12-26,69.44
Czechia,CZE,2020-12-27,69.44
Czechia,CZE,2020-12-28,69.44
Czechia,CZE,2020-12-29,69.44
Czechia,CZE,2020-12-30,69.44
Czechia,CZE,2020-12-31,69.44
Czechia,CZE,2021-01-01,69.44
Czechia,CZE,2021-01-02,69.44
Czechia,CZE,2021-01-03,69.44
Czechia,CZE,2021-01-04,69.44
Czechia,CZE,2021-01-05,69.44
Czechia,CZE,2021-01-06,69.44
Czechia,CZE,2021-01-07,69.44
Czechia,CZE,2021-01-08,69.44
Czechia,CZE,2021-01-09,69.44
Czechia,CZE,2021-01-10,69.44
Czechia,CZE,2021-01-11,69.44
Czechia,CZE,2021-01-12,69.44
Czechia,CZE,2021-01-13,69.44
Czechia,CZE,2021-01-14,69.44
Czechia,CZE,2021-01-15,69.44
Czechia,CZE,2021-01-16,69.44
Czechia,CZE,2021-01-17,69.44
Czechia,CZE,2021-01-18,69.44
Czechia,CZE,2021-01-19,69.44
Czechia,CZE,2021-01-20,69.44
Czechia,CZE,2021-01-21,69.44
Czechia,CZE,2021-01-22,69.44
Czechia,CZE,2021-01-23,69.44
Czechia,CZE,2021-01-24,69.44
Czechia,CZE,2021-01-25,69.44
Czechia,CZE,2021-01-26,69.44
Czechia,CZE,2021-01-27,69.44
Czechia,CZE,2021-01-28,69.44
Czechia,CZE,2021-01-29,69.44
Czechia,CZE,2021-01-30,72.22
Czechia,CZE,2021-01-31,72.22
Czechia,CZE,2021-02-01,72.22
Czechia,CZE,2021-02-02,72.22
Czechia,CZE,2021-02-03,72.22
Czechia,CZE,2021-02-04,72.22
Czechia,CZE,2021-02-05,72.22
Czechia,CZE,2021-02-06,72.22
Czechia,CZE,2021-02-07,72.22
Czechia,CZE,2021-02-08,72.22
Czechia,CZE,2021-02-09,72.22
Czechia,CZE,2021-02-10,72.22
Czechia,CZE,2021-02-11,72.22
Czechia,CZE,2021-02-12,69.44
Czechia,CZE,2021-02-13,69.44
Czechia,CZE,2021-02-14,69.44
Czechia,CZE,2021-02-15,69.44
Czechia,CZE,2021-02-16,69.44
Czechia,CZE,2021-02-17,69.44
Czechia,CZE,2021-02-18,69.44
Czechia,CZE,2021-02-19,69.44
Czechia,CZE,2021-02-20,69.44
Czechia,CZE,2021-02-21,69.44
Czechia,CZE,2021-02-22,69.44
Czechia,CZE,2021-02-23,69.44
Czechia,CZE,2021-02-24,69.44
Czechia,CZE,2021-02-25,69.44
Czechia,CZE,2021-02-26,69.44
Czechia,CZE,2021-02-27,69.44
Czechia,CZE,2021-02-28,69.44
Czechia,CZE,2021-03-01,69.44
Czechia,CZE,2021-03-02,69.44
Czechia,CZE,2021-03-03,69.44
Czechia,CZE,2021-03-04,69.44
Czechia,CZE,2021-03-05,69.44
Czechia,CZE,2021-03-06,69.44
Czechia,CZE,2021-03-07,69.44
Democratic Republic of Congo,COD,2020-01-01,0
Democratic Republic of Congo,COD,2020-01-02,0
Democratic Republic of Congo,COD,2020-01-03,0
Democratic Republic of Congo,COD,2020-01-04,0
Democratic Republic of Congo,COD,2020-01-05,0
Democratic Republic of Congo,COD,2020-01-06,0
Democratic Republic of Congo,COD,2020-01-07,0
Democratic Republic of Congo,COD,2020-01-08,0
Democratic Republic of Congo,COD,2020-01-09,0
Democratic Republic of Congo,COD,2020-01-10,0
Democratic Republic of Congo,COD,2020-01-11,0
Democratic Republic of Congo,COD,2020-01-12,0
Democratic Republic of Congo,COD,2020-01-13,0
Democratic Republic of Congo,COD,2020-01-14,0
Democratic Republic of Congo,COD,2020-01-15,0
Democratic Republic of Congo,COD,2020-01-16,0
Democratic Republic of Congo,COD,2020-01-17,0
Democratic Republic of Congo,COD,2020-01-18,0
Democratic Republic of Congo,COD,2020-01-19,0
Democratic Republic of Congo,COD,2020-01-20,0
Democratic Republic of Congo,COD,2020-01-21,0
Democratic Republic of Congo,COD,2020-01-22,0
Democratic Republic of Congo,COD,2020-01-23,0
Democratic Republic of Congo,COD,2020-01-24,0
Democratic Republic of Congo,COD,2020-01-25,0
Democratic Republic of Congo,COD,2020-01-26,0
Democratic Republic of Congo,COD,2020-01-27,0
Democratic Republic of Congo,COD,2020-01-28,0
Democratic Republic of Congo,COD,2020-01-29,0
Democratic Republic of Congo,COD,2020-01-30,0
Democratic Republic of Congo,COD,2020-01-31,0
Democratic Republic of Congo,COD,2020-02-01,0
Democratic Republic of Congo,COD,2020-02-02,0
Democratic Republic of Congo,COD,2020-02-03,0
Democratic Republic of Congo,COD,2020-02-04,0
Democratic Republic of Congo,COD,2020-02-05,0
Democratic Republic of Congo,COD,2020-02-06,0
Democratic Republic of Congo,COD,2020-02-07,0
Democratic Republic of Congo,COD,2020-02-08,0
Democratic Republic of Congo,COD,2020-02-09,0
Democratic Republic of Congo,COD,2020-02-10,0
Democratic Republic of Congo,COD,2020-02-11,0
Democratic Republic of Congo,COD,2020-02-12,0
Democratic Republic of Congo,COD,2020-02-13,0
Democratic Republic of Congo,COD,2020-02-14,0
Democratic Republic of Congo,COD,2020-02-15,0
Democratic Republic of Congo,COD,2020-02-16,0
Democratic Republic of Congo,COD,2020-02-17,0
Democratic Republic of Congo,COD,2020-02-18,0
Democratic Republic of Congo,COD,2020-02-19,0
Democratic Republic of Congo,COD,2020-02-20,2.78
Democratic Republic of Congo,COD,2020-02-21,2.78
Democratic Republic of Congo,COD,2020-02-22,2.78
Democratic Republic of Congo,COD,2020-02-23,2.78
Democratic Republic of Congo,COD,2020-02-24,2.78
Democratic Republic of Congo,COD,2020-02-25,2.78
Democratic Republic of Congo,COD,2020-02-26,2.78
Democratic Republic of Congo,COD,2020-02-27,2.78
Democratic Republic of Congo,COD,2020-02-28,2.78
Democratic Republic of Congo,COD,2020-02-29,2.78
Democratic Republic of Congo,COD,2020-03-01,2.78
Democratic Republic of Congo,COD,2020-03-02,2.78
Democratic Republic of Congo,COD,2020-03-03,2.78
Democratic Republic of Congo,COD,2020-03-04,2.78
Democratic Republic of Congo,COD,2020-03-05,2.78
Democratic Republic of Congo,COD,2020-03-06,5.56
Democratic Republic of Congo,COD,2020-03-07,5.56
Democratic Republic of Congo,COD,2020-03-08,5.56
Democratic Republic of Congo,COD,2020-03-09,5.56
Democratic Republic of Congo,COD,2020-03-10,11.11
Democratic Republic of Congo,COD,2020-03-11,11.11
Democratic Republic of Congo,COD,2020-03-12,11.11
Democratic Republic of Congo,COD,2020-03-13,11.11
Democratic Republic of Congo,COD,2020-03-14,11.11
Democratic Republic of Congo,COD,2020-03-15,11.11
Democratic Republic of Congo,COD,2020-03-16,11.11
Democratic Republic of Congo,COD,2020-03-17,11.11
Democratic Republic of Congo,COD,2020-03-18,19.44
Democratic Republic of Congo,COD,2020-03-19,52.78
Democratic Republic of Congo,COD,2020-03-20,55.56
Democratic Republic of Congo,COD,2020-03-21,55.56
Democratic Republic of Congo,COD,2020-03-22,58.33
Democratic Republic of Congo,COD,2020-03-23,58.33
Democratic Republic of Congo,COD,2020-03-24,77.78
Democratic Republic of Congo,COD,2020-03-25,77.78
Democratic Republic of Congo,COD,2020-03-26,77.78
Democratic Republic of Congo,COD,2020-03-27,77.78
Democratic Republic of Congo,COD,2020-03-28,77.78
Democratic Republic of Congo,COD,2020-03-29,77.78
Democratic Republic of Congo,COD,2020-03-30,77.78
Democratic Republic of Congo,COD,2020-03-31,77.78
Democratic Republic of Congo,COD,2020-04-01,77.78
Democratic Republic of Congo,COD,2020-04-02,77.78
Democratic Republic of Congo,COD,2020-04-03,77.78
Democratic Republic of Congo,COD,2020-04-04,77.78
Democratic Republic of Congo,COD,2020-04-05,77.78
Democratic Republic of Congo,COD,2020-04-06,80.56
Democratic Republic of Congo,COD,2020-04-07,80.56
Democratic Republic of Congo,COD,2020-04-08,80.56
Democratic Republic of Congo,COD,2020-04-09,80.56
Democratic Republic of Congo,COD,2020-04-10,80.56
Democratic Republic of Congo,COD,2020-04-11,80.56
Democratic Republic of Congo,COD,2020-04-12,80.56
Democratic Republic of Congo,COD,2020-04-13,80.56
Democratic Republic of Congo,COD,2020-04-14,80.56
Democratic Republic of Congo,COD,2020-04-15,80.56
Democratic Republic of Congo,COD,2020-04-16,80.56
Democratic Republic of Congo,COD,2020-04-17,80.56
Democratic Republic of Congo,COD,2020-04-18,80.56
Democratic Republic of Congo,COD,2020-04-19,80.56
Democratic Republic of Congo,COD,2020-04-20,80.56
Democratic Republic of Congo,COD,2020-04-21,80.56
Democratic Republic of Congo,COD,2020-04-22,80.56
Democratic Republic of Congo,COD,2020-04-23,80.56
Democratic Republic of Congo,COD,2020-04-24,80.56
Democratic Republic of Congo,COD,2020-04-25,80.56
Democratic Republic of Congo,COD,2020-04-26,80.56
Democratic Republic of Congo,COD,2020-04-27,80.56
Democratic Republic of Congo,COD,2020-04-28,80.56
Democratic Republic of Congo,COD,2020-04-29,80.56
Democratic Republic of Congo,COD,2020-04-30,80.56
Democratic Republic of Congo,COD,2020-05-01,80.56
Democratic Republic of Congo,COD,2020-05-02,80.56
Democratic Republic of Congo,COD,2020-05-03,80.56
Democratic Republic of Congo,COD,2020-05-04,80.56
Democratic Republic of Congo,COD,2020-05-05,80.56
Democratic Republic of Congo,COD,2020-05-06,80.56
Democratic Republic of Congo,COD,2020-05-07,80.56
Democratic Republic of Congo,COD,2020-05-08,80.56
Democratic Republic of Congo,COD,2020-05-09,80.56
Democratic Republic of Congo,COD,2020-05-10,80.56
Democratic Republic of Congo,COD,2020-05-11,80.56
Democratic Republic of Congo,COD,2020-05-12,80.56
Democratic Republic of Congo,COD,2020-05-13,80.56
Democratic Republic of Congo,COD,2020-05-14,80.56
Democratic Republic of Congo,COD,2020-05-15,80.56
Democratic Republic of Congo,COD,2020-05-16,80.56
Democratic Republic of Congo,COD,2020-05-17,80.56
Democratic Republic of Congo,COD,2020-05-18,80.56
Democratic Republic of Congo,COD,2020-05-19,80.56
Democratic Republic of Congo,COD,2020-05-20,80.56
Democratic Republic of Congo,COD,2020-05-21,80.56
Democratic Republic of Congo,COD,2020-05-22,80.56
Democratic Republic of Congo,COD,2020-05-23,80.56
Democratic Republic of Congo,COD,2020-05-24,80.56
Democratic Republic of Congo,COD,2020-05-25,80.56
Democratic Republic of Congo,COD,2020-05-26,80.56
Democratic Republic of Congo,COD,2020-05-27,80.56
Democratic Republic of Congo,COD,2020-05-28,80.56
Democratic Republic of Congo,COD,2020-05-29,80.56
Democratic Republic of Congo,COD,2020-05-30,80.56
Democratic Republic of Congo,COD,2020-05-31,80.56
Democratic Republic of Congo,COD,2020-06-01,80.56
Democratic Republic of Congo,COD,2020-06-02,80.56
Democratic Republic of Congo,COD,2020-06-03,80.56
Democratic Republic of Congo,COD,2020-06-04,80.56
Democratic Republic of Congo,COD,2020-06-05,80.56
Democratic Republic of Congo,COD,2020-06-06,80.56
Democratic Republic of Congo,COD,2020-06-07,80.56
Democratic Republic of Congo,COD,2020-06-08,80.56
Democratic Republic of Congo,COD,2020-06-09,80.56
Democratic Republic of Congo,COD,2020-06-10,80.56
Democratic Republic of Congo,COD,2020-06-11,80.56
Democratic Republic of Congo,COD,2020-06-12,80.56
Democratic Republic of Congo,COD,2020-06-13,80.56
Democratic Republic of Congo,COD,2020-06-14,80.56
Democratic Republic of Congo,COD,2020-06-15,80.56
Democratic Republic of Congo,COD,2020-06-16,80.56
Democratic Republic of Congo,COD,2020-06-17,80.56
Democratic Republic of Congo,COD,2020-06-18,80.56
Democratic Republic of Congo,COD,2020-06-19,80.56
Democratic Republic of Congo,COD,2020-06-20,80.56
Democratic Republic of Congo,COD,2020-06-21,80.56
Democratic Republic of Congo,COD,2020-06-22,80.56
Democratic Republic of Congo,COD,2020-06-23,80.56
Democratic Republic of Congo,COD,2020-06-24,80.56
Democratic Republic of Congo,COD,2020-06-25,80.56
Democratic Republic of Congo,COD,2020-06-26,80.56
Democratic Republic of Congo,COD,2020-06-27,80.56
Democratic Republic of Congo,COD,2020-06-28,80.56
Democratic Republic of Congo,COD,2020-06-29,80.56
Democratic Republic of Congo,COD,2020-06-30,80.56
Democratic Republic of Congo,COD,2020-07-01,80.56
Democratic Republic of Congo,COD,2020-07-02,80.56
Democratic Republic of Congo,COD,2020-07-03,80.56
Democratic Republic of Congo,COD,2020-07-04,80.56
Democratic Republic of Congo,COD,2020-07-05,80.56
Democratic Republic of Congo,COD,2020-07-06,80.56
Democratic Republic of Congo,COD,2020-07-07,80.56
Democratic Republic of Congo,COD,2020-07-08,80.56
Democratic Republic of Congo,COD,2020-07-09,80.56
Democratic Republic of Congo,COD,2020-07-10,80.56
Democratic Republic of Congo,COD,2020-07-11,80.56
Democratic Republic of Congo,COD,2020-07-12,80.56
Democratic Republic of Congo,COD,2020-07-13,80.56
Democratic Republic of Congo,COD,2020-07-14,80.56
Democratic Republic of Congo,COD,2020-07-15,80.56
Democratic Republic of Congo,COD,2020-07-16,80.56
Democratic Republic of Congo,COD,2020-07-17,80.56
Democratic Republic of Congo,COD,2020-07-18,80.56
Democratic Republic of Congo,COD,2020-07-19,80.56
Democratic Republic of Congo,COD,2020-07-20,80.56
Democratic Republic of Congo,COD,2020-07-21,80.56
Democratic Republic of Congo,COD,2020-07-22,55.56
Democratic Republic of Congo,COD,2020-07-23,55.56
Democratic Republic of Congo,COD,2020-07-24,55.56
Democratic Republic of Congo,COD,2020-07-25,55.56
Democratic Republic of Congo,COD,2020-07-26,55.56
Democratic Republic of Congo,COD,2020-07-27,55.56
Democratic Republic of Congo,COD,2020-07-28,55.56
Democratic Republic of Congo,COD,2020-07-29,55.56
Democratic Republic of Congo,COD,2020-07-30,55.56
Democratic Republic of Congo,COD,2020-07-31,55.56
Democratic Republic of Congo,COD,2020-08-01,55.56
Democratic Republic of Congo,COD,2020-08-02,55.56
Democratic Republic of Congo,COD,2020-08-03,59.26
Democratic Republic of Congo,COD,2020-08-04,59.26
Democratic Republic of Congo,COD,2020-08-05,59.26
Democratic Republic of Congo,COD,2020-08-06,59.26
Democratic Republic of Congo,COD,2020-08-07,59.26
Democratic Republic of Congo,COD,2020-08-08,59.26
Democratic Republic of Congo,COD,2020-08-09,59.26
Democratic Republic of Congo,COD,2020-08-10,51.85
Democratic Republic of Congo,COD,2020-08-11,51.85
Democratic Republic of Congo,COD,2020-08-12,51.85
Democratic Republic of Congo,COD,2020-08-13,51.85
Democratic Republic of Congo,COD,2020-08-14,51.85
Democratic Republic of Congo,COD,2020-08-15,40.74
Democratic Republic of Congo,COD,2020-08-16,40.74
Democratic Republic of Congo,COD,2020-08-17,40.74
Democratic Republic of Congo,COD,2020-08-18,40.74
Democratic Republic of Congo,COD,2020-08-19,40.74
Democratic Republic of Congo,COD,2020-08-20,40.74
Democratic Republic of Congo,COD,2020-08-21,40.74
Democratic Republic of Congo,COD,2020-08-22,40.74
Democratic Republic of Congo,COD,2020-08-23,40.74
Democratic Republic of Congo,COD,2020-08-24,40.74
Democratic Republic of Congo,COD,2020-08-25,40.74
Democratic Republic of Congo,COD,2020-08-26,46.3
Democratic Republic of Congo,COD,2020-08-27,46.3
Democratic Republic of Congo,COD,2020-08-28,46.3
Democratic Republic of Congo,COD,2020-08-29,46.3
Democratic Republic of Congo,COD,2020-08-30,46.3
Democratic Republic of Congo,COD,2020-08-31,46.3
Democratic Republic of Congo,COD,2020-09-01,46.3
Democratic Republic of Congo,COD,2020-09-02,46.3
Democratic Republic of Congo,COD,2020-09-03,46.3
Democratic Republic of Congo,COD,2020-09-04,46.3
Democratic Republic of Congo,COD,2020-09-05,46.3
Democratic Republic of Congo,COD,2020-09-06,46.3
Democratic Republic of Congo,COD,2020-09-07,46.3
Democratic Republic of Congo,COD,2020-09-08,46.3
Democratic Republic of Congo,COD,2020-09-09,46.3
Democratic Republic of Congo,COD,2020-09-10,46.3
Democratic Republic of Congo,COD,2020-09-11,46.3
Democratic Republic of Congo,COD,2020-09-12,46.3
Democratic Republic of Congo,COD,2020-09-13,46.3
Democratic Republic of Congo,COD,2020-09-14,46.3
Democratic Republic of Congo,COD,2020-09-15,46.3
Democratic Republic of Congo,COD,2020-09-16,46.3
Democratic Republic of Congo,COD,2020-09-17,46.3
Democratic Republic of Congo,COD,2020-09-18,46.3
Democratic Republic of Congo,COD,2020-09-19,46.3
Democratic Republic of Congo,COD,2020-09-20,46.3
Democratic Republic of Congo,COD,2020-09-21,46.3
Democratic Republic of Congo,COD,2020-09-22,46.3
Democratic Republic of Congo,COD,2020-09-23,46.3
Democratic Republic of Congo,COD,2020-09-24,43.52
Democratic Republic of Congo,COD,2020-09-25,43.52
Democratic Republic of Congo,COD,2020-09-26,43.52
Democratic Republic of Congo,COD,2020-09-27,43.52
Democratic Republic of Congo,COD,2020-09-28,43.52
Democratic Republic of Congo,COD,2020-09-29,43.52
Democratic Republic of Congo,COD,2020-09-30,43.52
Democratic Republic of Congo,COD,2020-10-01,43.52
Democratic Republic of Congo,COD,2020-10-02,43.52
Democratic Republic of Congo,COD,2020-10-03,43.52
Democratic Republic of Congo,COD,2020-10-04,43.52
Democratic Republic of Congo,COD,2020-10-05,43.52
Democratic Republic of Congo,COD,2020-10-06,43.52
Democratic Republic of Congo,COD,2020-10-07,43.52
Democratic Republic of Congo,COD,2020-10-08,43.52
Democratic Republic of Congo,COD,2020-10-09,48.15
Democratic Republic of Congo,COD,2020-10-10,48.15
Democratic Republic of Congo,COD,2020-10-11,48.15
Democratic Republic of Congo,COD,2020-10-12,48.15
Democratic Republic of Congo,COD,2020-10-13,48.15
Democratic Republic of Congo,COD,2020-10-14,48.15
Democratic Republic of Congo,COD,2020-10-15,48.15
Democratic Republic of Congo,COD,2020-10-16,48.15
Democratic Republic of Congo,COD,2020-10-17,48.15
Democratic Republic of Congo,COD,2020-10-18,48.15
Democratic Republic of Congo,COD,2020-10-19,48.15
Democratic Republic of Congo,COD,2020-10-20,49.07
Democratic Republic of Congo,COD,2020-10-21,49.07
Democratic Republic of Congo,COD,2020-10-22,49.07
Democratic Republic of Congo,COD,2020-10-23,49.07
Democratic Republic of Congo,COD,2020-10-24,49.07
Democratic Republic of Congo,COD,2020-10-25,49.07
Democratic Republic of Congo,COD,2020-10-26,49.07
Democratic Republic of Congo,COD,2020-10-27,22.22
Democratic Republic of Congo,COD,2020-10-28,22.22
Democratic Republic of Congo,COD,2020-10-29,22.22
Democratic Republic of Congo,COD,2020-10-30,22.22
Democratic Republic of Congo,COD,2020-10-31,22.22
Democratic Republic of Congo,COD,2020-11-01,22.22
Democratic Republic of Congo,COD,2020-11-02,22.22
Democratic Republic of Congo,COD,2020-11-03,22.22
Democratic Republic of Congo,COD,2020-11-04,22.22
Democratic Republic of Congo,COD,2020-11-05,22.22
Democratic Republic of Congo,COD,2020-11-06,22.22
Democratic Republic of Congo,COD,2020-11-07,22.22
Democratic Republic of Congo,COD,2020-11-08,22.22
Democratic Republic of Congo,COD,2020-11-09,22.22
Democratic Republic of Congo,COD,2020-11-10,22.22
Democratic Republic of Congo,COD,2020-11-11,22.22
Democratic Republic of Congo,COD,2020-11-12,22.22
Democratic Republic of Congo,COD,2020-11-13,22.22
Democratic Republic of Congo,COD,2020-11-14,22.22
Democratic Republic of Congo,COD,2020-11-15,22.22
Democratic Republic of Congo,COD,2020-11-16,22.22
Democratic Republic of Congo,COD,2020-11-17,22.22
Democratic Republic of Congo,COD,2020-11-18,22.22
Democratic Republic of Congo,COD,2020-11-19,22.22
Democratic Republic of Congo,COD,2020-11-20,22.22
Democratic Republic of Congo,COD,2020-11-21,22.22
Democratic Republic of Congo,COD,2020-11-22,22.22
Democratic Republic of Congo,COD,2020-11-23,22.22
Democratic Republic of Congo,COD,2020-11-24,22.22
Democratic Republic of Congo,COD,2020-11-25,22.22
Democratic Republic of Congo,COD,2020-11-26,22.22
Democratic Republic of Congo,COD,2020-11-27,22.22
Democratic Republic of Congo,COD,2020-11-28,22.22
Democratic Republic of Congo,COD,2020-11-29,22.22
Democratic Republic of Congo,COD,2020-11-30,22.22
Democratic Republic of Congo,COD,2020-12-01,22.22
Democratic Republic of Congo,COD,2020-12-02,22.22
Democratic Republic of Congo,COD,2020-12-03,22.22
Democratic Republic of Congo,COD,2020-12-04,22.22
Democratic Republic of Congo,COD,2020-12-05,22.22
Democratic Republic of Congo,COD,2020-12-06,22.22
Democratic Republic of Congo,COD,2020-12-07,22.22
Democratic Republic of Congo,COD,2020-12-08,22.22
Democratic Republic of Congo,COD,2020-12-09,19.44
Democratic Republic of Congo,COD,2020-12-10,19.44
Democratic Republic of Congo,COD,2020-12-11,19.44
Democratic Republic of Congo,COD,2020-12-12,19.44
Democratic Republic of Congo,COD,2020-12-13,19.44
Democratic Republic of Congo,COD,2020-12-14,19.44
Democratic Republic of Congo,COD,2020-12-15,19.44
Democratic Republic of Congo,COD,2020-12-16,19.44
Democratic Republic of Congo,COD,2020-12-17,19.44
Democratic Republic of Congo,COD,2020-12-18,26.85
Democratic Republic of Congo,COD,2020-12-19,26.85
Democratic Republic of Congo,COD,2020-12-20,26.85
Democratic Republic of Congo,COD,2020-12-21,26.85
Democratic Republic of Congo,COD,2020-12-22,26.85
Democratic Republic of Congo,COD,2020-12-23,26.85
Democratic Republic of Congo,COD,2020-12-24,26.85
Democratic Republic of Congo,COD,2020-12-25,26.85
Democratic Republic of Congo,COD,2020-12-26,26.85
Democratic Republic of Congo,COD,2020-12-27,26.85
Democratic Republic of Congo,COD,2020-12-28,26.85
Democratic Republic of Congo,COD,2020-12-29,26.85
Democratic Republic of Congo,COD,2020-12-30,26.85
Democratic Republic of Congo,COD,2020-12-31,26.85
Democratic Republic of Congo,COD,2021-01-01,26.85
Democratic Republic of Congo,COD,2021-01-02,26.85
Democratic Republic of Congo,COD,2021-01-03,26.85
Democratic Republic of Congo,COD,2021-01-04,26.85
Democratic Republic of Congo,COD,2021-01-05,25
Democratic Republic of Congo,COD,2021-01-06,25
Democratic Republic of Congo,COD,2021-01-07,25
Democratic Republic of Congo,COD,2021-01-08,25
Democratic Republic of Congo,COD,2021-01-09,25
Democratic Republic of Congo,COD,2021-01-10,25
Democratic Republic of Congo,COD,2021-01-11,25
Democratic Republic of Congo,COD,2021-01-12,25
Democratic Republic of Congo,COD,2021-01-13,25
Democratic Republic of Congo,COD,2021-01-14,25
Democratic Republic of Congo,COD,2021-01-15,25
Democratic Republic of Congo,COD,2021-01-16,25
Democratic Republic of Congo,COD,2021-01-17,25
Democratic Republic of Congo,COD,2021-01-18,25
Democratic Republic of Congo,COD,2021-01-19,25
Democratic Republic of Congo,COD,2021-01-20,36.11
Democratic Republic of Congo,COD,2021-01-21,36.11
Democratic Republic of Congo,COD,2021-01-22,36.11
Democratic Republic of Congo,COD,2021-01-23,36.11
Democratic Republic of Congo,COD,2021-01-24,36.11
Democratic Republic of Congo,COD,2021-01-25,36.11
Democratic Republic of Congo,COD,2021-01-26,36.11
Democratic Republic of Congo,COD,2021-01-27,36.11
Democratic Republic of Congo,COD,2021-01-28,36.11
Democratic Republic of Congo,COD,2021-01-29,36.11
Democratic Republic of Congo,COD,2021-01-30,36.11
Democratic Republic of Congo,COD,2021-01-31,36.11
Democratic Republic of Congo,COD,2021-02-01,36.11
Democratic Republic of Congo,COD,2021-02-02,52.78
Democratic Republic of Congo,COD,2021-02-03,52.78
Democratic Republic of Congo,COD,2021-02-04,52.78
Democratic Republic of Congo,COD,2021-02-05,52.78
Democratic Republic of Congo,COD,2021-02-06,52.78
Democratic Republic of Congo,COD,2021-02-07,52.78
Democratic Republic of Congo,COD,2021-02-08,52.78
Democratic Republic of Congo,COD,2021-02-09,52.78
Democratic Republic of Congo,COD,2021-02-10,52.78
Democratic Republic of Congo,COD,2021-02-11,52.78
Democratic Republic of Congo,COD,2021-02-12,52.78
Democratic Republic of Congo,COD,2021-02-13,52.78
Democratic Republic of Congo,COD,2021-02-14,52.78
Democratic Republic of Congo,COD,2021-02-15,52.78
Democratic Republic of Congo,COD,2021-02-16,32.41
Democratic Republic of Congo,COD,2021-02-17,32.41
Democratic Republic of Congo,COD,2021-02-18,32.41
Democratic Republic of Congo,COD,2021-02-19,32.41
Democratic Republic of Congo,COD,2021-02-20,32.41
Democratic Republic of Congo,COD,2021-02-21,32.41
Democratic Republic of Congo,COD,2021-02-22,32.41
Democratic Republic of Congo,COD,2021-02-23,32.41
Democratic Republic of Congo,COD,2021-02-24,32.41
Democratic Republic of Congo,COD,2021-02-25,32.41
Democratic Republic of Congo,COD,2021-02-26,32.41
Democratic Republic of Congo,COD,2021-02-27,32.41
Democratic Republic of Congo,COD,2021-02-28,32.41
Democratic Republic of Congo,COD,2021-03-01,32.41
Denmark,DNK,2020-01-01,0
Denmark,DNK,2020-01-02,0
Denmark,DNK,2020-01-03,0
Denmark,DNK,2020-01-04,0
Denmark,DNK,2020-01-05,0
Denmark,DNK,2020-01-06,0
Denmark,DNK,2020-01-07,0
Denmark,DNK,2020-01-08,0
Denmark,DNK,2020-01-09,0
Denmark,DNK,2020-01-10,0
Denmark,DNK,2020-01-11,0
Denmark,DNK,2020-01-12,0
Denmark,DNK,2020-01-13,0
Denmark,DNK,2020-01-14,0
Denmark,DNK,2020-01-15,0
Denmark,DNK,2020-01-16,0
Denmark,DNK,2020-01-17,0
Denmark,DNK,2020-01-18,0
Denmark,DNK,2020-01-19,0
Denmark,DNK,2020-01-20,0
Denmark,DNK,2020-01-21,0
Denmark,DNK,2020-01-22,0
Denmark,DNK,2020-01-23,0
Denmark,DNK,2020-01-24,0
Denmark,DNK,2020-01-25,0
Denmark,DNK,2020-01-26,0
Denmark,DNK,2020-01-27,0
Denmark,DNK,2020-01-28,0
Denmark,DNK,2020-01-29,0
Denmark,DNK,2020-01-30,0
Denmark,DNK,2020-01-31,0
Denmark,DNK,2020-02-01,0
Denmark,DNK,2020-02-02,0
Denmark,DNK,2020-02-03,0
Denmark,DNK,2020-02-04,0
Denmark,DNK,2020-02-05,0
Denmark,DNK,2020-02-06,0
Denmark,DNK,2020-02-07,0
Denmark,DNK,2020-02-08,0
Denmark,DNK,2020-02-09,0
Denmark,DNK,2020-02-10,0
Denmark,DNK,2020-02-11,0
Denmark,DNK,2020-02-12,0
Denmark,DNK,2020-02-13,0
Denmark,DNK,2020-02-14,0
Denmark,DNK,2020-02-15,0
Denmark,DNK,2020-02-16,0
Denmark,DNK,2020-02-17,0
Denmark,DNK,2020-02-18,0
Denmark,DNK,2020-02-19,0
Denmark,DNK,2020-02-20,0
Denmark,DNK,2020-02-21,0
Denmark,DNK,2020-02-22,0
Denmark,DNK,2020-02-23,0
Denmark,DNK,2020-02-24,0
Denmark,DNK,2020-02-25,0
Denmark,DNK,2020-02-26,0
Denmark,DNK,2020-02-27,11.11
Denmark,DNK,2020-02-28,11.11
Denmark,DNK,2020-02-29,11.11
Denmark,DNK,2020-03-01,11.11
Denmark,DNK,2020-03-02,11.11
Denmark,DNK,2020-03-03,20.37
Denmark,DNK,2020-03-04,20.37
Denmark,DNK,2020-03-05,20.37
Denmark,DNK,2020-03-06,25.93
Denmark,DNK,2020-03-07,25.93
Denmark,DNK,2020-03-08,25.93
Denmark,DNK,2020-03-09,25.93
Denmark,DNK,2020-03-10,31.48
Denmark,DNK,2020-03-11,37.96
Denmark,DNK,2020-03-12,37.96
Denmark,DNK,2020-03-13,62.96
Denmark,DNK,2020-03-14,65.74
Denmark,DNK,2020-03-15,65.74
Denmark,DNK,2020-03-16,65.74
Denmark,DNK,2020-03-17,65.74
Denmark,DNK,2020-03-18,72.22
Denmark,DNK,2020-03-19,72.22
Denmark,DNK,2020-03-20,72.22
Denmark,DNK,2020-03-21,72.22
Denmark,DNK,2020-03-22,72.22
Denmark,DNK,2020-03-23,72.22
Denmark,DNK,2020-03-24,72.22
Denmark,DNK,2020-03-25,72.22
Denmark,DNK,2020-03-26,72.22
Denmark,DNK,2020-03-27,72.22
Denmark,DNK,2020-03-28,72.22
Denmark,DNK,2020-03-29,72.22
Denmark,DNK,2020-03-30,72.22
Denmark,DNK,2020-03-31,72.22
Denmark,DNK,2020-04-01,72.22
Denmark,DNK,2020-04-02,72.22
Denmark,DNK,2020-04-03,72.22
Denmark,DNK,2020-04-04,72.22
Denmark,DNK,2020-04-05,72.22
Denmark,DNK,2020-04-06,72.22
Denmark,DNK,2020-04-07,72.22
Denmark,DNK,2020-04-08,72.22
Denmark,DNK,2020-04-09,72.22
Denmark,DNK,2020-04-10,72.22
Denmark,DNK,2020-04-11,72.22
Denmark,DNK,2020-04-12,72.22
Denmark,DNK,2020-04-13,72.22
Denmark,DNK,2020-04-14,72.22
Denmark,DNK,2020-04-15,68.52
Denmark,DNK,2020-04-16,68.52
Denmark,DNK,2020-04-17,68.52
Denmark,DNK,2020-04-18,68.52
Denmark,DNK,2020-04-19,68.52
Denmark,DNK,2020-04-20,68.52
Denmark,DNK,2020-04-21,68.52
Denmark,DNK,2020-04-22,68.52
Denmark,DNK,2020-04-23,68.52
Denmark,DNK,2020-04-24,68.52
Denmark,DNK,2020-04-25,68.52
Denmark,DNK,2020-04-26,68.52
Denmark,DNK,2020-04-27,68.52
Denmark,DNK,2020-04-28,68.52
Denmark,DNK,2020-04-29,68.52
Denmark,DNK,2020-04-30,68.52
Denmark,DNK,2020-05-01,68.52
Denmark,DNK,2020-05-02,68.52
Denmark,DNK,2020-05-03,68.52
Denmark,DNK,2020-05-04,68.52
Denmark,DNK,2020-05-05,68.52
Denmark,DNK,2020-05-06,68.52
Denmark,DNK,2020-05-07,68.52
Denmark,DNK,2020-05-08,65.74
Denmark,DNK,2020-05-09,65.74
Denmark,DNK,2020-05-10,65.74
Denmark,DNK,2020-05-11,65.74
Denmark,DNK,2020-05-12,65.74
Denmark,DNK,2020-05-13,65.74
Denmark,DNK,2020-05-14,65.74
Denmark,DNK,2020-05-15,65.74
Denmark,DNK,2020-05-16,65.74
Denmark,DNK,2020-05-17,65.74
Denmark,DNK,2020-05-18,65.74
Denmark,DNK,2020-05-19,65.74
Denmark,DNK,2020-05-20,65.74
Denmark,DNK,2020-05-21,65.74
Denmark,DNK,2020-05-22,60.19
Denmark,DNK,2020-05-23,60.19
Denmark,DNK,2020-05-24,60.19
Denmark,DNK,2020-05-25,57.41
Denmark,DNK,2020-05-26,57.41
Denmark,DNK,2020-05-27,57.41
Denmark,DNK,2020-05-28,57.41
Denmark,DNK,2020-05-29,57.41
Denmark,DNK,2020-05-30,57.41
Denmark,DNK,2020-05-31,57.41
Denmark,DNK,2020-06-01,57.41
Denmark,DNK,2020-06-02,57.41
Denmark,DNK,2020-06-03,57.41
Denmark,DNK,2020-06-04,57.41
Denmark,DNK,2020-06-05,57.41
Denmark,DNK,2020-06-06,57.41
Denmark,DNK,2020-06-07,57.41
Denmark,DNK,2020-06-08,57.41
Denmark,DNK,2020-06-09,57.41
Denmark,DNK,2020-06-10,57.41
Denmark,DNK,2020-06-11,57.41
Denmark,DNK,2020-06-12,57.41
Denmark,DNK,2020-06-13,57.41
Denmark,DNK,2020-06-14,57.41
Denmark,DNK,2020-06-15,57.41
Denmark,DNK,2020-06-16,57.41
Denmark,DNK,2020-06-17,57.41
Denmark,DNK,2020-06-18,57.41
Denmark,DNK,2020-06-19,57.41
Denmark,DNK,2020-06-20,57.41
Denmark,DNK,2020-06-21,57.41
Denmark,DNK,2020-06-22,57.41
Denmark,DNK,2020-06-23,57.41
Denmark,DNK,2020-06-24,57.41
Denmark,DNK,2020-06-25,57.41
Denmark,DNK,2020-06-26,57.41
Denmark,DNK,2020-06-27,57.41
Denmark,DNK,2020-06-28,57.41
Denmark,DNK,2020-06-29,57.41
Denmark,DNK,2020-06-30,57.41
Denmark,DNK,2020-07-01,57.41
Denmark,DNK,2020-07-02,57.41
Denmark,DNK,2020-07-03,57.41
Denmark,DNK,2020-07-04,57.41
Denmark,DNK,2020-07-05,57.41
Denmark,DNK,2020-07-06,57.41
Denmark,DNK,2020-07-07,57.41
Denmark,DNK,2020-07-08,54.63
Denmark,DNK,2020-07-09,54.63
Denmark,DNK,2020-07-10,54.63
Denmark,DNK,2020-07-11,54.63
Denmark,DNK,2020-07-12,54.63
Denmark,DNK,2020-07-13,54.63
Denmark,DNK,2020-07-14,54.63
Denmark,DNK,2020-07-15,54.63
Denmark,DNK,2020-07-16,54.63
Denmark,DNK,2020-07-17,54.63
Denmark,DNK,2020-07-18,54.63
Denmark,DNK,2020-07-19,54.63
Denmark,DNK,2020-07-20,54.63
Denmark,DNK,2020-07-21,54.63
Denmark,DNK,2020-07-22,54.63
Denmark,DNK,2020-07-23,54.63
Denmark,DNK,2020-07-24,54.63
Denmark,DNK,2020-07-25,54.63
Denmark,DNK,2020-07-26,54.63
Denmark,DNK,2020-07-27,54.63
Denmark,DNK,2020-07-28,54.63
Denmark,DNK,2020-07-29,54.63
Denmark,DNK,2020-07-30,54.63
Denmark,DNK,2020-07-31,54.63
Denmark,DNK,2020-08-01,50.93
Denmark,DNK,2020-08-02,50.93
Denmark,DNK,2020-08-03,50.93
Denmark,DNK,2020-08-04,50.93
Denmark,DNK,2020-08-05,50.93
Denmark,DNK,2020-08-06,50.93
Denmark,DNK,2020-08-07,50.93
Denmark,DNK,2020-08-08,50.93
Denmark,DNK,2020-08-09,50.93
Denmark,DNK,2020-08-10,50.93
Denmark,DNK,2020-08-11,50.93
Denmark,DNK,2020-08-12,50.93
Denmark,DNK,2020-08-13,50.93
Denmark,DNK,2020-08-14,50.93
Denmark,DNK,2020-08-15,50.93
Denmark,DNK,2020-08-16,50.93
Denmark,DNK,2020-08-17,50.93
Denmark,DNK,2020-08-18,50.93
Denmark,DNK,2020-08-19,50.93
Denmark,DNK,2020-08-20,50.93
Denmark,DNK,2020-08-21,50.93
Denmark,DNK,2020-08-22,50.93
Denmark,DNK,2020-08-23,50.93
Denmark,DNK,2020-08-24,50.93
Denmark,DNK,2020-08-25,50.93
Denmark,DNK,2020-08-26,50.93
Denmark,DNK,2020-08-27,50.93
Denmark,DNK,2020-08-28,50.93
Denmark,DNK,2020-08-29,50.93
Denmark,DNK,2020-08-30,50.93
Denmark,DNK,2020-08-31,50.93
Denmark,DNK,2020-09-01,50.93
Denmark,DNK,2020-09-02,50.93
Denmark,DNK,2020-09-03,50.93
Denmark,DNK,2020-09-04,50.93
Denmark,DNK,2020-09-05,50.93
Denmark,DNK,2020-09-06,50.93
Denmark,DNK,2020-09-07,50.93
Denmark,DNK,2020-09-08,50.93
Denmark,DNK,2020-09-09,47.69
Denmark,DNK,2020-09-10,47.69
Denmark,DNK,2020-09-11,47.69
Denmark,DNK,2020-09-12,47.69
Denmark,DNK,2020-09-13,47.69
Denmark,DNK,2020-09-14,47.69
Denmark,DNK,2020-09-15,47.69
Denmark,DNK,2020-09-16,47.69
Denmark,DNK,2020-09-17,47.69
Denmark,DNK,2020-09-18,47.69
Denmark,DNK,2020-09-19,50.93
Denmark,DNK,2020-09-20,50.93
Denmark,DNK,2020-09-21,50.93
Denmark,DNK,2020-09-22,50.93
Denmark,DNK,2020-09-23,50.93
Denmark,DNK,2020-09-24,50.93
Denmark,DNK,2020-09-25,50.93
Denmark,DNK,2020-09-26,50.93
Denmark,DNK,2020-09-27,50.93
Denmark,DNK,2020-09-28,50.93
Denmark,DNK,2020-09-29,50.93
Denmark,DNK,2020-09-30,50.93
Denmark,DNK,2020-10-01,50.93
Denmark,DNK,2020-10-02,50.93
Denmark,DNK,2020-10-03,50.93
Denmark,DNK,2020-10-04,50.93
Denmark,DNK,2020-10-05,50.93
Denmark,DNK,2020-10-06,50.93
Denmark,DNK,2020-10-07,50.93
Denmark,DNK,2020-10-08,50.93
Denmark,DNK,2020-10-09,50.93
Denmark,DNK,2020-10-10,41.67
Denmark,DNK,2020-10-11,41.67
Denmark,DNK,2020-10-12,41.67
Denmark,DNK,2020-10-13,41.67
Denmark,DNK,2020-10-14,41.67
Denmark,DNK,2020-10-15,41.67
Denmark,DNK,2020-10-16,41.67
Denmark,DNK,2020-10-17,41.67
Denmark,DNK,2020-10-18,41.67
Denmark,DNK,2020-10-19,41.67
Denmark,DNK,2020-10-20,41.67
Denmark,DNK,2020-10-21,37.04
Denmark,DNK,2020-10-22,37.04
Denmark,DNK,2020-10-23,37.04
Denmark,DNK,2020-10-24,37.04
Denmark,DNK,2020-10-25,37.04
Denmark,DNK,2020-10-26,39.81
Denmark,DNK,2020-10-27,39.81
Denmark,DNK,2020-10-28,39.81
Denmark,DNK,2020-10-29,39.81
Denmark,DNK,2020-10-30,39.81
Denmark,DNK,2020-10-31,39.81
Denmark,DNK,2020-11-01,39.81
Denmark,DNK,2020-11-02,39.81
Denmark,DNK,2020-11-03,39.81
Denmark,DNK,2020-11-04,39.81
Denmark,DNK,2020-11-05,39.81
Denmark,DNK,2020-11-06,39.81
Denmark,DNK,2020-11-07,39.81
Denmark,DNK,2020-11-08,39.81
Denmark,DNK,2020-11-09,54.63
Denmark,DNK,2020-11-10,54.63
Denmark,DNK,2020-11-11,54.63
Denmark,DNK,2020-11-12,54.63
Denmark,DNK,2020-11-13,54.63
Denmark,DNK,2020-11-14,54.63
Denmark,DNK,2020-11-15,54.63
Denmark,DNK,2020-11-16,50
Denmark,DNK,2020-11-17,50
Denmark,DNK,2020-11-18,50
Denmark,DNK,2020-11-19,43.52
Denmark,DNK,2020-11-20,43.52
Denmark,DNK,2020-11-21,43.52
Denmark,DNK,2020-11-22,43.52
Denmark,DNK,2020-11-23,45.37
Denmark,DNK,2020-11-24,45.37
Denmark,DNK,2020-11-25,45.37
Denmark,DNK,2020-11-26,45.37
Denmark,DNK,2020-11-27,45.37
Denmark,DNK,2020-11-28,45.37
Denmark,DNK,2020-11-29,45.37
Denmark,DNK,2020-11-30,45.37
Denmark,DNK,2020-12-01,45.37
Denmark,DNK,2020-12-02,45.37
Denmark,DNK,2020-12-03,45.37
Denmark,DNK,2020-12-04,45.37
Denmark,DNK,2020-12-05,45.37
Denmark,DNK,2020-12-06,45.37
Denmark,DNK,2020-12-07,45.37
Denmark,DNK,2020-12-08,45.37
Denmark,DNK,2020-12-09,51.85
Denmark,DNK,2020-12-10,51.85
Denmark,DNK,2020-12-11,51.85
Denmark,DNK,2020-12-12,51.85
Denmark,DNK,2020-12-13,51.85
Denmark,DNK,2020-12-14,51.85
Denmark,DNK,2020-12-15,51.85
Denmark,DNK,2020-12-16,51.85
Denmark,DNK,2020-12-17,51.85
Denmark,DNK,2020-12-18,51.85
Denmark,DNK,2020-12-19,51.85
Denmark,DNK,2020-12-20,51.85
Denmark,DNK,2020-12-21,51.85
Denmark,DNK,2020-12-22,51.85
Denmark,DNK,2020-12-23,51.85
Denmark,DNK,2020-12-24,51.85
Denmark,DNK,2020-12-25,51.85
Denmark,DNK,2020-12-26,51.85
Denmark,DNK,2020-12-27,51.85
Denmark,DNK,2020-12-28,51.85
Denmark,DNK,2020-12-29,51.85
Denmark,DNK,2020-12-30,51.85
Denmark,DNK,2020-12-31,51.85
Denmark,DNK,2021-01-01,51.85
Denmark,DNK,2021-01-02,51.85
Denmark,DNK,2021-01-03,51.85
Denmark,DNK,2021-01-04,67.59
Denmark,DNK,2021-01-05,67.59
Denmark,DNK,2021-01-06,67.59
Denmark,DNK,2021-01-07,67.59
Denmark,DNK,2021-01-08,67.59
Denmark,DNK,2021-01-09,70.37
Denmark,DNK,2021-01-10,70.37
Denmark,DNK,2021-01-11,70.37
Denmark,DNK,2021-01-12,70.37
Denmark,DNK,2021-01-13,70.37
Denmark,DNK,2021-01-14,70.37
Denmark,DNK,2021-01-15,70.37
Denmark,DNK,2021-01-16,70.37
Denmark,DNK,2021-01-17,70.37
Denmark,DNK,2021-01-18,70.37
Denmark,DNK,2021-01-19,70.37
Denmark,DNK,2021-01-20,70.37
Denmark,DNK,2021-01-21,70.37
Denmark,DNK,2021-01-22,70.37
Denmark,DNK,2021-01-23,70.37
Denmark,DNK,2021-01-24,70.37
Denmark,DNK,2021-01-25,70.37
Denmark,DNK,2021-01-26,70.37
Denmark,DNK,2021-01-27,70.37
Denmark,DNK,2021-01-28,70.37
Denmark,DNK,2021-01-29,70.37
Denmark,DNK,2021-01-30,70.37
Denmark,DNK,2021-01-31,70.37
Denmark,DNK,2021-02-01,70.37
Denmark,DNK,2021-02-02,70.37
Denmark,DNK,2021-02-03,70.37
Denmark,DNK,2021-02-04,70.37
Denmark,DNK,2021-02-05,70.37
Denmark,DNK,2021-02-06,70.37
Denmark,DNK,2021-02-07,70.37
Denmark,DNK,2021-02-08,66.67
Denmark,DNK,2021-02-09,66.67
Denmark,DNK,2021-02-10,66.67
Denmark,DNK,2021-02-11,66.67
Denmark,DNK,2021-02-12,66.67
Denmark,DNK,2021-02-13,66.67
Denmark,DNK,2021-02-14,66.67
Denmark,DNK,2021-02-15,66.67
Denmark,DNK,2021-02-16,66.67
Denmark,DNK,2021-02-17,66.67
Denmark,DNK,2021-02-18,66.67
Denmark,DNK,2021-02-19,66.67
Denmark,DNK,2021-02-20,62.96
Denmark,DNK,2021-02-21,62.96
Denmark,DNK,2021-02-22,62.96
Denmark,DNK,2021-02-23,62.96
Denmark,DNK,2021-02-24,62.96
Denmark,DNK,2021-02-25,62.96
Denmark,DNK,2021-02-26,62.96
Denmark,DNK,2021-02-27,62.96
Denmark,DNK,2021-02-28,62.96
Denmark,DNK,2021-03-01,60.19
Denmark,DNK,2021-03-02,60.19
Denmark,DNK,2021-03-03,60.19
Denmark,DNK,2021-03-04,60.19
Denmark,DNK,2021-03-05,60.19
Djibouti,DJI,2020-01-01,0
Djibouti,DJI,2020-01-02,0
Djibouti,DJI,2020-01-03,0
Djibouti,DJI,2020-01-04,0
Djibouti,DJI,2020-01-05,0
Djibouti,DJI,2020-01-06,0
Djibouti,DJI,2020-01-07,0
Djibouti,DJI,2020-01-08,0
Djibouti,DJI,2020-01-09,0
Djibouti,DJI,2020-01-10,0
Djibouti,DJI,2020-01-11,0
Djibouti,DJI,2020-01-12,0
Djibouti,DJI,2020-01-13,0
Djibouti,DJI,2020-01-14,0
Djibouti,DJI,2020-01-15,0
Djibouti,DJI,2020-01-16,0
Djibouti,DJI,2020-01-17,0
Djibouti,DJI,2020-01-18,0
Djibouti,DJI,2020-01-19,0
Djibouti,DJI,2020-01-20,0
Djibouti,DJI,2020-01-21,0
Djibouti,DJI,2020-01-22,0
Djibouti,DJI,2020-01-23,0
Djibouti,DJI,2020-01-24,0
Djibouti,DJI,2020-01-25,0
Djibouti,DJI,2020-01-26,0
Djibouti,DJI,2020-01-27,0
Djibouti,DJI,2020-01-28,0
Djibouti,DJI,2020-01-29,0
Djibouti,DJI,2020-01-30,0
Djibouti,DJI,2020-01-31,0
Djibouti,DJI,2020-02-01,0
Djibouti,DJI,2020-02-02,0
Djibouti,DJI,2020-02-03,0
Djibouti,DJI,2020-02-04,0
Djibouti,DJI,2020-02-05,0
Djibouti,DJI,2020-02-06,0
Djibouti,DJI,2020-02-07,0
Djibouti,DJI,2020-02-08,0
Djibouti,DJI,2020-02-09,0
Djibouti,DJI,2020-02-10,0
Djibouti,DJI,2020-02-11,0
Djibouti,DJI,2020-02-12,0
Djibouti,DJI,2020-02-13,0
Djibouti,DJI,2020-02-14,0
Djibouti,DJI,2020-02-15,0
Djibouti,DJI,2020-02-16,0
Djibouti,DJI,2020-02-17,0
Djibouti,DJI,2020-02-18,0
Djibouti,DJI,2020-02-19,0
Djibouti,DJI,2020-02-20,0
Djibouti,DJI,2020-02-21,0
Djibouti,DJI,2020-02-22,0
Djibouti,DJI,2020-02-23,0
Djibouti,DJI,2020-02-24,0
Djibouti,DJI,2020-02-25,0
Djibouti,DJI,2020-02-26,0
Djibouti,DJI,2020-02-27,0
Djibouti,DJI,2020-02-28,0
Djibouti,DJI,2020-02-29,0
Djibouti,DJI,2020-03-01,0
Djibouti,DJI,2020-03-02,0
Djibouti,DJI,2020-03-03,0
Djibouti,DJI,2020-03-04,0
Djibouti,DJI,2020-03-05,0
Djibouti,DJI,2020-03-06,0
Djibouti,DJI,2020-03-07,0
Djibouti,DJI,2020-03-08,0
Djibouti,DJI,2020-03-09,0
Djibouti,DJI,2020-03-10,0
Djibouti,DJI,2020-03-11,0
Djibouti,DJI,2020-03-12,0
Djibouti,DJI,2020-03-13,0
Djibouti,DJI,2020-03-14,0
Djibouti,DJI,2020-03-15,0
Djibouti,DJI,2020-03-16,0
Djibouti,DJI,2020-03-17,0
Djibouti,DJI,2020-03-18,22.22
Djibouti,DJI,2020-03-19,33.33
Djibouti,DJI,2020-03-20,33.33
Djibouti,DJI,2020-03-21,33.33
Djibouti,DJI,2020-03-22,46.3
Djibouti,DJI,2020-03-23,94.44
Djibouti,DJI,2020-03-24,94.44
Djibouti,DJI,2020-03-25,94.44
Djibouti,DJI,2020-03-26,94.44
Djibouti,DJI,2020-03-27,94.44
Djibouti,DJI,2020-03-28,94.44
Djibouti,DJI,2020-03-29,94.44
Djibouti,DJI,2020-03-30,94.44
Djibouti,DJI,2020-03-31,94.44
Djibouti,DJI,2020-04-01,94.44
Djibouti,DJI,2020-04-02,94.44
Djibouti,DJI,2020-04-03,94.44
Djibouti,DJI,2020-04-04,94.44
Djibouti,DJI,2020-04-05,94.44
Djibouti,DJI,2020-04-06,94.44
Djibouti,DJI,2020-04-07,94.44
Djibouti,DJI,2020-04-08,94.44
Djibouti,DJI,2020-04-09,94.44
Djibouti,DJI,2020-04-10,94.44
Djibouti,DJI,2020-04-11,94.44
Djibouti,DJI,2020-04-12,94.44
Djibouti,DJI,2020-04-13,94.44
Djibouti,DJI,2020-04-14,94.44
Djibouti,DJI,2020-04-15,94.44
Djibouti,DJI,2020-04-16,94.44
Djibouti,DJI,2020-04-17,94.44
Djibouti,DJI,2020-04-18,94.44
Djibouti,DJI,2020-04-19,94.44
Djibouti,DJI,2020-04-20,94.44
Djibouti,DJI,2020-04-21,94.44
Djibouti,DJI,2020-04-22,94.44
Djibouti,DJI,2020-04-23,94.44
Djibouti,DJI,2020-04-24,94.44
Djibouti,DJI,2020-04-25,94.44
Djibouti,DJI,2020-04-26,94.44
Djibouti,DJI,2020-04-27,94.44
Djibouti,DJI,2020-04-28,94.44
Djibouti,DJI,2020-04-29,94.44
Djibouti,DJI,2020-04-30,94.44
Djibouti,DJI,2020-05-01,94.44
Djibouti,DJI,2020-05-02,94.44
Djibouti,DJI,2020-05-03,94.44
Djibouti,DJI,2020-05-04,94.44
Djibouti,DJI,2020-05-05,94.44
Djibouti,DJI,2020-05-06,94.44
Djibouti,DJI,2020-05-07,94.44
Djibouti,DJI,2020-05-08,94.44
Djibouti,DJI,2020-05-09,94.44
Djibouti,DJI,2020-05-10,94.44
Djibouti,DJI,2020-05-11,94.44
Djibouti,DJI,2020-05-12,94.44
Djibouti,DJI,2020-05-13,94.44
Djibouti,DJI,2020-05-14,94.44
Djibouti,DJI,2020-05-15,94.44
Djibouti,DJI,2020-05-16,94.44
Djibouti,DJI,2020-05-17,59.26
Djibouti,DJI,2020-05-18,59.26
Djibouti,DJI,2020-05-19,59.26
Djibouti,DJI,2020-05-20,59.26
Djibouti,DJI,2020-05-21,59.26
Djibouti,DJI,2020-05-22,59.26
Djibouti,DJI,2020-05-23,59.26
Djibouti,DJI,2020-05-24,59.26
Djibouti,DJI,2020-05-25,59.26
Djibouti,DJI,2020-05-26,59.26
Djibouti,DJI,2020-05-27,59.26
Djibouti,DJI,2020-05-28,59.26
Djibouti,DJI,2020-05-29,59.26
Djibouti,DJI,2020-05-30,59.26
Djibouti,DJI,2020-05-31,59.26
Djibouti,DJI,2020-06-01,59.26
Djibouti,DJI,2020-06-02,59.26
Djibouti,DJI,2020-06-03,59.26
Djibouti,DJI,2020-06-04,59.26
Djibouti,DJI,2020-06-05,59.26
Djibouti,DJI,2020-06-06,59.26
Djibouti,DJI,2020-06-07,59.26
Djibouti,DJI,2020-06-08,59.26
Djibouti,DJI,2020-06-09,59.26
Djibouti,DJI,2020-06-10,59.26
Djibouti,DJI,2020-06-11,59.26
Djibouti,DJI,2020-06-12,59.26
Djibouti,DJI,2020-06-13,59.26
Djibouti,DJI,2020-06-14,59.26
Djibouti,DJI,2020-06-15,59.26
Djibouti,DJI,2020-06-16,59.26
Djibouti,DJI,2020-06-17,59.26
Djibouti,DJI,2020-06-18,59.26
Djibouti,DJI,2020-06-19,59.26
Djibouti,DJI,2020-06-20,59.26
Djibouti,DJI,2020-06-21,59.26
Djibouti,DJI,2020-06-22,59.26
Djibouti,DJI,2020-06-23,59.26
Djibouti,DJI,2020-06-24,59.26
Djibouti,DJI,2020-06-25,59.26
Djibouti,DJI,2020-06-26,59.26
Djibouti,DJI,2020-06-27,59.26
Djibouti,DJI,2020-06-28,59.26
Djibouti,DJI,2020-06-29,59.26
Djibouti,DJI,2020-06-30,59.26
Djibouti,DJI,2020-07-01,59.26
Djibouti,DJI,2020-07-02,59.26
Djibouti,DJI,2020-07-03,59.26
Djibouti,DJI,2020-07-04,59.26
Djibouti,DJI,2020-07-05,59.26
Djibouti,DJI,2020-07-06,59.26
Djibouti,DJI,2020-07-07,59.26
Djibouti,DJI,2020-07-08,59.26
Djibouti,DJI,2020-07-09,59.26
Djibouti,DJI,2020-07-10,59.26
Djibouti,DJI,2020-07-11,59.26
Djibouti,DJI,2020-07-12,59.26
Djibouti,DJI,2020-07-13,59.26
Djibouti,DJI,2020-07-14,59.26
Djibouti,DJI,2020-07-15,59.26
Djibouti,DJI,2020-07-16,59.26
Djibouti,DJI,2020-07-17,50.93
Djibouti,DJI,2020-07-18,50.93
Djibouti,DJI,2020-07-19,50.93
Djibouti,DJI,2020-07-20,50.93
Djibouti,DJI,2020-07-21,50.93
Djibouti,DJI,2020-07-22,50.93
Djibouti,DJI,2020-07-23,50.93
Djibouti,DJI,2020-07-24,50.93
Djibouti,DJI,2020-07-25,50.93
Djibouti,DJI,2020-07-26,50.93
Djibouti,DJI,2020-07-27,50.93
Djibouti,DJI,2020-07-28,50.93
Djibouti,DJI,2020-07-29,50.93
Djibouti,DJI,2020-07-30,50.93
Djibouti,DJI,2020-07-31,50.93
Djibouti,DJI,2020-08-01,50.93
Djibouti,DJI,2020-08-02,50.93
Djibouti,DJI,2020-08-03,50.93
Djibouti,DJI,2020-08-04,50.93
Djibouti,DJI,2020-08-05,50.93
Djibouti,DJI,2020-08-06,50.93
Djibouti,DJI,2020-08-07,50.93
Djibouti,DJI,2020-08-08,50.93
Djibouti,DJI,2020-08-09,50.93
Djibouti,DJI,2020-08-10,50.93
Djibouti,DJI,2020-08-11,50.93
Djibouti,DJI,2020-08-12,50.93
Djibouti,DJI,2020-08-13,50.93
Djibouti,DJI,2020-08-14,50.93
Djibouti,DJI,2020-08-15,50.93
Djibouti,DJI,2020-08-16,50.93
Djibouti,DJI,2020-08-17,50.93
Djibouti,DJI,2020-08-18,50.93
Djibouti,DJI,2020-08-19,50.93
Djibouti,DJI,2020-08-20,50.93
Djibouti,DJI,2020-08-21,50.93
Djibouti,DJI,2020-08-22,50.93
Djibouti,DJI,2020-08-23,50.93
Djibouti,DJI,2020-08-24,50.93
Djibouti,DJI,2020-08-25,50.93
Djibouti,DJI,2020-08-26,50.93
Djibouti,DJI,2020-08-27,50.93
Djibouti,DJI,2020-08-28,50.93
Djibouti,DJI,2020-08-29,50.93
Djibouti,DJI,2020-08-30,50.93
Djibouti,DJI,2020-08-31,50.93
Djibouti,DJI,2020-09-01,50.93
Djibouti,DJI,2020-09-02,50.93
Djibouti,DJI,2020-09-03,50.93
Djibouti,DJI,2020-09-04,50.93
Djibouti,DJI,2020-09-05,50.93
Djibouti,DJI,2020-09-06,50.93
Djibouti,DJI,2020-09-07,50.93
Djibouti,DJI,2020-09-08,50.93
Djibouti,DJI,2020-09-09,50.93
Djibouti,DJI,2020-09-10,50.93
Djibouti,DJI,2020-09-11,50.93
Djibouti,DJI,2020-09-12,50.93
Djibouti,DJI,2020-09-13,50.93
Djibouti,DJI,2020-09-14,50.93
Djibouti,DJI,2020-09-15,50.93
Djibouti,DJI,2020-09-16,50.93
Djibouti,DJI,2020-09-17,50.93
Djibouti,DJI,2020-09-18,50.93
Djibouti,DJI,2020-09-19,50.93
Djibouti,DJI,2020-09-20,50.93
Djibouti,DJI,2020-09-21,50.93
Djibouti,DJI,2020-09-22,50.93
Djibouti,DJI,2020-09-23,50.93
Djibouti,DJI,2020-09-24,50.93
Djibouti,DJI,2020-09-25,50.93
Djibouti,DJI,2020-09-26,50.93
Djibouti,DJI,2020-09-27,50.93
Djibouti,DJI,2020-09-28,50.93
Djibouti,DJI,2020-09-29,50.93
Djibouti,DJI,2020-09-30,47.22
Djibouti,DJI,2020-10-01,47.22
Djibouti,DJI,2020-10-02,47.22
Djibouti,DJI,2020-10-03,47.22
Djibouti,DJI,2020-10-04,47.22
Djibouti,DJI,2020-10-05,47.22
Djibouti,DJI,2020-10-06,47.22
Djibouti,DJI,2020-10-07,47.22
Djibouti,DJI,2020-10-08,47.22
Djibouti,DJI,2020-10-09,47.22
Djibouti,DJI,2020-10-10,47.22
Djibouti,DJI,2020-10-11,47.22
Djibouti,DJI,2020-10-12,47.22
Djibouti,DJI,2020-10-13,47.22
Djibouti,DJI,2020-10-14,47.22
Djibouti,DJI,2020-10-15,47.22
Djibouti,DJI,2020-10-16,47.22
Djibouti,DJI,2020-10-17,47.22
Djibouti,DJI,2020-10-18,47.22
Djibouti,DJI,2020-10-19,47.22
Djibouti,DJI,2020-10-20,43.52
Djibouti,DJI,2020-10-21,43.52
Djibouti,DJI,2020-10-22,43.52
Djibouti,DJI,2020-10-23,43.52
Djibouti,DJI,2020-10-24,43.52
Djibouti,DJI,2020-10-25,43.52
Djibouti,DJI,2020-10-26,43.52
Djibouti,DJI,2020-10-27,43.52
Djibouti,DJI,2020-10-28,43.52
Djibouti,DJI,2020-10-29,43.52
Djibouti,DJI,2020-10-30,43.52
Djibouti,DJI,2020-10-31,43.52
Djibouti,DJI,2020-11-01,43.52
Djibouti,DJI,2020-11-02,43.52
Djibouti,DJI,2020-11-03,43.52
Djibouti,DJI,2020-11-04,43.52
Djibouti,DJI,2020-11-05,43.52
Djibouti,DJI,2020-11-06,43.52
Djibouti,DJI,2020-11-07,43.52
Djibouti,DJI,2020-11-08,43.52
Djibouti,DJI,2020-11-09,43.52
Djibouti,DJI,2020-11-10,43.52
Djibouti,DJI,2020-11-11,43.52
Djibouti,DJI,2020-11-12,43.52
Djibouti,DJI,2020-11-13,43.52
Djibouti,DJI,2020-11-14,43.52
Djibouti,DJI,2020-11-15,43.52
Djibouti,DJI,2020-11-16,43.52
Djibouti,DJI,2020-11-17,43.52
Djibouti,DJI,2020-11-18,43.52
Djibouti,DJI,2020-11-19,43.52
Djibouti,DJI,2020-11-20,43.52
Djibouti,DJI,2020-11-21,43.52
Djibouti,DJI,2020-11-22,37.96
Djibouti,DJI,2020-11-23,37.96
Djibouti,DJI,2020-11-24,37.96
Djibouti,DJI,2020-11-25,37.96
Djibouti,DJI,2020-11-26,37.96
Djibouti,DJI,2020-11-27,37.96
Djibouti,DJI,2020-11-28,37.96
Djibouti,DJI,2020-11-29,37.96
Djibouti,DJI,2020-11-30,37.96
Djibouti,DJI,2020-12-01,37.96
Djibouti,DJI,2020-12-02,37.96
Djibouti,DJI,2020-12-03,37.96
Djibouti,DJI,2020-12-04,37.96
Djibouti,DJI,2020-12-05,37.96
Djibouti,DJI,2020-12-06,37.96
Djibouti,DJI,2020-12-07,37.96
Djibouti,DJI,2020-12-08,37.96
Djibouti,DJI,2020-12-09,37.96
Djibouti,DJI,2020-12-10,37.96
Djibouti,DJI,2020-12-11,37.96
Djibouti,DJI,2020-12-12,37.96
Djibouti,DJI,2020-12-13,37.96
Djibouti,DJI,2020-12-14,37.96
Djibouti,DJI,2020-12-15,37.96
Djibouti,DJI,2020-12-16,37.96
Djibouti,DJI,2020-12-17,37.96
Djibouti,DJI,2020-12-18,37.96
Djibouti,DJI,2020-12-19,37.96
Djibouti,DJI,2020-12-20,37.96
Djibouti,DJI,2020-12-21,37.96
Djibouti,DJI,2020-12-22,37.96
Djibouti,DJI,2020-12-23,37.96
Djibouti,DJI,2020-12-24,37.96
Djibouti,DJI,2020-12-25,37.96
Djibouti,DJI,2020-12-26,37.96
Djibouti,DJI,2020-12-27,37.96
Djibouti,DJI,2020-12-28,37.96
Djibouti,DJI,2020-12-29,37.96
Djibouti,DJI,2020-12-30,37.96
Djibouti,DJI,2020-12-31,37.96
Djibouti,DJI,2021-01-01,37.96
Djibouti,DJI,2021-01-02,37.96
Djibouti,DJI,2021-01-03,37.96
Djibouti,DJI,2021-01-04,37.96
Djibouti,DJI,2021-01-05,37.96
Djibouti,DJI,2021-01-06,37.96
Djibouti,DJI,2021-01-07,37.96
Djibouti,DJI,2021-01-08,37.96
Djibouti,DJI,2021-01-09,37.96
Djibouti,DJI,2021-01-10,37.96
Djibouti,DJI,2021-01-11,37.96
Djibouti,DJI,2021-01-12,37.96
Djibouti,DJI,2021-01-13,37.96
Djibouti,DJI,2021-01-14,37.96
Djibouti,DJI,2021-01-15,37.96
Djibouti,DJI,2021-01-16,37.96
Djibouti,DJI,2021-01-17,37.96
Djibouti,DJI,2021-01-18,37.96
Djibouti,DJI,2021-01-19,37.96
Djibouti,DJI,2021-01-20,37.96
Djibouti,DJI,2021-01-21,37.96
Djibouti,DJI,2021-01-22,37.96
Djibouti,DJI,2021-01-23,37.96
Djibouti,DJI,2021-01-24,37.96
Djibouti,DJI,2021-01-25,37.96
Djibouti,DJI,2021-01-26,37.96
Djibouti,DJI,2021-01-27,37.96
Djibouti,DJI,2021-01-28,37.96
Djibouti,DJI,2021-01-29,37.96
Djibouti,DJI,2021-01-30,37.96
Djibouti,DJI,2021-01-31,37.96
Djibouti,DJI,2021-02-01,37.96
Djibouti,DJI,2021-02-02,37.96
Djibouti,DJI,2021-02-03,37.96
Djibouti,DJI,2021-02-04,37.96
Djibouti,DJI,2021-02-05,37.96
Djibouti,DJI,2021-02-06,37.96
Djibouti,DJI,2021-02-07,37.96
Djibouti,DJI,2021-02-08,37.96
Djibouti,DJI,2021-02-09,37.96
Djibouti,DJI,2021-02-10,37.96
Djibouti,DJI,2021-02-11,37.96
Djibouti,DJI,2021-02-12,37.96
Djibouti,DJI,2021-02-13,37.96
Djibouti,DJI,2021-02-14,37.96
Djibouti,DJI,2021-02-15,37.96
Djibouti,DJI,2021-02-16,37.96
Djibouti,DJI,2021-02-17,37.96
Djibouti,DJI,2021-02-18,37.96
Djibouti,DJI,2021-02-19,37.96
Djibouti,DJI,2021-02-20,37.96
Djibouti,DJI,2021-02-21,37.96
Djibouti,DJI,2021-02-22,37.96
Djibouti,DJI,2021-02-23,37.96
Djibouti,DJI,2021-02-24,37.96
Djibouti,DJI,2021-02-25,37.96
Djibouti,DJI,2021-02-26,37.96
Djibouti,DJI,2021-02-27,37.96
Djibouti,DJI,2021-02-28,37.96
Djibouti,DJI,2021-03-01,37.96
Dominica,DMA,2020-01-01,0
Dominica,DMA,2020-01-02,0
Dominica,DMA,2020-01-03,0
Dominica,DMA,2020-01-04,0
Dominica,DMA,2020-01-05,0
Dominica,DMA,2020-01-06,0
Dominica,DMA,2020-01-07,0
Dominica,DMA,2020-01-08,0
Dominica,DMA,2020-01-09,0
Dominica,DMA,2020-01-10,0
Dominica,DMA,2020-01-11,0
Dominica,DMA,2020-01-12,0
Dominica,DMA,2020-01-13,0
Dominica,DMA,2020-01-14,0
Dominica,DMA,2020-01-15,0
Dominica,DMA,2020-01-16,0
Dominica,DMA,2020-01-17,0
Dominica,DMA,2020-01-18,0
Dominica,DMA,2020-01-19,0
Dominica,DMA,2020-01-20,0
Dominica,DMA,2020-01-21,0
Dominica,DMA,2020-01-22,0
Dominica,DMA,2020-01-23,0
Dominica,DMA,2020-01-24,0
Dominica,DMA,2020-01-25,0
Dominica,DMA,2020-01-26,0
Dominica,DMA,2020-01-27,0
Dominica,DMA,2020-01-28,0
Dominica,DMA,2020-01-29,0
Dominica,DMA,2020-01-30,0
Dominica,DMA,2020-01-31,0
Dominica,DMA,2020-02-01,0
Dominica,DMA,2020-02-02,0
Dominica,DMA,2020-02-03,0
Dominica,DMA,2020-02-04,0
Dominica,DMA,2020-02-05,0
Dominica,DMA,2020-02-06,0
Dominica,DMA,2020-02-07,0
Dominica,DMA,2020-02-08,0
Dominica,DMA,2020-02-09,0
Dominica,DMA,2020-02-10,0
Dominica,DMA,2020-02-11,0
Dominica,DMA,2020-02-12,0
Dominica,DMA,2020-02-13,0
Dominica,DMA,2020-02-14,0
Dominica,DMA,2020-02-15,0
Dominica,DMA,2020-02-16,0
Dominica,DMA,2020-02-17,0
Dominica,DMA,2020-02-18,0
Dominica,DMA,2020-02-19,0
Dominica,DMA,2020-02-20,0
Dominica,DMA,2020-02-21,0
Dominica,DMA,2020-02-22,0
Dominica,DMA,2020-02-23,0
Dominica,DMA,2020-02-24,0
Dominica,DMA,2020-02-25,0
Dominica,DMA,2020-02-26,0
Dominica,DMA,2020-02-27,0
Dominica,DMA,2020-02-28,0
Dominica,DMA,2020-02-29,0
Dominica,DMA,2020-03-01,0
Dominica,DMA,2020-03-02,0
Dominica,DMA,2020-03-03,0
Dominica,DMA,2020-03-04,0
Dominica,DMA,2020-03-05,0
Dominica,DMA,2020-03-06,0
Dominica,DMA,2020-03-07,0
Dominica,DMA,2020-03-08,0
Dominica,DMA,2020-03-09,0
Dominica,DMA,2020-03-10,0
Dominica,DMA,2020-03-11,0
Dominica,DMA,2020-03-12,0
Dominica,DMA,2020-03-13,0
Dominica,DMA,2020-03-14,0
Dominica,DMA,2020-03-15,0
Dominica,DMA,2020-03-16,0
Dominica,DMA,2020-03-17,0
Dominica,DMA,2020-03-18,0
Dominica,DMA,2020-03-19,0
Dominica,DMA,2020-03-20,0
Dominica,DMA,2020-03-21,0
Dominica,DMA,2020-03-22,13.89
Dominica,DMA,2020-03-23,25
Dominica,DMA,2020-03-24,25
Dominica,DMA,2020-03-25,25
Dominica,DMA,2020-03-26,25
Dominica,DMA,2020-03-27,25
Dominica,DMA,2020-03-28,30.56
Dominica,DMA,2020-03-29,30.56
Dominica,DMA,2020-03-30,30.56
Dominica,DMA,2020-03-31,30.56
Dominica,DMA,2020-04-01,79.63
Dominica,DMA,2020-04-02,79.63
Dominica,DMA,2020-04-03,79.63
Dominica,DMA,2020-04-04,79.63
Dominica,DMA,2020-04-05,79.63
Dominica,DMA,2020-04-06,79.63
Dominica,DMA,2020-04-07,79.63
Dominica,DMA,2020-04-08,79.63
Dominica,DMA,2020-04-09,79.63
Dominica,DMA,2020-04-10,79.63
Dominica,DMA,2020-04-11,79.63
Dominica,DMA,2020-04-12,79.63
Dominica,DMA,2020-04-13,79.63
Dominica,DMA,2020-04-14,79.63
Dominica,DMA,2020-04-15,79.63
Dominica,DMA,2020-04-16,79.63
Dominica,DMA,2020-04-17,79.63
Dominica,DMA,2020-04-18,79.63
Dominica,DMA,2020-04-19,79.63
Dominica,DMA,2020-04-20,79.63
Dominica,DMA,2020-04-21,79.63
Dominica,DMA,2020-04-22,79.63
Dominica,DMA,2020-04-23,79.63
Dominica,DMA,2020-04-24,79.63
Dominica,DMA,2020-04-25,79.63
Dominica,DMA,2020-04-26,79.63
Dominica,DMA,2020-04-27,79.63
Dominica,DMA,2020-04-28,79.63
Dominica,DMA,2020-04-29,79.63
Dominica,DMA,2020-04-30,79.63
Dominica,DMA,2020-05-01,79.63
Dominica,DMA,2020-05-02,79.63
Dominica,DMA,2020-05-03,79.63
Dominica,DMA,2020-05-04,79.63
Dominica,DMA,2020-05-05,79.63
Dominica,DMA,2020-05-06,79.63
Dominica,DMA,2020-05-07,75.93
Dominica,DMA,2020-05-08,75.93
Dominica,DMA,2020-05-09,75.93
Dominica,DMA,2020-05-10,75.93
Dominica,DMA,2020-05-11,75.93
Dominica,DMA,2020-05-12,72.22
Dominica,DMA,2020-05-13,72.22
Dominica,DMA,2020-05-14,72.22
Dominica,DMA,2020-05-15,72.22
Dominica,DMA,2020-05-16,72.22
Dominica,DMA,2020-05-17,72.22
Dominica,DMA,2020-05-18,72.22
Dominica,DMA,2020-05-19,72.22
Dominica,DMA,2020-05-20,72.22
Dominica,DMA,2020-05-21,72.22
Dominica,DMA,2020-05-22,72.22
Dominica,DMA,2020-05-23,72.22
Dominica,DMA,2020-05-24,72.22
Dominica,DMA,2020-05-25,72.22
Dominica,DMA,2020-05-26,72.22
Dominica,DMA,2020-05-27,72.22
Dominica,DMA,2020-05-28,72.22
Dominica,DMA,2020-05-29,72.22
Dominica,DMA,2020-05-30,72.22
Dominica,DMA,2020-05-31,72.22
Dominica,DMA,2020-06-01,72.22
Dominica,DMA,2020-06-02,72.22
Dominica,DMA,2020-06-03,72.22
Dominica,DMA,2020-06-04,72.22
Dominica,DMA,2020-06-05,72.22
Dominica,DMA,2020-06-06,72.22
Dominica,DMA,2020-06-07,72.22
Dominica,DMA,2020-06-08,72.22
Dominica,DMA,2020-06-09,72.22
Dominica,DMA,2020-06-10,72.22
Dominica,DMA,2020-06-11,72.22
Dominica,DMA,2020-06-12,72.22
Dominica,DMA,2020-06-13,72.22
Dominica,DMA,2020-06-14,72.22
Dominica,DMA,2020-06-15,72.22
Dominica,DMA,2020-06-16,72.22
Dominica,DMA,2020-06-17,72.22
Dominica,DMA,2020-06-18,72.22
Dominica,DMA,2020-06-19,72.22
Dominica,DMA,2020-06-20,72.22
Dominica,DMA,2020-06-21,72.22
Dominica,DMA,2020-06-22,72.22
Dominica,DMA,2020-06-23,72.22
Dominica,DMA,2020-06-24,72.22
Dominica,DMA,2020-06-25,72.22
Dominica,DMA,2020-06-26,72.22
Dominica,DMA,2020-06-27,44.44
Dominica,DMA,2020-06-28,44.44
Dominica,DMA,2020-06-29,44.44
Dominica,DMA,2020-06-30,44.44
Dominica,DMA,2020-07-01,44.44
Dominica,DMA,2020-07-02,44.44
Dominica,DMA,2020-07-03,44.44
Dominica,DMA,2020-07-04,44.44
Dominica,DMA,2020-07-05,44.44
Dominica,DMA,2020-07-06,44.44
Dominica,DMA,2020-07-07,44.44
Dominica,DMA,2020-07-08,44.44
Dominica,DMA,2020-07-09,44.44
Dominica,DMA,2020-07-10,44.44
Dominica,DMA,2020-07-11,44.44
Dominica,DMA,2020-07-12,44.44
Dominica,DMA,2020-07-13,44.44
Dominica,DMA,2020-07-14,44.44
Dominica,DMA,2020-07-15,44.44
Dominica,DMA,2020-07-16,44.44
Dominica,DMA,2020-07-17,44.44
Dominica,DMA,2020-07-18,44.44
Dominica,DMA,2020-07-19,44.44
Dominica,DMA,2020-07-20,44.44
Dominica,DMA,2020-07-21,44.44
Dominica,DMA,2020-07-22,44.44
Dominica,DMA,2020-07-23,44.44
Dominica,DMA,2020-07-24,44.44
Dominica,DMA,2020-07-25,44.44
Dominica,DMA,2020-07-26,44.44
Dominica,DMA,2020-07-27,44.44
Dominica,DMA,2020-07-28,44.44
Dominica,DMA,2020-07-29,44.44
Dominica,DMA,2020-07-30,44.44
Dominica,DMA,2020-07-31,44.44
Dominica,DMA,2020-08-01,44.44
Dominica,DMA,2020-08-02,44.44
Dominica,DMA,2020-08-03,44.44
Dominica,DMA,2020-08-04,44.44
Dominica,DMA,2020-08-05,44.44
Dominica,DMA,2020-08-06,44.44
Dominica,DMA,2020-08-07,36.11
Dominica,DMA,2020-08-08,36.11
Dominica,DMA,2020-08-09,36.11
Dominica,DMA,2020-08-10,36.11
Dominica,DMA,2020-08-11,36.11
Dominica,DMA,2020-08-12,36.11
Dominica,DMA,2020-08-13,36.11
Dominica,DMA,2020-08-14,36.11
Dominica,DMA,2020-08-15,36.11
Dominica,DMA,2020-08-16,36.11
Dominica,DMA,2020-08-17,36.11
Dominica,DMA,2020-08-18,36.11
Dominica,DMA,2020-08-19,36.11
Dominica,DMA,2020-08-20,36.11
Dominica,DMA,2020-08-21,36.11
Dominica,DMA,2020-08-22,36.11
Dominica,DMA,2020-08-23,36.11
Dominica,DMA,2020-08-24,36.11
Dominica,DMA,2020-08-25,36.11
Dominica,DMA,2020-08-26,36.11
Dominica,DMA,2020-08-27,36.11
Dominica,DMA,2020-08-28,36.11
Dominica,DMA,2020-08-29,36.11
Dominica,DMA,2020-08-30,36.11
Dominica,DMA,2020-08-31,36.11
Dominica,DMA,2020-09-01,36.11
Dominica,DMA,2020-09-02,36.11
Dominica,DMA,2020-09-03,36.11
Dominica,DMA,2020-09-04,36.11
Dominica,DMA,2020-09-05,36.11
Dominica,DMA,2020-09-06,36.11
Dominica,DMA,2020-09-07,28.7
Dominica,DMA,2020-09-08,28.7
Dominica,DMA,2020-09-09,28.7
Dominica,DMA,2020-09-10,28.7
Dominica,DMA,2020-09-11,28.7
Dominica,DMA,2020-09-12,28.7
Dominica,DMA,2020-09-13,28.7
Dominica,DMA,2020-09-14,28.7
Dominica,DMA,2020-09-15,28.7
Dominica,DMA,2020-09-16,28.7
Dominica,DMA,2020-09-17,28.7
Dominica,DMA,2020-09-18,28.7
Dominica,DMA,2020-09-19,28.7
Dominica,DMA,2020-09-20,28.7
Dominica,DMA,2020-09-21,28.7
Dominica,DMA,2020-09-22,28.7
Dominica,DMA,2020-09-23,28.7
Dominica,DMA,2020-09-24,28.7
Dominica,DMA,2020-09-25,28.7
Dominica,DMA,2020-09-26,28.7
Dominica,DMA,2020-09-27,28.7
Dominica,DMA,2020-09-28,28.7
Dominica,DMA,2020-09-29,28.7
Dominica,DMA,2020-09-30,28.7
Dominica,DMA,2020-10-01,28.7
Dominica,DMA,2020-10-02,28.7
Dominica,DMA,2020-10-03,28.7
Dominica,DMA,2020-10-04,28.7
Dominica,DMA,2020-10-05,28.7
Dominica,DMA,2020-10-06,28.7
Dominica,DMA,2020-10-07,28.7
Dominica,DMA,2020-10-08,28.7
Dominica,DMA,2020-10-09,28.7
Dominica,DMA,2020-10-10,28.7
Dominica,DMA,2020-10-11,28.7
Dominica,DMA,2020-10-12,28.7
Dominica,DMA,2020-10-13,31.48
Dominica,DMA,2020-10-14,31.48
Dominica,DMA,2020-10-15,31.48
Dominica,DMA,2020-10-16,31.48
Dominica,DMA,2020-10-17,31.48
Dominica,DMA,2020-10-18,31.48
Dominica,DMA,2020-10-19,31.48
Dominica,DMA,2020-10-20,31.48
Dominica,DMA,2020-10-21,31.48
Dominica,DMA,2020-10-22,31.48
Dominica,DMA,2020-10-23,31.48
Dominica,DMA,2020-10-24,31.48
Dominica,DMA,2020-10-25,31.48
Dominica,DMA,2020-10-26,31.48
Dominica,DMA,2020-10-27,31.48
Dominica,DMA,2020-10-28,31.48
Dominica,DMA,2020-10-29,31.48
Dominica,DMA,2020-10-30,31.48
Dominica,DMA,2020-10-31,31.48
Dominica,DMA,2020-11-01,37.04
Dominica,DMA,2020-11-02,37.04
Dominica,DMA,2020-11-03,37.04
Dominica,DMA,2020-11-04,37.04
Dominica,DMA,2020-11-05,37.04
Dominica,DMA,2020-11-06,37.04
Dominica,DMA,2020-11-07,37.04
Dominica,DMA,2020-11-08,37.04
Dominica,DMA,2020-11-09,37.04
Dominica,DMA,2020-11-10,34.26
Dominica,DMA,2020-11-11,34.26
Dominica,DMA,2020-11-12,34.26
Dominica,DMA,2020-11-13,34.26
Dominica,DMA,2020-11-14,34.26
Dominica,DMA,2020-11-15,34.26
Dominica,DMA,2020-11-16,34.26
Dominica,DMA,2020-11-17,34.26
Dominica,DMA,2020-11-18,34.26
Dominica,DMA,2020-11-19,34.26
Dominica,DMA,2020-11-20,34.26
Dominica,DMA,2020-11-21,34.26
Dominica,DMA,2020-11-22,34.26
Dominica,DMA,2020-11-23,34.26
Dominica,DMA,2020-11-24,25.93
Dominica,DMA,2020-11-25,25.93
Dominica,DMA,2020-11-26,25.93
Dominica,DMA,2020-11-27,25.93
Dominica,DMA,2020-11-28,25.93
Dominica,DMA,2020-11-29,25.93
Dominica,DMA,2020-11-30,25.93
Dominica,DMA,2020-12-01,23.15
Dominica,DMA,2020-12-02,23.15
Dominica,DMA,2020-12-03,23.15
Dominica,DMA,2020-12-04,23.15
Dominica,DMA,2020-12-05,23.15
Dominica,DMA,2020-12-06,23.15
Dominica,DMA,2020-12-07,50.93
Dominica,DMA,2020-12-08,50.93
Dominica,DMA,2020-12-09,50.93
Dominica,DMA,2020-12-10,50.93
Dominica,DMA,2020-12-11,50.93
Dominica,DMA,2020-12-12,50.93
Dominica,DMA,2020-12-13,50.93
Dominica,DMA,2020-12-14,50.93
Dominica,DMA,2020-12-15,50.93
Dominica,DMA,2020-12-16,50.93
Dominica,DMA,2020-12-17,50.93
Dominica,DMA,2020-12-18,50.93
Dominica,DMA,2020-12-19,50.93
Dominica,DMA,2020-12-20,50.93
Dominica,DMA,2020-12-21,50.93
Dominica,DMA,2020-12-22,25.93
Dominica,DMA,2020-12-23,25.93
Dominica,DMA,2020-12-24,25.93
Dominica,DMA,2020-12-25,25.93
Dominica,DMA,2020-12-26,25.93
Dominica,DMA,2020-12-27,25.93
Dominica,DMA,2020-12-28,25.93
Dominica,DMA,2020-12-29,25.93
Dominica,DMA,2020-12-30,25.93
Dominica,DMA,2020-12-31,25.93
Dominica,DMA,2021-01-01,25.93
Dominica,DMA,2021-01-02,25.93
Dominica,DMA,2021-01-03,25.93
Dominica,DMA,2021-01-04,25.93
Dominica,DMA,2021-01-05,25.93
Dominica,DMA,2021-01-06,25.93
Dominica,DMA,2021-01-07,29.63
Dominica,DMA,2021-01-08,29.63
Dominica,DMA,2021-01-09,29.63
Dominica,DMA,2021-01-10,29.63
Dominica,DMA,2021-01-11,29.63
Dominica,DMA,2021-01-12,29.63
Dominica,DMA,2021-01-13,29.63
Dominica,DMA,2021-01-14,29.63
Dominica,DMA,2021-01-15,29.63
Dominica,DMA,2021-01-16,29.63
Dominica,DMA,2021-01-17,29.63
Dominica,DMA,2021-01-18,29.63
Dominica,DMA,2021-01-19,29.63
Dominica,DMA,2021-01-20,29.63
Dominica,DMA,2021-01-21,29.63
Dominica,DMA,2021-01-22,29.63
Dominica,DMA,2021-01-23,29.63
Dominica,DMA,2021-01-24,29.63
Dominica,DMA,2021-01-25,29.63
Dominica,DMA,2021-01-26,29.63
Dominica,DMA,2021-01-27,29.63
Dominica,DMA,2021-01-28,29.63
Dominica,DMA,2021-01-29,29.63
Dominica,DMA,2021-01-30,29.63
Dominica,DMA,2021-01-31,29.63
Dominica,DMA,2021-02-01,29.63
Dominica,DMA,2021-02-02,29.63
Dominica,DMA,2021-02-03,29.63
Dominica,DMA,2021-02-04,29.63
Dominica,DMA,2021-02-05,29.63
Dominica,DMA,2021-02-06,29.63
Dominica,DMA,2021-02-07,29.63
Dominica,DMA,2021-02-08,29.63
Dominica,DMA,2021-02-09,29.63
Dominica,DMA,2021-02-10,29.63
Dominica,DMA,2021-02-11,29.63
Dominica,DMA,2021-02-12,29.63
Dominica,DMA,2021-02-13,46.3
Dominica,DMA,2021-02-14,46.3
Dominica,DMA,2021-02-15,46.3
Dominica,DMA,2021-02-16,46.3
Dominica,DMA,2021-02-17,29.63
Dominica,DMA,2021-02-18,29.63
Dominica,DMA,2021-02-19,29.63
Dominica,DMA,2021-02-20,29.63
Dominica,DMA,2021-02-21,29.63
Dominica,DMA,2021-02-22,29.63
Dominica,DMA,2021-02-23,29.63
Dominica,DMA,2021-02-24,29.63
Dominica,DMA,2021-02-25,29.63
Dominica,DMA,2021-02-26,29.63
Dominica,DMA,2021-02-27,29.63
Dominica,DMA,2021-02-28,29.63
Dominica,DMA,2021-03-01,29.63
Dominica,DMA,2021-03-02,29.63
Dominica,DMA,2021-03-03,29.63
Dominica,DMA,2021-03-04,29.63
Dominica,DMA,2021-03-05,29.63
Dominica,DMA,2021-03-06,29.63
Dominica,DMA,2021-03-07,29.63
Dominica,DMA,2021-03-08,29.63
Dominican Republic,DOM,2020-01-01,0
Dominican Republic,DOM,2020-01-02,0
Dominican Republic,DOM,2020-01-03,0
Dominican Republic,DOM,2020-01-04,0
Dominican Republic,DOM,2020-01-05,0
Dominican Republic,DOM,2020-01-06,0
Dominican Republic,DOM,2020-01-07,0
Dominican Republic,DOM,2020-01-08,0
Dominican Republic,DOM,2020-01-09,0
Dominican Republic,DOM,2020-01-10,0
Dominican Republic,DOM,2020-01-11,0
Dominican Republic,DOM,2020-01-12,0
Dominican Republic,DOM,2020-01-13,0
Dominican Republic,DOM,2020-01-14,0
Dominican Republic,DOM,2020-01-15,0
Dominican Republic,DOM,2020-01-16,0
Dominican Republic,DOM,2020-01-17,0
Dominican Republic,DOM,2020-01-18,0
Dominican Republic,DOM,2020-01-19,0
Dominican Republic,DOM,2020-01-20,0
Dominican Republic,DOM,2020-01-21,0
Dominican Republic,DOM,2020-01-22,0
Dominican Republic,DOM,2020-01-23,0
Dominican Republic,DOM,2020-01-24,0
Dominican Republic,DOM,2020-01-25,0
Dominican Republic,DOM,2020-01-26,0
Dominican Republic,DOM,2020-01-27,0
Dominican Republic,DOM,2020-01-28,0
Dominican Republic,DOM,2020-01-29,0
Dominican Republic,DOM,2020-01-30,0
Dominican Republic,DOM,2020-01-31,0
Dominican Republic,DOM,2020-02-01,0
Dominican Republic,DOM,2020-02-02,0
Dominican Republic,DOM,2020-02-03,0
Dominican Republic,DOM,2020-02-04,0
Dominican Republic,DOM,2020-02-05,0
Dominican Republic,DOM,2020-02-06,0
Dominican Republic,DOM,2020-02-07,0
Dominican Republic,DOM,2020-02-08,0
Dominican Republic,DOM,2020-02-09,0
Dominican Republic,DOM,2020-02-10,0
Dominican Republic,DOM,2020-02-11,0
Dominican Republic,DOM,2020-02-12,0
Dominican Republic,DOM,2020-02-13,0
Dominican Republic,DOM,2020-02-14,0
Dominican Republic,DOM,2020-02-15,0
Dominican Republic,DOM,2020-02-16,0
Dominican Republic,DOM,2020-02-17,0
Dominican Republic,DOM,2020-02-18,0
Dominican Republic,DOM,2020-02-19,0
Dominican Republic,DOM,2020-02-20,0
Dominican Republic,DOM,2020-02-21,0
Dominican Republic,DOM,2020-02-22,0
Dominican Republic,DOM,2020-02-23,0
Dominican Republic,DOM,2020-02-24,0
Dominican Republic,DOM,2020-02-25,0
Dominican Republic,DOM,2020-02-26,0
Dominican Republic,DOM,2020-02-27,0
Dominican Republic,DOM,2020-02-28,0
Dominican Republic,DOM,2020-02-29,0
Dominican Republic,DOM,2020-03-01,0
Dominican Republic,DOM,2020-03-02,11.11
Dominican Republic,DOM,2020-03-03,11.11
Dominican Republic,DOM,2020-03-04,11.11
Dominican Republic,DOM,2020-03-05,11.11
Dominican Republic,DOM,2020-03-06,11.11
Dominican Republic,DOM,2020-03-07,11.11
Dominican Republic,DOM,2020-03-08,11.11
Dominican Republic,DOM,2020-03-09,11.11
Dominican Republic,DOM,2020-03-10,11.11
Dominican Republic,DOM,2020-03-11,11.11
Dominican Republic,DOM,2020-03-12,11.11
Dominican Republic,DOM,2020-03-13,11.11
Dominican Republic,DOM,2020-03-14,11.11
Dominican Republic,DOM,2020-03-15,11.11
Dominican Republic,DOM,2020-03-16,19.44
Dominican Republic,DOM,2020-03-17,34.26
Dominican Republic,DOM,2020-03-18,34.26
Dominican Republic,DOM,2020-03-19,81.48
Dominican Republic,DOM,2020-03-20,92.59
Dominican Republic,DOM,2020-03-21,92.59
Dominican Republic,DOM,2020-03-22,92.59
Dominican Republic,DOM,2020-03-23,92.59
Dominican Republic,DOM,2020-03-24,92.59
Dominican Republic,DOM,2020-03-25,92.59
Dominican Republic,DOM,2020-03-26,92.59
Dominican Republic,DOM,2020-03-27,92.59
Dominican Republic,DOM,2020-03-28,92.59
Dominican Republic,DOM,2020-03-29,92.59
Dominican Republic,DOM,2020-03-30,92.59
Dominican Republic,DOM,2020-03-31,92.59
Dominican Republic,DOM,2020-04-01,92.59
Dominican Republic,DOM,2020-04-02,92.59
Dominican Republic,DOM,2020-04-03,92.59
Dominican Republic,DOM,2020-04-04,92.59
Dominican Republic,DOM,2020-04-05,92.59
Dominican Republic,DOM,2020-04-06,92.59
Dominican Republic,DOM,2020-04-07,92.59
Dominican Republic,DOM,2020-04-08,92.59
Dominican Republic,DOM,2020-04-09,92.59
Dominican Republic,DOM,2020-04-10,92.59
Dominican Republic,DOM,2020-04-11,92.59
Dominican Republic,DOM,2020-04-12,92.59
Dominican Republic,DOM,2020-04-13,92.59
Dominican Republic,DOM,2020-04-14,92.59
Dominican Republic,DOM,2020-04-15,92.59
Dominican Republic,DOM,2020-04-16,92.59
Dominican Republic,DOM,2020-04-17,92.59
Dominican Republic,DOM,2020-04-18,96.3
Dominican Republic,DOM,2020-04-19,96.3
Dominican Republic,DOM,2020-04-20,96.3
Dominican Republic,DOM,2020-04-21,96.3
Dominican Republic,DOM,2020-04-22,96.3
Dominican Republic,DOM,2020-04-23,96.3
Dominican Republic,DOM,2020-04-24,96.3
Dominican Republic,DOM,2020-04-25,96.3
Dominican Republic,DOM,2020-04-26,96.3
Dominican Republic,DOM,2020-04-27,96.3
Dominican Republic,DOM,2020-04-28,100
Dominican Republic,DOM,2020-04-29,100
Dominican Republic,DOM,2020-04-30,100
Dominican Republic,DOM,2020-05-01,100
Dominican Republic,DOM,2020-05-02,100
Dominican Republic,DOM,2020-05-03,100
Dominican Republic,DOM,2020-05-04,100
Dominican Republic,DOM,2020-05-05,100
Dominican Republic,DOM,2020-05-06,100
Dominican Republic,DOM,2020-05-07,100
Dominican Republic,DOM,2020-05-08,100
Dominican Republic,DOM,2020-05-09,100
Dominican Republic,DOM,2020-05-10,100
Dominican Republic,DOM,2020-05-11,100
Dominican Republic,DOM,2020-05-12,100
Dominican Republic,DOM,2020-05-13,100
Dominican Republic,DOM,2020-05-14,100
Dominican Republic,DOM,2020-05-15,100
Dominican Republic,DOM,2020-05-16,100
Dominican Republic,DOM,2020-05-17,100
Dominican Republic,DOM,2020-05-18,96.3
Dominican Republic,DOM,2020-05-19,96.3
Dominican Republic,DOM,2020-05-20,87.04
Dominican Republic,DOM,2020-05-21,87.04
Dominican Republic,DOM,2020-05-22,87.04
Dominican Republic,DOM,2020-05-23,87.04
Dominican Republic,DOM,2020-05-24,87.04
Dominican Republic,DOM,2020-05-25,87.04
Dominican Republic,DOM,2020-05-26,87.04
Dominican Republic,DOM,2020-05-27,87.04
Dominican Republic,DOM,2020-05-28,87.04
Dominican Republic,DOM,2020-05-29,87.04
Dominican Republic,DOM,2020-05-30,87.04
Dominican Republic,DOM,2020-05-31,87.04
Dominican Republic,DOM,2020-06-01,87.04
Dominican Republic,DOM,2020-06-02,87.04
Dominican Republic,DOM,2020-06-03,87.04
Dominican Republic,DOM,2020-06-04,87.04
Dominican Republic,DOM,2020-06-05,87.04
Dominican Republic,DOM,2020-06-06,87.04
Dominican Republic,DOM,2020-06-07,87.04
Dominican Republic,DOM,2020-06-08,87.04
Dominican Republic,DOM,2020-06-09,87.04
Dominican Republic,DOM,2020-06-10,87.04
Dominican Republic,DOM,2020-06-11,87.04
Dominican Republic,DOM,2020-06-12,87.04
Dominican Republic,DOM,2020-06-13,87.04
Dominican Republic,DOM,2020-06-14,87.04
Dominican Republic,DOM,2020-06-15,87.04
Dominican Republic,DOM,2020-06-16,87.04
Dominican Republic,DOM,2020-06-17,87.04
Dominican Republic,DOM,2020-06-18,87.04
Dominican Republic,DOM,2020-06-19,87.04
Dominican Republic,DOM,2020-06-20,87.04
Dominican Republic,DOM,2020-06-21,87.04
Dominican Republic,DOM,2020-06-22,87.04
Dominican Republic,DOM,2020-06-23,87.04
Dominican Republic,DOM,2020-06-24,87.04
Dominican Republic,DOM,2020-06-25,87.04
Dominican Republic,DOM,2020-06-26,87.04
Dominican Republic,DOM,2020-06-27,87.04
Dominican Republic,DOM,2020-06-28,83.33
Dominican Republic,DOM,2020-06-29,83.33
Dominican Republic,DOM,2020-06-30,83.33
Dominican Republic,DOM,2020-07-01,75
Dominican Republic,DOM,2020-07-02,75
Dominican Republic,DOM,2020-07-03,75
Dominican Republic,DOM,2020-07-04,75
Dominican Republic,DOM,2020-07-05,75
Dominican Republic,DOM,2020-07-06,75
Dominican Republic,DOM,2020-07-07,75
Dominican Republic,DOM,2020-07-08,75
Dominican Republic,DOM,2020-07-09,75
Dominican Republic,DOM,2020-07-10,75
Dominican Republic,DOM,2020-07-11,75
Dominican Republic,DOM,2020-07-12,75
Dominican Republic,DOM,2020-07-13,75
Dominican Republic,DOM,2020-07-14,75
Dominican Republic,DOM,2020-07-15,75
Dominican Republic,DOM,2020-07-16,75
Dominican Republic,DOM,2020-07-17,75
Dominican Republic,DOM,2020-07-18,75
Dominican Republic,DOM,2020-07-19,75
Dominican Republic,DOM,2020-07-20,78.7
Dominican Republic,DOM,2020-07-21,78.7
Dominican Republic,DOM,2020-07-22,78.7
Dominican Republic,DOM,2020-07-23,78.7
Dominican Republic,DOM,2020-07-24,78.7
Dominican Republic,DOM,2020-07-25,78.7
Dominican Republic,DOM,2020-07-26,78.7
Dominican Republic,DOM,2020-07-27,78.7
Dominican Republic,DOM,2020-07-28,78.7
Dominican Republic,DOM,2020-07-29,78.7
Dominican Republic,DOM,2020-07-30,78.7
Dominican Republic,DOM,2020-07-31,78.7
Dominican Republic,DOM,2020-08-01,78.7
Dominican Republic,DOM,2020-08-02,78.7
Dominican Republic,DOM,2020-08-03,78.7
Dominican Republic,DOM,2020-08-04,78.7
Dominican Republic,DOM,2020-08-05,78.7
Dominican Republic,DOM,2020-08-06,78.7
Dominican Republic,DOM,2020-08-07,78.7
Dominican Republic,DOM,2020-08-08,78.7
Dominican Republic,DOM,2020-08-09,78.7
Dominican Republic,DOM,2020-08-10,78.7
Dominican Republic,DOM,2020-08-11,78.7
Dominican Republic,DOM,2020-08-12,78.7
Dominican Republic,DOM,2020-08-13,78.7
Dominican Republic,DOM,2020-08-14,78.7
Dominican Republic,DOM,2020-08-15,78.7
Dominican Republic,DOM,2020-08-16,78.7
Dominican Republic,DOM,2020-08-17,78.7
Dominican Republic,DOM,2020-08-18,78.7
Dominican Republic,DOM,2020-08-19,78.7
Dominican Republic,DOM,2020-08-20,78.7
Dominican Republic,DOM,2020-08-21,78.7
Dominican Republic,DOM,2020-08-22,78.7
Dominican Republic,DOM,2020-08-23,78.7
Dominican Republic,DOM,2020-08-24,78.7
Dominican Republic,DOM,2020-08-25,78.7
Dominican Republic,DOM,2020-08-26,78.7
Dominican Republic,DOM,2020-08-27,78.7
Dominican Republic,DOM,2020-08-28,78.7
Dominican Republic,DOM,2020-08-29,78.7
Dominican Republic,DOM,2020-08-30,78.7
Dominican Republic,DOM,2020-08-31,78.7
Dominican Republic,DOM,2020-09-01,78.7
Dominican Republic,DOM,2020-09-02,78.7
Dominican Republic,DOM,2020-09-03,78.7
Dominican Republic,DOM,2020-09-04,78.7
Dominican Republic,DOM,2020-09-05,78.7
Dominican Republic,DOM,2020-09-06,78.7
Dominican Republic,DOM,2020-09-07,78.7
Dominican Republic,DOM,2020-09-08,78.7
Dominican Republic,DOM,2020-09-09,78.7
Dominican Republic,DOM,2020-09-10,78.7
Dominican Republic,DOM,2020-09-11,78.7
Dominican Republic,DOM,2020-09-12,78.7
Dominican Republic,DOM,2020-09-13,78.7
Dominican Republic,DOM,2020-09-14,78.7
Dominican Republic,DOM,2020-09-15,78.7
Dominican Republic,DOM,2020-09-16,78.7
Dominican Republic,DOM,2020-09-17,78.7
Dominican Republic,DOM,2020-09-18,78.7
Dominican Republic,DOM,2020-09-19,78.7
Dominican Republic,DOM,2020-09-20,78.7
Dominican Republic,DOM,2020-09-21,78.7
Dominican Republic,DOM,2020-09-22,78.7
Dominican Republic,DOM,2020-09-23,78.7
Dominican Republic,DOM,2020-09-24,78.7
Dominican Republic,DOM,2020-09-25,78.7
Dominican Republic,DOM,2020-09-26,78.7
Dominican Republic,DOM,2020-09-27,78.7
Dominican Republic,DOM,2020-09-28,78.7
Dominican Republic,DOM,2020-09-29,78.7
Dominican Republic,DOM,2020-09-30,78.7
Dominican Republic,DOM,2020-10-01,78.7
Dominican Republic,DOM,2020-10-02,78.7
Dominican Republic,DOM,2020-10-03,78.7
Dominican Republic,DOM,2020-10-04,78.7
Dominican Republic,DOM,2020-10-05,78.7
Dominican Republic,DOM,2020-10-06,78.7
Dominican Republic,DOM,2020-10-07,67.59
Dominican Republic,DOM,2020-10-08,67.59
Dominican Republic,DOM,2020-10-09,67.59
Dominican Republic,DOM,2020-10-10,67.59
Dominican Republic,DOM,2020-10-11,67.59
Dominican Republic,DOM,2020-10-12,67.59
Dominican Republic,DOM,2020-10-13,67.59
Dominican Republic,DOM,2020-10-14,67.59
Dominican Republic,DOM,2020-10-15,67.59
Dominican Republic,DOM,2020-10-16,67.59
Dominican Republic,DOM,2020-10-17,67.59
Dominican Republic,DOM,2020-10-18,67.59
Dominican Republic,DOM,2020-10-19,67.59
Dominican Republic,DOM,2020-10-20,67.59
Dominican Republic,DOM,2020-10-21,67.59
Dominican Republic,DOM,2020-10-22,67.59
Dominican Republic,DOM,2020-10-23,67.59
Dominican Republic,DOM,2020-10-24,67.59
Dominican Republic,DOM,2020-10-25,67.59
Dominican Republic,DOM,2020-10-26,67.59
Dominican Republic,DOM,2020-10-27,67.59
Dominican Republic,DOM,2020-10-28,67.59
Dominican Republic,DOM,2020-10-29,67.59
Dominican Republic,DOM,2020-10-30,67.59
Dominican Republic,DOM,2020-10-31,67.59
Dominican Republic,DOM,2020-11-01,67.59
Dominican Republic,DOM,2020-11-02,67.59
Dominican Republic,DOM,2020-11-03,67.59
Dominican Republic,DOM,2020-11-04,67.59
Dominican Republic,DOM,2020-11-05,67.59
Dominican Republic,DOM,2020-11-06,67.59
Dominican Republic,DOM,2020-11-07,67.59
Dominican Republic,DOM,2020-11-08,67.59
Dominican Republic,DOM,2020-11-09,67.59
Dominican Republic,DOM,2020-11-10,64.81
Dominican Republic,DOM,2020-11-11,64.81
Dominican Republic,DOM,2020-11-12,64.81
Dominican Republic,DOM,2020-11-13,64.81
Dominican Republic,DOM,2020-11-14,64.81
Dominican Republic,DOM,2020-11-15,64.81
Dominican Republic,DOM,2020-11-16,64.81
Dominican Republic,DOM,2020-11-17,64.81
Dominican Republic,DOM,2020-11-18,64.81
Dominican Republic,DOM,2020-11-19,64.81
Dominican Republic,DOM,2020-11-20,64.81
Dominican Republic,DOM,2020-11-21,64.81
Dominican Republic,DOM,2020-11-22,64.81
Dominican Republic,DOM,2020-11-23,64.81
Dominican Republic,DOM,2020-11-24,64.81
Dominican Republic,DOM,2020-11-25,64.81
Dominican Republic,DOM,2020-11-26,64.81
Dominican Republic,DOM,2020-11-27,64.81
Dominican Republic,DOM,2020-11-28,64.81
Dominican Republic,DOM,2020-11-29,64.81
Dominican Republic,DOM,2020-11-30,64.81
Dominican Republic,DOM,2020-12-01,64.81
Dominican Republic,DOM,2020-12-02,64.81
Dominican Republic,DOM,2020-12-03,64.81
Dominican Republic,DOM,2020-12-04,64.81
Dominican Republic,DOM,2020-12-05,64.81
Dominican Republic,DOM,2020-12-06,64.81
Dominican Republic,DOM,2020-12-07,64.81
Dominican Republic,DOM,2020-12-08,64.81
Dominican Republic,DOM,2020-12-09,64.81
Dominican Republic,DOM,2020-12-10,64.81
Dominican Republic,DOM,2020-12-11,64.81
Dominican Republic,DOM,2020-12-12,64.81
Dominican Republic,DOM,2020-12-13,64.81
Dominican Republic,DOM,2020-12-14,64.81
Dominican Republic,DOM,2020-12-15,62.96
Dominican Republic,DOM,2020-12-16,62.96
Dominican Republic,DOM,2020-12-17,62.96
Dominican Republic,DOM,2020-12-18,62.96
Dominican Republic,DOM,2020-12-19,62.96
Dominican Republic,DOM,2020-12-20,62.96
Dominican Republic,DOM,2020-12-21,62.96
Dominican Republic,DOM,2020-12-22,68.52
Dominican Republic,DOM,2020-12-23,68.52
Dominican Republic,DOM,2020-12-24,68.52
Dominican Republic,DOM,2020-12-25,68.52
Dominican Republic,DOM,2020-12-26,68.52
Dominican Republic,DOM,2020-12-27,68.52
Dominican Republic,DOM,2020-12-28,68.52
Dominican Republic,DOM,2020-12-29,68.52
Dominican Republic,DOM,2020-12-30,68.52
Dominican Republic,DOM,2020-12-31,70.37
Dominican Republic,DOM,2021-01-01,70.37
Dominican Republic,DOM,2021-01-02,70.37
Dominican Republic,DOM,2021-01-03,70.37
Dominican Republic,DOM,2021-01-04,70.37
Dominican Republic,DOM,2021-01-05,70.37
Dominican Republic,DOM,2021-01-06,70.37
Dominican Republic,DOM,2021-01-07,70.37
Dominican Republic,DOM,2021-01-08,70.37
Dominican Republic,DOM,2021-01-09,70.37
Dominican Republic,DOM,2021-01-10,70.37
Dominican Republic,DOM,2021-01-11,70.37
Dominican Republic,DOM,2021-01-12,70.37
Dominican Republic,DOM,2021-01-13,70.37
Dominican Republic,DOM,2021-01-14,70.37
Dominican Republic,DOM,2021-01-15,70.37
Dominican Republic,DOM,2021-01-16,70.37
Dominican Republic,DOM,2021-01-17,70.37
Dominican Republic,DOM,2021-01-18,70.37
Dominican Republic,DOM,2021-01-19,70.37
Dominican Republic,DOM,2021-01-20,70.37
Dominican Republic,DOM,2021-01-21,70.37
Dominican Republic,DOM,2021-01-22,70.37
Dominican Republic,DOM,2021-01-23,70.37
Dominican Republic,DOM,2021-01-24,70.37
Dominican Republic,DOM,2021-01-25,70.37
Dominican Republic,DOM,2021-01-26,70.37
Dominican Republic,DOM,2021-01-27,70.37
Dominican Republic,DOM,2021-01-28,70.37
Dominican Republic,DOM,2021-01-29,70.37
Dominican Republic,DOM,2021-01-30,70.37
Dominican Republic,DOM,2021-01-31,70.37
Dominican Republic,DOM,2021-02-01,70.37
Dominican Republic,DOM,2021-02-02,70.37
Dominican Republic,DOM,2021-02-03,70.37
Dominican Republic,DOM,2021-02-04,70.37
Dominican Republic,DOM,2021-02-05,70.37
Dominican Republic,DOM,2021-02-06,70.37
Dominican Republic,DOM,2021-02-07,70.37
Dominican Republic,DOM,2021-02-08,70.37
Dominican Republic,DOM,2021-02-09,70.37
Dominican Republic,DOM,2021-02-10,70.37
Dominican Republic,DOM,2021-02-11,70.37
Dominican Republic,DOM,2021-02-12,70.37
Dominican Republic,DOM,2021-02-13,70.37
Dominican Republic,DOM,2021-02-14,70.37
Dominican Republic,DOM,2021-02-15,70.37
Dominican Republic,DOM,2021-02-16,70.37
Dominican Republic,DOM,2021-02-17,70.37
Dominican Republic,DOM,2021-02-18,70.37
Dominican Republic,DOM,2021-02-19,70.37
Dominican Republic,DOM,2021-02-20,70.37
Dominican Republic,DOM,2021-02-21,70.37
Dominican Republic,DOM,2021-02-22,70.37
Dominican Republic,DOM,2021-02-23,70.37
Dominican Republic,DOM,2021-02-24,70.37
Dominican Republic,DOM,2021-02-25,70.37
Dominican Republic,DOM,2021-02-26,70.37
Dominican Republic,DOM,2021-02-27,70.37
Dominican Republic,DOM,2021-02-28,70.37
Dominican Republic,DOM,2021-03-01,70.37
Dominican Republic,DOM,2021-03-02,70.37
Dominican Republic,DOM,2021-03-03,70.37
Dominican Republic,DOM,2021-03-04,70.37
Dominican Republic,DOM,2021-03-05,70.37
Dominican Republic,DOM,2021-03-06,70.37
Dominican Republic,DOM,2021-03-07,70.37
Dominican Republic,DOM,2021-03-08,70.37
Ecuador,ECU,2020-01-01,0
Ecuador,ECU,2020-01-02,0
Ecuador,ECU,2020-01-03,0
Ecuador,ECU,2020-01-04,0
Ecuador,ECU,2020-01-05,0
Ecuador,ECU,2020-01-06,0
Ecuador,ECU,2020-01-07,0
Ecuador,ECU,2020-01-08,0
Ecuador,ECU,2020-01-09,0
Ecuador,ECU,2020-01-10,0
Ecuador,ECU,2020-01-11,0
Ecuador,ECU,2020-01-12,0
Ecuador,ECU,2020-01-13,0
Ecuador,ECU,2020-01-14,0
Ecuador,ECU,2020-01-15,0
Ecuador,ECU,2020-01-16,0
Ecuador,ECU,2020-01-17,0
Ecuador,ECU,2020-01-18,0
Ecuador,ECU,2020-01-19,0
Ecuador,ECU,2020-01-20,0
Ecuador,ECU,2020-01-21,0
Ecuador,ECU,2020-01-22,0
Ecuador,ECU,2020-01-23,0
Ecuador,ECU,2020-01-24,0
Ecuador,ECU,2020-01-25,0
Ecuador,ECU,2020-01-26,5.56
Ecuador,ECU,2020-01-27,5.56
Ecuador,ECU,2020-01-28,5.56
Ecuador,ECU,2020-01-29,5.56
Ecuador,ECU,2020-01-30,5.56
Ecuador,ECU,2020-01-31,5.56
Ecuador,ECU,2020-02-01,5.56
Ecuador,ECU,2020-02-02,5.56
Ecuador,ECU,2020-02-03,5.56
Ecuador,ECU,2020-02-04,5.56
Ecuador,ECU,2020-02-05,5.56
Ecuador,ECU,2020-02-06,5.56
Ecuador,ECU,2020-02-07,5.56
Ecuador,ECU,2020-02-08,5.56
Ecuador,ECU,2020-02-09,5.56
Ecuador,ECU,2020-02-10,5.56
Ecuador,ECU,2020-02-11,5.56
Ecuador,ECU,2020-02-12,5.56
Ecuador,ECU,2020-02-13,5.56
Ecuador,ECU,2020-02-14,5.56
Ecuador,ECU,2020-02-15,5.56
Ecuador,ECU,2020-02-16,5.56
Ecuador,ECU,2020-02-17,5.56
Ecuador,ECU,2020-02-18,5.56
Ecuador,ECU,2020-02-19,5.56
Ecuador,ECU,2020-02-20,5.56
Ecuador,ECU,2020-02-21,5.56
Ecuador,ECU,2020-02-22,5.56
Ecuador,ECU,2020-02-23,5.56
Ecuador,ECU,2020-02-24,5.56
Ecuador,ECU,2020-02-25,5.56
Ecuador,ECU,2020-02-26,5.56
Ecuador,ECU,2020-02-27,5.56
Ecuador,ECU,2020-02-28,5.56
Ecuador,ECU,2020-02-29,5.56
Ecuador,ECU,2020-03-01,5.56
Ecuador,ECU,2020-03-02,8.33
Ecuador,ECU,2020-03-03,8.33
Ecuador,ECU,2020-03-04,8.33
Ecuador,ECU,2020-03-05,8.33
Ecuador,ECU,2020-03-06,8.33
Ecuador,ECU,2020-03-07,8.33
Ecuador,ECU,2020-03-08,8.33
Ecuador,ECU,2020-03-09,8.33
Ecuador,ECU,2020-03-10,8.33
Ecuador,ECU,2020-03-11,8.33
Ecuador,ECU,2020-03-12,8.33
Ecuador,ECU,2020-03-13,36.11
Ecuador,ECU,2020-03-14,36.11
Ecuador,ECU,2020-03-15,55.56
Ecuador,ECU,2020-03-16,55.56
Ecuador,ECU,2020-03-17,93.52
Ecuador,ECU,2020-03-18,93.52
Ecuador,ECU,2020-03-19,93.52
Ecuador,ECU,2020-03-20,93.52
Ecuador,ECU,2020-03-21,93.52
Ecuador,ECU,2020-03-22,93.52
Ecuador,ECU,2020-03-23,93.52
Ecuador,ECU,2020-03-24,93.52
Ecuador,ECU,2020-03-25,93.52
Ecuador,ECU,2020-03-26,93.52
Ecuador,ECU,2020-03-27,93.52
Ecuador,ECU,2020-03-28,93.52
Ecuador,ECU,2020-03-29,93.52
Ecuador,ECU,2020-03-30,93.52
Ecuador,ECU,2020-03-31,93.52
Ecuador,ECU,2020-04-01,93.52
Ecuador,ECU,2020-04-02,93.52
Ecuador,ECU,2020-04-03,93.52
Ecuador,ECU,2020-04-04,93.52
Ecuador,ECU,2020-04-05,93.52
Ecuador,ECU,2020-04-06,93.52
Ecuador,ECU,2020-04-07,93.52
Ecuador,ECU,2020-04-08,93.52
Ecuador,ECU,2020-04-09,93.52
Ecuador,ECU,2020-04-10,93.52
Ecuador,ECU,2020-04-11,93.52
Ecuador,ECU,2020-04-12,93.52
Ecuador,ECU,2020-04-13,93.52
Ecuador,ECU,2020-04-14,93.52
Ecuador,ECU,2020-04-15,93.52
Ecuador,ECU,2020-04-16,93.52
Ecuador,ECU,2020-04-17,93.52
Ecuador,ECU,2020-04-18,93.52
Ecuador,ECU,2020-04-19,93.52
Ecuador,ECU,2020-04-20,93.52
Ecuador,ECU,2020-04-21,93.52
Ecuador,ECU,2020-04-22,93.52
Ecuador,ECU,2020-04-23,93.52
Ecuador,ECU,2020-04-24,93.52
Ecuador,ECU,2020-04-25,93.52
Ecuador,ECU,2020-04-26,93.52
Ecuador,ECU,2020-04-27,93.52
Ecuador,ECU,2020-04-28,93.52
Ecuador,ECU,2020-04-29,93.52
Ecuador,ECU,2020-04-30,93.52
Ecuador,ECU,2020-05-01,93.52
Ecuador,ECU,2020-05-02,93.52
Ecuador,ECU,2020-05-03,93.52
Ecuador,ECU,2020-05-04,86.11
Ecuador,ECU,2020-05-05,86.11
Ecuador,ECU,2020-05-06,86.11
Ecuador,ECU,2020-05-07,86.11
Ecuador,ECU,2020-05-08,86.11
Ecuador,ECU,2020-05-09,86.11
Ecuador,ECU,2020-05-10,86.11
Ecuador,ECU,2020-05-11,86.11
Ecuador,ECU,2020-05-12,86.11
Ecuador,ECU,2020-05-13,86.11
Ecuador,ECU,2020-05-14,86.11
Ecuador,ECU,2020-05-15,86.11
Ecuador,ECU,2020-05-16,86.11
Ecuador,ECU,2020-05-17,86.11
Ecuador,ECU,2020-05-18,86.11
Ecuador,ECU,2020-05-19,86.11
Ecuador,ECU,2020-05-20,86.11
Ecuador,ECU,2020-05-21,86.11
Ecuador,ECU,2020-05-22,86.11
Ecuador,ECU,2020-05-23,86.11
Ecuador,ECU,2020-05-24,86.11
Ecuador,ECU,2020-05-25,86.11
Ecuador,ECU,2020-05-26,86.11
Ecuador,ECU,2020-05-27,86.11
Ecuador,ECU,2020-05-28,86.11
Ecuador,ECU,2020-05-29,86.11
Ecuador,ECU,2020-05-30,86.11
Ecuador,ECU,2020-05-31,86.11
Ecuador,ECU,2020-06-01,83.33
Ecuador,ECU,2020-06-02,83.33
Ecuador,ECU,2020-06-03,83.33
Ecuador,ECU,2020-06-04,83.33
Ecuador,ECU,2020-06-05,83.33
Ecuador,ECU,2020-06-06,83.33
Ecuador,ECU,2020-06-07,83.33
Ecuador,ECU,2020-06-08,83.33
Ecuador,ECU,2020-06-09,83.33
Ecuador,ECU,2020-06-10,83.33
Ecuador,ECU,2020-06-11,83.33
Ecuador,ECU,2020-06-12,83.33
Ecuador,ECU,2020-06-13,83.33
Ecuador,ECU,2020-06-14,83.33
Ecuador,ECU,2020-06-15,83.33
Ecuador,ECU,2020-06-16,83.33
Ecuador,ECU,2020-06-17,83.33
Ecuador,ECU,2020-06-18,83.33
Ecuador,ECU,2020-06-19,79.63
Ecuador,ECU,2020-06-20,79.63
Ecuador,ECU,2020-06-21,79.63
Ecuador,ECU,2020-06-22,79.63
Ecuador,ECU,2020-06-23,79.63
Ecuador,ECU,2020-06-24,79.63
Ecuador,ECU,2020-06-25,79.63
Ecuador,ECU,2020-06-26,79.63
Ecuador,ECU,2020-06-27,79.63
Ecuador,ECU,2020-06-28,79.63
Ecuador,ECU,2020-06-29,79.63
Ecuador,ECU,2020-06-30,79.63
Ecuador,ECU,2020-07-01,79.63
Ecuador,ECU,2020-07-02,79.63
Ecuador,ECU,2020-07-03,79.63
Ecuador,ECU,2020-07-04,79.63
Ecuador,ECU,2020-07-05,79.63
Ecuador,ECU,2020-07-06,79.63
Ecuador,ECU,2020-07-07,79.63
Ecuador,ECU,2020-07-08,79.63
Ecuador,ECU,2020-07-09,79.63
Ecuador,ECU,2020-07-10,79.63
Ecuador,ECU,2020-07-11,79.63
Ecuador,ECU,2020-07-12,79.63
Ecuador,ECU,2020-07-13,79.63
Ecuador,ECU,2020-07-14,79.63
Ecuador,ECU,2020-07-15,79.63
Ecuador,ECU,2020-07-16,79.63
Ecuador,ECU,2020-07-17,79.63
Ecuador,ECU,2020-07-18,79.63
Ecuador,ECU,2020-07-19,79.63
Ecuador,ECU,2020-07-20,79.63
Ecuador,ECU,2020-07-21,79.63
Ecuador,ECU,2020-07-22,79.63
Ecuador,ECU,2020-07-23,81.02
Ecuador,ECU,2020-07-24,78.24
Ecuador,ECU,2020-07-25,78.24
Ecuador,ECU,2020-07-26,78.24
Ecuador,ECU,2020-07-27,78.24
Ecuador,ECU,2020-07-28,78.24
Ecuador,ECU,2020-07-29,78.24
Ecuador,ECU,2020-07-30,78.24
Ecuador,ECU,2020-07-31,78.24
Ecuador,ECU,2020-08-01,76.39
Ecuador,ECU,2020-08-02,76.39
Ecuador,ECU,2020-08-03,76.39
Ecuador,ECU,2020-08-04,76.39
Ecuador,ECU,2020-08-05,76.39
Ecuador,ECU,2020-08-06,76.39
Ecuador,ECU,2020-08-07,76.39
Ecuador,ECU,2020-08-08,76.39
Ecuador,ECU,2020-08-09,76.39
Ecuador,ECU,2020-08-10,76.39
Ecuador,ECU,2020-08-11,76.39
Ecuador,ECU,2020-08-12,76.39
Ecuador,ECU,2020-08-13,76.39
Ecuador,ECU,2020-08-14,76.39
Ecuador,ECU,2020-08-15,76.39
Ecuador,ECU,2020-08-16,76.39
Ecuador,ECU,2020-08-17,76.39
Ecuador,ECU,2020-08-18,76.39
Ecuador,ECU,2020-08-19,76.39
Ecuador,ECU,2020-08-20,76.39
Ecuador,ECU,2020-08-21,73.61
Ecuador,ECU,2020-08-22,73.61
Ecuador,ECU,2020-08-23,73.61
Ecuador,ECU,2020-08-24,73.61
Ecuador,ECU,2020-08-25,73.61
Ecuador,ECU,2020-08-26,73.61
Ecuador,ECU,2020-08-27,73.61
Ecuador,ECU,2020-08-28,73.61
Ecuador,ECU,2020-08-29,73.61
Ecuador,ECU,2020-08-30,73.61
Ecuador,ECU,2020-08-31,73.61
Ecuador,ECU,2020-09-01,73.61
Ecuador,ECU,2020-09-02,73.61
Ecuador,ECU,2020-09-03,73.61
Ecuador,ECU,2020-09-04,73.61
Ecuador,ECU,2020-09-05,73.61
Ecuador,ECU,2020-09-06,73.61
Ecuador,ECU,2020-09-07,73.61
Ecuador,ECU,2020-09-08,73.61
Ecuador,ECU,2020-09-09,73.61
Ecuador,ECU,2020-09-10,73.61
Ecuador,ECU,2020-09-11,73.61
Ecuador,ECU,2020-09-12,73.61
Ecuador,ECU,2020-09-13,73.61
Ecuador,ECU,2020-09-14,51.39
Ecuador,ECU,2020-09-15,51.39
Ecuador,ECU,2020-09-16,51.39
Ecuador,ECU,2020-09-17,51.39
Ecuador,ECU,2020-09-18,51.39
Ecuador,ECU,2020-09-19,51.39
Ecuador,ECU,2020-09-20,51.39
Ecuador,ECU,2020-09-21,51.39
Ecuador,ECU,2020-09-22,51.39
Ecuador,ECU,2020-09-23,51.39
Ecuador,ECU,2020-09-24,51.39
Ecuador,ECU,2020-09-25,51.39
Ecuador,ECU,2020-09-26,51.39
Ecuador,ECU,2020-09-27,51.39
Ecuador,ECU,2020-09-28,51.39
Ecuador,ECU,2020-09-29,51.39
Ecuador,ECU,2020-09-30,51.39
Ecuador,ECU,2020-10-01,51.39
Ecuador,ECU,2020-10-02,51.39
Ecuador,ECU,2020-10-03,51.39
Ecuador,ECU,2020-10-04,51.39
Ecuador,ECU,2020-10-05,51.39
Ecuador,ECU,2020-10-06,51.39
Ecuador,ECU,2020-10-07,51.39
Ecuador,ECU,2020-10-08,51.39
Ecuador,ECU,2020-10-09,51.39
Ecuador,ECU,2020-10-10,51.39
Ecuador,ECU,2020-10-11,51.39
Ecuador,ECU,2020-10-12,51.39
Ecuador,ECU,2020-10-13,51.39
Ecuador,ECU,2020-10-14,51.39
Ecuador,ECU,2020-10-15,51.39
Ecuador,ECU,2020-10-16,51.39
Ecuador,ECU,2020-10-17,52.78
Ecuador,ECU,2020-10-18,52.78
Ecuador,ECU,2020-10-19,52.78
Ecuador,ECU,2020-10-20,52.78
Ecuador,ECU,2020-10-21,52.78
Ecuador,ECU,2020-10-22,52.78
Ecuador,ECU,2020-10-23,52.78
Ecuador,ECU,2020-10-24,52.78
Ecuador,ECU,2020-10-25,52.78
Ecuador,ECU,2020-10-26,52.78
Ecuador,ECU,2020-10-27,52.78
Ecuador,ECU,2020-10-28,52.78
Ecuador,ECU,2020-10-29,52.78
Ecuador,ECU,2020-10-30,52.78
Ecuador,ECU,2020-10-31,52.78
Ecuador,ECU,2020-11-01,52.78
Ecuador,ECU,2020-11-02,52.78
Ecuador,ECU,2020-11-03,52.78
Ecuador,ECU,2020-11-04,52.78
Ecuador,ECU,2020-11-05,52.78
Ecuador,ECU,2020-11-06,52.78
Ecuador,ECU,2020-11-07,52.78
Ecuador,ECU,2020-11-08,52.78
Ecuador,ECU,2020-11-09,52.78
Ecuador,ECU,2020-11-10,52.78
Ecuador,ECU,2020-11-11,52.78
Ecuador,ECU,2020-11-12,52.78
Ecuador,ECU,2020-11-13,52.78
Ecuador,ECU,2020-11-14,52.78
Ecuador,ECU,2020-11-15,52.78
Ecuador,ECU,2020-11-16,52.78
Ecuador,ECU,2020-11-17,52.78
Ecuador,ECU,2020-11-18,52.78
Ecuador,ECU,2020-11-19,52.78
Ecuador,ECU,2020-11-20,52.78
Ecuador,ECU,2020-11-21,52.78
Ecuador,ECU,2020-11-22,52.78
Ecuador,ECU,2020-11-23,52.78
Ecuador,ECU,2020-11-24,52.78
Ecuador,ECU,2020-11-25,52.78
Ecuador,ECU,2020-11-26,52.78
Ecuador,ECU,2020-11-27,52.78
Ecuador,ECU,2020-11-28,52.78
Ecuador,ECU,2020-11-29,52.78
Ecuador,ECU,2020-11-30,52.78
Ecuador,ECU,2020-12-01,55.56
Ecuador,ECU,2020-12-02,55.56
Ecuador,ECU,2020-12-03,55.56
Ecuador,ECU,2020-12-04,55.56
Ecuador,ECU,2020-12-05,55.56
Ecuador,ECU,2020-12-06,55.56
Ecuador,ECU,2020-12-07,55.56
Ecuador,ECU,2020-12-08,55.56
Ecuador,ECU,2020-12-09,55.56
Ecuador,ECU,2020-12-10,55.56
Ecuador,ECU,2020-12-11,55.56
Ecuador,ECU,2020-12-12,55.56
Ecuador,ECU,2020-12-13,55.56
Ecuador,ECU,2020-12-14,55.56
Ecuador,ECU,2020-12-15,55.56
Ecuador,ECU,2020-12-16,55.56
Ecuador,ECU,2020-12-17,55.56
Ecuador,ECU,2020-12-18,55.56
Ecuador,ECU,2020-12-19,52.78
Ecuador,ECU,2020-12-20,52.78
Ecuador,ECU,2020-12-21,71.3
Ecuador,ECU,2020-12-22,71.3
Ecuador,ECU,2020-12-23,73.15
Ecuador,ECU,2020-12-24,73.15
Ecuador,ECU,2020-12-25,73.15
Ecuador,ECU,2020-12-26,73.15
Ecuador,ECU,2020-12-27,73.15
Ecuador,ECU,2020-12-28,73.15
Ecuador,ECU,2020-12-29,73.15
Ecuador,ECU,2020-12-30,73.15
Ecuador,ECU,2020-12-31,73.15
Ecuador,ECU,2021-01-01,73.15
Ecuador,ECU,2021-01-02,73.15
Ecuador,ECU,2021-01-03,73.15
Ecuador,ECU,2021-01-04,69.44
Ecuador,ECU,2021-01-05,69.44
Ecuador,ECU,2021-01-06,69.44
Ecuador,ECU,2021-01-07,69.44
Ecuador,ECU,2021-01-08,69.44
Ecuador,ECU,2021-01-09,69.44
Ecuador,ECU,2021-01-10,69.44
Ecuador,ECU,2021-01-11,69.44
Ecuador,ECU,2021-01-12,69.44
Ecuador,ECU,2021-01-13,69.44
Ecuador,ECU,2021-01-14,69.44
Ecuador,ECU,2021-01-15,69.44
Ecuador,ECU,2021-01-16,69.44
Ecuador,ECU,2021-01-17,69.44
Ecuador,ECU,2021-01-18,69.44
Ecuador,ECU,2021-01-19,69.44
Ecuador,ECU,2021-01-20,69.44
Ecuador,ECU,2021-01-21,69.44
Ecuador,ECU,2021-01-22,69.44
Ecuador,ECU,2021-01-23,69.44
Ecuador,ECU,2021-01-24,69.44
Ecuador,ECU,2021-01-25,69.44
Ecuador,ECU,2021-01-26,69.44
Ecuador,ECU,2021-01-27,69.44
Ecuador,ECU,2021-01-28,69.44
Ecuador,ECU,2021-01-29,69.44
Ecuador,ECU,2021-01-30,69.44
Ecuador,ECU,2021-01-31,69.44
Ecuador,ECU,2021-02-01,69.44
Ecuador,ECU,2021-02-02,69.44
Ecuador,ECU,2021-02-03,69.44
Ecuador,ECU,2021-02-04,69.44
Ecuador,ECU,2021-02-05,69.44
Ecuador,ECU,2021-02-06,69.44
Ecuador,ECU,2021-02-07,69.44
Ecuador,ECU,2021-02-08,69.44
Ecuador,ECU,2021-02-09,69.44
Ecuador,ECU,2021-02-10,69.44
Ecuador,ECU,2021-02-11,69.44
Ecuador,ECU,2021-02-12,69.44
Ecuador,ECU,2021-02-13,69.44
Ecuador,ECU,2021-02-14,69.44
Ecuador,ECU,2021-02-15,69.44
Ecuador,ECU,2021-02-16,69.44
Ecuador,ECU,2021-02-17,69.44
Ecuador,ECU,2021-02-18,69.44
Ecuador,ECU,2021-02-19,69.44
Ecuador,ECU,2021-02-20,69.44
Ecuador,ECU,2021-02-21,69.44
Ecuador,ECU,2021-02-22,67.59
Ecuador,ECU,2021-02-23,67.59
Ecuador,ECU,2021-02-24,67.59
Ecuador,ECU,2021-02-25,67.59
Ecuador,ECU,2021-02-26,67.59
Ecuador,ECU,2021-02-27,67.59
Ecuador,ECU,2021-02-28,63.89
Ecuador,ECU,2021-03-01,63.89
Ecuador,ECU,2021-03-02,63.89
Ecuador,ECU,2021-03-03,63.89
Ecuador,ECU,2021-03-04,63.89
Ecuador,ECU,2021-03-05,63.89
Ecuador,ECU,2021-03-06,63.89
Ecuador,ECU,2021-03-07,63.89
Ecuador,ECU,2021-03-08,63.89
Egypt,EGY,2020-01-01,0
Egypt,EGY,2020-01-02,0
Egypt,EGY,2020-01-03,0
Egypt,EGY,2020-01-04,0
Egypt,EGY,2020-01-05,0
Egypt,EGY,2020-01-06,0
Egypt,EGY,2020-01-07,0
Egypt,EGY,2020-01-08,0
Egypt,EGY,2020-01-09,0
Egypt,EGY,2020-01-10,0
Egypt,EGY,2020-01-11,0
Egypt,EGY,2020-01-12,0
Egypt,EGY,2020-01-13,0
Egypt,EGY,2020-01-14,0
Egypt,EGY,2020-01-15,0
Egypt,EGY,2020-01-16,0
Egypt,EGY,2020-01-17,0
Egypt,EGY,2020-01-18,0
Egypt,EGY,2020-01-19,0
Egypt,EGY,2020-01-20,0
Egypt,EGY,2020-01-21,0
Egypt,EGY,2020-01-22,0
Egypt,EGY,2020-01-23,0
Egypt,EGY,2020-01-24,0
Egypt,EGY,2020-01-25,0
Egypt,EGY,2020-01-26,0
Egypt,EGY,2020-01-27,0
Egypt,EGY,2020-01-28,0
Egypt,EGY,2020-01-29,0
Egypt,EGY,2020-01-30,0
Egypt,EGY,2020-01-31,0
Egypt,EGY,2020-02-01,0
Egypt,EGY,2020-02-02,0
Egypt,EGY,2020-02-03,0
Egypt,EGY,2020-02-04,0
Egypt,EGY,2020-02-05,0
Egypt,EGY,2020-02-06,0
Egypt,EGY,2020-02-07,0
Egypt,EGY,2020-02-08,0
Egypt,EGY,2020-02-09,0
Egypt,EGY,2020-02-10,0
Egypt,EGY,2020-02-11,0
Egypt,EGY,2020-02-12,0
Egypt,EGY,2020-02-13,0
Egypt,EGY,2020-02-14,0
Egypt,EGY,2020-02-15,0
Egypt,EGY,2020-02-16,0
Egypt,EGY,2020-02-17,0
Egypt,EGY,2020-02-18,0
Egypt,EGY,2020-02-19,0
Egypt,EGY,2020-02-20,0
Egypt,EGY,2020-02-21,0
Egypt,EGY,2020-02-22,0
Egypt,EGY,2020-02-23,0
Egypt,EGY,2020-02-24,0
Egypt,EGY,2020-02-25,0
Egypt,EGY,2020-02-26,0
Egypt,EGY,2020-02-27,0
Egypt,EGY,2020-02-28,0
Egypt,EGY,2020-02-29,0
Egypt,EGY,2020-03-01,0
Egypt,EGY,2020-03-02,0
Egypt,EGY,2020-03-03,0
Egypt,EGY,2020-03-04,0
Egypt,EGY,2020-03-05,0
Egypt,EGY,2020-03-06,0
Egypt,EGY,2020-03-07,0
Egypt,EGY,2020-03-08,0
Egypt,EGY,2020-03-09,0
Egypt,EGY,2020-03-10,0
Egypt,EGY,2020-03-11,0
Egypt,EGY,2020-03-12,0
Egypt,EGY,2020-03-13,0
Egypt,EGY,2020-03-14,0
Egypt,EGY,2020-03-15,11.11
Egypt,EGY,2020-03-16,18.52
Egypt,EGY,2020-03-17,18.52
Egypt,EGY,2020-03-18,18.52
Egypt,EGY,2020-03-19,29.63
Egypt,EGY,2020-03-20,29.63
Egypt,EGY,2020-03-21,40.74
Egypt,EGY,2020-03-22,40.74
Egypt,EGY,2020-03-23,40.74
Egypt,EGY,2020-03-24,51.85
Egypt,EGY,2020-03-25,84.26
Egypt,EGY,2020-03-26,84.26
Egypt,EGY,2020-03-27,84.26
Egypt,EGY,2020-03-28,84.26
Egypt,EGY,2020-03-29,84.26
Egypt,EGY,2020-03-30,84.26
Egypt,EGY,2020-03-31,84.26
Egypt,EGY,2020-04-01,84.26
Egypt,EGY,2020-04-02,84.26
Egypt,EGY,2020-04-03,84.26
Egypt,EGY,2020-04-04,84.26
Egypt,EGY,2020-04-05,84.26
Egypt,EGY,2020-04-06,84.26
Egypt,EGY,2020-04-07,84.26
Egypt,EGY,2020-04-08,84.26
Egypt,EGY,2020-04-09,84.26
Egypt,EGY,2020-04-10,84.26
Egypt,EGY,2020-04-11,84.26
Egypt,EGY,2020-04-12,84.26
Egypt,EGY,2020-04-13,84.26
Egypt,EGY,2020-04-14,84.26
Egypt,EGY,2020-04-15,84.26
Egypt,EGY,2020-04-16,84.26
Egypt,EGY,2020-04-17,84.26
Egypt,EGY,2020-04-18,84.26
Egypt,EGY,2020-04-19,84.26
Egypt,EGY,2020-04-20,84.26
Egypt,EGY,2020-04-21,84.26
Egypt,EGY,2020-04-22,84.26
Egypt,EGY,2020-04-23,84.26
Egypt,EGY,2020-04-24,84.26
Egypt,EGY,2020-04-25,84.26
Egypt,EGY,2020-04-26,84.26
Egypt,EGY,2020-04-27,84.26
Egypt,EGY,2020-04-28,84.26
Egypt,EGY,2020-04-29,84.26
Egypt,EGY,2020-04-30,84.26
Egypt,EGY,2020-05-01,84.26
Egypt,EGY,2020-05-02,84.26
Egypt,EGY,2020-05-03,84.26
Egypt,EGY,2020-05-04,84.26
Egypt,EGY,2020-05-05,84.26
Egypt,EGY,2020-05-06,84.26
Egypt,EGY,2020-05-07,84.26
Egypt,EGY,2020-05-08,84.26
Egypt,EGY,2020-05-09,84.26
Egypt,EGY,2020-05-10,84.26
Egypt,EGY,2020-05-11,84.26
Egypt,EGY,2020-05-12,84.26
Egypt,EGY,2020-05-13,84.26
Egypt,EGY,2020-05-14,84.26
Egypt,EGY,2020-05-15,84.26
Egypt,EGY,2020-05-16,84.26
Egypt,EGY,2020-05-17,84.26
Egypt,EGY,2020-05-18,84.26
Egypt,EGY,2020-05-19,84.26
Egypt,EGY,2020-05-20,84.26
Egypt,EGY,2020-05-21,84.26
Egypt,EGY,2020-05-22,84.26
Egypt,EGY,2020-05-23,84.26
Egypt,EGY,2020-05-24,84.26
Egypt,EGY,2020-05-25,84.26
Egypt,EGY,2020-05-26,84.26
Egypt,EGY,2020-05-27,84.26
Egypt,EGY,2020-05-28,84.26
Egypt,EGY,2020-05-29,84.26
Egypt,EGY,2020-05-30,84.26
Egypt,EGY,2020-05-31,84.26
Egypt,EGY,2020-06-01,84.26
Egypt,EGY,2020-06-02,84.26
Egypt,EGY,2020-06-03,84.26
Egypt,EGY,2020-06-04,84.26
Egypt,EGY,2020-06-05,84.26
Egypt,EGY,2020-06-06,84.26
Egypt,EGY,2020-06-07,71.3
Egypt,EGY,2020-06-08,71.3
Egypt,EGY,2020-06-09,71.3
Egypt,EGY,2020-06-10,71.3
Egypt,EGY,2020-06-11,71.3
Egypt,EGY,2020-06-12,71.3
Egypt,EGY,2020-06-13,71.3
Egypt,EGY,2020-06-14,71.3
Egypt,EGY,2020-06-15,71.3
Egypt,EGY,2020-06-16,71.3
Egypt,EGY,2020-06-17,71.3
Egypt,EGY,2020-06-18,71.3
Egypt,EGY,2020-06-19,71.3
Egypt,EGY,2020-06-20,71.3
Egypt,EGY,2020-06-21,71.3
Egypt,EGY,2020-06-22,71.3
Egypt,EGY,2020-06-23,71.3
Egypt,EGY,2020-06-24,71.3
Egypt,EGY,2020-06-25,71.3
Egypt,EGY,2020-06-26,71.3
Egypt,EGY,2020-06-27,71.3
Egypt,EGY,2020-06-28,71.3
Egypt,EGY,2020-06-29,71.3
Egypt,EGY,2020-06-30,71.3
Egypt,EGY,2020-07-01,60.19
Egypt,EGY,2020-07-02,60.19
Egypt,EGY,2020-07-03,60.19
Egypt,EGY,2020-07-04,60.19
Egypt,EGY,2020-07-05,60.19
Egypt,EGY,2020-07-06,60.19
Egypt,EGY,2020-07-07,60.19
Egypt,EGY,2020-07-08,60.19
Egypt,EGY,2020-07-09,60.19
Egypt,EGY,2020-07-10,60.19
Egypt,EGY,2020-07-11,60.19
Egypt,EGY,2020-07-12,60.19
Egypt,EGY,2020-07-13,60.19
Egypt,EGY,2020-07-14,60.19
Egypt,EGY,2020-07-15,60.19
Egypt,EGY,2020-07-16,60.19
Egypt,EGY,2020-07-17,60.19
Egypt,EGY,2020-07-18,60.19
Egypt,EGY,2020-07-19,60.19
Egypt,EGY,2020-07-20,60.19
Egypt,EGY,2020-07-21,60.19
Egypt,EGY,2020-07-22,60.19
Egypt,EGY,2020-07-23,60.19
Egypt,EGY,2020-07-24,60.19
Egypt,EGY,2020-07-25,60.19
Egypt,EGY,2020-07-26,60.19
Egypt,EGY,2020-07-27,60.19
Egypt,EGY,2020-07-28,60.19
Egypt,EGY,2020-07-29,60.19
Egypt,EGY,2020-07-30,60.19
Egypt,EGY,2020-07-31,60.19
Egypt,EGY,2020-08-01,60.19
Egypt,EGY,2020-08-02,60.19
Egypt,EGY,2020-08-03,62.96
Egypt,EGY,2020-08-04,62.96
Egypt,EGY,2020-08-05,62.96
Egypt,EGY,2020-08-06,62.96
Egypt,EGY,2020-08-07,62.96
Egypt,EGY,2020-08-08,62.96
Egypt,EGY,2020-08-09,62.96
Egypt,EGY,2020-08-10,62.96
Egypt,EGY,2020-08-11,62.96
Egypt,EGY,2020-08-12,62.96
Egypt,EGY,2020-08-13,62.96
Egypt,EGY,2020-08-14,62.96
Egypt,EGY,2020-08-15,62.96
Egypt,EGY,2020-08-16,62.96
Egypt,EGY,2020-08-17,62.96
Egypt,EGY,2020-08-18,62.96
Egypt,EGY,2020-08-19,62.96
Egypt,EGY,2020-08-20,62.96
Egypt,EGY,2020-08-21,62.96
Egypt,EGY,2020-08-22,62.96
Egypt,EGY,2020-08-23,62.96
Egypt,EGY,2020-08-24,62.96
Egypt,EGY,2020-08-25,62.96
Egypt,EGY,2020-08-26,62.96
Egypt,EGY,2020-08-27,62.96
Egypt,EGY,2020-08-28,62.96
Egypt,EGY,2020-08-29,62.96
Egypt,EGY,2020-08-30,62.96
Egypt,EGY,2020-08-31,62.96
Egypt,EGY,2020-09-01,62.96
Egypt,EGY,2020-09-02,62.96
Egypt,EGY,2020-09-03,62.96
Egypt,EGY,2020-09-04,62.96
Egypt,EGY,2020-09-05,62.96
Egypt,EGY,2020-09-06,62.96
Egypt,EGY,2020-09-07,62.96
Egypt,EGY,2020-09-08,62.96
Egypt,EGY,2020-09-09,62.96
Egypt,EGY,2020-09-10,62.96
Egypt,EGY,2020-09-11,62.96
Egypt,EGY,2020-09-12,62.96
Egypt,EGY,2020-09-13,62.96
Egypt,EGY,2020-09-14,62.96
Egypt,EGY,2020-09-15,62.96
Egypt,EGY,2020-09-16,62.96
Egypt,EGY,2020-09-17,62.96
Egypt,EGY,2020-09-18,62.96
Egypt,EGY,2020-09-19,62.96
Egypt,EGY,2020-09-20,62.96
Egypt,EGY,2020-09-21,62.96
Egypt,EGY,2020-09-22,62.96
Egypt,EGY,2020-09-23,62.96
Egypt,EGY,2020-09-24,62.96
Egypt,EGY,2020-09-25,62.96
Egypt,EGY,2020-09-26,62.96
Egypt,EGY,2020-09-27,62.96
Egypt,EGY,2020-09-28,62.96
Egypt,EGY,2020-09-29,62.96
Egypt,EGY,2020-09-30,62.96
Egypt,EGY,2020-10-01,62.96
Egypt,EGY,2020-10-02,62.96
Egypt,EGY,2020-10-03,62.96
Egypt,EGY,2020-10-04,62.96
Egypt,EGY,2020-10-05,62.96
Egypt,EGY,2020-10-06,62.96
Egypt,EGY,2020-10-07,62.96
Egypt,EGY,2020-10-08,62.96
Egypt,EGY,2020-10-09,62.96
Egypt,EGY,2020-10-10,62.96
Egypt,EGY,2020-10-11,62.96
Egypt,EGY,2020-10-12,62.96
Egypt,EGY,2020-10-13,62.96
Egypt,EGY,2020-10-14,62.96
Egypt,EGY,2020-10-15,62.96
Egypt,EGY,2020-10-16,77.78
Egypt,EGY,2020-10-17,75.93
Egypt,EGY,2020-10-18,75.93
Egypt,EGY,2020-10-19,75.93
Egypt,EGY,2020-10-20,75.93
Egypt,EGY,2020-10-21,75.93
Egypt,EGY,2020-10-22,75.93
Egypt,EGY,2020-10-23,75.93
Egypt,EGY,2020-10-24,75.93
Egypt,EGY,2020-10-25,75.93
Egypt,EGY,2020-10-26,75.93
Egypt,EGY,2020-10-27,75.93
Egypt,EGY,2020-10-28,75.93
Egypt,EGY,2020-10-29,75.93
Egypt,EGY,2020-10-30,75.93
Egypt,EGY,2020-10-31,75.93
Egypt,EGY,2020-11-01,75.93
Egypt,EGY,2020-11-02,60.19
Egypt,EGY,2020-11-03,60.19
Egypt,EGY,2020-11-04,60.19
Egypt,EGY,2020-11-05,60.19
Egypt,EGY,2020-11-06,60.19
Egypt,EGY,2020-11-07,60.19
Egypt,EGY,2020-11-08,60.19
Egypt,EGY,2020-11-09,60.19
Egypt,EGY,2020-11-10,60.19
Egypt,EGY,2020-11-11,60.19
Egypt,EGY,2020-11-12,60.19
Egypt,EGY,2020-11-13,60.19
Egypt,EGY,2020-11-14,60.19
Egypt,EGY,2020-11-15,60.19
Egypt,EGY,2020-11-16,60.19
Egypt,EGY,2020-11-17,60.19
Egypt,EGY,2020-11-18,60.19
Egypt,EGY,2020-11-19,60.19
Egypt,EGY,2020-11-20,60.19
Egypt,EGY,2020-11-21,60.19
Egypt,EGY,2020-11-22,60.19
Egypt,EGY,2020-11-23,60.19
Egypt,EGY,2020-11-24,60.19
Egypt,EGY,2020-11-25,60.19
Egypt,EGY,2020-11-26,60.19
Egypt,EGY,2020-11-27,60.19
Egypt,EGY,2020-11-28,60.19
Egypt,EGY,2020-11-29,60.19
Egypt,EGY,2020-11-30,60.19
Egypt,EGY,2020-12-01,60.19
Egypt,EGY,2020-12-02,60.19
Egypt,EGY,2020-12-03,60.19
Egypt,EGY,2020-12-04,60.19
Egypt,EGY,2020-12-05,60.19
Egypt,EGY,2020-12-06,60.19
Egypt,EGY,2020-12-07,60.19
Egypt,EGY,2020-12-08,60.19
Egypt,EGY,2020-12-09,60.19
Egypt,EGY,2020-12-10,60.19
Egypt,EGY,2020-12-11,60.19
Egypt,EGY,2020-12-12,60.19
Egypt,EGY,2020-12-13,60.19
Egypt,EGY,2020-12-14,60.19
Egypt,EGY,2020-12-15,60.19
Egypt,EGY,2020-12-16,60.19
Egypt,EGY,2020-12-17,60.19
Egypt,EGY,2020-12-18,60.19
Egypt,EGY,2020-12-19,60.19
Egypt,EGY,2020-12-20,60.19
Egypt,EGY,2020-12-21,60.19
Egypt,EGY,2020-12-22,65.74
Egypt,EGY,2020-12-23,65.74
Egypt,EGY,2020-12-24,65.74
Egypt,EGY,2020-12-25,65.74
Egypt,EGY,2020-12-26,65.74
Egypt,EGY,2020-12-27,65.74
Egypt,EGY,2020-12-28,65.74
Egypt,EGY,2020-12-29,65.74
Egypt,EGY,2020-12-30,65.74
Egypt,EGY,2020-12-31,65.74
Egypt,EGY,2021-01-01,65.74
Egypt,EGY,2021-01-02,65.74
Egypt,EGY,2021-01-03,65.74
Egypt,EGY,2021-01-04,65.74
Egypt,EGY,2021-01-05,65.74
Egypt,EGY,2021-01-06,65.74
Egypt,EGY,2021-01-07,65.74
Egypt,EGY,2021-01-08,65.74
Egypt,EGY,2021-01-09,65.74
Egypt,EGY,2021-01-10,65.74
Egypt,EGY,2021-01-11,65.74
Egypt,EGY,2021-01-12,65.74
Egypt,EGY,2021-01-13,65.74
Egypt,EGY,2021-01-14,65.74
Egypt,EGY,2021-01-15,65.74
Egypt,EGY,2021-01-16,65.74
Egypt,EGY,2021-01-17,65.74
Egypt,EGY,2021-01-18,54.63
Egypt,EGY,2021-01-19,54.63
Egypt,EGY,2021-01-20,54.63
Egypt,EGY,2021-01-21,54.63
Egypt,EGY,2021-01-22,54.63
Egypt,EGY,2021-01-23,54.63
Egypt,EGY,2021-01-24,54.63
Egypt,EGY,2021-01-25,54.63
Egypt,EGY,2021-01-26,54.63
Egypt,EGY,2021-01-27,54.63
Egypt,EGY,2021-01-28,54.63
Egypt,EGY,2021-01-29,54.63
Egypt,EGY,2021-01-30,54.63
Egypt,EGY,2021-01-31,54.63
Egypt,EGY,2021-02-01,54.63
Egypt,EGY,2021-02-02,54.63
Egypt,EGY,2021-02-03,54.63
Egypt,EGY,2021-02-04,54.63
Egypt,EGY,2021-02-05,54.63
Egypt,EGY,2021-02-06,54.63
Egypt,EGY,2021-02-07,54.63
Egypt,EGY,2021-02-08,54.63
Egypt,EGY,2021-02-09,54.63
Egypt,EGY,2021-02-10,54.63
Egypt,EGY,2021-02-11,54.63
Egypt,EGY,2021-02-12,54.63
Egypt,EGY,2021-02-13,54.63
Egypt,EGY,2021-02-14,54.63
Egypt,EGY,2021-02-15,54.63
Egypt,EGY,2021-02-16,54.63
Egypt,EGY,2021-02-17,54.63
Egypt,EGY,2021-02-18,54.63
Egypt,EGY,2021-02-19,54.63
Egypt,EGY,2021-02-20,54.63
Egypt,EGY,2021-02-21,54.63
Egypt,EGY,2021-02-22,54.63
Egypt,EGY,2021-02-23,54.63
Egypt,EGY,2021-02-24,54.63
Egypt,EGY,2021-02-25,54.63
Egypt,EGY,2021-02-26,54.63
Egypt,EGY,2021-02-27,54.63
Egypt,EGY,2021-02-28,54.63
Egypt,EGY,2021-03-01,54.63
El Salvador,SLV,2020-01-01,0
El Salvador,SLV,2020-01-02,0
El Salvador,SLV,2020-01-03,0
El Salvador,SLV,2020-01-04,0
El Salvador,SLV,2020-01-05,0
El Salvador,SLV,2020-01-06,0
El Salvador,SLV,2020-01-07,0
El Salvador,SLV,2020-01-08,0
El Salvador,SLV,2020-01-09,0
El Salvador,SLV,2020-01-10,0
El Salvador,SLV,2020-01-11,0
El Salvador,SLV,2020-01-12,0
El Salvador,SLV,2020-01-13,0
El Salvador,SLV,2020-01-14,0
El Salvador,SLV,2020-01-15,0
El Salvador,SLV,2020-01-16,0
El Salvador,SLV,2020-01-17,0
El Salvador,SLV,2020-01-18,0
El Salvador,SLV,2020-01-19,0
El Salvador,SLV,2020-01-20,0
El Salvador,SLV,2020-01-21,0
El Salvador,SLV,2020-01-22,0
El Salvador,SLV,2020-01-23,11.11
El Salvador,SLV,2020-01-24,11.11
El Salvador,SLV,2020-01-25,11.11
El Salvador,SLV,2020-01-26,11.11
El Salvador,SLV,2020-01-27,11.11
El Salvador,SLV,2020-01-28,11.11
El Salvador,SLV,2020-01-29,11.11
El Salvador,SLV,2020-01-30,11.11
El Salvador,SLV,2020-01-31,19.44
El Salvador,SLV,2020-02-01,19.44
El Salvador,SLV,2020-02-02,19.44
El Salvador,SLV,2020-02-03,19.44
El Salvador,SLV,2020-02-04,19.44
El Salvador,SLV,2020-02-05,19.44
El Salvador,SLV,2020-02-06,19.44
El Salvador,SLV,2020-02-07,19.44
El Salvador,SLV,2020-02-08,19.44
El Salvador,SLV,2020-02-09,19.44
El Salvador,SLV,2020-02-10,19.44
El Salvador,SLV,2020-02-11,19.44
El Salvador,SLV,2020-02-12,19.44
El Salvador,SLV,2020-02-13,19.44
El Salvador,SLV,2020-02-14,19.44
El Salvador,SLV,2020-02-15,19.44
El Salvador,SLV,2020-02-16,19.44
El Salvador,SLV,2020-02-17,19.44
El Salvador,SLV,2020-02-18,19.44
El Salvador,SLV,2020-02-19,19.44
El Salvador,SLV,2020-02-20,19.44
El Salvador,SLV,2020-02-21,19.44
El Salvador,SLV,2020-02-22,19.44
El Salvador,SLV,2020-02-23,19.44
El Salvador,SLV,2020-02-24,19.44
El Salvador,SLV,2020-02-25,19.44
El Salvador,SLV,2020-02-26,19.44
El Salvador,SLV,2020-02-27,19.44
El Salvador,SLV,2020-02-28,19.44
El Salvador,SLV,2020-02-29,19.44
El Salvador,SLV,2020-03-01,19.44
El Salvador,SLV,2020-03-02,19.44
El Salvador,SLV,2020-03-03,19.44
El Salvador,SLV,2020-03-04,19.44
El Salvador,SLV,2020-03-05,19.44
El Salvador,SLV,2020-03-06,19.44
El Salvador,SLV,2020-03-07,19.44
El Salvador,SLV,2020-03-08,19.44
El Salvador,SLV,2020-03-09,19.44
El Salvador,SLV,2020-03-10,19.44
El Salvador,SLV,2020-03-11,41.67
El Salvador,SLV,2020-03-12,44.44
El Salvador,SLV,2020-03-13,44.44
El Salvador,SLV,2020-03-14,44.44
El Salvador,SLV,2020-03-15,44.44
El Salvador,SLV,2020-03-16,51.85
El Salvador,SLV,2020-03-17,51.85
El Salvador,SLV,2020-03-18,65.74
El Salvador,SLV,2020-03-19,65.74
El Salvador,SLV,2020-03-20,65.74
El Salvador,SLV,2020-03-21,88.89
El Salvador,SLV,2020-03-22,88.89
El Salvador,SLV,2020-03-23,88.89
El Salvador,SLV,2020-03-24,88.89
El Salvador,SLV,2020-03-25,88.89
El Salvador,SLV,2020-03-26,88.89
El Salvador,SLV,2020-03-27,88.89
El Salvador,SLV,2020-03-28,88.89
El Salvador,SLV,2020-03-29,88.89
El Salvador,SLV,2020-03-30,88.89
El Salvador,SLV,2020-03-31,88.89
El Salvador,SLV,2020-04-01,88.89
El Salvador,SLV,2020-04-02,88.89
El Salvador,SLV,2020-04-03,88.89
El Salvador,SLV,2020-04-04,88.89
El Salvador,SLV,2020-04-05,88.89
El Salvador,SLV,2020-04-06,88.89
El Salvador,SLV,2020-04-07,88.89
El Salvador,SLV,2020-04-08,88.89
El Salvador,SLV,2020-04-09,88.89
El Salvador,SLV,2020-04-10,88.89
El Salvador,SLV,2020-04-11,88.89
El Salvador,SLV,2020-04-12,88.89
El Salvador,SLV,2020-04-13,88.89
El Salvador,SLV,2020-04-14,88.89
El Salvador,SLV,2020-04-15,88.89
El Salvador,SLV,2020-04-16,88.89
El Salvador,SLV,2020-04-17,88.89
El Salvador,SLV,2020-04-18,88.89
El Salvador,SLV,2020-04-19,88.89
El Salvador,SLV,2020-04-20,88.89
El Salvador,SLV,2020-04-21,94.44
El Salvador,SLV,2020-04-22,94.44
El Salvador,SLV,2020-04-23,94.44
El Salvador,SLV,2020-04-24,94.44
El Salvador,SLV,2020-04-25,94.44
El Salvador,SLV,2020-04-26,94.44
El Salvador,SLV,2020-04-27,94.44
El Salvador,SLV,2020-04-28,94.44
El Salvador,SLV,2020-04-29,94.44
El Salvador,SLV,2020-04-30,94.44
El Salvador,SLV,2020-05-01,94.44
El Salvador,SLV,2020-05-02,94.44
El Salvador,SLV,2020-05-03,94.44
El Salvador,SLV,2020-05-04,94.44
El Salvador,SLV,2020-05-05,94.44
El Salvador,SLV,2020-05-06,94.44
El Salvador,SLV,2020-05-07,100
El Salvador,SLV,2020-05-08,100
El Salvador,SLV,2020-05-09,100
El Salvador,SLV,2020-05-10,100
El Salvador,SLV,2020-05-11,100
El Salvador,SLV,2020-05-12,100
El Salvador,SLV,2020-05-13,100
El Salvador,SLV,2020-05-14,100
El Salvador,SLV,2020-05-15,100
El Salvador,SLV,2020-05-16,100
El Salvador,SLV,2020-05-17,100
El Salvador,SLV,2020-05-18,100
El Salvador,SLV,2020-05-19,100
El Salvador,SLV,2020-05-20,100
El Salvador,SLV,2020-05-21,100
El Salvador,SLV,2020-05-22,100
El Salvador,SLV,2020-05-23,100
El Salvador,SLV,2020-05-24,100
El Salvador,SLV,2020-05-25,100
El Salvador,SLV,2020-05-26,100
El Salvador,SLV,2020-05-27,100
El Salvador,SLV,2020-05-28,100
El Salvador,SLV,2020-05-29,100
El Salvador,SLV,2020-05-30,100
El Salvador,SLV,2020-05-31,100
El Salvador,SLV,2020-06-01,100
El Salvador,SLV,2020-06-02,96.3
El Salvador,SLV,2020-06-03,96.3
El Salvador,SLV,2020-06-04,96.3
El Salvador,SLV,2020-06-05,96.3
El Salvador,SLV,2020-06-06,96.3
El Salvador,SLV,2020-06-07,96.3
El Salvador,SLV,2020-06-08,96.3
El Salvador,SLV,2020-06-09,96.3
El Salvador,SLV,2020-06-10,96.3
El Salvador,SLV,2020-06-11,96.3
El Salvador,SLV,2020-06-12,96.3
El Salvador,SLV,2020-06-13,96.3
El Salvador,SLV,2020-06-14,96.3
El Salvador,SLV,2020-06-15,96.3
El Salvador,SLV,2020-06-16,90.74
El Salvador,SLV,2020-06-17,90.74
El Salvador,SLV,2020-06-18,90.74
El Salvador,SLV,2020-06-19,90.74
El Salvador,SLV,2020-06-20,90.74
El Salvador,SLV,2020-06-21,90.74
El Salvador,SLV,2020-06-22,90.74
El Salvador,SLV,2020-06-23,90.74
El Salvador,SLV,2020-06-24,90.74
El Salvador,SLV,2020-06-25,90.74
El Salvador,SLV,2020-06-26,90.74
El Salvador,SLV,2020-06-27,90.74
El Salvador,SLV,2020-06-28,90.74
El Salvador,SLV,2020-06-29,90.74
El Salvador,SLV,2020-06-30,89.81
El Salvador,SLV,2020-07-01,89.81
El Salvador,SLV,2020-07-02,89.81
El Salvador,SLV,2020-07-03,89.81
El Salvador,SLV,2020-07-04,89.81
El Salvador,SLV,2020-07-05,89.81
El Salvador,SLV,2020-07-06,89.81
El Salvador,SLV,2020-07-07,89.81
El Salvador,SLV,2020-07-08,89.81
El Salvador,SLV,2020-07-09,89.81
El Salvador,SLV,2020-07-10,89.81
El Salvador,SLV,2020-07-11,89.81
El Salvador,SLV,2020-07-12,89.81
El Salvador,SLV,2020-07-13,89.81
El Salvador,SLV,2020-07-14,89.81
El Salvador,SLV,2020-07-15,89.81
El Salvador,SLV,2020-07-16,89.81
El Salvador,SLV,2020-07-17,89.81
El Salvador,SLV,2020-07-18,89.81
El Salvador,SLV,2020-07-19,89.81
El Salvador,SLV,2020-07-20,89.81
El Salvador,SLV,2020-07-21,89.81
El Salvador,SLV,2020-07-22,89.81
El Salvador,SLV,2020-07-23,89.81
El Salvador,SLV,2020-07-24,89.81
El Salvador,SLV,2020-07-25,89.81
El Salvador,SLV,2020-07-26,89.81
El Salvador,SLV,2020-07-27,89.81
El Salvador,SLV,2020-07-28,89.81
El Salvador,SLV,2020-07-29,89.81
El Salvador,SLV,2020-07-30,89.81
El Salvador,SLV,2020-07-31,89.81
El Salvador,SLV,2020-08-01,89.81
El Salvador,SLV,2020-08-02,89.81
El Salvador,SLV,2020-08-03,89.81
El Salvador,SLV,2020-08-04,89.81
El Salvador,SLV,2020-08-05,89.81
El Salvador,SLV,2020-08-06,89.81
El Salvador,SLV,2020-08-07,89.81
El Salvador,SLV,2020-08-08,89.81
El Salvador,SLV,2020-08-09,89.81
El Salvador,SLV,2020-08-10,89.81
El Salvador,SLV,2020-08-11,89.81
El Salvador,SLV,2020-08-12,89.81
El Salvador,SLV,2020-08-13,89.81
El Salvador,SLV,2020-08-14,89.81
El Salvador,SLV,2020-08-15,89.81
El Salvador,SLV,2020-08-16,89.81
El Salvador,SLV,2020-08-17,89.81
El Salvador,SLV,2020-08-18,89.81
El Salvador,SLV,2020-08-19,89.81
El Salvador,SLV,2020-08-20,89.81
El Salvador,SLV,2020-08-21,89.81
El Salvador,SLV,2020-08-22,89.81
El Salvador,SLV,2020-08-23,89.81
El Salvador,SLV,2020-08-24,80.56
El Salvador,SLV,2020-08-25,80.56
El Salvador,SLV,2020-08-26,80.56
El Salvador,SLV,2020-08-27,80.56
El Salvador,SLV,2020-08-28,80.56
El Salvador,SLV,2020-08-29,80.56
El Salvador,SLV,2020-08-30,80.56
El Salvador,SLV,2020-08-31,80.56
El Salvador,SLV,2020-09-01,80.56
El Salvador,SLV,2020-09-02,80.56
El Salvador,SLV,2020-09-03,80.56
El Salvador,SLV,2020-09-04,80.56
El Salvador,SLV,2020-09-05,80.56
El Salvador,SLV,2020-09-06,80.56
El Salvador,SLV,2020-09-07,80.56
El Salvador,SLV,2020-09-08,80.56
El Salvador,SLV,2020-09-09,80.56
El Salvador,SLV,2020-09-10,80.56
El Salvador,SLV,2020-09-11,80.56
El Salvador,SLV,2020-09-12,80.56
El Salvador,SLV,2020-09-13,80.56
El Salvador,SLV,2020-09-14,80.56
El Salvador,SLV,2020-09-15,80.56
El Salvador,SLV,2020-09-16,80.56
El Salvador,SLV,2020-09-17,80.56
El Salvador,SLV,2020-09-18,80.56
El Salvador,SLV,2020-09-19,61.11
El Salvador,SLV,2020-09-20,61.11
El Salvador,SLV,2020-09-21,61.11
El Salvador,SLV,2020-09-22,61.11
El Salvador,SLV,2020-09-23,61.11
El Salvador,SLV,2020-09-24,61.11
El Salvador,SLV,2020-09-25,61.11
El Salvador,SLV,2020-09-26,61.11
El Salvador,SLV,2020-09-27,61.11
El Salvador,SLV,2020-09-28,61.11
El Salvador,SLV,2020-09-29,61.11
El Salvador,SLV,2020-09-30,52.78
El Salvador,SLV,2020-10-01,52.78
El Salvador,SLV,2020-10-02,52.78
El Salvador,SLV,2020-10-03,52.78
El Salvador,SLV,2020-10-04,52.78
El Salvador,SLV,2020-10-05,52.78
El Salvador,SLV,2020-10-06,52.78
El Salvador,SLV,2020-10-07,52.78
El Salvador,SLV,2020-10-08,52.78
El Salvador,SLV,2020-10-09,52.78
El Salvador,SLV,2020-10-10,52.78
El Salvador,SLV,2020-10-11,52.78
El Salvador,SLV,2020-10-12,52.78
El Salvador,SLV,2020-10-13,52.78
El Salvador,SLV,2020-10-14,52.78
El Salvador,SLV,2020-10-15,52.78
El Salvador,SLV,2020-10-16,52.78
El Salvador,SLV,2020-10-17,52.78
El Salvador,SLV,2020-10-18,52.78
El Salvador,SLV,2020-10-19,52.78
El Salvador,SLV,2020-10-20,52.78
El Salvador,SLV,2020-10-21,52.78
El Salvador,SLV,2020-10-22,52.78
El Salvador,SLV,2020-10-23,52.78
El Salvador,SLV,2020-10-24,52.78
El Salvador,SLV,2020-10-25,52.78
El Salvador,SLV,2020-10-26,52.78
El Salvador,SLV,2020-10-27,52.78
El Salvador,SLV,2020-10-28,52.78
El Salvador,SLV,2020-10-29,52.78
El Salvador,SLV,2020-10-30,52.78
El Salvador,SLV,2020-10-31,52.78
El Salvador,SLV,2020-11-01,52.78
El Salvador,SLV,2020-11-02,52.78
El Salvador,SLV,2020-11-03,52.78
El Salvador,SLV,2020-11-04,52.78
El Salvador,SLV,2020-11-05,52.78
El Salvador,SLV,2020-11-06,52.78
El Salvador,SLV,2020-11-07,52.78
El Salvador,SLV,2020-11-08,52.78
El Salvador,SLV,2020-11-09,52.78
El Salvador,SLV,2020-11-10,52.78
El Salvador,SLV,2020-11-11,52.78
El Salvador,SLV,2020-11-12,52.78
El Salvador,SLV,2020-11-13,52.78
El Salvador,SLV,2020-11-14,52.78
El Salvador,SLV,2020-11-15,52.78
El Salvador,SLV,2020-11-16,52.78
El Salvador,SLV,2020-11-17,52.78
El Salvador,SLV,2020-11-18,52.78
El Salvador,SLV,2020-11-19,52.78
El Salvador,SLV,2020-11-20,52.78
El Salvador,SLV,2020-11-21,52.78
El Salvador,SLV,2020-11-22,52.78
El Salvador,SLV,2020-11-23,52.78
El Salvador,SLV,2020-11-24,47.22
El Salvador,SLV,2020-11-25,47.22
El Salvador,SLV,2020-11-26,47.22
El Salvador,SLV,2020-11-27,47.22
El Salvador,SLV,2020-11-28,47.22
El Salvador,SLV,2020-11-29,47.22
El Salvador,SLV,2020-11-30,47.22
El Salvador,SLV,2020-12-01,47.22
El Salvador,SLV,2020-12-02,47.22
El Salvador,SLV,2020-12-03,47.22
El Salvador,SLV,2020-12-04,47.22
El Salvador,SLV,2020-12-05,47.22
El Salvador,SLV,2020-12-06,47.22
El Salvador,SLV,2020-12-07,47.22
El Salvador,SLV,2020-12-08,47.22
El Salvador,SLV,2020-12-09,47.22
El Salvador,SLV,2020-12-10,47.22
El Salvador,SLV,2020-12-11,47.22
El Salvador,SLV,2020-12-12,47.22
El Salvador,SLV,2020-12-13,47.22
El Salvador,SLV,2020-12-14,47.22
El Salvador,SLV,2020-12-15,47.22
El Salvador,SLV,2020-12-16,47.22
El Salvador,SLV,2020-12-17,47.22
El Salvador,SLV,2020-12-18,47.22
El Salvador,SLV,2020-12-19,47.22
El Salvador,SLV,2020-12-20,47.22
El Salvador,SLV,2020-12-21,47.22
El Salvador,SLV,2020-12-22,47.22
El Salvador,SLV,2020-12-23,47.22
El Salvador,SLV,2020-12-24,47.22
El Salvador,SLV,2020-12-25,47.22
El Salvador,SLV,2020-12-26,47.22
El Salvador,SLV,2020-12-27,47.22
El Salvador,SLV,2020-12-28,47.22
El Salvador,SLV,2020-12-29,47.22
El Salvador,SLV,2020-12-30,47.22
El Salvador,SLV,2020-12-31,47.22
El Salvador,SLV,2021-01-01,47.22
El Salvador,SLV,2021-01-02,47.22
El Salvador,SLV,2021-01-03,47.22
El Salvador,SLV,2021-01-04,47.22
El Salvador,SLV,2021-01-05,47.22
El Salvador,SLV,2021-01-06,47.22
El Salvador,SLV,2021-01-07,47.22
El Salvador,SLV,2021-01-08,47.22
El Salvador,SLV,2021-01-09,47.22
El Salvador,SLV,2021-01-10,47.22
El Salvador,SLV,2021-01-11,47.22
El Salvador,SLV,2021-01-12,47.22
El Salvador,SLV,2021-01-13,47.22
El Salvador,SLV,2021-01-14,47.22
El Salvador,SLV,2021-01-15,47.22
El Salvador,SLV,2021-01-16,47.22
El Salvador,SLV,2021-01-17,47.22
El Salvador,SLV,2021-01-18,47.22
El Salvador,SLV,2021-01-19,47.22
El Salvador,SLV,2021-01-20,47.22
El Salvador,SLV,2021-01-21,47.22
El Salvador,SLV,2021-01-22,47.22
El Salvador,SLV,2021-01-23,47.22
El Salvador,SLV,2021-01-24,47.22
El Salvador,SLV,2021-01-25,46.3
El Salvador,SLV,2021-01-26,46.3
El Salvador,SLV,2021-01-27,46.3
El Salvador,SLV,2021-01-28,46.3
El Salvador,SLV,2021-01-29,46.3
El Salvador,SLV,2021-01-30,46.3
El Salvador,SLV,2021-01-31,46.3
El Salvador,SLV,2021-02-01,46.3
El Salvador,SLV,2021-02-02,46.3
El Salvador,SLV,2021-02-03,46.3
El Salvador,SLV,2021-02-04,46.3
El Salvador,SLV,2021-02-05,46.3
El Salvador,SLV,2021-02-06,46.3
El Salvador,SLV,2021-02-07,46.3
El Salvador,SLV,2021-02-08,46.3
El Salvador,SLV,2021-02-09,46.3
El Salvador,SLV,2021-02-10,46.3
El Salvador,SLV,2021-02-11,46.3
El Salvador,SLV,2021-02-12,46.3
El Salvador,SLV,2021-02-13,46.3
El Salvador,SLV,2021-02-14,46.3
El Salvador,SLV,2021-02-15,46.3
El Salvador,SLV,2021-02-16,46.3
El Salvador,SLV,2021-02-17,46.3
El Salvador,SLV,2021-02-18,46.3
El Salvador,SLV,2021-02-19,46.3
El Salvador,SLV,2021-02-20,46.3
El Salvador,SLV,2021-02-21,46.3
El Salvador,SLV,2021-02-22,46.3
El Salvador,SLV,2021-02-23,46.3
El Salvador,SLV,2021-02-24,46.3
El Salvador,SLV,2021-02-25,46.3
El Salvador,SLV,2021-02-26,46.3
El Salvador,SLV,2021-02-27,46.3
El Salvador,SLV,2021-02-28,46.3
El Salvador,SLV,2021-03-01,46.3
El Salvador,SLV,2021-03-02,46.3
El Salvador,SLV,2021-03-03,46.3
El Salvador,SLV,2021-03-04,46.3
El Salvador,SLV,2021-03-05,46.3
El Salvador,SLV,2021-03-06,46.3
El Salvador,SLV,2021-03-07,46.3
El Salvador,SLV,2021-03-08,46.3
Eritrea,ERI,2020-01-01,0
Eritrea,ERI,2020-01-02,0
Eritrea,ERI,2020-01-03,0
Eritrea,ERI,2020-01-04,0
Eritrea,ERI,2020-01-05,0
Eritrea,ERI,2020-01-06,0
Eritrea,ERI,2020-01-07,0
Eritrea,ERI,2020-01-08,0
Eritrea,ERI,2020-01-09,0
Eritrea,ERI,2020-01-10,0
Eritrea,ERI,2020-01-11,0
Eritrea,ERI,2020-01-12,0
Eritrea,ERI,2020-01-13,0
Eritrea,ERI,2020-01-14,0
Eritrea,ERI,2020-01-15,0
Eritrea,ERI,2020-01-16,0
Eritrea,ERI,2020-01-17,0
Eritrea,ERI,2020-01-18,0
Eritrea,ERI,2020-01-19,0
Eritrea,ERI,2020-01-20,0
Eritrea,ERI,2020-01-21,0
Eritrea,ERI,2020-01-22,0
Eritrea,ERI,2020-01-23,0
Eritrea,ERI,2020-01-24,0
Eritrea,ERI,2020-01-25,0
Eritrea,ERI,2020-01-26,0
Eritrea,ERI,2020-01-27,0
Eritrea,ERI,2020-01-28,0
Eritrea,ERI,2020-01-29,0
Eritrea,ERI,2020-01-30,0
Eritrea,ERI,2020-01-31,0
Eritrea,ERI,2020-02-01,0
Eritrea,ERI,2020-02-02,0
Eritrea,ERI,2020-02-03,0
Eritrea,ERI,2020-02-04,0
Eritrea,ERI,2020-02-05,0
Eritrea,ERI,2020-02-06,0
Eritrea,ERI,2020-02-07,0
Eritrea,ERI,2020-02-08,0
Eritrea,ERI,2020-02-09,0
Eritrea,ERI,2020-02-10,0
Eritrea,ERI,2020-02-11,0
Eritrea,ERI,2020-02-12,0
Eritrea,ERI,2020-02-13,0
Eritrea,ERI,2020-02-14,0
Eritrea,ERI,2020-02-15,0
Eritrea,ERI,2020-02-16,0
Eritrea,ERI,2020-02-17,0
Eritrea,ERI,2020-02-18,0
Eritrea,ERI,2020-02-19,0
Eritrea,ERI,2020-02-20,0
Eritrea,ERI,2020-02-21,0
Eritrea,ERI,2020-02-22,0
Eritrea,ERI,2020-02-23,0
Eritrea,ERI,2020-02-24,0
Eritrea,ERI,2020-02-25,0
Eritrea,ERI,2020-02-26,0
Eritrea,ERI,2020-02-27,0
Eritrea,ERI,2020-02-28,0
Eritrea,ERI,2020-02-29,0
Eritrea,ERI,2020-03-01,0
Eritrea,ERI,2020-03-02,0
Eritrea,ERI,2020-03-03,0
Eritrea,ERI,2020-03-04,0
Eritrea,ERI,2020-03-05,0
Eritrea,ERI,2020-03-06,0
Eritrea,ERI,2020-03-07,0
Eritrea,ERI,2020-03-08,0
Eritrea,ERI,2020-03-09,0
Eritrea,ERI,2020-03-10,0
Eritrea,ERI,2020-03-11,11.11
Eritrea,ERI,2020-03-12,11.11
Eritrea,ERI,2020-03-13,11.11
Eritrea,ERI,2020-03-14,11.11
Eritrea,ERI,2020-03-15,11.11
Eritrea,ERI,2020-03-16,22.22
Eritrea,ERI,2020-03-17,22.22
Eritrea,ERI,2020-03-18,22.22
Eritrea,ERI,2020-03-19,22.22
Eritrea,ERI,2020-03-20,22.22
Eritrea,ERI,2020-03-21,22.22
Eritrea,ERI,2020-03-22,22.22
Eritrea,ERI,2020-03-23,53.7
Eritrea,ERI,2020-03-24,53.7
Eritrea,ERI,2020-03-25,56.48
Eritrea,ERI,2020-03-26,56.48
Eritrea,ERI,2020-03-27,73.15
Eritrea,ERI,2020-03-28,73.15
Eritrea,ERI,2020-03-29,73.15
Eritrea,ERI,2020-03-30,73.15
Eritrea,ERI,2020-03-31,80.56
Eritrea,ERI,2020-04-01,93.52
Eritrea,ERI,2020-04-02,93.52
Eritrea,ERI,2020-04-03,93.52
Eritrea,ERI,2020-04-04,93.52
Eritrea,ERI,2020-04-05,93.52
Eritrea,ERI,2020-04-06,93.52
Eritrea,ERI,2020-04-07,93.52
Eritrea,ERI,2020-04-08,93.52
Eritrea,ERI,2020-04-09,93.52
Eritrea,ERI,2020-04-10,93.52
Eritrea,ERI,2020-04-11,93.52
Eritrea,ERI,2020-04-12,93.52
Eritrea,ERI,2020-04-13,93.52
Eritrea,ERI,2020-04-14,93.52
Eritrea,ERI,2020-04-15,93.52
Eritrea,ERI,2020-04-16,93.52
Eritrea,ERI,2020-04-17,93.52
Eritrea,ERI,2020-04-18,93.52
Eritrea,ERI,2020-04-19,93.52
Eritrea,ERI,2020-04-20,93.52
Eritrea,ERI,2020-04-21,93.52
Eritrea,ERI,2020-04-22,93.52
Eritrea,ERI,2020-04-23,93.52
Eritrea,ERI,2020-04-24,93.52
Eritrea,ERI,2020-04-25,93.52
Eritrea,ERI,2020-04-26,93.52
Eritrea,ERI,2020-04-27,93.52
Eritrea,ERI,2020-04-28,93.52
Eritrea,ERI,2020-04-29,93.52
Eritrea,ERI,2020-04-30,93.52
Eritrea,ERI,2020-05-01,93.52
Eritrea,ERI,2020-05-02,93.52
Eritrea,ERI,2020-05-03,93.52
Eritrea,ERI,2020-05-04,93.52
Eritrea,ERI,2020-05-05,93.52
Eritrea,ERI,2020-05-06,93.52
Eritrea,ERI,2020-05-07,93.52
Eritrea,ERI,2020-05-08,93.52
Eritrea,ERI,2020-05-09,93.52
Eritrea,ERI,2020-05-10,93.52
Eritrea,ERI,2020-05-11,93.52
Eritrea,ERI,2020-05-12,93.52
Eritrea,ERI,2020-05-13,93.52
Eritrea,ERI,2020-05-14,93.52
Eritrea,ERI,2020-05-15,93.52
Eritrea,ERI,2020-05-16,93.52
Eritrea,ERI,2020-05-17,93.52
Eritrea,ERI,2020-05-18,93.52
Eritrea,ERI,2020-05-19,93.52
Eritrea,ERI,2020-05-20,93.52
Eritrea,ERI,2020-05-21,93.52
Eritrea,ERI,2020-05-22,93.52
Eritrea,ERI,2020-05-23,93.52
Eritrea,ERI,2020-05-24,93.52
Eritrea,ERI,2020-05-25,93.52
Eritrea,ERI,2020-05-26,93.52
Eritrea,ERI,2020-05-27,93.52
Eritrea,ERI,2020-05-28,93.52
Eritrea,ERI,2020-05-29,93.52
Eritrea,ERI,2020-05-30,93.52
Eritrea,ERI,2020-05-31,93.52
Eritrea,ERI,2020-06-01,93.52
Eritrea,ERI,2020-06-02,93.52
Eritrea,ERI,2020-06-03,93.52
Eritrea,ERI,2020-06-04,93.52
Eritrea,ERI,2020-06-05,93.52
Eritrea,ERI,2020-06-06,93.52
Eritrea,ERI,2020-06-07,93.52
Eritrea,ERI,2020-06-08,93.52
Eritrea,ERI,2020-06-09,93.52
Eritrea,ERI,2020-06-10,93.52
Eritrea,ERI,2020-06-11,93.52
Eritrea,ERI,2020-06-12,93.52
Eritrea,ERI,2020-06-13,93.52
Eritrea,ERI,2020-06-14,93.52
Eritrea,ERI,2020-06-15,93.52
Eritrea,ERI,2020-06-16,93.52
Eritrea,ERI,2020-06-17,93.52
Eritrea,ERI,2020-06-18,93.52
Eritrea,ERI,2020-06-19,93.52
Eritrea,ERI,2020-06-20,93.52
Eritrea,ERI,2020-06-21,93.52
Eritrea,ERI,2020-06-22,93.52
Eritrea,ERI,2020-06-23,93.52
Eritrea,ERI,2020-06-24,93.52
Eritrea,ERI,2020-06-25,93.52
Eritrea,ERI,2020-06-26,93.52
Eritrea,ERI,2020-06-27,93.52
Eritrea,ERI,2020-06-28,93.52
Eritrea,ERI,2020-06-29,93.52
Eritrea,ERI,2020-06-30,93.52
Eritrea,ERI,2020-07-01,93.52
Eritrea,ERI,2020-07-02,93.52
Eritrea,ERI,2020-07-03,93.52
Eritrea,ERI,2020-07-04,93.52
Eritrea,ERI,2020-07-05,93.52
Eritrea,ERI,2020-07-06,89.81
Eritrea,ERI,2020-07-07,89.81
Eritrea,ERI,2020-07-08,89.81
Eritrea,ERI,2020-07-09,89.81
Eritrea,ERI,2020-07-10,89.81
Eritrea,ERI,2020-07-11,89.81
Eritrea,ERI,2020-07-12,89.81
Eritrea,ERI,2020-07-13,89.81
Eritrea,ERI,2020-07-14,89.81
Eritrea,ERI,2020-07-15,89.81
Eritrea,ERI,2020-07-16,89.81
Eritrea,ERI,2020-07-17,89.81
Eritrea,ERI,2020-07-18,89.81
Eritrea,ERI,2020-07-19,89.81
Eritrea,ERI,2020-07-20,89.81
Eritrea,ERI,2020-07-21,89.81
Eritrea,ERI,2020-07-22,89.81
Eritrea,ERI,2020-07-23,89.81
Eritrea,ERI,2020-07-24,89.81
Eritrea,ERI,2020-07-25,89.81
Eritrea,ERI,2020-07-26,89.81
Eritrea,ERI,2020-07-27,89.81
Eritrea,ERI,2020-07-28,89.81
Eritrea,ERI,2020-07-29,89.81
Eritrea,ERI,2020-07-30,89.81
Eritrea,ERI,2020-07-31,89.81
Eritrea,ERI,2020-08-01,89.81
Eritrea,ERI,2020-08-02,89.81
Eritrea,ERI,2020-08-03,89.81
Eritrea,ERI,2020-08-04,89.81
Eritrea,ERI,2020-08-05,89.81
Eritrea,ERI,2020-08-06,89.81
Eritrea,ERI,2020-08-07,89.81
Eritrea,ERI,2020-08-08,89.81
Eritrea,ERI,2020-08-09,89.81
Eritrea,ERI,2020-08-10,89.81
Eritrea,ERI,2020-08-11,89.81
Eritrea,ERI,2020-08-12,89.81
Eritrea,ERI,2020-08-13,89.81
Eritrea,ERI,2020-08-14,89.81
Eritrea,ERI,2020-08-15,89.81
Eritrea,ERI,2020-08-16,89.81
Eritrea,ERI,2020-08-17,89.81
Eritrea,ERI,2020-08-18,89.81
Eritrea,ERI,2020-08-19,89.81
Eritrea,ERI,2020-08-20,89.81
Eritrea,ERI,2020-08-21,89.81
Eritrea,ERI,2020-08-22,89.81
Eritrea,ERI,2020-08-23,89.81
Eritrea,ERI,2020-08-24,89.81
Eritrea,ERI,2020-08-25,89.81
Eritrea,ERI,2020-08-26,89.81
Eritrea,ERI,2020-08-27,89.81
Eritrea,ERI,2020-08-28,89.81
Eritrea,ERI,2020-08-29,89.81
Eritrea,ERI,2020-08-30,89.81
Eritrea,ERI,2020-08-31,89.81
Eritrea,ERI,2020-09-01,86.11
Eritrea,ERI,2020-09-02,86.11
Eritrea,ERI,2020-09-03,86.11
Eritrea,ERI,2020-09-04,86.11
Eritrea,ERI,2020-09-05,86.11
Eritrea,ERI,2020-09-06,86.11
Eritrea,ERI,2020-09-07,88.89
Eritrea,ERI,2020-09-08,88.89
Eritrea,ERI,2020-09-09,88.89
Eritrea,ERI,2020-09-10,88.89
Eritrea,ERI,2020-09-11,88.89
Eritrea,ERI,2020-09-12,88.89
Eritrea,ERI,2020-09-13,88.89
Eritrea,ERI,2020-09-14,88.89
Eritrea,ERI,2020-09-15,88.89
Eritrea,ERI,2020-09-16,88.89
Eritrea,ERI,2020-09-17,88.89
Eritrea,ERI,2020-09-18,86.11
Eritrea,ERI,2020-09-19,86.11
Eritrea,ERI,2020-09-20,86.11
Eritrea,ERI,2020-09-21,86.11
Eritrea,ERI,2020-09-22,86.11
Eritrea,ERI,2020-09-23,86.11
Eritrea,ERI,2020-09-24,86.11
Eritrea,ERI,2020-09-25,86.11
Eritrea,ERI,2020-09-26,86.11
Eritrea,ERI,2020-09-27,86.11
Eritrea,ERI,2020-09-28,86.11
Eritrea,ERI,2020-09-29,82.41
Eritrea,ERI,2020-09-30,82.41
Eritrea,ERI,2020-10-01,82.41
Eritrea,ERI,2020-10-02,82.41
Eritrea,ERI,2020-10-03,82.41
Eritrea,ERI,2020-10-04,82.41
Eritrea,ERI,2020-10-05,82.41
Eritrea,ERI,2020-10-06,82.41
Eritrea,ERI,2020-10-07,82.41
Eritrea,ERI,2020-10-08,82.41
Eritrea,ERI,2020-10-09,82.41
Eritrea,ERI,2020-10-10,82.41
Eritrea,ERI,2020-10-11,82.41
Eritrea,ERI,2020-10-12,82.41
Eritrea,ERI,2020-10-13,82.41
Eritrea,ERI,2020-10-14,82.41
Eritrea,ERI,2020-10-15,82.41
Eritrea,ERI,2020-10-16,82.41
Eritrea,ERI,2020-10-17,82.41
Eritrea,ERI,2020-10-18,82.41
Eritrea,ERI,2020-10-19,82.41
Eritrea,ERI,2020-10-20,77.78
Eritrea,ERI,2020-10-21,77.78
Eritrea,ERI,2020-10-22,77.78
Eritrea,ERI,2020-10-23,77.78
Eritrea,ERI,2020-10-24,77.78
Eritrea,ERI,2020-10-25,77.78
Eritrea,ERI,2020-10-26,77.78
Eritrea,ERI,2020-10-27,77.78
Eritrea,ERI,2020-10-28,77.78
Eritrea,ERI,2020-10-29,77.78
Eritrea,ERI,2020-10-30,77.78
Eritrea,ERI,2020-10-31,77.78
Eritrea,ERI,2020-11-01,77.78
Eritrea,ERI,2020-11-02,77.78
Eritrea,ERI,2020-11-03,82.41
Eritrea,ERI,2020-11-04,82.41
Eritrea,ERI,2020-11-05,82.41
Eritrea,ERI,2020-11-06,82.41
Eritrea,ERI,2020-11-07,82.41
Eritrea,ERI,2020-11-08,82.41
Eritrea,ERI,2020-11-09,82.41
Eritrea,ERI,2020-11-10,82.41
Eritrea,ERI,2020-11-11,82.41
Eritrea,ERI,2020-11-12,82.41
Eritrea,ERI,2020-11-13,82.41
Eritrea,ERI,2020-11-14,82.41
Eritrea,ERI,2020-11-15,82.41
Eritrea,ERI,2020-11-16,75
Eritrea,ERI,2020-11-17,75
Eritrea,ERI,2020-11-18,75
Eritrea,ERI,2020-11-19,75
Eritrea,ERI,2020-11-20,75
Eritrea,ERI,2020-11-21,75
Eritrea,ERI,2020-11-22,75
Eritrea,ERI,2020-11-23,75
Eritrea,ERI,2020-11-24,75
Eritrea,ERI,2020-11-25,75
Eritrea,ERI,2020-11-26,75
Eritrea,ERI,2020-11-27,75
Eritrea,ERI,2020-11-28,75
Eritrea,ERI,2020-11-29,75
Eritrea,ERI,2020-11-30,75
Eritrea,ERI,2020-12-01,75
Eritrea,ERI,2020-12-02,75
Eritrea,ERI,2020-12-03,75
Eritrea,ERI,2020-12-04,75
Eritrea,ERI,2020-12-05,75
Eritrea,ERI,2020-12-06,75
Eritrea,ERI,2020-12-07,75
Eritrea,ERI,2020-12-08,75
Eritrea,ERI,2020-12-09,75
Eritrea,ERI,2020-12-10,75
Eritrea,ERI,2020-12-11,75
Eritrea,ERI,2020-12-12,75
Eritrea,ERI,2020-12-13,75
Eritrea,ERI,2020-12-14,75
Eritrea,ERI,2020-12-15,75
Eritrea,ERI,2020-12-16,75
Eritrea,ERI,2020-12-17,75
Eritrea,ERI,2020-12-18,75
Eritrea,ERI,2020-12-19,75
Eritrea,ERI,2020-12-20,75
Eritrea,ERI,2020-12-21,75
Eritrea,ERI,2020-12-22,82.41
Eritrea,ERI,2020-12-23,82.41
Eritrea,ERI,2020-12-24,82.41
Eritrea,ERI,2020-12-25,82.41
Eritrea,ERI,2020-12-26,89.81
Eritrea,ERI,2020-12-27,89.81
Eritrea,ERI,2020-12-28,89.81
Eritrea,ERI,2020-12-29,89.81
Eritrea,ERI,2020-12-30,89.81
Eritrea,ERI,2020-12-31,89.81
Eritrea,ERI,2021-01-01,89.81
Eritrea,ERI,2021-01-02,89.81
Eritrea,ERI,2021-01-03,89.81
Eritrea,ERI,2021-01-04,89.81
Eritrea,ERI,2021-01-05,89.81
Eritrea,ERI,2021-01-06,89.81
Eritrea,ERI,2021-01-07,89.81
Eritrea,ERI,2021-01-08,89.81
Eritrea,ERI,2021-01-09,89.81
Eritrea,ERI,2021-01-10,89.81
Eritrea,ERI,2021-01-11,89.81
Eritrea,ERI,2021-01-12,89.81
Eritrea,ERI,2021-01-13,89.81
Eritrea,ERI,2021-01-14,89.81
Eritrea,ERI,2021-01-15,89.81
Eritrea,ERI,2021-01-16,89.81
Eritrea,ERI,2021-01-17,89.81
Eritrea,ERI,2021-01-18,89.81
Eritrea,ERI,2021-01-19,89.81
Eritrea,ERI,2021-01-20,89.81
Eritrea,ERI,2021-01-21,89.81
Eritrea,ERI,2021-01-22,89.81
Eritrea,ERI,2021-01-23,89.81
Eritrea,ERI,2021-01-24,89.81
Eritrea,ERI,2021-01-25,89.81
Eritrea,ERI,2021-01-26,89.81
Eritrea,ERI,2021-01-27,89.81
Eritrea,ERI,2021-01-28,89.81
Eritrea,ERI,2021-01-29,89.81
Eritrea,ERI,2021-01-30,89.81
Eritrea,ERI,2021-01-31,89.81
Eritrea,ERI,2021-02-01,89.81
Eritrea,ERI,2021-02-02,89.81
Eritrea,ERI,2021-02-03,89.81
Eritrea,ERI,2021-02-04,89.81
Eritrea,ERI,2021-02-05,89.81
Eritrea,ERI,2021-02-06,89.81
Eritrea,ERI,2021-02-07,89.81
Eritrea,ERI,2021-02-08,89.81
Eritrea,ERI,2021-02-09,89.81
Eritrea,ERI,2021-02-10,89.81
Eritrea,ERI,2021-02-11,89.81
Eritrea,ERI,2021-02-12,89.81
Eritrea,ERI,2021-02-13,89.81
Eritrea,ERI,2021-02-14,89.81
Eritrea,ERI,2021-02-15,83.33
Eritrea,ERI,2021-02-16,88.89
Eritrea,ERI,2021-02-17,88.89
Eritrea,ERI,2021-02-18,88.89
Eritrea,ERI,2021-02-19,88.89
Eritrea,ERI,2021-02-20,88.89
Eritrea,ERI,2021-02-21,88.89
Eritrea,ERI,2021-02-22,88.89
Eritrea,ERI,2021-02-23,92.59
Eritrea,ERI,2021-02-24,92.59
Eritrea,ERI,2021-02-25,92.59
Eritrea,ERI,2021-02-26,92.59
Eritrea,ERI,2021-02-27,92.59
Eritrea,ERI,2021-02-28,92.59
Eritrea,ERI,2021-03-01,92.59
Eritrea,ERI,2021-03-02,92.59
Eritrea,ERI,2021-03-03,92.59
Eritrea,ERI,2021-03-04,92.59
Eritrea,ERI,2021-03-05,92.59
Eritrea,ERI,2021-03-06,92.59
Eritrea,ERI,2021-03-07,92.59
Eritrea,ERI,2021-03-08,92.59
Estonia,EST,2020-01-01,0
Estonia,EST,2020-01-02,0
Estonia,EST,2020-01-03,0
Estonia,EST,2020-01-04,0
Estonia,EST,2020-01-05,0
Estonia,EST,2020-01-06,0
Estonia,EST,2020-01-07,0
Estonia,EST,2020-01-08,0
Estonia,EST,2020-01-09,0
Estonia,EST,2020-01-10,0
Estonia,EST,2020-01-11,0
Estonia,EST,2020-01-12,0
Estonia,EST,2020-01-13,0
Estonia,EST,2020-01-14,0
Estonia,EST,2020-01-15,0
Estonia,EST,2020-01-16,0
Estonia,EST,2020-01-17,0
Estonia,EST,2020-01-18,0
Estonia,EST,2020-01-19,0
Estonia,EST,2020-01-20,0
Estonia,EST,2020-01-21,0
Estonia,EST,2020-01-22,0
Estonia,EST,2020-01-23,0
Estonia,EST,2020-01-24,0
Estonia,EST,2020-01-25,0
Estonia,EST,2020-01-26,0
Estonia,EST,2020-01-27,0
Estonia,EST,2020-01-28,0
Estonia,EST,2020-01-29,0
Estonia,EST,2020-01-30,0
Estonia,EST,2020-01-31,0
Estonia,EST,2020-02-01,0
Estonia,EST,2020-02-02,0
Estonia,EST,2020-02-03,0
Estonia,EST,2020-02-04,0
Estonia,EST,2020-02-05,0
Estonia,EST,2020-02-06,0
Estonia,EST,2020-02-07,0
Estonia,EST,2020-02-08,0
Estonia,EST,2020-02-09,0
Estonia,EST,2020-02-10,0
Estonia,EST,2020-02-11,0
Estonia,EST,2020-02-12,0
Estonia,EST,2020-02-13,0
Estonia,EST,2020-02-14,0
Estonia,EST,2020-02-15,0
Estonia,EST,2020-02-16,0
Estonia,EST,2020-02-17,0
Estonia,EST,2020-02-18,0
Estonia,EST,2020-02-19,0
Estonia,EST,2020-02-20,0
Estonia,EST,2020-02-21,0
Estonia,EST,2020-02-22,0
Estonia,EST,2020-02-23,0
Estonia,EST,2020-02-24,0
Estonia,EST,2020-02-25,0
Estonia,EST,2020-02-26,0
Estonia,EST,2020-02-27,0
Estonia,EST,2020-02-28,0
Estonia,EST,2020-02-29,0
Estonia,EST,2020-03-01,0
Estonia,EST,2020-03-02,0
Estonia,EST,2020-03-03,0
Estonia,EST,2020-03-04,0
Estonia,EST,2020-03-05,0
Estonia,EST,2020-03-06,0
Estonia,EST,2020-03-07,0
Estonia,EST,2020-03-08,0
Estonia,EST,2020-03-09,0
Estonia,EST,2020-03-10,0
Estonia,EST,2020-03-11,0
Estonia,EST,2020-03-12,25
Estonia,EST,2020-03-13,25
Estonia,EST,2020-03-14,33.33
Estonia,EST,2020-03-15,33.33
Estonia,EST,2020-03-16,44.44
Estonia,EST,2020-03-17,50
Estonia,EST,2020-03-18,50
Estonia,EST,2020-03-19,50
Estonia,EST,2020-03-20,50
Estonia,EST,2020-03-21,50
Estonia,EST,2020-03-22,50
Estonia,EST,2020-03-23,50
Estonia,EST,2020-03-24,50
Estonia,EST,2020-03-25,61.11
Estonia,EST,2020-03-26,61.11
Estonia,EST,2020-03-27,72.22
Estonia,EST,2020-03-28,72.22
Estonia,EST,2020-03-29,77.78
Estonia,EST,2020-03-30,77.78
Estonia,EST,2020-03-31,77.78
Estonia,EST,2020-04-01,77.78
Estonia,EST,2020-04-02,77.78
Estonia,EST,2020-04-03,77.78
Estonia,EST,2020-04-04,77.78
Estonia,EST,2020-04-05,77.78
Estonia,EST,2020-04-06,77.78
Estonia,EST,2020-04-07,77.78
Estonia,EST,2020-04-08,77.78
Estonia,EST,2020-04-09,77.78
Estonia,EST,2020-04-10,77.78
Estonia,EST,2020-04-11,77.78
Estonia,EST,2020-04-12,77.78
Estonia,EST,2020-04-13,77.78
Estonia,EST,2020-04-14,77.78
Estonia,EST,2020-04-15,77.78
Estonia,EST,2020-04-16,77.78
Estonia,EST,2020-04-17,77.78
Estonia,EST,2020-04-18,77.78
Estonia,EST,2020-04-19,77.78
Estonia,EST,2020-04-20,77.78
Estonia,EST,2020-04-21,77.78
Estonia,EST,2020-04-22,77.78
Estonia,EST,2020-04-23,77.78
Estonia,EST,2020-04-24,77.78
Estonia,EST,2020-04-25,77.78
Estonia,EST,2020-04-26,77.78
Estonia,EST,2020-04-27,75
Estonia,EST,2020-04-28,75
Estonia,EST,2020-04-29,75
Estonia,EST,2020-04-30,75
Estonia,EST,2020-05-01,75
Estonia,EST,2020-05-02,75
Estonia,EST,2020-05-03,75
Estonia,EST,2020-05-04,75
Estonia,EST,2020-05-05,75
Estonia,EST,2020-05-06,75
Estonia,EST,2020-05-07,75
Estonia,EST,2020-05-08,66.67
Estonia,EST,2020-05-09,66.67
Estonia,EST,2020-05-10,66.67
Estonia,EST,2020-05-11,62.96
Estonia,EST,2020-05-12,62.96
Estonia,EST,2020-05-13,62.96
Estonia,EST,2020-05-14,62.96
Estonia,EST,2020-05-15,55.56
Estonia,EST,2020-05-16,55.56
Estonia,EST,2020-05-17,55.56
Estonia,EST,2020-05-18,50
Estonia,EST,2020-05-19,50
Estonia,EST,2020-05-20,50
Estonia,EST,2020-05-21,50
Estonia,EST,2020-05-22,50
Estonia,EST,2020-05-23,50
Estonia,EST,2020-05-24,50
Estonia,EST,2020-05-25,50
Estonia,EST,2020-05-26,50
Estonia,EST,2020-05-27,50
Estonia,EST,2020-05-28,50
Estonia,EST,2020-05-29,50
Estonia,EST,2020-05-30,50
Estonia,EST,2020-05-31,50
Estonia,EST,2020-06-01,41.67
Estonia,EST,2020-06-02,41.67
Estonia,EST,2020-06-03,41.67
Estonia,EST,2020-06-04,41.67
Estonia,EST,2020-06-05,41.67
Estonia,EST,2020-06-06,41.67
Estonia,EST,2020-06-07,41.67
Estonia,EST,2020-06-08,41.67
Estonia,EST,2020-06-09,41.67
Estonia,EST,2020-06-10,41.67
Estonia,EST,2020-06-11,41.67
Estonia,EST,2020-06-12,41.67
Estonia,EST,2020-06-13,41.67
Estonia,EST,2020-06-14,41.67
Estonia,EST,2020-06-15,41.67
Estonia,EST,2020-06-16,41.67
Estonia,EST,2020-06-17,41.67
Estonia,EST,2020-06-18,41.67
Estonia,EST,2020-06-19,41.67
Estonia,EST,2020-06-20,41.67
Estonia,EST,2020-06-21,41.67
Estonia,EST,2020-06-22,41.67
Estonia,EST,2020-06-23,41.67
Estonia,EST,2020-06-24,41.67
Estonia,EST,2020-06-25,41.67
Estonia,EST,2020-06-26,41.67
Estonia,EST,2020-06-27,28.7
Estonia,EST,2020-06-28,28.7
Estonia,EST,2020-06-29,28.7
Estonia,EST,2020-06-30,28.7
Estonia,EST,2020-07-01,25.93
Estonia,EST,2020-07-02,25.93
Estonia,EST,2020-07-03,25.93
Estonia,EST,2020-07-04,25.93
Estonia,EST,2020-07-05,25.93
Estonia,EST,2020-07-06,25.93
Estonia,EST,2020-07-07,25.93
Estonia,EST,2020-07-08,25.93
Estonia,EST,2020-07-09,25.93
Estonia,EST,2020-07-10,25.93
Estonia,EST,2020-07-11,25.93
Estonia,EST,2020-07-12,25.93
Estonia,EST,2020-07-13,25.93
Estonia,EST,2020-07-14,25.93
Estonia,EST,2020-07-15,25.93
Estonia,EST,2020-07-16,25.93
Estonia,EST,2020-07-17,25.93
Estonia,EST,2020-07-18,25.93
Estonia,EST,2020-07-19,25.93
Estonia,EST,2020-07-20,25.93
Estonia,EST,2020-07-21,25.93
Estonia,EST,2020-07-22,25.93
Estonia,EST,2020-07-23,25.93
Estonia,EST,2020-07-24,25.93
Estonia,EST,2020-07-25,25.93
Estonia,EST,2020-07-26,25.93
Estonia,EST,2020-07-27,25.93
Estonia,EST,2020-07-28,23.15
Estonia,EST,2020-07-29,23.15
Estonia,EST,2020-07-30,23.15
Estonia,EST,2020-07-31,23.15
Estonia,EST,2020-08-01,23.15
Estonia,EST,2020-08-02,23.15
Estonia,EST,2020-08-03,23.15
Estonia,EST,2020-08-04,23.15
Estonia,EST,2020-08-05,23.15
Estonia,EST,2020-08-06,23.15
Estonia,EST,2020-08-07,23.15
Estonia,EST,2020-08-08,23.15
Estonia,EST,2020-08-09,23.15
Estonia,EST,2020-08-10,23.15
Estonia,EST,2020-08-11,23.15
Estonia,EST,2020-08-12,23.15
Estonia,EST,2020-08-13,23.15
Estonia,EST,2020-08-14,23.15
Estonia,EST,2020-08-15,23.15
Estonia,EST,2020-08-16,23.15
Estonia,EST,2020-08-17,23.15
Estonia,EST,2020-08-18,23.15
Estonia,EST,2020-08-19,23.15
Estonia,EST,2020-08-20,23.15
Estonia,EST,2020-08-21,23.15
Estonia,EST,2020-08-22,23.15
Estonia,EST,2020-08-23,23.15
Estonia,EST,2020-08-24,23.15
Estonia,EST,2020-08-25,23.15
Estonia,EST,2020-08-26,23.15
Estonia,EST,2020-08-27,23.15
Estonia,EST,2020-08-28,23.15
Estonia,EST,2020-08-29,23.15
Estonia,EST,2020-08-30,23.15
Estonia,EST,2020-08-31,23.15
Estonia,EST,2020-09-01,23.15
Estonia,EST,2020-09-02,23.15
Estonia,EST,2020-09-03,23.15
Estonia,EST,2020-09-04,23.15
Estonia,EST,2020-09-05,23.15
Estonia,EST,2020-09-06,23.15
Estonia,EST,2020-09-07,23.15
Estonia,EST,2020-09-08,23.15
Estonia,EST,2020-09-09,23.15
Estonia,EST,2020-09-10,23.15
Estonia,EST,2020-09-11,23.15
Estonia,EST,2020-09-12,23.15
Estonia,EST,2020-09-13,23.15
Estonia,EST,2020-09-14,25.93
Estonia,EST,2020-09-15,25.93
Estonia,EST,2020-09-16,25.93
Estonia,EST,2020-09-17,25.93
Estonia,EST,2020-09-18,25.93
Estonia,EST,2020-09-19,25.93
Estonia,EST,2020-09-20,25.93
Estonia,EST,2020-09-21,25.93
Estonia,EST,2020-09-22,25.93
Estonia,EST,2020-09-23,25.93
Estonia,EST,2020-09-24,25.93
Estonia,EST,2020-09-25,25.93
Estonia,EST,2020-09-26,25.93
Estonia,EST,2020-09-27,25.93
Estonia,EST,2020-09-28,25.93
Estonia,EST,2020-09-29,25.93
Estonia,EST,2020-09-30,25.93
Estonia,EST,2020-10-01,25.93
Estonia,EST,2020-10-02,25.93
Estonia,EST,2020-10-03,25.93
Estonia,EST,2020-10-04,25.93
Estonia,EST,2020-10-05,25.93
Estonia,EST,2020-10-06,25.93
Estonia,EST,2020-10-07,25.93
Estonia,EST,2020-10-08,25.93
Estonia,EST,2020-10-09,25.93
Estonia,EST,2020-10-10,25.93
Estonia,EST,2020-10-11,25.93
Estonia,EST,2020-10-12,25.93
Estonia,EST,2020-10-13,25.93
Estonia,EST,2020-10-14,25.93
Estonia,EST,2020-10-15,25.93
Estonia,EST,2020-10-16,25.93
Estonia,EST,2020-10-17,25.93
Estonia,EST,2020-10-18,25.93
Estonia,EST,2020-10-19,25.93
Estonia,EST,2020-10-20,25.93
Estonia,EST,2020-10-21,25.93
Estonia,EST,2020-10-22,25.93
Estonia,EST,2020-10-23,25.93
Estonia,EST,2020-10-24,25.93
Estonia,EST,2020-10-25,25.93
Estonia,EST,2020-10-26,25.93
Estonia,EST,2020-10-27,25.93
Estonia,EST,2020-10-28,25.93
Estonia,EST,2020-10-29,25.93
Estonia,EST,2020-10-30,25.93
Estonia,EST,2020-10-31,25.93
Estonia,EST,2020-11-01,25.93
Estonia,EST,2020-11-02,25.93
Estonia,EST,2020-11-03,25.93
Estonia,EST,2020-11-04,25.93
Estonia,EST,2020-11-05,25.93
Estonia,EST,2020-11-06,25.93
Estonia,EST,2020-11-07,25.93
Estonia,EST,2020-11-08,25.93
Estonia,EST,2020-11-09,25.93
Estonia,EST,2020-11-10,25.93
Estonia,EST,2020-11-11,25.93
Estonia,EST,2020-11-12,29.63
Estonia,EST,2020-11-13,29.63
Estonia,EST,2020-11-14,29.63
Estonia,EST,2020-11-15,29.63
Estonia,EST,2020-11-16,37.96
Estonia,EST,2020-11-17,37.96
Estonia,EST,2020-11-18,37.96
Estonia,EST,2020-11-19,37.96
Estonia,EST,2020-11-20,37.96
Estonia,EST,2020-11-21,37.96
Estonia,EST,2020-11-22,37.96
Estonia,EST,2020-11-23,37.96
Estonia,EST,2020-11-24,37.96
Estonia,EST,2020-11-25,37.96
Estonia,EST,2020-11-26,37.96
Estonia,EST,2020-11-27,37.96
Estonia,EST,2020-11-28,37.96
Estonia,EST,2020-11-29,37.96
Estonia,EST,2020-11-30,37.96
Estonia,EST,2020-12-01,37.96
Estonia,EST,2020-12-02,37.96
Estonia,EST,2020-12-03,37.96
Estonia,EST,2020-12-04,37.96
Estonia,EST,2020-12-05,37.96
Estonia,EST,2020-12-06,37.96
Estonia,EST,2020-12-07,37.96
Estonia,EST,2020-12-08,37.96
Estonia,EST,2020-12-09,37.96
Estonia,EST,2020-12-10,37.96
Estonia,EST,2020-12-11,37.96
Estonia,EST,2020-12-12,48.15
Estonia,EST,2020-12-13,48.15
Estonia,EST,2020-12-14,55.56
Estonia,EST,2020-12-15,55.56
Estonia,EST,2020-12-16,55.56
Estonia,EST,2020-12-17,55.56
Estonia,EST,2020-12-18,55.56
Estonia,EST,2020-12-19,55.56
Estonia,EST,2020-12-20,55.56
Estonia,EST,2020-12-21,55.56
Estonia,EST,2020-12-22,55.56
Estonia,EST,2020-12-23,55.56
Estonia,EST,2020-12-24,55.56
Estonia,EST,2020-12-25,55.56
Estonia,EST,2020-12-26,55.56
Estonia,EST,2020-12-27,55.56
Estonia,EST,2020-12-28,55.56
Estonia,EST,2020-12-29,55.56
Estonia,EST,2020-12-30,55.56
Estonia,EST,2020-12-31,55.56
Estonia,EST,2021-01-01,55.56
Estonia,EST,2021-01-02,55.56
Estonia,EST,2021-01-03,55.56
Estonia,EST,2021-01-04,55.56
Estonia,EST,2021-01-05,55.56
Estonia,EST,2021-01-06,55.56
Estonia,EST,2021-01-07,55.56
Estonia,EST,2021-01-08,55.56
Estonia,EST,2021-01-09,55.56
Estonia,EST,2021-01-10,55.56
Estonia,EST,2021-01-11,50
Estonia,EST,2021-01-12,50
Estonia,EST,2021-01-13,50
Estonia,EST,2021-01-14,50
Estonia,EST,2021-01-15,50
Estonia,EST,2021-01-16,50
Estonia,EST,2021-01-17,50
Estonia,EST,2021-01-18,44.44
Estonia,EST,2021-01-19,44.44
Estonia,EST,2021-01-20,44.44
Estonia,EST,2021-01-21,44.44
Estonia,EST,2021-01-22,44.44
Estonia,EST,2021-01-23,44.44
Estonia,EST,2021-01-24,44.44
Estonia,EST,2021-01-25,44.44
Estonia,EST,2021-01-26,44.44
Estonia,EST,2021-01-27,44.44
Estonia,EST,2021-01-28,44.44
Estonia,EST,2021-01-29,42.59
Estonia,EST,2021-01-30,42.59
Estonia,EST,2021-01-31,42.59
Estonia,EST,2021-02-01,42.59
Estonia,EST,2021-02-02,42.59
Estonia,EST,2021-02-03,41.67
Estonia,EST,2021-02-04,41.67
Estonia,EST,2021-02-05,41.67
Estonia,EST,2021-02-06,41.67
Estonia,EST,2021-02-07,41.67
Estonia,EST,2021-02-08,41.67
Estonia,EST,2021-02-09,41.67
Estonia,EST,2021-02-10,41.67
Estonia,EST,2021-02-11,41.67
Estonia,EST,2021-02-12,41.67
Estonia,EST,2021-02-13,41.67
Estonia,EST,2021-02-14,41.67
Estonia,EST,2021-02-15,41.67
Estonia,EST,2021-02-16,41.67
Estonia,EST,2021-02-17,41.67
Estonia,EST,2021-02-18,41.67
Estonia,EST,2021-02-19,41.67
Estonia,EST,2021-02-20,41.67
Estonia,EST,2021-02-21,41.67
Estonia,EST,2021-02-22,41.67
Estonia,EST,2021-02-23,41.67
Estonia,EST,2021-02-24,41.67
Estonia,EST,2021-02-25,41.67
Estonia,EST,2021-02-26,41.67
Estonia,EST,2021-02-27,41.67
Estonia,EST,2021-02-28,41.67
Estonia,EST,2021-03-01,41.67
Estonia,EST,2021-03-02,41.67
Estonia,EST,2021-03-03,41.67
Estonia,EST,2021-03-04,41.67
Estonia,EST,2021-03-05,41.67
Estonia,EST,2021-03-06,41.67
Estonia,EST,2021-03-07,41.67
Eswatini,SWZ,2020-01-01,0
Eswatini,SWZ,2020-01-02,0
Eswatini,SWZ,2020-01-03,0
Eswatini,SWZ,2020-01-04,0
Eswatini,SWZ,2020-01-05,0
Eswatini,SWZ,2020-01-06,0
Eswatini,SWZ,2020-01-07,0
Eswatini,SWZ,2020-01-08,0
Eswatini,SWZ,2020-01-09,0
Eswatini,SWZ,2020-01-10,0
Eswatini,SWZ,2020-01-11,0
Eswatini,SWZ,2020-01-12,0
Eswatini,SWZ,2020-01-13,0
Eswatini,SWZ,2020-01-14,0
Eswatini,SWZ,2020-01-15,0
Eswatini,SWZ,2020-01-16,0
Eswatini,SWZ,2020-01-17,0
Eswatini,SWZ,2020-01-18,0
Eswatini,SWZ,2020-01-19,0
Eswatini,SWZ,2020-01-20,0
Eswatini,SWZ,2020-01-21,0
Eswatini,SWZ,2020-01-22,0
Eswatini,SWZ,2020-01-23,0
Eswatini,SWZ,2020-01-24,0
Eswatini,SWZ,2020-01-25,0
Eswatini,SWZ,2020-01-26,0
Eswatini,SWZ,2020-01-27,0
Eswatini,SWZ,2020-01-28,0
Eswatini,SWZ,2020-01-29,2.78
Eswatini,SWZ,2020-01-30,2.78
Eswatini,SWZ,2020-01-31,2.78
Eswatini,SWZ,2020-02-01,2.78
Eswatini,SWZ,2020-02-02,2.78
Eswatini,SWZ,2020-02-03,2.78
Eswatini,SWZ,2020-02-04,2.78
Eswatini,SWZ,2020-02-05,2.78
Eswatini,SWZ,2020-02-06,2.78
Eswatini,SWZ,2020-02-07,2.78
Eswatini,SWZ,2020-02-08,2.78
Eswatini,SWZ,2020-02-09,2.78
Eswatini,SWZ,2020-02-10,2.78
Eswatini,SWZ,2020-02-11,2.78
Eswatini,SWZ,2020-02-12,2.78
Eswatini,SWZ,2020-02-13,2.78
Eswatini,SWZ,2020-02-14,2.78
Eswatini,SWZ,2020-02-15,8.33
Eswatini,SWZ,2020-02-16,8.33
Eswatini,SWZ,2020-02-17,8.33
Eswatini,SWZ,2020-02-18,8.33
Eswatini,SWZ,2020-02-19,8.33
Eswatini,SWZ,2020-02-20,8.33
Eswatini,SWZ,2020-02-21,8.33
Eswatini,SWZ,2020-02-22,8.33
Eswatini,SWZ,2020-02-23,8.33
Eswatini,SWZ,2020-02-24,8.33
Eswatini,SWZ,2020-02-25,8.33
Eswatini,SWZ,2020-02-26,8.33
Eswatini,SWZ,2020-02-27,8.33
Eswatini,SWZ,2020-02-28,8.33
Eswatini,SWZ,2020-02-29,13.89
Eswatini,SWZ,2020-03-01,13.89
Eswatini,SWZ,2020-03-02,13.89
Eswatini,SWZ,2020-03-03,13.89
Eswatini,SWZ,2020-03-04,13.89
Eswatini,SWZ,2020-03-05,13.89
Eswatini,SWZ,2020-03-06,13.89
Eswatini,SWZ,2020-03-07,13.89
Eswatini,SWZ,2020-03-08,13.89
Eswatini,SWZ,2020-03-09,13.89
Eswatini,SWZ,2020-03-10,13.89
Eswatini,SWZ,2020-03-11,13.89
Eswatini,SWZ,2020-03-12,13.89
Eswatini,SWZ,2020-03-13,13.89
Eswatini,SWZ,2020-03-14,19.44
Eswatini,SWZ,2020-03-15,19.44
Eswatini,SWZ,2020-03-16,19.44
Eswatini,SWZ,2020-03-17,55.56
Eswatini,SWZ,2020-03-18,55.56
Eswatini,SWZ,2020-03-19,55.56
Eswatini,SWZ,2020-03-20,55.56
Eswatini,SWZ,2020-03-21,55.56
Eswatini,SWZ,2020-03-22,55.56
Eswatini,SWZ,2020-03-23,55.56
Eswatini,SWZ,2020-03-24,55.56
Eswatini,SWZ,2020-03-25,55.56
Eswatini,SWZ,2020-03-26,55.56
Eswatini,SWZ,2020-03-27,86.11
Eswatini,SWZ,2020-03-28,86.11
Eswatini,SWZ,2020-03-29,86.11
Eswatini,SWZ,2020-03-30,86.11
Eswatini,SWZ,2020-03-31,86.11
Eswatini,SWZ,2020-04-01,86.11
Eswatini,SWZ,2020-04-02,86.11
Eswatini,SWZ,2020-04-03,89.81
Eswatini,SWZ,2020-04-04,89.81
Eswatini,SWZ,2020-04-05,89.81
Eswatini,SWZ,2020-04-06,89.81
Eswatini,SWZ,2020-04-07,89.81
Eswatini,SWZ,2020-04-08,89.81
Eswatini,SWZ,2020-04-09,89.81
Eswatini,SWZ,2020-04-10,89.81
Eswatini,SWZ,2020-04-11,89.81
Eswatini,SWZ,2020-04-12,89.81
Eswatini,SWZ,2020-04-13,89.81
Eswatini,SWZ,2020-04-14,89.81
Eswatini,SWZ,2020-04-15,89.81
Eswatini,SWZ,2020-04-16,84.26
Eswatini,SWZ,2020-04-17,84.26
Eswatini,SWZ,2020-04-18,84.26
Eswatini,SWZ,2020-04-19,84.26
Eswatini,SWZ,2020-04-20,84.26
Eswatini,SWZ,2020-04-21,84.26
Eswatini,SWZ,2020-04-22,84.26
Eswatini,SWZ,2020-04-23,84.26
Eswatini,SWZ,2020-04-24,84.26
Eswatini,SWZ,2020-04-25,84.26
Eswatini,SWZ,2020-04-26,84.26
Eswatini,SWZ,2020-04-27,84.26
Eswatini,SWZ,2020-04-28,84.26
Eswatini,SWZ,2020-04-29,84.26
Eswatini,SWZ,2020-04-30,84.26
Eswatini,SWZ,2020-05-01,84.26
Eswatini,SWZ,2020-05-02,84.26
Eswatini,SWZ,2020-05-03,84.26
Eswatini,SWZ,2020-05-04,84.26
Eswatini,SWZ,2020-05-05,84.26
Eswatini,SWZ,2020-05-06,84.26
Eswatini,SWZ,2020-05-07,84.26
Eswatini,SWZ,2020-05-08,84.26
Eswatini,SWZ,2020-05-09,84.26
Eswatini,SWZ,2020-05-10,84.26
Eswatini,SWZ,2020-05-11,84.26
Eswatini,SWZ,2020-05-12,84.26
Eswatini,SWZ,2020-05-13,84.26
Eswatini,SWZ,2020-05-14,84.26
Eswatini,SWZ,2020-05-15,84.26
Eswatini,SWZ,2020-05-16,84.26
Eswatini,SWZ,2020-05-17,84.26
Eswatini,SWZ,2020-05-18,84.26
Eswatini,SWZ,2020-05-19,84.26
Eswatini,SWZ,2020-05-20,84.26
Eswatini,SWZ,2020-05-21,84.26
Eswatini,SWZ,2020-05-22,84.26
Eswatini,SWZ,2020-05-23,84.26
Eswatini,SWZ,2020-05-24,84.26
Eswatini,SWZ,2020-05-25,84.26
Eswatini,SWZ,2020-05-26,84.26
Eswatini,SWZ,2020-05-27,84.26
Eswatini,SWZ,2020-05-28,84.26
Eswatini,SWZ,2020-05-29,84.26
Eswatini,SWZ,2020-05-30,84.26
Eswatini,SWZ,2020-05-31,84.26
Eswatini,SWZ,2020-06-01,84.26
Eswatini,SWZ,2020-06-02,84.26
Eswatini,SWZ,2020-06-03,84.26
Eswatini,SWZ,2020-06-04,84.26
Eswatini,SWZ,2020-06-05,84.26
Eswatini,SWZ,2020-06-06,84.26
Eswatini,SWZ,2020-06-07,84.26
Eswatini,SWZ,2020-06-08,84.26
Eswatini,SWZ,2020-06-09,84.26
Eswatini,SWZ,2020-06-10,84.26
Eswatini,SWZ,2020-06-11,84.26
Eswatini,SWZ,2020-06-12,84.26
Eswatini,SWZ,2020-06-13,84.26
Eswatini,SWZ,2020-06-14,84.26
Eswatini,SWZ,2020-06-15,84.26
Eswatini,SWZ,2020-06-16,84.26
Eswatini,SWZ,2020-06-17,84.26
Eswatini,SWZ,2020-06-18,84.26
Eswatini,SWZ,2020-06-19,84.26
Eswatini,SWZ,2020-06-20,84.26
Eswatini,SWZ,2020-06-21,84.26
Eswatini,SWZ,2020-06-22,84.26
Eswatini,SWZ,2020-06-23,84.26
Eswatini,SWZ,2020-06-24,84.26
Eswatini,SWZ,2020-06-25,84.26
Eswatini,SWZ,2020-06-26,84.26
Eswatini,SWZ,2020-06-27,84.26
Eswatini,SWZ,2020-06-28,84.26
Eswatini,SWZ,2020-06-29,84.26
Eswatini,SWZ,2020-06-30,84.26
Eswatini,SWZ,2020-07-01,84.26
Eswatini,SWZ,2020-07-02,84.26
Eswatini,SWZ,2020-07-03,84.26
Eswatini,SWZ,2020-07-04,84.26
Eswatini,SWZ,2020-07-05,84.26
Eswatini,SWZ,2020-07-06,84.26
Eswatini,SWZ,2020-07-07,84.26
Eswatini,SWZ,2020-07-08,80.56
Eswatini,SWZ,2020-07-09,80.56
Eswatini,SWZ,2020-07-10,80.56
Eswatini,SWZ,2020-07-11,80.56
Eswatini,SWZ,2020-07-12,80.56
Eswatini,SWZ,2020-07-13,80.56
Eswatini,SWZ,2020-07-14,80.56
Eswatini,SWZ,2020-07-15,80.56
Eswatini,SWZ,2020-07-16,80.56
Eswatini,SWZ,2020-07-17,80.56
Eswatini,SWZ,2020-07-18,80.56
Eswatini,SWZ,2020-07-19,80.56
Eswatini,SWZ,2020-07-20,80.56
Eswatini,SWZ,2020-07-21,80.56
Eswatini,SWZ,2020-07-22,80.56
Eswatini,SWZ,2020-07-23,80.56
Eswatini,SWZ,2020-07-24,80.56
Eswatini,SWZ,2020-07-25,80.56
Eswatini,SWZ,2020-07-26,80.56
Eswatini,SWZ,2020-07-27,80.56
Eswatini,SWZ,2020-07-28,80.56
Eswatini,SWZ,2020-07-29,80.56
Eswatini,SWZ,2020-07-30,80.56
Eswatini,SWZ,2020-07-31,80.56
Eswatini,SWZ,2020-08-01,80.56
Eswatini,SWZ,2020-08-02,80.56
Eswatini,SWZ,2020-08-03,80.56
Eswatini,SWZ,2020-08-04,80.56
Eswatini,SWZ,2020-08-05,80.56
Eswatini,SWZ,2020-08-06,80.56
Eswatini,SWZ,2020-08-07,80.56
Eswatini,SWZ,2020-08-08,80.56
Eswatini,SWZ,2020-08-09,80.56
Eswatini,SWZ,2020-08-10,80.56
Eswatini,SWZ,2020-08-11,80.56
Eswatini,SWZ,2020-08-12,80.56
Eswatini,SWZ,2020-08-13,80.56
Eswatini,SWZ,2020-08-14,80.56
Eswatini,SWZ,2020-08-15,80.56
Eswatini,SWZ,2020-08-16,80.56
Eswatini,SWZ,2020-08-17,80.56
Eswatini,SWZ,2020-08-18,64.81
Eswatini,SWZ,2020-08-19,64.81
Eswatini,SWZ,2020-08-20,64.81
Eswatini,SWZ,2020-08-21,64.81
Eswatini,SWZ,2020-08-22,64.81
Eswatini,SWZ,2020-08-23,64.81
Eswatini,SWZ,2020-08-24,64.81
Eswatini,SWZ,2020-08-25,64.81
Eswatini,SWZ,2020-08-26,64.81
Eswatini,SWZ,2020-08-27,64.81
Eswatini,SWZ,2020-08-28,64.81
Eswatini,SWZ,2020-08-29,64.81
Eswatini,SWZ,2020-08-30,64.81
Eswatini,SWZ,2020-08-31,64.81
Eswatini,SWZ,2020-09-01,64.81
Eswatini,SWZ,2020-09-02,64.81
Eswatini,SWZ,2020-09-03,64.81
Eswatini,SWZ,2020-09-04,64.81
Eswatini,SWZ,2020-09-05,64.81
Eswatini,SWZ,2020-09-06,64.81
Eswatini,SWZ,2020-09-07,64.81
Eswatini,SWZ,2020-09-08,64.81
Eswatini,SWZ,2020-09-09,64.81
Eswatini,SWZ,2020-09-10,64.81
Eswatini,SWZ,2020-09-11,64.81
Eswatini,SWZ,2020-09-12,64.81
Eswatini,SWZ,2020-09-13,64.81
Eswatini,SWZ,2020-09-14,64.81
Eswatini,SWZ,2020-09-15,64.81
Eswatini,SWZ,2020-09-16,64.81
Eswatini,SWZ,2020-09-17,64.81
Eswatini,SWZ,2020-09-18,64.81
Eswatini,SWZ,2020-09-19,64.81
Eswatini,SWZ,2020-09-20,64.81
Eswatini,SWZ,2020-09-21,64.81
Eswatini,SWZ,2020-09-22,64.81
Eswatini,SWZ,2020-09-23,64.81
Eswatini,SWZ,2020-09-24,64.81
Eswatini,SWZ,2020-09-25,64.81
Eswatini,SWZ,2020-09-26,64.81
Eswatini,SWZ,2020-09-27,64.81
Eswatini,SWZ,2020-09-28,64.81
Eswatini,SWZ,2020-09-29,64.81
Eswatini,SWZ,2020-09-30,64.81
Eswatini,SWZ,2020-10-01,64.81
Eswatini,SWZ,2020-10-02,59.26
Eswatini,SWZ,2020-10-03,59.26
Eswatini,SWZ,2020-10-04,59.26
Eswatini,SWZ,2020-10-05,59.26
Eswatini,SWZ,2020-10-06,59.26
Eswatini,SWZ,2020-10-07,59.26
Eswatini,SWZ,2020-10-08,59.26
Eswatini,SWZ,2020-10-09,59.26
Eswatini,SWZ,2020-10-10,59.26
Eswatini,SWZ,2020-10-11,59.26
Eswatini,SWZ,2020-10-12,59.26
Eswatini,SWZ,2020-10-13,59.26
Eswatini,SWZ,2020-10-14,59.26
Eswatini,SWZ,2020-10-15,59.26
Eswatini,SWZ,2020-10-16,59.26
Eswatini,SWZ,2020-10-17,59.26
Eswatini,SWZ,2020-10-18,59.26
Eswatini,SWZ,2020-10-19,59.26
Eswatini,SWZ,2020-10-20,48.15
Eswatini,SWZ,2020-10-21,48.15
Eswatini,SWZ,2020-10-22,48.15
Eswatini,SWZ,2020-10-23,48.15
Eswatini,SWZ,2020-10-24,48.15
Eswatini,SWZ,2020-10-25,48.15
Eswatini,SWZ,2020-10-26,48.15
Eswatini,SWZ,2020-10-27,48.15
Eswatini,SWZ,2020-10-28,48.15
Eswatini,SWZ,2020-10-29,48.15
Eswatini,SWZ,2020-10-30,48.15
Eswatini,SWZ,2020-10-31,48.15
Eswatini,SWZ,2020-11-01,48.15
Eswatini,SWZ,2020-11-02,48.15
Eswatini,SWZ,2020-11-03,48.15
Eswatini,SWZ,2020-11-04,48.15
Eswatini,SWZ,2020-11-05,48.15
Eswatini,SWZ,2020-11-06,48.15
Eswatini,SWZ,2020-11-07,48.15
Eswatini,SWZ,2020-11-08,48.15
Eswatini,SWZ,2020-11-09,48.15
Eswatini,SWZ,2020-11-10,48.15
Eswatini,SWZ,2020-11-11,48.15
Eswatini,SWZ,2020-11-12,48.15
Eswatini,SWZ,2020-11-13,48.15
Eswatini,SWZ,2020-11-14,48.15
Eswatini,SWZ,2020-11-15,48.15
Eswatini,SWZ,2020-11-16,48.15
Eswatini,SWZ,2020-11-17,48.15
Eswatini,SWZ,2020-11-18,48.15
Eswatini,SWZ,2020-11-19,48.15
Eswatini,SWZ,2020-11-20,48.15
Eswatini,SWZ,2020-11-21,48.15
Eswatini,SWZ,2020-11-22,48.15
Eswatini,SWZ,2020-11-23,48.15
Eswatini,SWZ,2020-11-24,38.89
Eswatini,SWZ,2020-11-25,38.89
Eswatini,SWZ,2020-11-26,38.89
Eswatini,SWZ,2020-11-27,38.89
Eswatini,SWZ,2020-11-28,38.89
Eswatini,SWZ,2020-11-29,38.89
Eswatini,SWZ,2020-11-30,38.89
Eswatini,SWZ,2020-12-01,38.89
Eswatini,SWZ,2020-12-02,38.89
Eswatini,SWZ,2020-12-03,38.89
Eswatini,SWZ,2020-12-04,38.89
Eswatini,SWZ,2020-12-05,38.89
Eswatini,SWZ,2020-12-06,38.89
Eswatini,SWZ,2020-12-07,50.93
Eswatini,SWZ,2020-12-08,50.93
Eswatini,SWZ,2020-12-09,50.93
Eswatini,SWZ,2020-12-10,50.93
Eswatini,SWZ,2020-12-11,50.93
Eswatini,SWZ,2020-12-12,50.93
Eswatini,SWZ,2020-12-13,50.93
Eswatini,SWZ,2020-12-14,50.93
Eswatini,SWZ,2020-12-15,50.93
Eswatini,SWZ,2020-12-16,50.93
Eswatini,SWZ,2020-12-17,50.93
Eswatini,SWZ,2020-12-18,50.93
Eswatini,SWZ,2020-12-19,50.93
Eswatini,SWZ,2020-12-20,50.93
Eswatini,SWZ,2020-12-21,59.26
Eswatini,SWZ,2020-12-22,59.26
Eswatini,SWZ,2020-12-23,59.26
Eswatini,SWZ,2020-12-24,59.26
Eswatini,SWZ,2020-12-25,59.26
Eswatini,SWZ,2020-12-26,59.26
Eswatini,SWZ,2020-12-27,59.26
Eswatini,SWZ,2020-12-28,59.26
Eswatini,SWZ,2020-12-29,59.26
Eswatini,SWZ,2020-12-30,59.26
Eswatini,SWZ,2020-12-31,59.26
Eswatini,SWZ,2021-01-01,59.26
Eswatini,SWZ,2021-01-02,59.26
Eswatini,SWZ,2021-01-03,59.26
Eswatini,SWZ,2021-01-04,59.26
Eswatini,SWZ,2021-01-05,62.96
Eswatini,SWZ,2021-01-06,62.96
Eswatini,SWZ,2021-01-07,75
Eswatini,SWZ,2021-01-08,75
Eswatini,SWZ,2021-01-09,75
Eswatini,SWZ,2021-01-10,75
Eswatini,SWZ,2021-01-11,75
Eswatini,SWZ,2021-01-12,75
Eswatini,SWZ,2021-01-13,75
Eswatini,SWZ,2021-01-14,75
Eswatini,SWZ,2021-01-15,75
Eswatini,SWZ,2021-01-16,75
Eswatini,SWZ,2021-01-17,75
Eswatini,SWZ,2021-01-18,75
Eswatini,SWZ,2021-01-19,75
Eswatini,SWZ,2021-01-20,75
Eswatini,SWZ,2021-01-21,75
Eswatini,SWZ,2021-01-22,75
Eswatini,SWZ,2021-01-23,75
Eswatini,SWZ,2021-01-24,75
Eswatini,SWZ,2021-01-25,75
Eswatini,SWZ,2021-01-26,69.44
Eswatini,SWZ,2021-01-27,69.44
Eswatini,SWZ,2021-01-28,69.44
Eswatini,SWZ,2021-01-29,69.44
Eswatini,SWZ,2021-01-30,69.44
Eswatini,SWZ,2021-01-31,69.44
Eswatini,SWZ,2021-02-01,69.44
Eswatini,SWZ,2021-02-02,75
Eswatini,SWZ,2021-02-03,75
Eswatini,SWZ,2021-02-04,75
Eswatini,SWZ,2021-02-05,75
Eswatini,SWZ,2021-02-06,75
Eswatini,SWZ,2021-02-07,75
Eswatini,SWZ,2021-02-08,75
Eswatini,SWZ,2021-02-09,75
Eswatini,SWZ,2021-02-10,75
Eswatini,SWZ,2021-02-11,75
Eswatini,SWZ,2021-02-12,75
Eswatini,SWZ,2021-02-13,75
Eswatini,SWZ,2021-02-14,75
Eswatini,SWZ,2021-02-15,75
Eswatini,SWZ,2021-02-16,75
Eswatini,SWZ,2021-02-17,75
Eswatini,SWZ,2021-02-18,75
Eswatini,SWZ,2021-02-19,75
Eswatini,SWZ,2021-02-20,75
Eswatini,SWZ,2021-02-21,75
Eswatini,SWZ,2021-02-22,75
Eswatini,SWZ,2021-02-23,75
Eswatini,SWZ,2021-02-24,75
Eswatini,SWZ,2021-02-25,75
Eswatini,SWZ,2021-02-26,75
Eswatini,SWZ,2021-02-27,75
Eswatini,SWZ,2021-02-28,75
Eswatini,SWZ,2021-03-01,69.44
Eswatini,SWZ,2021-03-02,69.44
Eswatini,SWZ,2021-03-03,69.44
Eswatini,SWZ,2021-03-04,69.44
Eswatini,SWZ,2021-03-05,69.44
Eswatini,SWZ,2021-03-06,69.44
Eswatini,SWZ,2021-03-07,69.44
Eswatini,SWZ,2021-03-08,69.44
Ethiopia,ETH,2020-01-01,0
Ethiopia,ETH,2020-01-02,0
Ethiopia,ETH,2020-01-03,0
Ethiopia,ETH,2020-01-04,0
Ethiopia,ETH,2020-01-05,0
Ethiopia,ETH,2020-01-06,0
Ethiopia,ETH,2020-01-07,0
Ethiopia,ETH,2020-01-08,0
Ethiopia,ETH,2020-01-09,0
Ethiopia,ETH,2020-01-10,0
Ethiopia,ETH,2020-01-11,0
Ethiopia,ETH,2020-01-12,0
Ethiopia,ETH,2020-01-13,0
Ethiopia,ETH,2020-01-14,0
Ethiopia,ETH,2020-01-15,0
Ethiopia,ETH,2020-01-16,0
Ethiopia,ETH,2020-01-17,0
Ethiopia,ETH,2020-01-18,0
Ethiopia,ETH,2020-01-19,0
Ethiopia,ETH,2020-01-20,0
Ethiopia,ETH,2020-01-21,0
Ethiopia,ETH,2020-01-22,0
Ethiopia,ETH,2020-01-23,0
Ethiopia,ETH,2020-01-24,0
Ethiopia,ETH,2020-01-25,0
Ethiopia,ETH,2020-01-26,0
Ethiopia,ETH,2020-01-27,0
Ethiopia,ETH,2020-01-28,2.78
Ethiopia,ETH,2020-01-29,2.78
Ethiopia,ETH,2020-01-30,2.78
Ethiopia,ETH,2020-01-31,2.78
Ethiopia,ETH,2020-02-01,2.78
Ethiopia,ETH,2020-02-02,2.78
Ethiopia,ETH,2020-02-03,2.78
Ethiopia,ETH,2020-02-04,2.78
Ethiopia,ETH,2020-02-05,2.78
Ethiopia,ETH,2020-02-06,2.78
Ethiopia,ETH,2020-02-07,2.78
Ethiopia,ETH,2020-02-08,2.78
Ethiopia,ETH,2020-02-09,2.78
Ethiopia,ETH,2020-02-10,2.78
Ethiopia,ETH,2020-02-11,2.78
Ethiopia,ETH,2020-02-12,2.78
Ethiopia,ETH,2020-02-13,2.78
Ethiopia,ETH,2020-02-14,2.78
Ethiopia,ETH,2020-02-15,2.78
Ethiopia,ETH,2020-02-16,2.78
Ethiopia,ETH,2020-02-17,2.78
Ethiopia,ETH,2020-02-18,2.78
Ethiopia,ETH,2020-02-19,2.78
Ethiopia,ETH,2020-02-20,2.78
Ethiopia,ETH,2020-02-21,2.78
Ethiopia,ETH,2020-02-22,2.78
Ethiopia,ETH,2020-02-23,2.78
Ethiopia,ETH,2020-02-24,2.78
Ethiopia,ETH,2020-02-25,2.78
Ethiopia,ETH,2020-02-26,2.78
Ethiopia,ETH,2020-02-27,2.78
Ethiopia,ETH,2020-02-28,2.78
Ethiopia,ETH,2020-02-29,2.78
Ethiopia,ETH,2020-03-01,2.78
Ethiopia,ETH,2020-03-02,2.78
Ethiopia,ETH,2020-03-03,2.78
Ethiopia,ETH,2020-03-04,2.78
Ethiopia,ETH,2020-03-05,2.78
Ethiopia,ETH,2020-03-06,2.78
Ethiopia,ETH,2020-03-07,2.78
Ethiopia,ETH,2020-03-08,2.78
Ethiopia,ETH,2020-03-09,2.78
Ethiopia,ETH,2020-03-10,2.78
Ethiopia,ETH,2020-03-11,2.78
Ethiopia,ETH,2020-03-12,2.78
Ethiopia,ETH,2020-03-13,2.78
Ethiopia,ETH,2020-03-14,2.78
Ethiopia,ETH,2020-03-15,2.78
Ethiopia,ETH,2020-03-16,35.19
Ethiopia,ETH,2020-03-17,35.19
Ethiopia,ETH,2020-03-18,35.19
Ethiopia,ETH,2020-03-19,35.19
Ethiopia,ETH,2020-03-20,35.19
Ethiopia,ETH,2020-03-21,35.19
Ethiopia,ETH,2020-03-22,35.19
Ethiopia,ETH,2020-03-23,40.74
Ethiopia,ETH,2020-03-24,40.74
Ethiopia,ETH,2020-03-25,51.85
Ethiopia,ETH,2020-03-26,60.19
Ethiopia,ETH,2020-03-27,60.19
Ethiopia,ETH,2020-03-28,60.19
Ethiopia,ETH,2020-03-29,60.19
Ethiopia,ETH,2020-03-30,68.52
Ethiopia,ETH,2020-03-31,68.52
Ethiopia,ETH,2020-04-01,68.52
Ethiopia,ETH,2020-04-02,68.52
Ethiopia,ETH,2020-04-03,68.52
Ethiopia,ETH,2020-04-04,68.52
Ethiopia,ETH,2020-04-05,68.52
Ethiopia,ETH,2020-04-06,68.52
Ethiopia,ETH,2020-04-07,68.52
Ethiopia,ETH,2020-04-08,80.56
Ethiopia,ETH,2020-04-09,80.56
Ethiopia,ETH,2020-04-10,80.56
Ethiopia,ETH,2020-04-11,80.56
Ethiopia,ETH,2020-04-12,80.56
Ethiopia,ETH,2020-04-13,80.56
Ethiopia,ETH,2020-04-14,80.56
Ethiopia,ETH,2020-04-15,80.56
Ethiopia,ETH,2020-04-16,80.56
Ethiopia,ETH,2020-04-17,80.56
Ethiopia,ETH,2020-04-18,80.56
Ethiopia,ETH,2020-04-19,80.56
Ethiopia,ETH,2020-04-20,80.56
Ethiopia,ETH,2020-04-21,80.56
Ethiopia,ETH,2020-04-22,80.56
Ethiopia,ETH,2020-04-23,80.56
Ethiopia,ETH,2020-04-24,80.56
Ethiopia,ETH,2020-04-25,80.56
Ethiopia,ETH,2020-04-26,80.56
Ethiopia,ETH,2020-04-27,80.56
Ethiopia,ETH,2020-04-28,80.56
Ethiopia,ETH,2020-04-29,80.56
Ethiopia,ETH,2020-04-30,80.56
Ethiopia,ETH,2020-05-01,80.56
Ethiopia,ETH,2020-05-02,80.56
Ethiopia,ETH,2020-05-03,80.56
Ethiopia,ETH,2020-05-04,80.56
Ethiopia,ETH,2020-05-05,80.56
Ethiopia,ETH,2020-05-06,80.56
Ethiopia,ETH,2020-05-07,80.56
Ethiopia,ETH,2020-05-08,80.56
Ethiopia,ETH,2020-05-09,80.56
Ethiopia,ETH,2020-05-10,80.56
Ethiopia,ETH,2020-05-11,80.56
Ethiopia,ETH,2020-05-12,80.56
Ethiopia,ETH,2020-05-13,80.56
Ethiopia,ETH,2020-05-14,80.56
Ethiopia,ETH,2020-05-15,80.56
Ethiopia,ETH,2020-05-16,80.56
Ethiopia,ETH,2020-05-17,80.56
Ethiopia,ETH,2020-05-18,80.56
Ethiopia,ETH,2020-05-19,80.56
Ethiopia,ETH,2020-05-20,80.56
Ethiopia,ETH,2020-05-21,80.56
Ethiopia,ETH,2020-05-22,80.56
Ethiopia,ETH,2020-05-23,80.56
Ethiopia,ETH,2020-05-24,80.56
Ethiopia,ETH,2020-05-25,80.56
Ethiopia,ETH,2020-05-26,80.56
Ethiopia,ETH,2020-05-27,80.56
Ethiopia,ETH,2020-05-28,80.56
Ethiopia,ETH,2020-05-29,80.56
Ethiopia,ETH,2020-05-30,80.56
Ethiopia,ETH,2020-05-31,80.56
Ethiopia,ETH,2020-06-01,80.56
Ethiopia,ETH,2020-06-02,80.56
Ethiopia,ETH,2020-06-03,80.56
Ethiopia,ETH,2020-06-04,80.56
Ethiopia,ETH,2020-06-05,80.56
Ethiopia,ETH,2020-06-06,80.56
Ethiopia,ETH,2020-06-07,80.56
Ethiopia,ETH,2020-06-08,80.56
Ethiopia,ETH,2020-06-09,80.56
Ethiopia,ETH,2020-06-10,80.56
Ethiopia,ETH,2020-06-11,80.56
Ethiopia,ETH,2020-06-12,80.56
Ethiopia,ETH,2020-06-13,80.56
Ethiopia,ETH,2020-06-14,80.56
Ethiopia,ETH,2020-06-15,80.56
Ethiopia,ETH,2020-06-16,80.56
Ethiopia,ETH,2020-06-17,80.56
Ethiopia,ETH,2020-06-18,80.56
Ethiopia,ETH,2020-06-19,80.56
Ethiopia,ETH,2020-06-20,80.56
Ethiopia,ETH,2020-06-21,80.56
Ethiopia,ETH,2020-06-22,80.56
Ethiopia,ETH,2020-06-23,80.56
Ethiopia,ETH,2020-06-24,80.56
Ethiopia,ETH,2020-06-25,80.56
Ethiopia,ETH,2020-06-26,80.56
Ethiopia,ETH,2020-06-27,80.56
Ethiopia,ETH,2020-06-28,80.56
Ethiopia,ETH,2020-06-29,80.56
Ethiopia,ETH,2020-06-30,80.56
Ethiopia,ETH,2020-07-01,80.56
Ethiopia,ETH,2020-07-02,80.56
Ethiopia,ETH,2020-07-03,80.56
Ethiopia,ETH,2020-07-04,80.56
Ethiopia,ETH,2020-07-05,80.56
Ethiopia,ETH,2020-07-06,80.56
Ethiopia,ETH,2020-07-07,80.56
Ethiopia,ETH,2020-07-08,80.56
Ethiopia,ETH,2020-07-09,80.56
Ethiopia,ETH,2020-07-10,80.56
Ethiopia,ETH,2020-07-11,80.56
Ethiopia,ETH,2020-07-12,80.56
Ethiopia,ETH,2020-07-13,80.56
Ethiopia,ETH,2020-07-14,80.56
Ethiopia,ETH,2020-07-15,80.56
Ethiopia,ETH,2020-07-16,80.56
Ethiopia,ETH,2020-07-17,80.56
Ethiopia,ETH,2020-07-18,80.56
Ethiopia,ETH,2020-07-19,80.56
Ethiopia,ETH,2020-07-20,80.56
Ethiopia,ETH,2020-07-21,80.56
Ethiopia,ETH,2020-07-22,80.56
Ethiopia,ETH,2020-07-23,80.56
Ethiopia,ETH,2020-07-24,80.56
Ethiopia,ETH,2020-07-25,80.56
Ethiopia,ETH,2020-07-26,80.56
Ethiopia,ETH,2020-07-27,80.56
Ethiopia,ETH,2020-07-28,80.56
Ethiopia,ETH,2020-07-29,80.56
Ethiopia,ETH,2020-07-30,80.56
Ethiopia,ETH,2020-07-31,80.56
Ethiopia,ETH,2020-08-01,80.56
Ethiopia,ETH,2020-08-02,80.56
Ethiopia,ETH,2020-08-03,80.56
Ethiopia,ETH,2020-08-04,80.56
Ethiopia,ETH,2020-08-05,80.56
Ethiopia,ETH,2020-08-06,80.56
Ethiopia,ETH,2020-08-07,80.56
Ethiopia,ETH,2020-08-08,80.56
Ethiopia,ETH,2020-08-09,80.56
Ethiopia,ETH,2020-08-10,80.56
Ethiopia,ETH,2020-08-11,80.56
Ethiopia,ETH,2020-08-12,80.56
Ethiopia,ETH,2020-08-13,80.56
Ethiopia,ETH,2020-08-14,80.56
Ethiopia,ETH,2020-08-15,80.56
Ethiopia,ETH,2020-08-16,80.56
Ethiopia,ETH,2020-08-17,80.56
Ethiopia,ETH,2020-08-18,80.56
Ethiopia,ETH,2020-08-19,80.56
Ethiopia,ETH,2020-08-20,80.56
Ethiopia,ETH,2020-08-21,80.56
Ethiopia,ETH,2020-08-22,80.56
Ethiopia,ETH,2020-08-23,80.56
Ethiopia,ETH,2020-08-24,80.56
Ethiopia,ETH,2020-08-25,80.56
Ethiopia,ETH,2020-08-26,80.56
Ethiopia,ETH,2020-08-27,80.56
Ethiopia,ETH,2020-08-28,80.56
Ethiopia,ETH,2020-08-29,80.56
Ethiopia,ETH,2020-08-30,80.56
Ethiopia,ETH,2020-08-31,80.56
Ethiopia,ETH,2020-09-01,80.56
Ethiopia,ETH,2020-09-02,80.56
Ethiopia,ETH,2020-09-03,80.56
Ethiopia,ETH,2020-09-04,80.56
Ethiopia,ETH,2020-09-05,80.56
Ethiopia,ETH,2020-09-06,80.56
Ethiopia,ETH,2020-09-07,80.56
Ethiopia,ETH,2020-09-08,80.56
Ethiopia,ETH,2020-09-09,80.56
Ethiopia,ETH,2020-09-10,80.56
Ethiopia,ETH,2020-09-11,77.78
Ethiopia,ETH,2020-09-12,77.78
Ethiopia,ETH,2020-09-13,77.78
Ethiopia,ETH,2020-09-14,77.78
Ethiopia,ETH,2020-09-15,77.78
Ethiopia,ETH,2020-09-16,77.78
Ethiopia,ETH,2020-09-17,77.78
Ethiopia,ETH,2020-09-18,77.78
Ethiopia,ETH,2020-09-19,77.78
Ethiopia,ETH,2020-09-20,77.78
Ethiopia,ETH,2020-09-21,77.78
Ethiopia,ETH,2020-09-22,77.78
Ethiopia,ETH,2020-09-23,77.78
Ethiopia,ETH,2020-09-24,77.78
Ethiopia,ETH,2020-09-25,77.78
Ethiopia,ETH,2020-09-26,77.78
Ethiopia,ETH,2020-09-27,77.78
Ethiopia,ETH,2020-09-28,77.78
Ethiopia,ETH,2020-09-29,77.78
Ethiopia,ETH,2020-09-30,77.78
Ethiopia,ETH,2020-10-01,77.78
Ethiopia,ETH,2020-10-02,77.78
Ethiopia,ETH,2020-10-03,77.78
Ethiopia,ETH,2020-10-04,77.78
Ethiopia,ETH,2020-10-05,65.74
Ethiopia,ETH,2020-10-06,65.74
Ethiopia,ETH,2020-10-07,65.74
Ethiopia,ETH,2020-10-08,65.74
Ethiopia,ETH,2020-10-09,65.74
Ethiopia,ETH,2020-10-10,65.74
Ethiopia,ETH,2020-10-11,65.74
Ethiopia,ETH,2020-10-12,65.74
Ethiopia,ETH,2020-10-13,65.74
Ethiopia,ETH,2020-10-14,65.74
Ethiopia,ETH,2020-10-15,65.74
Ethiopia,ETH,2020-10-16,65.74
Ethiopia,ETH,2020-10-17,65.74
Ethiopia,ETH,2020-10-18,65.74
Ethiopia,ETH,2020-10-19,58.33
Ethiopia,ETH,2020-10-20,58.33
Ethiopia,ETH,2020-10-21,58.33
Ethiopia,ETH,2020-10-22,58.33
Ethiopia,ETH,2020-10-23,58.33
Ethiopia,ETH,2020-10-24,58.33
Ethiopia,ETH,2020-10-25,58.33
Ethiopia,ETH,2020-10-26,58.33
Ethiopia,ETH,2020-10-27,57.41
Ethiopia,ETH,2020-10-28,57.41
Ethiopia,ETH,2020-10-29,57.41
Ethiopia,ETH,2020-10-30,57.41
Ethiopia,ETH,2020-10-31,57.41
Ethiopia,ETH,2020-11-01,57.41
Ethiopia,ETH,2020-11-02,57.41
Ethiopia,ETH,2020-11-03,57.41
Ethiopia,ETH,2020-11-04,57.41
Ethiopia,ETH,2020-11-05,57.41
Ethiopia,ETH,2020-11-06,57.41
Ethiopia,ETH,2020-11-07,57.41
Ethiopia,ETH,2020-11-08,57.41
Ethiopia,ETH,2020-11-09,57.41
Ethiopia,ETH,2020-11-10,51.85
Ethiopia,ETH,2020-11-11,51.85
Ethiopia,ETH,2020-11-12,51.85
Ethiopia,ETH,2020-11-13,51.85
Ethiopia,ETH,2020-11-14,51.85
Ethiopia,ETH,2020-11-15,51.85
Ethiopia,ETH,2020-11-16,51.85
Ethiopia,ETH,2020-11-17,51.85
Ethiopia,ETH,2020-11-18,51.85
Ethiopia,ETH,2020-11-19,51.85
Ethiopia,ETH,2020-11-20,51.85
Ethiopia,ETH,2020-11-21,51.85
Ethiopia,ETH,2020-11-22,51.85
Ethiopia,ETH,2020-11-23,51.85
Ethiopia,ETH,2020-11-24,51.85
Ethiopia,ETH,2020-11-25,51.85
Ethiopia,ETH,2020-11-26,51.85
Ethiopia,ETH,2020-11-27,51.85
Ethiopia,ETH,2020-11-28,51.85
Ethiopia,ETH,2020-11-29,51.85
Ethiopia,ETH,2020-11-30,51.85
Ethiopia,ETH,2020-12-01,51.85
Ethiopia,ETH,2020-12-02,51.85
Ethiopia,ETH,2020-12-03,51.85
Ethiopia,ETH,2020-12-04,51.85
Ethiopia,ETH,2020-12-05,51.85
Ethiopia,ETH,2020-12-06,51.85
Ethiopia,ETH,2020-12-07,51.85
Ethiopia,ETH,2020-12-08,51.85
Ethiopia,ETH,2020-12-09,51.85
Ethiopia,ETH,2020-12-10,51.85
Ethiopia,ETH,2020-12-11,51.85
Ethiopia,ETH,2020-12-12,51.85
Ethiopia,ETH,2020-12-13,51.85
Ethiopia,ETH,2020-12-14,51.85
Ethiopia,ETH,2020-12-15,51.85
Ethiopia,ETH,2020-12-16,51.85
Ethiopia,ETH,2020-12-17,51.85
Ethiopia,ETH,2020-12-18,51.85
Ethiopia,ETH,2020-12-19,51.85
Ethiopia,ETH,2020-12-20,51.85
Ethiopia,ETH,2020-12-21,51.85
Ethiopia,ETH,2020-12-22,51.85
Ethiopia,ETH,2020-12-23,51.85
Ethiopia,ETH,2020-12-24,51.85
Ethiopia,ETH,2020-12-25,51.85
Ethiopia,ETH,2020-12-26,51.85
Ethiopia,ETH,2020-12-27,51.85
Ethiopia,ETH,2020-12-28,51.85
Ethiopia,ETH,2020-12-29,51.85
Ethiopia,ETH,2020-12-30,51.85
Ethiopia,ETH,2020-12-31,51.85
Ethiopia,ETH,2021-01-01,51.85
Ethiopia,ETH,2021-01-02,51.85
Ethiopia,ETH,2021-01-03,51.85
Ethiopia,ETH,2021-01-04,51.85
Ethiopia,ETH,2021-01-05,51.85
Ethiopia,ETH,2021-01-06,51.85
Ethiopia,ETH,2021-01-07,51.85
Ethiopia,ETH,2021-01-08,51.85
Ethiopia,ETH,2021-01-09,51.85
Ethiopia,ETH,2021-01-10,43.52
Ethiopia,ETH,2021-01-11,43.52
Ethiopia,ETH,2021-01-12,43.52
Ethiopia,ETH,2021-01-13,43.52
Ethiopia,ETH,2021-01-14,43.52
Ethiopia,ETH,2021-01-15,43.52
Ethiopia,ETH,2021-01-16,43.52
Ethiopia,ETH,2021-01-17,43.52
Ethiopia,ETH,2021-01-18,40.74
Ethiopia,ETH,2021-01-19,40.74
Ethiopia,ETH,2021-01-20,40.74
Ethiopia,ETH,2021-01-21,40.74
Ethiopia,ETH,2021-01-22,40.74
Ethiopia,ETH,2021-01-23,40.74
Ethiopia,ETH,2021-01-24,40.74
Ethiopia,ETH,2021-01-25,40.74
Ethiopia,ETH,2021-01-26,46.3
Ethiopia,ETH,2021-01-27,46.3
Ethiopia,ETH,2021-01-28,46.3
Ethiopia,ETH,2021-01-29,46.3
Ethiopia,ETH,2021-01-30,46.3
Ethiopia,ETH,2021-01-31,46.3
Ethiopia,ETH,2021-02-01,43.52
Ethiopia,ETH,2021-02-02,43.52
Ethiopia,ETH,2021-02-03,43.52
Ethiopia,ETH,2021-02-04,43.52
Ethiopia,ETH,2021-02-05,43.52
Ethiopia,ETH,2021-02-06,43.52
Ethiopia,ETH,2021-02-07,43.52
Ethiopia,ETH,2021-02-08,37.96
Ethiopia,ETH,2021-02-09,37.96
Ethiopia,ETH,2021-02-10,37.96
Ethiopia,ETH,2021-02-11,37.96
Ethiopia,ETH,2021-02-12,37.96
Ethiopia,ETH,2021-02-13,37.96
Ethiopia,ETH,2021-02-14,37.96
Ethiopia,ETH,2021-02-15,37.96
Ethiopia,ETH,2021-02-16,37.96
Ethiopia,ETH,2021-02-17,37.96
Ethiopia,ETH,2021-02-18,37.96
Ethiopia,ETH,2021-02-19,37.96
Ethiopia,ETH,2021-02-20,37.96
Ethiopia,ETH,2021-02-21,37.96
Ethiopia,ETH,2021-02-22,37.96
Ethiopia,ETH,2021-02-23,37.96
Ethiopia,ETH,2021-02-24,37.96
Ethiopia,ETH,2021-02-25,37.96
Ethiopia,ETH,2021-02-26,37.96
Ethiopia,ETH,2021-02-27,37.96
Ethiopia,ETH,2021-02-28,37.96
Ethiopia,ETH,2021-03-01,37.96
Ethiopia,ETH,2021-03-02,37.96
Ethiopia,ETH,2021-03-03,37.96
Ethiopia,ETH,2021-03-04,37.96
Ethiopia,ETH,2021-03-05,37.96
Ethiopia,ETH,2021-03-06,37.96
Ethiopia,ETH,2021-03-07,37.96
Ethiopia,ETH,2021-03-08,37.96
Faeroe Islands,FRO,2020-01-01,0
Faeroe Islands,FRO,2020-01-02,0
Faeroe Islands,FRO,2020-01-03,0
Faeroe Islands,FRO,2020-01-04,0
Faeroe Islands,FRO,2020-01-05,0
Faeroe Islands,FRO,2020-01-06,0
Faeroe Islands,FRO,2020-01-07,0
Faeroe Islands,FRO,2020-01-08,0
Faeroe Islands,FRO,2020-01-09,0
Faeroe Islands,FRO,2020-01-10,0
Faeroe Islands,FRO,2020-01-11,0
Faeroe Islands,FRO,2020-01-12,0
Faeroe Islands,FRO,2020-01-13,0
Faeroe Islands,FRO,2020-01-14,0
Faeroe Islands,FRO,2020-01-15,0
Faeroe Islands,FRO,2020-01-16,0
Faeroe Islands,FRO,2020-01-17,0
Faeroe Islands,FRO,2020-01-18,0
Faeroe Islands,FRO,2020-01-19,0
Faeroe Islands,FRO,2020-01-20,0
Faeroe Islands,FRO,2020-01-21,0
Faeroe Islands,FRO,2020-01-22,0
Faeroe Islands,FRO,2020-01-23,0
Faeroe Islands,FRO,2020-01-24,0
Faeroe Islands,FRO,2020-01-25,0
Faeroe Islands,FRO,2020-01-26,0
Faeroe Islands,FRO,2020-01-27,0
Faeroe Islands,FRO,2020-01-28,0
Faeroe Islands,FRO,2020-01-29,0
Faeroe Islands,FRO,2020-01-30,0
Faeroe Islands,FRO,2020-01-31,0
Faeroe Islands,FRO,2020-02-01,0
Faeroe Islands,FRO,2020-02-02,0
Faeroe Islands,FRO,2020-02-03,0
Faeroe Islands,FRO,2020-02-04,0
Faeroe Islands,FRO,2020-02-05,0
Faeroe Islands,FRO,2020-02-06,0
Faeroe Islands,FRO,2020-02-07,0
Faeroe Islands,FRO,2020-02-08,0
Faeroe Islands,FRO,2020-02-09,0
Faeroe Islands,FRO,2020-02-10,0
Faeroe Islands,FRO,2020-02-11,0
Faeroe Islands,FRO,2020-02-12,0
Faeroe Islands,FRO,2020-02-13,0
Faeroe Islands,FRO,2020-02-14,0
Faeroe Islands,FRO,2020-02-15,0
Faeroe Islands,FRO,2020-02-16,0
Faeroe Islands,FRO,2020-02-17,0
Faeroe Islands,FRO,2020-02-18,0
Faeroe Islands,FRO,2020-02-19,0
Faeroe Islands,FRO,2020-02-20,0
Faeroe Islands,FRO,2020-02-21,0
Faeroe Islands,FRO,2020-02-22,0
Faeroe Islands,FRO,2020-02-23,0
Faeroe Islands,FRO,2020-02-24,0
Faeroe Islands,FRO,2020-02-25,0
Faeroe Islands,FRO,2020-02-26,0
Faeroe Islands,FRO,2020-02-27,0
Faeroe Islands,FRO,2020-02-28,0
Faeroe Islands,FRO,2020-02-29,0
Faeroe Islands,FRO,2020-03-01,0
Faeroe Islands,FRO,2020-03-02,0
Faeroe Islands,FRO,2020-03-03,0
Faeroe Islands,FRO,2020-03-04,5.56
Faeroe Islands,FRO,2020-03-05,5.56
Faeroe Islands,FRO,2020-03-06,5.56
Faeroe Islands,FRO,2020-03-07,5.56
Faeroe Islands,FRO,2020-03-08,5.56
Faeroe Islands,FRO,2020-03-09,5.56
Faeroe Islands,FRO,2020-03-10,5.56
Faeroe Islands,FRO,2020-03-11,5.56
Faeroe Islands,FRO,2020-03-12,25.93
Faeroe Islands,FRO,2020-03-13,31.48
Faeroe Islands,FRO,2020-03-14,31.48
Faeroe Islands,FRO,2020-03-15,37.04
Faeroe Islands,FRO,2020-03-16,48.15
Faeroe Islands,FRO,2020-03-17,48.15
Faeroe Islands,FRO,2020-03-18,48.15
Faeroe Islands,FRO,2020-03-19,48.15
Faeroe Islands,FRO,2020-03-20,48.15
Faeroe Islands,FRO,2020-03-21,48.15
Faeroe Islands,FRO,2020-03-22,48.15
Faeroe Islands,FRO,2020-03-23,48.15
Faeroe Islands,FRO,2020-03-24,51.85
Faeroe Islands,FRO,2020-03-25,51.85
Faeroe Islands,FRO,2020-03-26,51.85
Faeroe Islands,FRO,2020-03-27,51.85
Faeroe Islands,FRO,2020-03-28,51.85
Faeroe Islands,FRO,2020-03-29,54.63
Faeroe Islands,FRO,2020-03-30,54.63
Faeroe Islands,FRO,2020-03-31,60.19
Faeroe Islands,FRO,2020-04-01,60.19
Faeroe Islands,FRO,2020-04-02,60.19
Faeroe Islands,FRO,2020-04-03,60.19
Faeroe Islands,FRO,2020-04-04,60.19
Faeroe Islands,FRO,2020-04-05,60.19
Faeroe Islands,FRO,2020-04-06,60.19
Faeroe Islands,FRO,2020-04-07,60.19
Faeroe Islands,FRO,2020-04-08,60.19
Faeroe Islands,FRO,2020-04-09,60.19
Faeroe Islands,FRO,2020-04-10,60.19
Faeroe Islands,FRO,2020-04-11,60.19
Faeroe Islands,FRO,2020-04-12,60.19
Faeroe Islands,FRO,2020-04-13,60.19
Faeroe Islands,FRO,2020-04-14,60.19
Faeroe Islands,FRO,2020-04-15,60.19
Faeroe Islands,FRO,2020-04-16,60.19
Faeroe Islands,FRO,2020-04-17,60.19
Faeroe Islands,FRO,2020-04-18,60.19
Faeroe Islands,FRO,2020-04-19,60.19
Faeroe Islands,FRO,2020-04-20,56.48
Faeroe Islands,FRO,2020-04-21,56.48
Faeroe Islands,FRO,2020-04-22,56.48
Faeroe Islands,FRO,2020-04-23,56.48
Faeroe Islands,FRO,2020-04-24,56.48
Faeroe Islands,FRO,2020-04-25,56.48
Faeroe Islands,FRO,2020-04-26,56.48
Faeroe Islands,FRO,2020-04-27,56.48
Faeroe Islands,FRO,2020-04-28,56.48
Faeroe Islands,FRO,2020-04-29,56.48
Faeroe Islands,FRO,2020-04-30,56.48
Faeroe Islands,FRO,2020-05-01,53.7
Faeroe Islands,FRO,2020-05-02,53.7
Faeroe Islands,FRO,2020-05-03,53.7
Faeroe Islands,FRO,2020-05-04,56.48
Faeroe Islands,FRO,2020-05-05,56.48
Faeroe Islands,FRO,2020-05-06,56.48
Faeroe Islands,FRO,2020-05-07,56.48
Faeroe Islands,FRO,2020-05-08,56.48
Faeroe Islands,FRO,2020-05-09,56.48
Faeroe Islands,FRO,2020-05-10,56.48
Faeroe Islands,FRO,2020-05-11,56.48
Faeroe Islands,FRO,2020-05-12,56.48
Faeroe Islands,FRO,2020-05-13,56.48
Faeroe Islands,FRO,2020-05-14,35.19
Faeroe Islands,FRO,2020-05-15,35.19
Faeroe Islands,FRO,2020-05-16,35.19
Faeroe Islands,FRO,2020-05-17,35.19
Faeroe Islands,FRO,2020-05-18,35.19
Faeroe Islands,FRO,2020-05-19,35.19
Faeroe Islands,FRO,2020-05-20,35.19
Faeroe Islands,FRO,2020-05-21,35.19
Faeroe Islands,FRO,2020-05-22,35.19
Faeroe Islands,FRO,2020-05-23,35.19
Faeroe Islands,FRO,2020-05-24,35.19
Faeroe Islands,FRO,2020-05-25,35.19
Faeroe Islands,FRO,2020-05-26,35.19
Faeroe Islands,FRO,2020-05-27,35.19
Faeroe Islands,FRO,2020-05-28,35.19
Faeroe Islands,FRO,2020-05-29,35.19
Faeroe Islands,FRO,2020-05-30,35.19
Faeroe Islands,FRO,2020-05-31,35.19
Faeroe Islands,FRO,2020-06-01,35.19
Faeroe Islands,FRO,2020-06-02,35.19
Faeroe Islands,FRO,2020-06-03,35.19
Faeroe Islands,FRO,2020-06-04,35.19
Faeroe Islands,FRO,2020-06-05,35.19
Faeroe Islands,FRO,2020-06-06,35.19
Faeroe Islands,FRO,2020-06-07,35.19
Faeroe Islands,FRO,2020-06-08,35.19
Faeroe Islands,FRO,2020-06-09,35.19
Faeroe Islands,FRO,2020-06-10,35.19
Faeroe Islands,FRO,2020-06-11,35.19
Faeroe Islands,FRO,2020-06-12,35.19
Faeroe Islands,FRO,2020-06-13,35.19
Faeroe Islands,FRO,2020-06-14,35.19
Faeroe Islands,FRO,2020-06-15,35.19
Faeroe Islands,FRO,2020-06-16,35.19
Faeroe Islands,FRO,2020-06-17,35.19
Faeroe Islands,FRO,2020-06-18,35.19
Faeroe Islands,FRO,2020-06-19,35.19
Faeroe Islands,FRO,2020-06-20,35.19
Faeroe Islands,FRO,2020-06-21,35.19
Faeroe Islands,FRO,2020-06-22,35.19
Faeroe Islands,FRO,2020-06-23,35.19
Faeroe Islands,FRO,2020-06-24,35.19
Faeroe Islands,FRO,2020-06-25,35.19
Faeroe Islands,FRO,2020-06-26,35.19
Faeroe Islands,FRO,2020-06-27,32.41
Faeroe Islands,FRO,2020-06-28,32.41
Faeroe Islands,FRO,2020-06-29,32.41
Faeroe Islands,FRO,2020-06-30,32.41
Faeroe Islands,FRO,2020-07-01,32.41
Faeroe Islands,FRO,2020-07-02,32.41
Faeroe Islands,FRO,2020-07-03,32.41
Faeroe Islands,FRO,2020-07-04,32.41
Faeroe Islands,FRO,2020-07-05,32.41
Faeroe Islands,FRO,2020-07-06,32.41
Faeroe Islands,FRO,2020-07-07,32.41
Faeroe Islands,FRO,2020-07-08,32.41
Faeroe Islands,FRO,2020-07-09,32.41
Faeroe Islands,FRO,2020-07-10,32.41
Faeroe Islands,FRO,2020-07-11,32.41
Faeroe Islands,FRO,2020-07-12,32.41
Faeroe Islands,FRO,2020-07-13,32.41
Faeroe Islands,FRO,2020-07-14,32.41
Faeroe Islands,FRO,2020-07-15,32.41
Faeroe Islands,FRO,2020-07-16,32.41
Faeroe Islands,FRO,2020-07-17,32.41
Faeroe Islands,FRO,2020-07-18,32.41
Faeroe Islands,FRO,2020-07-19,32.41
Faeroe Islands,FRO,2020-07-20,32.41
Faeroe Islands,FRO,2020-07-21,32.41
Faeroe Islands,FRO,2020-07-22,32.41
Faeroe Islands,FRO,2020-07-23,32.41
Faeroe Islands,FRO,2020-07-24,32.41
Faeroe Islands,FRO,2020-07-25,32.41
Faeroe Islands,FRO,2020-07-26,32.41
Faeroe Islands,FRO,2020-07-27,32.41
Faeroe Islands,FRO,2020-07-28,32.41
Faeroe Islands,FRO,2020-07-29,32.41
Faeroe Islands,FRO,2020-07-30,32.41
Faeroe Islands,FRO,2020-07-31,32.41
Faeroe Islands,FRO,2020-08-01,32.41
Faeroe Islands,FRO,2020-08-02,32.41
Faeroe Islands,FRO,2020-08-03,32.41
Faeroe Islands,FRO,2020-08-04,32.41
Faeroe Islands,FRO,2020-08-05,37.96
Faeroe Islands,FRO,2020-08-06,37.96
Faeroe Islands,FRO,2020-08-07,37.96
Faeroe Islands,FRO,2020-08-08,37.96
Faeroe Islands,FRO,2020-08-09,37.96
Faeroe Islands,FRO,2020-08-10,37.96
Faeroe Islands,FRO,2020-08-11,37.96
Faeroe Islands,FRO,2020-08-12,37.96
Faeroe Islands,FRO,2020-08-13,37.96
Faeroe Islands,FRO,2020-08-14,37.96
Faeroe Islands,FRO,2020-08-15,37.96
Faeroe Islands,FRO,2020-08-16,37.96
Faeroe Islands,FRO,2020-08-17,37.96
Faeroe Islands,FRO,2020-08-18,37.96
Faeroe Islands,FRO,2020-08-19,37.96
Faeroe Islands,FRO,2020-08-20,37.96
Faeroe Islands,FRO,2020-08-21,37.96
Faeroe Islands,FRO,2020-08-22,37.96
Faeroe Islands,FRO,2020-08-23,37.96
Faeroe Islands,FRO,2020-08-24,37.96
Faeroe Islands,FRO,2020-08-25,37.96
Faeroe Islands,FRO,2020-08-26,37.96
Faeroe Islands,FRO,2020-08-27,37.96
Faeroe Islands,FRO,2020-08-28,37.96
Faeroe Islands,FRO,2020-08-29,37.96
Faeroe Islands,FRO,2020-08-30,37.96
Faeroe Islands,FRO,2020-08-31,37.96
Faeroe Islands,FRO,2020-09-01,37.96
Faeroe Islands,FRO,2020-09-02,37.96
Faeroe Islands,FRO,2020-09-03,37.96
Faeroe Islands,FRO,2020-09-04,37.96
Faeroe Islands,FRO,2020-09-05,37.96
Faeroe Islands,FRO,2020-09-06,37.96
Faeroe Islands,FRO,2020-09-07,37.96
Faeroe Islands,FRO,2020-09-08,37.96
Faeroe Islands,FRO,2020-09-09,37.96
Faeroe Islands,FRO,2020-09-10,37.96
Faeroe Islands,FRO,2020-09-11,37.96
Faeroe Islands,FRO,2020-09-12,37.96
Faeroe Islands,FRO,2020-09-13,37.96
Faeroe Islands,FRO,2020-09-14,37.96
Faeroe Islands,FRO,2020-09-15,37.96
Faeroe Islands,FRO,2020-09-16,37.96
Faeroe Islands,FRO,2020-09-17,37.96
Faeroe Islands,FRO,2020-09-18,37.96
Faeroe Islands,FRO,2020-09-19,37.96
Faeroe Islands,FRO,2020-09-20,37.96
Faeroe Islands,FRO,2020-09-21,37.96
Faeroe Islands,FRO,2020-09-22,37.96
Faeroe Islands,FRO,2020-09-23,37.96
Faeroe Islands,FRO,2020-09-24,37.96
Faeroe Islands,FRO,2020-09-25,37.96
Faeroe Islands,FRO,2020-09-26,37.96
Faeroe Islands,FRO,2020-09-27,37.96
Faeroe Islands,FRO,2020-09-28,37.96
Faeroe Islands,FRO,2020-09-29,37.96
Faeroe Islands,FRO,2020-09-30,37.96
Faeroe Islands,FRO,2020-10-01,37.96
Faeroe Islands,FRO,2020-10-02,37.96
Faeroe Islands,FRO,2020-10-03,37.96
Faeroe Islands,FRO,2020-10-04,37.96
Faeroe Islands,FRO,2020-10-05,37.96
Faeroe Islands,FRO,2020-10-06,37.96
Faeroe Islands,FRO,2020-10-07,37.96
Faeroe Islands,FRO,2020-10-08,37.96
Faeroe Islands,FRO,2020-10-09,37.96
Faeroe Islands,FRO,2020-10-10,37.96
Faeroe Islands,FRO,2020-10-11,37.96
Faeroe Islands,FRO,2020-10-12,37.96
Faeroe Islands,FRO,2020-10-13,37.96
Faeroe Islands,FRO,2020-10-14,37.96
Faeroe Islands,FRO,2020-10-15,37.96
Faeroe Islands,FRO,2020-10-16,37.96
Faeroe Islands,FRO,2020-10-17,37.96
Faeroe Islands,FRO,2020-10-18,37.96
Faeroe Islands,FRO,2020-10-19,37.96
Faeroe Islands,FRO,2020-10-20,37.96
Faeroe Islands,FRO,2020-10-21,37.96
Faeroe Islands,FRO,2020-10-22,37.96
Faeroe Islands,FRO,2020-10-23,37.96
Faeroe Islands,FRO,2020-10-24,37.96
Faeroe Islands,FRO,2020-10-25,37.96
Faeroe Islands,FRO,2020-10-26,37.96
Faeroe Islands,FRO,2020-10-27,37.96
Faeroe Islands,FRO,2020-10-28,37.96
Faeroe Islands,FRO,2020-10-29,37.96
Faeroe Islands,FRO,2020-10-30,37.96
Faeroe Islands,FRO,2020-10-31,37.96
Faeroe Islands,FRO,2020-11-01,37.96
Faeroe Islands,FRO,2020-11-02,37.96
Faeroe Islands,FRO,2020-11-03,37.96
Faeroe Islands,FRO,2020-11-04,37.96
Faeroe Islands,FRO,2020-11-05,37.96
Faeroe Islands,FRO,2020-11-06,37.96
Faeroe Islands,FRO,2020-11-07,37.96
Faeroe Islands,FRO,2020-11-08,37.96
Faeroe Islands,FRO,2020-11-09,37.96
Faeroe Islands,FRO,2020-11-10,37.96
Faeroe Islands,FRO,2020-11-11,37.96
Faeroe Islands,FRO,2020-11-12,37.96
Faeroe Islands,FRO,2020-11-13,40.74
Faeroe Islands,FRO,2020-11-14,40.74
Faeroe Islands,FRO,2020-11-15,40.74
Faeroe Islands,FRO,2020-11-16,40.74
Faeroe Islands,FRO,2020-11-17,40.74
Faeroe Islands,FRO,2020-11-18,40.74
Faeroe Islands,FRO,2020-11-19,40.74
Faeroe Islands,FRO,2020-11-20,40.74
Faeroe Islands,FRO,2020-11-21,40.74
Faeroe Islands,FRO,2020-11-22,40.74
Faeroe Islands,FRO,2020-11-23,40.74
Faeroe Islands,FRO,2020-11-24,40.74
Faeroe Islands,FRO,2020-11-25,40.74
Faeroe Islands,FRO,2020-11-26,40.74
Faeroe Islands,FRO,2020-11-27,40.74
Faeroe Islands,FRO,2020-11-28,40.74
Faeroe Islands,FRO,2020-11-29,40.74
Faeroe Islands,FRO,2020-11-30,40.74
Faeroe Islands,FRO,2020-12-01,40.74
Faeroe Islands,FRO,2020-12-02,40.74
Faeroe Islands,FRO,2020-12-03,40.74
Faeroe Islands,FRO,2020-12-04,40.74
Faeroe Islands,FRO,2020-12-05,40.74
Faeroe Islands,FRO,2020-12-06,40.74
Faeroe Islands,FRO,2020-12-07,40.74
Faeroe Islands,FRO,2020-12-08,40.74
Faeroe Islands,FRO,2020-12-09,40.74
Faeroe Islands,FRO,2020-12-10,40.74
Faeroe Islands,FRO,2020-12-11,40.74
Faeroe Islands,FRO,2020-12-12,40.74
Faeroe Islands,FRO,2020-12-13,40.74
Faeroe Islands,FRO,2020-12-14,40.74
Faeroe Islands,FRO,2020-12-15,40.74
Faeroe Islands,FRO,2020-12-16,40.74
Faeroe Islands,FRO,2020-12-17,40.74
Faeroe Islands,FRO,2020-12-18,40.74
Faeroe Islands,FRO,2020-12-19,40.74
Faeroe Islands,FRO,2020-12-20,40.74
Faeroe Islands,FRO,2020-12-21,40.74
Faeroe Islands,FRO,2020-12-22,40.74
Faeroe Islands,FRO,2020-12-23,40.74
Faeroe Islands,FRO,2020-12-24,40.74
Faeroe Islands,FRO,2020-12-25,40.74
Faeroe Islands,FRO,2020-12-26,40.74
Faeroe Islands,FRO,2020-12-27,40.74
Faeroe Islands,FRO,2020-12-28,40.74
Faeroe Islands,FRO,2020-12-29,40.74
Faeroe Islands,FRO,2020-12-30,40.74
Faeroe Islands,FRO,2020-12-31,40.74
Faeroe Islands,FRO,2021-01-01,35.19
Faeroe Islands,FRO,2021-01-02,35.19
Faeroe Islands,FRO,2021-01-03,35.19
Faeroe Islands,FRO,2021-01-04,35.19
Faeroe Islands,FRO,2021-01-05,35.19
Faeroe Islands,FRO,2021-01-06,35.19
Faeroe Islands,FRO,2021-01-07,35.19
Faeroe Islands,FRO,2021-01-08,35.19
Faeroe Islands,FRO,2021-01-09,35.19
Faeroe Islands,FRO,2021-01-10,35.19
Faeroe Islands,FRO,2021-01-11,35.19
Faeroe Islands,FRO,2021-01-12,35.19
Faeroe Islands,FRO,2021-01-13,35.19
Faeroe Islands,FRO,2021-01-14,35.19
Faeroe Islands,FRO,2021-01-15,35.19
Faeroe Islands,FRO,2021-01-16,35.19
Faeroe Islands,FRO,2021-01-17,35.19
Faeroe Islands,FRO,2021-01-18,27.78
Faeroe Islands,FRO,2021-01-19,27.78
Faeroe Islands,FRO,2021-01-20,27.78
Faeroe Islands,FRO,2021-01-21,27.78
Faeroe Islands,FRO,2021-01-22,27.78
Faeroe Islands,FRO,2021-01-23,27.78
Faeroe Islands,FRO,2021-01-24,27.78
Faeroe Islands,FRO,2021-01-25,27.78
Faeroe Islands,FRO,2021-01-26,27.78
Faeroe Islands,FRO,2021-01-27,27.78
Faeroe Islands,FRO,2021-01-28,27.78
Faeroe Islands,FRO,2021-01-29,27.78
Faeroe Islands,FRO,2021-01-30,27.78
Faeroe Islands,FRO,2021-01-31,27.78
Faeroe Islands,FRO,2021-02-01,27.78
Faeroe Islands,FRO,2021-02-02,27.78
Faeroe Islands,FRO,2021-02-03,27.78
Faeroe Islands,FRO,2021-02-04,27.78
Faeroe Islands,FRO,2021-02-05,27.78
Faeroe Islands,FRO,2021-02-06,27.78
Faeroe Islands,FRO,2021-02-07,27.78
Faeroe Islands,FRO,2021-02-08,27.78
Faeroe Islands,FRO,2021-02-09,27.78
Faeroe Islands,FRO,2021-02-10,27.78
Faeroe Islands,FRO,2021-02-11,27.78
Faeroe Islands,FRO,2021-02-12,27.78
Faeroe Islands,FRO,2021-02-13,27.78
Faeroe Islands,FRO,2021-02-14,27.78
Faeroe Islands,FRO,2021-02-15,27.78
Faeroe Islands,FRO,2021-02-16,59.26
Faeroe Islands,FRO,2021-02-17,59.26
Faeroe Islands,FRO,2021-02-18,59.26
Faeroe Islands,FRO,2021-02-19,59.26
Faeroe Islands,FRO,2021-02-20,59.26
Faeroe Islands,FRO,2021-02-21,59.26
Faeroe Islands,FRO,2021-02-22,59.26
Faeroe Islands,FRO,2021-02-23,59.26
Faeroe Islands,FRO,2021-02-24,59.26
Faeroe Islands,FRO,2021-02-25,59.26
Faeroe Islands,FRO,2021-02-26,59.26
Faeroe Islands,FRO,2021-02-27,59.26
Faeroe Islands,FRO,2021-02-28,59.26
Faeroe Islands,FRO,2021-03-01,59.26
Faeroe Islands,FRO,2021-03-02,59.26
Faeroe Islands,FRO,2021-03-03,59.26
Faeroe Islands,FRO,2021-03-04,59.26
Faeroe Islands,FRO,2021-03-05,59.26
Faeroe Islands,FRO,2021-03-06,59.26
Faeroe Islands,FRO,2021-03-07,59.26
Faeroe Islands,FRO,2021-03-08,59.26
Fiji,FJI,2020-01-01,0
Fiji,FJI,2020-01-02,0
Fiji,FJI,2020-01-03,0
Fiji,FJI,2020-01-04,0
Fiji,FJI,2020-01-05,0
Fiji,FJI,2020-01-06,0
Fiji,FJI,2020-01-07,0
Fiji,FJI,2020-01-08,0
Fiji,FJI,2020-01-09,0
Fiji,FJI,2020-01-10,0
Fiji,FJI,2020-01-11,0
Fiji,FJI,2020-01-12,0
Fiji,FJI,2020-01-13,0
Fiji,FJI,2020-01-14,0
Fiji,FJI,2020-01-15,0
Fiji,FJI,2020-01-16,0
Fiji,FJI,2020-01-17,0
Fiji,FJI,2020-01-18,0
Fiji,FJI,2020-01-19,0
Fiji,FJI,2020-01-20,0
Fiji,FJI,2020-01-21,0
Fiji,FJI,2020-01-22,11.11
Fiji,FJI,2020-01-23,11.11
Fiji,FJI,2020-01-24,11.11
Fiji,FJI,2020-01-25,11.11
Fiji,FJI,2020-01-26,11.11
Fiji,FJI,2020-01-27,11.11
Fiji,FJI,2020-01-28,11.11
Fiji,FJI,2020-01-29,11.11
Fiji,FJI,2020-01-30,11.11
Fiji,FJI,2020-01-31,11.11
Fiji,FJI,2020-02-01,11.11
Fiji,FJI,2020-02-02,11.11
Fiji,FJI,2020-02-03,19.44
Fiji,FJI,2020-02-04,19.44
Fiji,FJI,2020-02-05,19.44
Fiji,FJI,2020-02-06,19.44
Fiji,FJI,2020-02-07,19.44
Fiji,FJI,2020-02-08,19.44
Fiji,FJI,2020-02-09,19.44
Fiji,FJI,2020-02-10,19.44
Fiji,FJI,2020-02-11,19.44
Fiji,FJI,2020-02-12,19.44
Fiji,FJI,2020-02-13,19.44
Fiji,FJI,2020-02-14,19.44
Fiji,FJI,2020-02-15,19.44
Fiji,FJI,2020-02-16,19.44
Fiji,FJI,2020-02-17,19.44
Fiji,FJI,2020-02-18,19.44
Fiji,FJI,2020-02-19,19.44
Fiji,FJI,2020-02-20,19.44
Fiji,FJI,2020-02-21,19.44
Fiji,FJI,2020-02-22,19.44
Fiji,FJI,2020-02-23,19.44
Fiji,FJI,2020-02-24,19.44
Fiji,FJI,2020-02-25,19.44
Fiji,FJI,2020-02-26,19.44
Fiji,FJI,2020-02-27,19.44
Fiji,FJI,2020-02-28,19.44
Fiji,FJI,2020-02-29,19.44
Fiji,FJI,2020-03-01,19.44
Fiji,FJI,2020-03-02,19.44
Fiji,FJI,2020-03-03,19.44
Fiji,FJI,2020-03-04,19.44
Fiji,FJI,2020-03-05,19.44
Fiji,FJI,2020-03-06,19.44
Fiji,FJI,2020-03-07,19.44
Fiji,FJI,2020-03-08,19.44
Fiji,FJI,2020-03-09,19.44
Fiji,FJI,2020-03-10,19.44
Fiji,FJI,2020-03-11,19.44
Fiji,FJI,2020-03-12,19.44
Fiji,FJI,2020-03-13,19.44
Fiji,FJI,2020-03-14,19.44
Fiji,FJI,2020-03-15,19.44
Fiji,FJI,2020-03-16,30.56
Fiji,FJI,2020-03-17,30.56
Fiji,FJI,2020-03-18,30.56
Fiji,FJI,2020-03-19,79.63
Fiji,FJI,2020-03-20,79.63
Fiji,FJI,2020-03-21,79.63
Fiji,FJI,2020-03-22,79.63
Fiji,FJI,2020-03-23,81.48
Fiji,FJI,2020-03-24,81.48
Fiji,FJI,2020-03-25,81.48
Fiji,FJI,2020-03-26,81.48
Fiji,FJI,2020-03-27,81.48
Fiji,FJI,2020-03-28,81.48
Fiji,FJI,2020-03-29,84.26
Fiji,FJI,2020-03-30,88.89
Fiji,FJI,2020-03-31,88.89
Fiji,FJI,2020-04-01,88.89
Fiji,FJI,2020-04-02,88.89
Fiji,FJI,2020-04-03,88.89
Fiji,FJI,2020-04-04,88.89
Fiji,FJI,2020-04-05,88.89
Fiji,FJI,2020-04-06,88.89
Fiji,FJI,2020-04-07,88.89
Fiji,FJI,2020-04-08,88.89
Fiji,FJI,2020-04-09,88.89
Fiji,FJI,2020-04-10,88.89
Fiji,FJI,2020-04-11,88.89
Fiji,FJI,2020-04-12,88.89
Fiji,FJI,2020-04-13,88.89
Fiji,FJI,2020-04-14,88.89
Fiji,FJI,2020-04-15,88.89
Fiji,FJI,2020-04-16,88.89
Fiji,FJI,2020-04-17,88.89
Fiji,FJI,2020-04-18,88.89
Fiji,FJI,2020-04-19,88.89
Fiji,FJI,2020-04-20,88.89
Fiji,FJI,2020-04-21,88.89
Fiji,FJI,2020-04-22,88.89
Fiji,FJI,2020-04-23,88.89
Fiji,FJI,2020-04-24,88.89
Fiji,FJI,2020-04-25,88.89
Fiji,FJI,2020-04-26,88.89
Fiji,FJI,2020-04-27,88.89
Fiji,FJI,2020-04-28,88.89
Fiji,FJI,2020-04-29,88.89
Fiji,FJI,2020-04-30,88.89
Fiji,FJI,2020-05-01,88.89
Fiji,FJI,2020-05-02,88.89
Fiji,FJI,2020-05-03,88.89
Fiji,FJI,2020-05-04,88.89
Fiji,FJI,2020-05-05,88.89
Fiji,FJI,2020-05-06,88.89
Fiji,FJI,2020-05-07,88.89
Fiji,FJI,2020-05-08,88.89
Fiji,FJI,2020-05-09,88.89
Fiji,FJI,2020-05-10,88.89
Fiji,FJI,2020-05-11,88.89
Fiji,FJI,2020-05-12,88.89
Fiji,FJI,2020-05-13,88.89
Fiji,FJI,2020-05-14,88.89
Fiji,FJI,2020-05-15,78.7
Fiji,FJI,2020-05-16,78.7
Fiji,FJI,2020-05-17,78.7
Fiji,FJI,2020-05-18,78.7
Fiji,FJI,2020-05-19,78.7
Fiji,FJI,2020-05-20,78.7
Fiji,FJI,2020-05-21,78.7
Fiji,FJI,2020-05-22,78.7
Fiji,FJI,2020-05-23,78.7
Fiji,FJI,2020-05-24,78.7
Fiji,FJI,2020-05-25,78.7
Fiji,FJI,2020-05-26,78.7
Fiji,FJI,2020-05-27,78.7
Fiji,FJI,2020-05-28,78.7
Fiji,FJI,2020-05-29,78.7
Fiji,FJI,2020-05-30,78.7
Fiji,FJI,2020-05-31,78.7
Fiji,FJI,2020-06-01,78.7
Fiji,FJI,2020-06-02,78.7
Fiji,FJI,2020-06-03,78.7
Fiji,FJI,2020-06-04,78.7
Fiji,FJI,2020-06-05,78.7
Fiji,FJI,2020-06-06,78.7
Fiji,FJI,2020-06-07,78.7
Fiji,FJI,2020-06-08,78.7
Fiji,FJI,2020-06-09,78.7
Fiji,FJI,2020-06-10,78.7
Fiji,FJI,2020-06-11,78.7
Fiji,FJI,2020-06-12,78.7
Fiji,FJI,2020-06-13,78.7
Fiji,FJI,2020-06-14,78.7
Fiji,FJI,2020-06-15,78.7
Fiji,FJI,2020-06-16,78.7
Fiji,FJI,2020-06-17,78.7
Fiji,FJI,2020-06-18,78.7
Fiji,FJI,2020-06-19,78.7
Fiji,FJI,2020-06-20,78.7
Fiji,FJI,2020-06-21,73.15
Fiji,FJI,2020-06-22,62.04
Fiji,FJI,2020-06-23,62.04
Fiji,FJI,2020-06-24,62.04
Fiji,FJI,2020-06-25,62.04
Fiji,FJI,2020-06-26,62.04
Fiji,FJI,2020-06-27,62.04
Fiji,FJI,2020-06-28,62.04
Fiji,FJI,2020-06-29,62.04
Fiji,FJI,2020-06-30,58.33
Fiji,FJI,2020-07-01,58.33
Fiji,FJI,2020-07-02,58.33
Fiji,FJI,2020-07-03,58.33
Fiji,FJI,2020-07-04,58.33
Fiji,FJI,2020-07-05,58.33
Fiji,FJI,2020-07-06,54.63
Fiji,FJI,2020-07-07,54.63
Fiji,FJI,2020-07-08,54.63
Fiji,FJI,2020-07-09,54.63
Fiji,FJI,2020-07-10,54.63
Fiji,FJI,2020-07-11,54.63
Fiji,FJI,2020-07-12,54.63
Fiji,FJI,2020-07-13,54.63
Fiji,FJI,2020-07-14,54.63
Fiji,FJI,2020-07-15,54.63
Fiji,FJI,2020-07-16,54.63
Fiji,FJI,2020-07-17,51.85
Fiji,FJI,2020-07-18,51.85
Fiji,FJI,2020-07-19,51.85
Fiji,FJI,2020-07-20,51.85
Fiji,FJI,2020-07-21,51.85
Fiji,FJI,2020-07-22,51.85
Fiji,FJI,2020-07-23,51.85
Fiji,FJI,2020-07-24,51.85
Fiji,FJI,2020-07-25,51.85
Fiji,FJI,2020-07-26,51.85
Fiji,FJI,2020-07-27,51.85
Fiji,FJI,2020-07-28,54.63
Fiji,FJI,2020-07-29,54.63
Fiji,FJI,2020-07-30,54.63
Fiji,FJI,2020-07-31,54.63
Fiji,FJI,2020-08-01,54.63
Fiji,FJI,2020-08-02,54.63
Fiji,FJI,2020-08-03,54.63
Fiji,FJI,2020-08-04,54.63
Fiji,FJI,2020-08-05,54.63
Fiji,FJI,2020-08-06,54.63
Fiji,FJI,2020-08-07,54.63
Fiji,FJI,2020-08-08,54.63
Fiji,FJI,2020-08-09,54.63
Fiji,FJI,2020-08-10,54.63
Fiji,FJI,2020-08-11,54.63
Fiji,FJI,2020-08-12,54.63
Fiji,FJI,2020-08-13,54.63
Fiji,FJI,2020-08-14,54.63
Fiji,FJI,2020-08-15,54.63
Fiji,FJI,2020-08-16,54.63
Fiji,FJI,2020-08-17,54.63
Fiji,FJI,2020-08-18,54.63
Fiji,FJI,2020-08-19,54.63
Fiji,FJI,2020-08-20,54.63
Fiji,FJI,2020-08-21,54.63
Fiji,FJI,2020-08-22,54.63
Fiji,FJI,2020-08-23,54.63
Fiji,FJI,2020-08-24,54.63
Fiji,FJI,2020-08-25,51.85
Fiji,FJI,2020-08-26,51.85
Fiji,FJI,2020-08-27,51.85
Fiji,FJI,2020-08-28,51.85
Fiji,FJI,2020-08-29,51.85
Fiji,FJI,2020-08-30,51.85
Fiji,FJI,2020-08-31,51.85
Fiji,FJI,2020-09-01,51.85
Fiji,FJI,2020-09-02,51.85
Fiji,FJI,2020-09-03,51.85
Fiji,FJI,2020-09-04,51.85
Fiji,FJI,2020-09-05,51.85
Fiji,FJI,2020-09-06,51.85
Fiji,FJI,2020-09-07,51.85
Fiji,FJI,2020-09-08,51.85
Fiji,FJI,2020-09-09,51.85
Fiji,FJI,2020-09-10,51.85
Fiji,FJI,2020-09-11,51.85
Fiji,FJI,2020-09-12,51.85
Fiji,FJI,2020-09-13,51.85
Fiji,FJI,2020-09-14,51.85
Fiji,FJI,2020-09-15,51.85
Fiji,FJI,2020-09-16,51.85
Fiji,FJI,2020-09-17,51.85
Fiji,FJI,2020-09-18,51.85
Fiji,FJI,2020-09-19,51.85
Fiji,FJI,2020-09-20,51.85
Fiji,FJI,2020-09-21,51.85
Fiji,FJI,2020-09-22,51.85
Fiji,FJI,2020-09-23,51.85
Fiji,FJI,2020-09-24,51.85
Fiji,FJI,2020-09-25,51.85
Fiji,FJI,2020-09-26,51.85
Fiji,FJI,2020-09-27,51.85
Fiji,FJI,2020-09-28,51.85
Fiji,FJI,2020-09-29,51.85
Fiji,FJI,2020-09-30,51.85
Fiji,FJI,2020-10-01,51.85
Fiji,FJI,2020-10-02,49.07
Fiji,FJI,2020-10-03,49.07
Fiji,FJI,2020-10-04,49.07
Fiji,FJI,2020-10-05,49.07
Fiji,FJI,2020-10-06,49.07
Fiji,FJI,2020-10-07,49.07
Fiji,FJI,2020-10-08,49.07
Fiji,FJI,2020-10-09,49.07
Fiji,FJI,2020-10-10,49.07
Fiji,FJI,2020-10-11,49.07
Fiji,FJI,2020-10-12,49.07
Fiji,FJI,2020-10-13,49.07
Fiji,FJI,2020-10-14,49.07
Fiji,FJI,2020-10-15,49.07
Fiji,FJI,2020-10-16,49.07
Fiji,FJI,2020-10-17,49.07
Fiji,FJI,2020-10-18,49.07
Fiji,FJI,2020-10-19,49.07
Fiji,FJI,2020-10-20,49.07
Fiji,FJI,2020-10-21,49.07
Fiji,FJI,2020-10-22,49.07
Fiji,FJI,2020-10-23,49.07
Fiji,FJI,2020-10-24,49.07
Fiji,FJI,2020-10-25,49.07
Fiji,FJI,2020-10-26,49.07
Fiji,FJI,2020-10-27,49.07
Fiji,FJI,2020-10-28,49.07
Fiji,FJI,2020-10-29,49.07
Fiji,FJI,2020-10-30,49.07
Fiji,FJI,2020-10-31,49.07
Fiji,FJI,2020-11-01,49.07
Fiji,FJI,2020-11-02,49.07
Fiji,FJI,2020-11-03,49.07
Fiji,FJI,2020-11-04,49.07
Fiji,FJI,2020-11-05,49.07
Fiji,FJI,2020-11-06,49.07
Fiji,FJI,2020-11-07,49.07
Fiji,FJI,2020-11-08,49.07
Fiji,FJI,2020-11-09,49.07
Fiji,FJI,2020-11-10,49.07
Fiji,FJI,2020-11-11,49.07
Fiji,FJI,2020-11-12,49.07
Fiji,FJI,2020-11-13,49.07
Fiji,FJI,2020-11-14,49.07
Fiji,FJI,2020-11-15,49.07
Fiji,FJI,2020-11-16,49.07
Fiji,FJI,2020-11-17,49.07
Fiji,FJI,2020-11-18,49.07
Fiji,FJI,2020-11-19,49.07
Fiji,FJI,2020-11-20,49.07
Fiji,FJI,2020-11-21,49.07
Fiji,FJI,2020-11-22,49.07
Fiji,FJI,2020-11-23,49.07
Fiji,FJI,2020-11-24,49.07
Fiji,FJI,2020-11-25,49.07
Fiji,FJI,2020-11-26,49.07
Fiji,FJI,2020-11-27,49.07
Fiji,FJI,2020-11-28,49.07
Fiji,FJI,2020-11-29,49.07
Fiji,FJI,2020-11-30,49.07
Fiji,FJI,2020-12-01,41.67
Fiji,FJI,2020-12-02,41.67
Fiji,FJI,2020-12-03,41.67
Fiji,FJI,2020-12-04,41.67
Fiji,FJI,2020-12-05,41.67
Fiji,FJI,2020-12-06,41.67
Fiji,FJI,2020-12-07,41.67
Fiji,FJI,2020-12-08,41.67
Fiji,FJI,2020-12-09,41.67
Fiji,FJI,2020-12-10,41.67
Fiji,FJI,2020-12-11,41.67
Fiji,FJI,2020-12-12,41.67
Fiji,FJI,2020-12-13,41.67
Fiji,FJI,2020-12-14,41.67
Fiji,FJI,2020-12-15,41.67
Fiji,FJI,2020-12-16,41.67
Fiji,FJI,2020-12-17,41.67
Fiji,FJI,2020-12-18,41.67
Fiji,FJI,2020-12-19,41.67
Fiji,FJI,2020-12-20,41.67
Fiji,FJI,2020-12-21,41.67
Fiji,FJI,2020-12-22,41.67
Fiji,FJI,2020-12-23,41.67
Fiji,FJI,2020-12-24,41.67
Fiji,FJI,2020-12-25,41.67
Fiji,FJI,2020-12-26,41.67
Fiji,FJI,2020-12-27,41.67
Fiji,FJI,2020-12-28,41.67
Fiji,FJI,2020-12-29,41.67
Fiji,FJI,2020-12-30,41.67
Fiji,FJI,2020-12-31,41.67
Fiji,FJI,2021-01-01,41.67
Fiji,FJI,2021-01-02,41.67
Fiji,FJI,2021-01-03,41.67
Fiji,FJI,2021-01-04,41.67
Fiji,FJI,2021-01-05,41.67
Fiji,FJI,2021-01-06,41.67
Fiji,FJI,2021-01-07,41.67
Fiji,FJI,2021-01-08,41.67
Fiji,FJI,2021-01-09,41.67
Fiji,FJI,2021-01-10,41.67
Fiji,FJI,2021-01-11,41.67
Fiji,FJI,2021-01-12,41.67
Fiji,FJI,2021-01-13,41.67
Fiji,FJI,2021-01-14,41.67
Fiji,FJI,2021-01-15,41.67
Fiji,FJI,2021-01-16,41.67
Fiji,FJI,2021-01-17,41.67
Fiji,FJI,2021-01-18,41.67
Fiji,FJI,2021-01-19,41.67
Fiji,FJI,2021-01-20,41.67
Fiji,FJI,2021-01-21,41.67
Fiji,FJI,2021-01-22,41.67
Fiji,FJI,2021-01-23,41.67
Fiji,FJI,2021-01-24,41.67
Fiji,FJI,2021-01-25,41.67
Fiji,FJI,2021-01-26,41.67
Fiji,FJI,2021-01-27,41.67
Fiji,FJI,2021-01-28,41.67
Fiji,FJI,2021-01-29,41.67
Fiji,FJI,2021-01-30,41.67
Fiji,FJI,2021-01-31,41.67
Fiji,FJI,2021-02-01,41.67
Fiji,FJI,2021-02-02,41.67
Fiji,FJI,2021-02-03,41.67
Fiji,FJI,2021-02-04,41.67
Fiji,FJI,2021-02-05,41.67
Fiji,FJI,2021-02-06,41.67
Fiji,FJI,2021-02-07,41.67
Fiji,FJI,2021-02-08,41.67
Fiji,FJI,2021-02-09,41.67
Fiji,FJI,2021-02-10,41.67
Fiji,FJI,2021-02-11,41.67
Fiji,FJI,2021-02-12,41.67
Fiji,FJI,2021-02-13,41.67
Fiji,FJI,2021-02-14,41.67
Fiji,FJI,2021-02-15,41.67
Fiji,FJI,2021-02-16,41.67
Fiji,FJI,2021-02-17,41.67
Fiji,FJI,2021-02-18,41.67
Fiji,FJI,2021-02-19,41.67
Fiji,FJI,2021-02-20,41.67
Fiji,FJI,2021-02-21,41.67
Fiji,FJI,2021-02-22,41.67
Fiji,FJI,2021-02-23,41.67
Fiji,FJI,2021-02-24,41.67
Fiji,FJI,2021-02-25,41.67
Fiji,FJI,2021-02-26,41.67
Fiji,FJI,2021-02-27,41.67
Fiji,FJI,2021-02-28,41.67
Fiji,FJI,2021-03-01,41.67
Fiji,FJI,2021-03-02,41.67
Fiji,FJI,2021-03-03,41.67
Fiji,FJI,2021-03-04,41.67
Fiji,FJI,2021-03-05,41.67
Fiji,FJI,2021-03-06,41.67
Fiji,FJI,2021-03-07,41.67
Fiji,FJI,2021-03-08,41.67
Finland,FIN,2020-01-01,0
Finland,FIN,2020-01-02,0
Finland,FIN,2020-01-03,0
Finland,FIN,2020-01-04,0
Finland,FIN,2020-01-05,0
Finland,FIN,2020-01-06,0
Finland,FIN,2020-01-07,0
Finland,FIN,2020-01-08,0
Finland,FIN,2020-01-09,0
Finland,FIN,2020-01-10,0
Finland,FIN,2020-01-11,0
Finland,FIN,2020-01-12,0
Finland,FIN,2020-01-13,0
Finland,FIN,2020-01-14,0
Finland,FIN,2020-01-15,0
Finland,FIN,2020-01-16,0
Finland,FIN,2020-01-17,0
Finland,FIN,2020-01-18,0
Finland,FIN,2020-01-19,0
Finland,FIN,2020-01-20,0
Finland,FIN,2020-01-21,0
Finland,FIN,2020-01-22,0
Finland,FIN,2020-01-23,0
Finland,FIN,2020-01-24,0
Finland,FIN,2020-01-25,0
Finland,FIN,2020-01-26,0
Finland,FIN,2020-01-27,5.56
Finland,FIN,2020-01-28,5.56
Finland,FIN,2020-01-29,5.56
Finland,FIN,2020-01-30,5.56
Finland,FIN,2020-01-31,5.56
Finland,FIN,2020-02-01,5.56
Finland,FIN,2020-02-02,5.56
Finland,FIN,2020-02-03,5.56
Finland,FIN,2020-02-04,5.56
Finland,FIN,2020-02-05,5.56
Finland,FIN,2020-02-06,13.89
Finland,FIN,2020-02-07,13.89
Finland,FIN,2020-02-08,13.89
Finland,FIN,2020-02-09,13.89
Finland,FIN,2020-02-10,13.89
Finland,FIN,2020-02-11,13.89
Finland,FIN,2020-02-12,13.89
Finland,FIN,2020-02-13,13.89
Finland,FIN,2020-02-14,13.89
Finland,FIN,2020-02-15,13.89
Finland,FIN,2020-02-16,13.89
Finland,FIN,2020-02-17,13.89
Finland,FIN,2020-02-18,13.89
Finland,FIN,2020-02-19,13.89
Finland,FIN,2020-02-20,13.89
Finland,FIN,2020-02-21,13.89
Finland,FIN,2020-02-22,13.89
Finland,FIN,2020-02-23,13.89
Finland,FIN,2020-02-24,13.89
Finland,FIN,2020-02-25,13.89
Finland,FIN,2020-02-26,13.89
Finland,FIN,2020-02-27,19.44
Finland,FIN,2020-02-28,19.44
Finland,FIN,2020-02-29,19.44
Finland,FIN,2020-03-01,19.44
Finland,FIN,2020-03-02,19.44
Finland,FIN,2020-03-03,19.44
Finland,FIN,2020-03-04,19.44
Finland,FIN,2020-03-05,19.44
Finland,FIN,2020-03-06,19.44
Finland,FIN,2020-03-07,19.44
Finland,FIN,2020-03-08,19.44
Finland,FIN,2020-03-09,19.44
Finland,FIN,2020-03-10,19.44
Finland,FIN,2020-03-11,19.44
Finland,FIN,2020-03-12,37.04
Finland,FIN,2020-03-13,37.04
Finland,FIN,2020-03-14,37.04
Finland,FIN,2020-03-15,37.04
Finland,FIN,2020-03-16,57.41
Finland,FIN,2020-03-17,57.41
Finland,FIN,2020-03-18,64.81
Finland,FIN,2020-03-19,64.81
Finland,FIN,2020-03-20,64.81
Finland,FIN,2020-03-21,64.81
Finland,FIN,2020-03-22,64.81
Finland,FIN,2020-03-23,64.81
Finland,FIN,2020-03-24,64.81
Finland,FIN,2020-03-25,64.81
Finland,FIN,2020-03-26,64.81
Finland,FIN,2020-03-27,67.59
Finland,FIN,2020-03-28,67.59
Finland,FIN,2020-03-29,67.59
Finland,FIN,2020-03-30,67.59
Finland,FIN,2020-03-31,67.59
Finland,FIN,2020-04-01,67.59
Finland,FIN,2020-04-02,67.59
Finland,FIN,2020-04-03,67.59
Finland,FIN,2020-04-04,67.59
Finland,FIN,2020-04-05,67.59
Finland,FIN,2020-04-06,67.59
Finland,FIN,2020-04-07,67.59
Finland,FIN,2020-04-08,67.59
Finland,FIN,2020-04-09,67.59
Finland,FIN,2020-04-10,67.59
Finland,FIN,2020-04-11,67.59
Finland,FIN,2020-04-12,67.59
Finland,FIN,2020-04-13,67.59
Finland,FIN,2020-04-14,62.96
Finland,FIN,2020-04-15,62.96
Finland,FIN,2020-04-16,62.96
Finland,FIN,2020-04-17,62.96
Finland,FIN,2020-04-18,62.96
Finland,FIN,2020-04-19,62.96
Finland,FIN,2020-04-20,60.19
Finland,FIN,2020-04-21,60.19
Finland,FIN,2020-04-22,60.19
Finland,FIN,2020-04-23,60.19
Finland,FIN,2020-04-24,60.19
Finland,FIN,2020-04-25,60.19
Finland,FIN,2020-04-26,60.19
Finland,FIN,2020-04-27,60.19
Finland,FIN,2020-04-28,60.19
Finland,FIN,2020-04-29,60.19
Finland,FIN,2020-04-30,60.19
Finland,FIN,2020-05-01,60.19
Finland,FIN,2020-05-02,60.19
Finland,FIN,2020-05-03,60.19
Finland,FIN,2020-05-04,60.19
Finland,FIN,2020-05-05,60.19
Finland,FIN,2020-05-06,60.19
Finland,FIN,2020-05-07,60.19
Finland,FIN,2020-05-08,60.19
Finland,FIN,2020-05-09,60.19
Finland,FIN,2020-05-10,60.19
Finland,FIN,2020-05-11,60.19
Finland,FIN,2020-05-12,60.19
Finland,FIN,2020-05-13,60.19
Finland,FIN,2020-05-14,53.7
Finland,FIN,2020-05-15,53.7
Finland,FIN,2020-05-16,53.7
Finland,FIN,2020-05-17,53.7
Finland,FIN,2020-05-18,53.7
Finland,FIN,2020-05-19,53.7
Finland,FIN,2020-05-20,53.7
Finland,FIN,2020-05-21,53.7
Finland,FIN,2020-05-22,53.7
Finland,FIN,2020-05-23,53.7
Finland,FIN,2020-05-24,53.7
Finland,FIN,2020-05-25,53.7
Finland,FIN,2020-05-26,53.7
Finland,FIN,2020-05-27,53.7
Finland,FIN,2020-05-28,53.7
Finland,FIN,2020-05-29,48.15
Finland,FIN,2020-05-30,48.15
Finland,FIN,2020-05-31,48.15
Finland,FIN,2020-06-01,44.44
Finland,FIN,2020-06-02,44.44
Finland,FIN,2020-06-03,44.44
Finland,FIN,2020-06-04,44.44
Finland,FIN,2020-06-05,44.44
Finland,FIN,2020-06-06,44.44
Finland,FIN,2020-06-07,44.44
Finland,FIN,2020-06-08,44.44
Finland,FIN,2020-06-09,44.44
Finland,FIN,2020-06-10,44.44
Finland,FIN,2020-06-11,44.44
Finland,FIN,2020-06-12,44.44
Finland,FIN,2020-06-13,44.44
Finland,FIN,2020-06-14,44.44
Finland,FIN,2020-06-15,35.19
Finland,FIN,2020-06-16,35.19
Finland,FIN,2020-06-17,35.19
Finland,FIN,2020-06-18,35.19
Finland,FIN,2020-06-19,35.19
Finland,FIN,2020-06-20,35.19
Finland,FIN,2020-06-21,35.19
Finland,FIN,2020-06-22,35.19
Finland,FIN,2020-06-23,35.19
Finland,FIN,2020-06-24,35.19
Finland,FIN,2020-06-25,35.19
Finland,FIN,2020-06-26,35.19
Finland,FIN,2020-06-27,35.19
Finland,FIN,2020-06-28,35.19
Finland,FIN,2020-06-29,35.19
Finland,FIN,2020-06-30,35.19
Finland,FIN,2020-07-01,35.19
Finland,FIN,2020-07-02,35.19
Finland,FIN,2020-07-03,35.19
Finland,FIN,2020-07-04,35.19
Finland,FIN,2020-07-05,35.19
Finland,FIN,2020-07-06,35.19
Finland,FIN,2020-07-07,35.19
Finland,FIN,2020-07-08,35.19
Finland,FIN,2020-07-09,40.74
Finland,FIN,2020-07-10,40.74
Finland,FIN,2020-07-11,40.74
Finland,FIN,2020-07-12,40.74
Finland,FIN,2020-07-13,40.74
Finland,FIN,2020-07-14,40.74
Finland,FIN,2020-07-15,40.74
Finland,FIN,2020-07-16,40.74
Finland,FIN,2020-07-17,35.19
Finland,FIN,2020-07-18,35.19
Finland,FIN,2020-07-19,35.19
Finland,FIN,2020-07-20,35.19
Finland,FIN,2020-07-21,35.19
Finland,FIN,2020-07-22,35.19
Finland,FIN,2020-07-23,35.19
Finland,FIN,2020-07-24,35.19
Finland,FIN,2020-07-25,35.19
Finland,FIN,2020-07-26,35.19
Finland,FIN,2020-07-27,35.19
Finland,FIN,2020-07-28,35.19
Finland,FIN,2020-07-29,35.19
Finland,FIN,2020-07-30,35.19
Finland,FIN,2020-07-31,35.19
Finland,FIN,2020-08-01,35.19
Finland,FIN,2020-08-02,35.19
Finland,FIN,2020-08-03,35.19
Finland,FIN,2020-08-04,35.19
Finland,FIN,2020-08-05,35.19
Finland,FIN,2020-08-06,35.19
Finland,FIN,2020-08-07,35.19
Finland,FIN,2020-08-08,35.19
Finland,FIN,2020-08-09,35.19
Finland,FIN,2020-08-10,35.19
Finland,FIN,2020-08-11,35.19
Finland,FIN,2020-08-12,35.19
Finland,FIN,2020-08-13,35.19
Finland,FIN,2020-08-14,32.41
Finland,FIN,2020-08-15,32.41
Finland,FIN,2020-08-16,32.41
Finland,FIN,2020-08-17,32.41
Finland,FIN,2020-08-18,32.41
Finland,FIN,2020-08-19,32.41
Finland,FIN,2020-08-20,32.41
Finland,FIN,2020-08-21,32.41
Finland,FIN,2020-08-22,32.41
Finland,FIN,2020-08-23,32.41
Finland,FIN,2020-08-24,32.41
Finland,FIN,2020-08-25,32.41
Finland,FIN,2020-08-26,32.41
Finland,FIN,2020-08-27,32.41
Finland,FIN,2020-08-28,32.41
Finland,FIN,2020-08-29,32.41
Finland,FIN,2020-08-30,32.41
Finland,FIN,2020-08-31,32.41
Finland,FIN,2020-09-01,32.41
Finland,FIN,2020-09-02,32.41
Finland,FIN,2020-09-03,32.41
Finland,FIN,2020-09-04,32.41
Finland,FIN,2020-09-05,32.41
Finland,FIN,2020-09-06,32.41
Finland,FIN,2020-09-07,32.41
Finland,FIN,2020-09-08,32.41
Finland,FIN,2020-09-09,32.41
Finland,FIN,2020-09-10,32.41
Finland,FIN,2020-09-11,32.41
Finland,FIN,2020-09-12,32.41
Finland,FIN,2020-09-13,32.41
Finland,FIN,2020-09-14,32.41
Finland,FIN,2020-09-15,32.41
Finland,FIN,2020-09-16,32.41
Finland,FIN,2020-09-17,32.41
Finland,FIN,2020-09-18,32.41
Finland,FIN,2020-09-19,32.41
Finland,FIN,2020-09-20,32.41
Finland,FIN,2020-09-21,32.41
Finland,FIN,2020-09-22,32.41
Finland,FIN,2020-09-23,32.41
Finland,FIN,2020-09-24,32.41
Finland,FIN,2020-09-25,32.41
Finland,FIN,2020-09-26,32.41
Finland,FIN,2020-09-27,32.41
Finland,FIN,2020-09-28,32.41
Finland,FIN,2020-09-29,32.41
Finland,FIN,2020-09-30,32.41
Finland,FIN,2020-10-01,32.41
Finland,FIN,2020-10-02,32.41
Finland,FIN,2020-10-03,32.41
Finland,FIN,2020-10-04,32.41
Finland,FIN,2020-10-05,32.41
Finland,FIN,2020-10-06,32.41
Finland,FIN,2020-10-07,32.41
Finland,FIN,2020-10-08,32.41
Finland,FIN,2020-10-09,32.41
Finland,FIN,2020-10-10,32.41
Finland,FIN,2020-10-11,36.57
Finland,FIN,2020-10-12,36.57
Finland,FIN,2020-10-13,36.57
Finland,FIN,2020-10-14,36.57
Finland,FIN,2020-10-15,36.57
Finland,FIN,2020-10-16,36.57
Finland,FIN,2020-10-17,36.57
Finland,FIN,2020-10-18,36.57
Finland,FIN,2020-10-19,36.57
Finland,FIN,2020-10-20,36.57
Finland,FIN,2020-10-21,36.57
Finland,FIN,2020-10-22,36.57
Finland,FIN,2020-10-23,36.57
Finland,FIN,2020-10-24,36.57
Finland,FIN,2020-10-25,36.57
Finland,FIN,2020-10-26,36.57
Finland,FIN,2020-10-27,40.74
Finland,FIN,2020-10-28,40.74
Finland,FIN,2020-10-29,40.74
Finland,FIN,2020-10-30,40.74
Finland,FIN,2020-10-31,40.74
Finland,FIN,2020-11-01,40.74
Finland,FIN,2020-11-02,40.74
Finland,FIN,2020-11-03,40.74
Finland,FIN,2020-11-04,40.74
Finland,FIN,2020-11-05,40.74
Finland,FIN,2020-11-06,40.74
Finland,FIN,2020-11-07,40.74
Finland,FIN,2020-11-08,40.74
Finland,FIN,2020-11-09,40.74
Finland,FIN,2020-11-10,40.74
Finland,FIN,2020-11-11,40.74
Finland,FIN,2020-11-12,40.74
Finland,FIN,2020-11-13,40.74
Finland,FIN,2020-11-14,40.74
Finland,FIN,2020-11-15,40.74
Finland,FIN,2020-11-16,40.74
Finland,FIN,2020-11-17,40.74
Finland,FIN,2020-11-18,40.74
Finland,FIN,2020-11-19,40.74
Finland,FIN,2020-11-20,40.74
Finland,FIN,2020-11-21,40.74
Finland,FIN,2020-11-22,40.74
Finland,FIN,2020-11-23,42.13
Finland,FIN,2020-11-24,42.13
Finland,FIN,2020-11-25,42.13
Finland,FIN,2020-11-26,42.13
Finland,FIN,2020-11-27,42.13
Finland,FIN,2020-11-28,42.13
Finland,FIN,2020-11-29,42.13
Finland,FIN,2020-11-30,46.76
Finland,FIN,2020-12-01,46.76
Finland,FIN,2020-12-02,46.76
Finland,FIN,2020-12-03,48.61
Finland,FIN,2020-12-04,48.61
Finland,FIN,2020-12-05,48.61
Finland,FIN,2020-12-06,48.61
Finland,FIN,2020-12-07,52.31
Finland,FIN,2020-12-08,52.31
Finland,FIN,2020-12-09,52.31
Finland,FIN,2020-12-10,52.31
Finland,FIN,2020-12-11,52.31
Finland,FIN,2020-12-12,52.31
Finland,FIN,2020-12-13,52.31
Finland,FIN,2020-12-14,52.31
Finland,FIN,2020-12-15,52.31
Finland,FIN,2020-12-16,52.31
Finland,FIN,2020-12-17,52.31
Finland,FIN,2020-12-18,52.31
Finland,FIN,2020-12-19,52.31
Finland,FIN,2020-12-20,52.31
Finland,FIN,2020-12-21,52.31
Finland,FIN,2020-12-22,52.31
Finland,FIN,2020-12-23,52.31
Finland,FIN,2020-12-24,52.31
Finland,FIN,2020-12-25,52.31
Finland,FIN,2020-12-26,52.31
Finland,FIN,2020-12-27,52.31
Finland,FIN,2020-12-28,52.31
Finland,FIN,2020-12-29,52.31
Finland,FIN,2020-12-30,52.31
Finland,FIN,2020-12-31,52.31
Finland,FIN,2021-01-01,52.31
Finland,FIN,2021-01-02,52.31
Finland,FIN,2021-01-03,52.31
Finland,FIN,2021-01-04,52.31
Finland,FIN,2021-01-05,52.31
Finland,FIN,2021-01-06,52.31
Finland,FIN,2021-01-07,52.31
Finland,FIN,2021-01-08,52.31
Finland,FIN,2021-01-09,52.31
Finland,FIN,2021-01-10,52.31
Finland,FIN,2021-01-11,52.31
Finland,FIN,2021-01-12,52.31
Finland,FIN,2021-01-13,52.31
Finland,FIN,2021-01-14,52.31
Finland,FIN,2021-01-15,52.31
Finland,FIN,2021-01-16,52.31
Finland,FIN,2021-01-17,52.31
Finland,FIN,2021-01-18,52.31
Finland,FIN,2021-01-19,52.31
Finland,FIN,2021-01-20,52.31
Finland,FIN,2021-01-21,52.31
Finland,FIN,2021-01-22,52.31
Finland,FIN,2021-01-23,52.31
Finland,FIN,2021-01-24,52.31
Finland,FIN,2021-01-25,52.31
Finland,FIN,2021-01-26,52.31
Finland,FIN,2021-01-27,52.31
Finland,FIN,2021-01-28,52.31
Finland,FIN,2021-01-29,52.31
Finland,FIN,2021-01-30,52.31
Finland,FIN,2021-01-31,52.31
Finland,FIN,2021-02-01,55.09
Finland,FIN,2021-02-02,55.09
Finland,FIN,2021-02-03,55.09
Finland,FIN,2021-02-04,55.09
Finland,FIN,2021-02-05,55.09
Finland,FIN,2021-02-06,55.09
Finland,FIN,2021-02-07,55.09
Finland,FIN,2021-02-08,55.09
Finland,FIN,2021-02-09,55.09
Finland,FIN,2021-02-10,55.09
Finland,FIN,2021-02-11,55.09
Finland,FIN,2021-02-12,55.09
Finland,FIN,2021-02-13,52.31
Finland,FIN,2021-02-14,52.31
Finland,FIN,2021-02-15,52.31
Finland,FIN,2021-02-16,52.31
Finland,FIN,2021-02-17,52.31
Finland,FIN,2021-02-18,52.31
Finland,FIN,2021-02-19,52.31
Finland,FIN,2021-02-20,52.31
Finland,FIN,2021-02-21,52.31
Finland,FIN,2021-02-22,52.31
Finland,FIN,2021-02-23,52.31
Finland,FIN,2021-02-24,52.31
Finland,FIN,2021-02-25,52.31
Finland,FIN,2021-02-26,52.31
Finland,FIN,2021-02-27,52.31
Finland,FIN,2021-02-28,52.31
Finland,FIN,2021-03-01,52.31
Finland,FIN,2021-03-02,52.31
Finland,FIN,2021-03-03,52.31
Finland,FIN,2021-03-04,52.31
Finland,FIN,2021-03-05,52.31
France,FRA,2020-01-01,0
France,FRA,2020-01-02,0
France,FRA,2020-01-03,0
France,FRA,2020-01-04,0
France,FRA,2020-01-05,0
France,FRA,2020-01-06,0
France,FRA,2020-01-07,0
France,FRA,2020-01-08,0
France,FRA,2020-01-09,0
France,FRA,2020-01-10,0
France,FRA,2020-01-11,0
France,FRA,2020-01-12,0
France,FRA,2020-01-13,0
France,FRA,2020-01-14,0
France,FRA,2020-01-15,0
France,FRA,2020-01-16,0
France,FRA,2020-01-17,0
France,FRA,2020-01-18,0
France,FRA,2020-01-19,0
France,FRA,2020-01-20,0
France,FRA,2020-01-21,0
France,FRA,2020-01-22,2.78
France,FRA,2020-01-23,2.78
France,FRA,2020-01-24,5.56
France,FRA,2020-01-25,5.56
France,FRA,2020-01-26,5.56
France,FRA,2020-01-27,5.56
France,FRA,2020-01-28,5.56
France,FRA,2020-01-29,5.56
France,FRA,2020-01-30,5.56
France,FRA,2020-01-31,5.56
France,FRA,2020-02-01,5.56
France,FRA,2020-02-02,5.56
France,FRA,2020-02-03,5.56
France,FRA,2020-02-04,5.56
France,FRA,2020-02-05,5.56
France,FRA,2020-02-06,5.56
France,FRA,2020-02-07,5.56
France,FRA,2020-02-08,5.56
France,FRA,2020-02-09,5.56
France,FRA,2020-02-10,5.56
France,FRA,2020-02-11,5.56
France,FRA,2020-02-12,5.56
France,FRA,2020-02-13,5.56
France,FRA,2020-02-14,5.56
France,FRA,2020-02-15,5.56
France,FRA,2020-02-16,5.56
France,FRA,2020-02-17,5.56
France,FRA,2020-02-18,5.56
France,FRA,2020-02-19,5.56
France,FRA,2020-02-20,5.56
France,FRA,2020-02-21,5.56
France,FRA,2020-02-22,5.56
France,FRA,2020-02-23,5.56
France,FRA,2020-02-24,5.56
France,FRA,2020-02-25,13.89
France,FRA,2020-02-26,13.89
France,FRA,2020-02-27,13.89
France,FRA,2020-02-28,13.89
France,FRA,2020-02-29,34.72
France,FRA,2020-03-01,34.72
France,FRA,2020-03-02,43.98
France,FRA,2020-03-03,43.98
France,FRA,2020-03-04,43.98
France,FRA,2020-03-05,43.98
France,FRA,2020-03-06,43.98
France,FRA,2020-03-07,43.98
France,FRA,2020-03-08,43.98
France,FRA,2020-03-09,43.98
France,FRA,2020-03-10,43.98
France,FRA,2020-03-11,43.98
France,FRA,2020-03-12,43.98
France,FRA,2020-03-13,43.98
France,FRA,2020-03-14,49.54
France,FRA,2020-03-15,49.54
France,FRA,2020-03-16,56.94
France,FRA,2020-03-17,87.96
France,FRA,2020-03-18,87.96
France,FRA,2020-03-19,87.96
France,FRA,2020-03-20,87.96
France,FRA,2020-03-21,87.96
France,FRA,2020-03-22,87.96
France,FRA,2020-03-23,87.96
France,FRA,2020-03-24,87.96
France,FRA,2020-03-25,87.96
France,FRA,2020-03-26,87.96
France,FRA,2020-03-27,87.96
France,FRA,2020-03-28,87.96
France,FRA,2020-03-29,87.96
France,FRA,2020-03-30,87.96
France,FRA,2020-03-31,87.96
France,FRA,2020-04-01,87.96
France,FRA,2020-04-02,87.96
France,FRA,2020-04-03,87.96
France,FRA,2020-04-04,87.96
France,FRA,2020-04-05,87.96
France,FRA,2020-04-06,87.96
France,FRA,2020-04-07,87.96
France,FRA,2020-04-08,87.96
France,FRA,2020-04-09,87.96
France,FRA,2020-04-10,87.96
France,FRA,2020-04-11,87.96
France,FRA,2020-04-12,87.96
France,FRA,2020-04-13,87.96
France,FRA,2020-04-14,87.96
France,FRA,2020-04-15,87.96
France,FRA,2020-04-16,87.96
France,FRA,2020-04-17,87.96
France,FRA,2020-04-18,87.96
France,FRA,2020-04-19,87.96
France,FRA,2020-04-20,87.96
France,FRA,2020-04-21,87.96
France,FRA,2020-04-22,87.96
France,FRA,2020-04-23,87.96
France,FRA,2020-04-24,87.96
France,FRA,2020-04-25,87.96
France,FRA,2020-04-26,87.96
France,FRA,2020-04-27,87.96
France,FRA,2020-04-28,87.96
France,FRA,2020-04-29,87.96
France,FRA,2020-04-30,87.96
France,FRA,2020-05-01,87.96
France,FRA,2020-05-02,87.96
France,FRA,2020-05-03,87.96
France,FRA,2020-05-04,87.96
France,FRA,2020-05-05,87.96
France,FRA,2020-05-06,87.96
France,FRA,2020-05-07,87.96
France,FRA,2020-05-08,87.96
France,FRA,2020-05-09,87.96
France,FRA,2020-05-10,87.96
France,FRA,2020-05-11,76.85
France,FRA,2020-05-12,76.85
France,FRA,2020-05-13,76.85
France,FRA,2020-05-14,76.85
France,FRA,2020-05-15,76.85
France,FRA,2020-05-16,76.85
France,FRA,2020-05-17,76.85
France,FRA,2020-05-18,76.85
France,FRA,2020-05-19,76.85
France,FRA,2020-05-20,76.85
France,FRA,2020-05-21,76.85
France,FRA,2020-05-22,76.85
France,FRA,2020-05-23,76.85
France,FRA,2020-05-24,76.85
France,FRA,2020-05-25,76.85
France,FRA,2020-05-26,75
France,FRA,2020-05-27,75
France,FRA,2020-05-28,75
France,FRA,2020-05-29,75
France,FRA,2020-05-30,75
France,FRA,2020-05-31,75
France,FRA,2020-06-01,75
France,FRA,2020-06-02,72.22
France,FRA,2020-06-03,72.22
France,FRA,2020-06-04,72.22
France,FRA,2020-06-05,72.22
France,FRA,2020-06-06,72.22
France,FRA,2020-06-07,72.22
France,FRA,2020-06-08,72.22
France,FRA,2020-06-09,72.22
France,FRA,2020-06-10,72.22
France,FRA,2020-06-11,72.22
France,FRA,2020-06-12,72.22
France,FRA,2020-06-13,72.22
France,FRA,2020-06-14,72.22
France,FRA,2020-06-15,72.22
France,FRA,2020-06-16,72.22
France,FRA,2020-06-17,72.22
France,FRA,2020-06-18,72.22
France,FRA,2020-06-19,72.22
France,FRA,2020-06-20,72.22
France,FRA,2020-06-21,72.22
France,FRA,2020-06-22,51.85
France,FRA,2020-06-23,51.85
France,FRA,2020-06-24,51.85
France,FRA,2020-06-25,51.85
France,FRA,2020-06-26,51.85
France,FRA,2020-06-27,51.85
France,FRA,2020-06-28,51.85
France,FRA,2020-06-29,51.85
France,FRA,2020-06-30,51.85
France,FRA,2020-07-01,51.85
France,FRA,2020-07-02,51.85
France,FRA,2020-07-03,51.85
France,FRA,2020-07-04,51.85
France,FRA,2020-07-05,51.85
France,FRA,2020-07-06,51.85
France,FRA,2020-07-07,51.85
France,FRA,2020-07-08,51.85
France,FRA,2020-07-09,51.85
France,FRA,2020-07-10,51.85
France,FRA,2020-07-11,46.3
France,FRA,2020-07-12,46.3
France,FRA,2020-07-13,46.3
France,FRA,2020-07-14,46.3
France,FRA,2020-07-15,46.3
France,FRA,2020-07-16,46.3
France,FRA,2020-07-17,46.3
France,FRA,2020-07-18,46.3
France,FRA,2020-07-19,46.3
France,FRA,2020-07-20,46.3
France,FRA,2020-07-21,46.3
France,FRA,2020-07-22,46.3
France,FRA,2020-07-23,46.3
France,FRA,2020-07-24,46.3
France,FRA,2020-07-25,46.3
France,FRA,2020-07-26,46.3
France,FRA,2020-07-27,46.3
France,FRA,2020-07-28,46.3
France,FRA,2020-07-29,46.3
France,FRA,2020-07-30,46.3
France,FRA,2020-07-31,46.3
France,FRA,2020-08-01,46.3
France,FRA,2020-08-02,46.3
France,FRA,2020-08-03,46.3
France,FRA,2020-08-04,46.3
France,FRA,2020-08-05,46.3
France,FRA,2020-08-06,46.3
France,FRA,2020-08-07,46.3
France,FRA,2020-08-08,46.3
France,FRA,2020-08-09,46.3
France,FRA,2020-08-10,46.3
France,FRA,2020-08-11,46.3
France,FRA,2020-08-12,46.3
France,FRA,2020-08-13,46.3
France,FRA,2020-08-14,48.15
France,FRA,2020-08-15,48.15
France,FRA,2020-08-16,48.15
France,FRA,2020-08-17,48.15
France,FRA,2020-08-18,48.15
France,FRA,2020-08-19,48.15
France,FRA,2020-08-20,48.15
France,FRA,2020-08-21,48.15
France,FRA,2020-08-22,48.15
France,FRA,2020-08-23,48.15
France,FRA,2020-08-24,48.15
France,FRA,2020-08-25,48.15
France,FRA,2020-08-26,48.15
France,FRA,2020-08-27,48.15
France,FRA,2020-08-28,48.15
France,FRA,2020-08-29,48.15
France,FRA,2020-08-30,48.15
France,FRA,2020-08-31,48.15
France,FRA,2020-09-01,46.76
France,FRA,2020-09-02,46.76
France,FRA,2020-09-03,48.61
France,FRA,2020-09-04,48.61
France,FRA,2020-09-05,48.61
France,FRA,2020-09-06,48.61
France,FRA,2020-09-07,48.61
France,FRA,2020-09-08,48.61
France,FRA,2020-09-09,48.61
France,FRA,2020-09-10,48.61
France,FRA,2020-09-11,48.61
France,FRA,2020-09-12,48.61
France,FRA,2020-09-13,48.61
France,FRA,2020-09-14,48.61
France,FRA,2020-09-15,48.61
France,FRA,2020-09-16,48.61
France,FRA,2020-09-17,48.61
France,FRA,2020-09-18,48.61
France,FRA,2020-09-19,48.61
France,FRA,2020-09-20,48.61
France,FRA,2020-09-21,48.61
France,FRA,2020-09-22,46.76
France,FRA,2020-09-23,46.76
France,FRA,2020-09-24,46.76
France,FRA,2020-09-25,46.76
France,FRA,2020-09-26,49.54
France,FRA,2020-09-27,49.54
France,FRA,2020-09-28,49.54
France,FRA,2020-09-29,49.54
France,FRA,2020-09-30,49.54
France,FRA,2020-10-01,49.54
France,FRA,2020-10-02,49.54
France,FRA,2020-10-03,49.54
France,FRA,2020-10-04,49.54
France,FRA,2020-10-05,49.54
France,FRA,2020-10-06,49.54
France,FRA,2020-10-07,49.54
France,FRA,2020-10-08,49.54
France,FRA,2020-10-09,49.54
France,FRA,2020-10-10,43.98
France,FRA,2020-10-11,43.98
France,FRA,2020-10-12,43.98
France,FRA,2020-10-13,43.98
France,FRA,2020-10-14,43.98
France,FRA,2020-10-15,43.98
France,FRA,2020-10-16,43.98
France,FRA,2020-10-17,49.54
France,FRA,2020-10-18,49.54
France,FRA,2020-10-19,49.54
France,FRA,2020-10-20,49.54
France,FRA,2020-10-21,49.54
France,FRA,2020-10-22,49.54
France,FRA,2020-10-23,49.54
France,FRA,2020-10-24,49.54
France,FRA,2020-10-25,49.54
France,FRA,2020-10-26,49.54
France,FRA,2020-10-27,49.54
France,FRA,2020-10-28,49.54
France,FRA,2020-10-29,49.54
France,FRA,2020-10-30,78.7
France,FRA,2020-10-31,78.7
France,FRA,2020-11-01,78.7
France,FRA,2020-11-02,78.7
France,FRA,2020-11-03,78.7
France,FRA,2020-11-04,78.7
France,FRA,2020-11-05,78.7
France,FRA,2020-11-06,78.7
France,FRA,2020-11-07,78.7
France,FRA,2020-11-08,78.7
France,FRA,2020-11-09,78.7
France,FRA,2020-11-10,78.7
France,FRA,2020-11-11,78.7
France,FRA,2020-11-12,78.7
France,FRA,2020-11-13,78.7
France,FRA,2020-11-14,78.7
France,FRA,2020-11-15,78.7
France,FRA,2020-11-16,78.7
France,FRA,2020-11-17,78.7
France,FRA,2020-11-18,78.7
France,FRA,2020-11-19,78.7
France,FRA,2020-11-20,78.7
France,FRA,2020-11-21,78.7
France,FRA,2020-11-22,78.7
France,FRA,2020-11-23,78.7
France,FRA,2020-11-24,78.7
France,FRA,2020-11-25,78.7
France,FRA,2020-11-26,78.7
France,FRA,2020-11-27,78.7
France,FRA,2020-11-28,75
France,FRA,2020-11-29,75
France,FRA,2020-11-30,75
France,FRA,2020-12-01,75
France,FRA,2020-12-02,75
France,FRA,2020-12-03,75
France,FRA,2020-12-04,75
France,FRA,2020-12-05,75
France,FRA,2020-12-06,75
France,FRA,2020-12-07,75
France,FRA,2020-12-08,75
France,FRA,2020-12-09,75
France,FRA,2020-12-10,75
France,FRA,2020-12-11,75
France,FRA,2020-12-12,75
France,FRA,2020-12-13,75
France,FRA,2020-12-14,75
France,FRA,2020-12-15,69.44
France,FRA,2020-12-16,69.44
France,FRA,2020-12-17,69.44
France,FRA,2020-12-18,69.44
France,FRA,2020-12-19,69.44
France,FRA,2020-12-20,69.44
France,FRA,2020-12-21,69.44
France,FRA,2020-12-22,69.44
France,FRA,2020-12-23,63.89
France,FRA,2020-12-24,63.89
France,FRA,2020-12-25,63.89
France,FRA,2020-12-26,63.89
France,FRA,2020-12-27,63.89
France,FRA,2020-12-28,63.89
France,FRA,2020-12-29,63.89
France,FRA,2020-12-30,63.89
France,FRA,2020-12-31,63.89
France,FRA,2021-01-01,63.89
France,FRA,2021-01-02,63.89
France,FRA,2021-01-03,63.89
France,FRA,2021-01-04,63.89
France,FRA,2021-01-05,63.89
France,FRA,2021-01-06,63.89
France,FRA,2021-01-07,63.89
France,FRA,2021-01-08,63.89
France,FRA,2021-01-09,63.89
France,FRA,2021-01-10,63.89
France,FRA,2021-01-11,63.89
France,FRA,2021-01-12,63.89
France,FRA,2021-01-13,63.89
France,FRA,2021-01-14,63.89
France,FRA,2021-01-15,63.89
France,FRA,2021-01-16,63.89
France,FRA,2021-01-17,63.89
France,FRA,2021-01-18,63.89
France,FRA,2021-01-19,63.89
France,FRA,2021-01-20,63.89
France,FRA,2021-01-21,63.89
France,FRA,2021-01-22,63.89
France,FRA,2021-01-23,63.89
France,FRA,2021-01-24,63.89
France,FRA,2021-01-25,63.89
France,FRA,2021-01-26,63.89
France,FRA,2021-01-27,63.89
France,FRA,2021-01-28,63.89
France,FRA,2021-01-29,63.89
France,FRA,2021-01-30,63.89
France,FRA,2021-01-31,63.89
France,FRA,2021-02-01,63.89
France,FRA,2021-02-02,63.89
France,FRA,2021-02-03,63.89
France,FRA,2021-02-04,63.89
France,FRA,2021-02-05,63.89
France,FRA,2021-02-06,63.89
France,FRA,2021-02-07,63.89
France,FRA,2021-02-08,63.89
France,FRA,2021-02-09,63.89
France,FRA,2021-02-10,63.89
France,FRA,2021-02-11,63.89
France,FRA,2021-02-12,63.89
France,FRA,2021-02-13,63.89
France,FRA,2021-02-14,63.89
France,FRA,2021-02-15,63.89
France,FRA,2021-02-16,63.89
France,FRA,2021-02-17,63.89
France,FRA,2021-02-18,63.89
France,FRA,2021-02-19,63.89
France,FRA,2021-02-20,63.89
France,FRA,2021-02-21,63.89
France,FRA,2021-02-22,63.89
France,FRA,2021-02-23,63.89
France,FRA,2021-02-24,63.89
France,FRA,2021-02-25,63.89
France,FRA,2021-02-26,74.07
France,FRA,2021-02-27,74.07
France,FRA,2021-02-28,82.41
France,FRA,2021-03-01,82.41
France,FRA,2021-03-02,72.22
France,FRA,2021-03-03,72.22
France,FRA,2021-03-04,72.22
France,FRA,2021-03-05,82.41
France,FRA,2021-03-06,82.41
France,FRA,2021-03-07,82.41
France,FRA,2021-03-08,82.41
Gabon,GAB,2020-01-01,0
Gabon,GAB,2020-01-02,0
Gabon,GAB,2020-01-03,0
Gabon,GAB,2020-01-04,0
Gabon,GAB,2020-01-05,0
Gabon,GAB,2020-01-06,0
Gabon,GAB,2020-01-07,0
Gabon,GAB,2020-01-08,0
Gabon,GAB,2020-01-09,0
Gabon,GAB,2020-01-10,0
Gabon,GAB,2020-01-11,0
Gabon,GAB,2020-01-12,0
Gabon,GAB,2020-01-13,0
Gabon,GAB,2020-01-14,0
Gabon,GAB,2020-01-15,0
Gabon,GAB,2020-01-16,0
Gabon,GAB,2020-01-17,0
Gabon,GAB,2020-01-18,0
Gabon,GAB,2020-01-19,0
Gabon,GAB,2020-01-20,0
Gabon,GAB,2020-01-21,0
Gabon,GAB,2020-01-22,5.56
Gabon,GAB,2020-01-23,5.56
Gabon,GAB,2020-01-24,5.56
Gabon,GAB,2020-01-25,5.56
Gabon,GAB,2020-01-26,5.56
Gabon,GAB,2020-01-27,5.56
Gabon,GAB,2020-01-28,5.56
Gabon,GAB,2020-01-29,5.56
Gabon,GAB,2020-01-30,5.56
Gabon,GAB,2020-01-31,5.56
Gabon,GAB,2020-02-01,5.56
Gabon,GAB,2020-02-02,5.56
Gabon,GAB,2020-02-03,5.56
Gabon,GAB,2020-02-04,5.56
Gabon,GAB,2020-02-05,5.56
Gabon,GAB,2020-02-06,5.56
Gabon,GAB,2020-02-07,13.89
Gabon,GAB,2020-02-08,13.89
Gabon,GAB,2020-02-09,13.89
Gabon,GAB,2020-02-10,13.89
Gabon,GAB,2020-02-11,13.89
Gabon,GAB,2020-02-12,13.89
Gabon,GAB,2020-02-13,13.89
Gabon,GAB,2020-02-14,13.89
Gabon,GAB,2020-02-15,13.89
Gabon,GAB,2020-02-16,13.89
Gabon,GAB,2020-02-17,13.89
Gabon,GAB,2020-02-18,13.89
Gabon,GAB,2020-02-19,13.89
Gabon,GAB,2020-02-20,13.89
Gabon,GAB,2020-02-21,13.89
Gabon,GAB,2020-02-22,13.89
Gabon,GAB,2020-02-23,13.89
Gabon,GAB,2020-02-24,13.89
Gabon,GAB,2020-02-25,13.89
Gabon,GAB,2020-02-26,13.89
Gabon,GAB,2020-02-27,13.89
Gabon,GAB,2020-02-28,13.89
Gabon,GAB,2020-02-29,13.89
Gabon,GAB,2020-03-01,13.89
Gabon,GAB,2020-03-02,13.89
Gabon,GAB,2020-03-03,13.89
Gabon,GAB,2020-03-04,13.89
Gabon,GAB,2020-03-05,13.89
Gabon,GAB,2020-03-06,13.89
Gabon,GAB,2020-03-07,13.89
Gabon,GAB,2020-03-08,13.89
Gabon,GAB,2020-03-09,13.89
Gabon,GAB,2020-03-10,13.89
Gabon,GAB,2020-03-11,13.89
Gabon,GAB,2020-03-12,13.89
Gabon,GAB,2020-03-13,33.33
Gabon,GAB,2020-03-14,33.33
Gabon,GAB,2020-03-15,33.33
Gabon,GAB,2020-03-16,44.44
Gabon,GAB,2020-03-17,44.44
Gabon,GAB,2020-03-18,44.44
Gabon,GAB,2020-03-19,44.44
Gabon,GAB,2020-03-20,62.96
Gabon,GAB,2020-03-21,66.67
Gabon,GAB,2020-03-22,66.67
Gabon,GAB,2020-03-23,66.67
Gabon,GAB,2020-03-24,66.67
Gabon,GAB,2020-03-25,66.67
Gabon,GAB,2020-03-26,66.67
Gabon,GAB,2020-03-27,66.67
Gabon,GAB,2020-03-28,66.67
Gabon,GAB,2020-03-29,66.67
Gabon,GAB,2020-03-30,66.67
Gabon,GAB,2020-03-31,66.67
Gabon,GAB,2020-04-01,66.67
Gabon,GAB,2020-04-02,66.67
Gabon,GAB,2020-04-03,66.67
Gabon,GAB,2020-04-04,66.67
Gabon,GAB,2020-04-05,66.67
Gabon,GAB,2020-04-06,66.67
Gabon,GAB,2020-04-07,66.67
Gabon,GAB,2020-04-08,66.67
Gabon,GAB,2020-04-09,66.67
Gabon,GAB,2020-04-10,76.85
Gabon,GAB,2020-04-11,76.85
Gabon,GAB,2020-04-12,78.7
Gabon,GAB,2020-04-13,78.7
Gabon,GAB,2020-04-14,81.48
Gabon,GAB,2020-04-15,81.48
Gabon,GAB,2020-04-16,81.48
Gabon,GAB,2020-04-17,81.48
Gabon,GAB,2020-04-18,81.48
Gabon,GAB,2020-04-19,81.48
Gabon,GAB,2020-04-20,81.48
Gabon,GAB,2020-04-21,81.48
Gabon,GAB,2020-04-22,81.48
Gabon,GAB,2020-04-23,81.48
Gabon,GAB,2020-04-24,81.48
Gabon,GAB,2020-04-25,81.48
Gabon,GAB,2020-04-26,81.48
Gabon,GAB,2020-04-27,79.63
Gabon,GAB,2020-04-28,79.63
Gabon,GAB,2020-04-29,79.63
Gabon,GAB,2020-04-30,79.63
Gabon,GAB,2020-05-01,79.63
Gabon,GAB,2020-05-02,79.63
Gabon,GAB,2020-05-03,79.63
Gabon,GAB,2020-05-04,79.63
Gabon,GAB,2020-05-05,79.63
Gabon,GAB,2020-05-06,79.63
Gabon,GAB,2020-05-07,79.63
Gabon,GAB,2020-05-08,79.63
Gabon,GAB,2020-05-09,79.63
Gabon,GAB,2020-05-10,79.63
Gabon,GAB,2020-05-11,75
Gabon,GAB,2020-05-12,75
Gabon,GAB,2020-05-13,75
Gabon,GAB,2020-05-14,80.56
Gabon,GAB,2020-05-15,80.56
Gabon,GAB,2020-05-16,80.56
Gabon,GAB,2020-05-17,80.56
Gabon,GAB,2020-05-18,80.56
Gabon,GAB,2020-05-19,80.56
Gabon,GAB,2020-05-20,80.56
Gabon,GAB,2020-05-21,80.56
Gabon,GAB,2020-05-22,80.56
Gabon,GAB,2020-05-23,80.56
Gabon,GAB,2020-05-24,80.56
Gabon,GAB,2020-05-25,80.56
Gabon,GAB,2020-05-26,80.56
Gabon,GAB,2020-05-27,80.56
Gabon,GAB,2020-05-28,80.56
Gabon,GAB,2020-05-29,80.56
Gabon,GAB,2020-05-30,80.56
Gabon,GAB,2020-05-31,80.56
Gabon,GAB,2020-06-01,80.56
Gabon,GAB,2020-06-02,80.56
Gabon,GAB,2020-06-03,80.56
Gabon,GAB,2020-06-04,80.56
Gabon,GAB,2020-06-05,80.56
Gabon,GAB,2020-06-06,80.56
Gabon,GAB,2020-06-07,80.56
Gabon,GAB,2020-06-08,80.56
Gabon,GAB,2020-06-09,80.56
Gabon,GAB,2020-06-10,80.56
Gabon,GAB,2020-06-11,80.56
Gabon,GAB,2020-06-12,80.56
Gabon,GAB,2020-06-13,80.56
Gabon,GAB,2020-06-14,80.56
Gabon,GAB,2020-06-15,76.85
Gabon,GAB,2020-06-16,76.85
Gabon,GAB,2020-06-17,76.85
Gabon,GAB,2020-06-18,76.85
Gabon,GAB,2020-06-19,76.85
Gabon,GAB,2020-06-20,76.85
Gabon,GAB,2020-06-21,76.85
Gabon,GAB,2020-06-22,76.85
Gabon,GAB,2020-06-23,76.85
Gabon,GAB,2020-06-24,76.85
Gabon,GAB,2020-06-25,76.85
Gabon,GAB,2020-06-26,76.85
Gabon,GAB,2020-06-27,76.85
Gabon,GAB,2020-06-28,76.85
Gabon,GAB,2020-06-29,76.85
Gabon,GAB,2020-06-30,76.85
Gabon,GAB,2020-07-01,74.07
Gabon,GAB,2020-07-02,74.07
Gabon,GAB,2020-07-03,74.07
Gabon,GAB,2020-07-04,74.07
Gabon,GAB,2020-07-05,74.07
Gabon,GAB,2020-07-06,74.07
Gabon,GAB,2020-07-07,74.07
Gabon,GAB,2020-07-08,74.07
Gabon,GAB,2020-07-09,74.07
Gabon,GAB,2020-07-10,74.07
Gabon,GAB,2020-07-11,74.07
Gabon,GAB,2020-07-12,74.07
Gabon,GAB,2020-07-13,74.07
Gabon,GAB,2020-07-14,74.07
Gabon,GAB,2020-07-15,74.07
Gabon,GAB,2020-07-16,74.07
Gabon,GAB,2020-07-17,74.07
Gabon,GAB,2020-07-18,74.07
Gabon,GAB,2020-07-19,74.07
Gabon,GAB,2020-07-20,74.07
Gabon,GAB,2020-07-21,74.07
Gabon,GAB,2020-07-22,74.07
Gabon,GAB,2020-07-23,74.07
Gabon,GAB,2020-07-24,74.07
Gabon,GAB,2020-07-25,74.07
Gabon,GAB,2020-07-26,74.07
Gabon,GAB,2020-07-27,74.07
Gabon,GAB,2020-07-28,74.07
Gabon,GAB,2020-07-29,74.07
Gabon,GAB,2020-07-30,74.07
Gabon,GAB,2020-07-31,74.07
Gabon,GAB,2020-08-01,74.07
Gabon,GAB,2020-08-02,74.07
Gabon,GAB,2020-08-03,74.07
Gabon,GAB,2020-08-04,74.07
Gabon,GAB,2020-08-05,74.07
Gabon,GAB,2020-08-06,74.07
Gabon,GAB,2020-08-07,74.07
Gabon,GAB,2020-08-08,74.07
Gabon,GAB,2020-08-09,74.07
Gabon,GAB,2020-08-10,74.07
Gabon,GAB,2020-08-11,74.07
Gabon,GAB,2020-08-12,74.07
Gabon,GAB,2020-08-13,74.07
Gabon,GAB,2020-08-14,74.07
Gabon,GAB,2020-08-15,74.07
Gabon,GAB,2020-08-16,74.07
Gabon,GAB,2020-08-17,74.07
Gabon,GAB,2020-08-18,74.07
Gabon,GAB,2020-08-19,74.07
Gabon,GAB,2020-08-20,74.07
Gabon,GAB,2020-08-21,74.07
Gabon,GAB,2020-08-22,74.07
Gabon,GAB,2020-08-23,74.07
Gabon,GAB,2020-08-24,74.07
Gabon,GAB,2020-08-25,74.07
Gabon,GAB,2020-08-26,74.07
Gabon,GAB,2020-08-27,74.07
Gabon,GAB,2020-08-28,74.07
Gabon,GAB,2020-08-29,74.07
Gabon,GAB,2020-08-30,74.07
Gabon,GAB,2020-08-31,74.07
Gabon,GAB,2020-09-01,74.07
Gabon,GAB,2020-09-02,74.07
Gabon,GAB,2020-09-03,74.07
Gabon,GAB,2020-09-04,74.07
Gabon,GAB,2020-09-05,74.07
Gabon,GAB,2020-09-06,74.07
Gabon,GAB,2020-09-07,74.07
Gabon,GAB,2020-09-08,74.07
Gabon,GAB,2020-09-09,74.07
Gabon,GAB,2020-09-10,74.07
Gabon,GAB,2020-09-11,74.07
Gabon,GAB,2020-09-12,74.07
Gabon,GAB,2020-09-13,74.07
Gabon,GAB,2020-09-14,74.07
Gabon,GAB,2020-09-15,74.07
Gabon,GAB,2020-09-16,74.07
Gabon,GAB,2020-09-17,74.07
Gabon,GAB,2020-09-18,74.07
Gabon,GAB,2020-09-19,74.07
Gabon,GAB,2020-09-20,74.07
Gabon,GAB,2020-09-21,74.07
Gabon,GAB,2020-09-22,74.07
Gabon,GAB,2020-09-23,74.07
Gabon,GAB,2020-09-24,74.07
Gabon,GAB,2020-09-25,74.07
Gabon,GAB,2020-09-26,74.07
Gabon,GAB,2020-09-27,74.07
Gabon,GAB,2020-09-28,74.07
Gabon,GAB,2020-09-29,74.07
Gabon,GAB,2020-09-30,74.07
Gabon,GAB,2020-10-01,74.07
Gabon,GAB,2020-10-02,74.07
Gabon,GAB,2020-10-03,74.07
Gabon,GAB,2020-10-04,74.07
Gabon,GAB,2020-10-05,74.07
Gabon,GAB,2020-10-06,74.07
Gabon,GAB,2020-10-07,74.07
Gabon,GAB,2020-10-08,74.07
Gabon,GAB,2020-10-09,74.07
Gabon,GAB,2020-10-10,74.07
Gabon,GAB,2020-10-11,74.07
Gabon,GAB,2020-10-12,74.07
Gabon,GAB,2020-10-13,74.07
Gabon,GAB,2020-10-14,74.07
Gabon,GAB,2020-10-15,74.07
Gabon,GAB,2020-10-16,72.22
Gabon,GAB,2020-10-17,72.22
Gabon,GAB,2020-10-18,72.22
Gabon,GAB,2020-10-19,72.22
Gabon,GAB,2020-10-20,72.22
Gabon,GAB,2020-10-21,72.22
Gabon,GAB,2020-10-22,72.22
Gabon,GAB,2020-10-23,72.22
Gabon,GAB,2020-10-24,72.22
Gabon,GAB,2020-10-25,72.22
Gabon,GAB,2020-10-26,72.22
Gabon,GAB,2020-10-27,72.22
Gabon,GAB,2020-10-28,72.22
Gabon,GAB,2020-10-29,72.22
Gabon,GAB,2020-10-30,72.22
Gabon,GAB,2020-10-31,69.44
Gabon,GAB,2020-11-01,69.44
Gabon,GAB,2020-11-02,69.44
Gabon,GAB,2020-11-03,69.44
Gabon,GAB,2020-11-04,69.44
Gabon,GAB,2020-11-05,69.44
Gabon,GAB,2020-11-06,69.44
Gabon,GAB,2020-11-07,69.44
Gabon,GAB,2020-11-08,69.44
Gabon,GAB,2020-11-09,69.44
Gabon,GAB,2020-11-10,66.67
Gabon,GAB,2020-11-11,66.67
Gabon,GAB,2020-11-12,66.67
Gabon,GAB,2020-11-13,66.67
Gabon,GAB,2020-11-14,66.67
Gabon,GAB,2020-11-15,66.67
Gabon,GAB,2020-11-16,66.67
Gabon,GAB,2020-11-17,66.67
Gabon,GAB,2020-11-18,66.67
Gabon,GAB,2020-11-19,66.67
Gabon,GAB,2020-11-20,66.67
Gabon,GAB,2020-11-21,66.67
Gabon,GAB,2020-11-22,66.67
Gabon,GAB,2020-11-23,66.67
Gabon,GAB,2020-11-24,66.67
Gabon,GAB,2020-11-25,66.67
Gabon,GAB,2020-11-26,66.67
Gabon,GAB,2020-11-27,66.67
Gabon,GAB,2020-11-28,66.67
Gabon,GAB,2020-11-29,66.67
Gabon,GAB,2020-11-30,66.67
Gabon,GAB,2020-12-01,66.67
Gabon,GAB,2020-12-02,66.67
Gabon,GAB,2020-12-03,66.67
Gabon,GAB,2020-12-04,66.67
Gabon,GAB,2020-12-05,66.67
Gabon,GAB,2020-12-06,66.67
Gabon,GAB,2020-12-07,66.67
Gabon,GAB,2020-12-08,55.56
Gabon,GAB,2020-12-09,55.56
Gabon,GAB,2020-12-10,55.56
Gabon,GAB,2020-12-11,55.56
Gabon,GAB,2020-12-12,55.56
Gabon,GAB,2020-12-13,55.56
Gabon,GAB,2020-12-14,55.56
Gabon,GAB,2020-12-15,53.7
Gabon,GAB,2020-12-16,53.7
Gabon,GAB,2020-12-17,53.7
Gabon,GAB,2020-12-18,53.7
Gabon,GAB,2020-12-19,53.7
Gabon,GAB,2020-12-20,53.7
Gabon,GAB,2020-12-21,72.22
Gabon,GAB,2020-12-22,72.22
Gabon,GAB,2020-12-23,72.22
Gabon,GAB,2020-12-24,72.22
Gabon,GAB,2020-12-25,72.22
Gabon,GAB,2020-12-26,72.22
Gabon,GAB,2020-12-27,72.22
Gabon,GAB,2020-12-28,72.22
Gabon,GAB,2020-12-29,72.22
Gabon,GAB,2020-12-30,72.22
Gabon,GAB,2020-12-31,72.22
Gabon,GAB,2021-01-01,72.22
Gabon,GAB,2021-01-02,72.22
Gabon,GAB,2021-01-03,72.22
Gabon,GAB,2021-01-04,72.22
Gabon,GAB,2021-01-05,47.22
Gabon,GAB,2021-01-06,47.22
Gabon,GAB,2021-01-07,47.22
Gabon,GAB,2021-01-08,47.22
Gabon,GAB,2021-01-09,47.22
Gabon,GAB,2021-01-10,47.22
Gabon,GAB,2021-01-11,47.22
Gabon,GAB,2021-01-12,47.22
Gabon,GAB,2021-01-13,47.22
Gabon,GAB,2021-01-14,47.22
Gabon,GAB,2021-01-15,47.22
Gabon,GAB,2021-01-16,47.22
Gabon,GAB,2021-01-17,47.22
Gabon,GAB,2021-01-18,47.22
Gabon,GAB,2021-01-19,47.22
Gabon,GAB,2021-01-20,47.22
Gabon,GAB,2021-01-21,47.22
Gabon,GAB,2021-01-22,47.22
Gabon,GAB,2021-01-23,47.22
Gabon,GAB,2021-01-24,47.22
Gabon,GAB,2021-01-25,47.22
Gabon,GAB,2021-01-26,47.22
Gabon,GAB,2021-01-27,47.22
Gabon,GAB,2021-01-28,47.22
Gabon,GAB,2021-01-29,47.22
Gabon,GAB,2021-01-30,47.22
Gabon,GAB,2021-01-31,47.22
Gabon,GAB,2021-02-01,47.22
Gabon,GAB,2021-02-02,47.22
Gabon,GAB,2021-02-03,47.22
Gabon,GAB,2021-02-04,47.22
Gabon,GAB,2021-02-05,47.22
Gabon,GAB,2021-02-06,47.22
Gabon,GAB,2021-02-07,47.22
Gabon,GAB,2021-02-08,47.22
Gabon,GAB,2021-02-09,47.22
Gabon,GAB,2021-02-10,47.22
Gabon,GAB,2021-02-11,47.22
Gabon,GAB,2021-02-12,47.22
Gabon,GAB,2021-02-13,47.22
Gabon,GAB,2021-02-14,47.22
Gabon,GAB,2021-02-15,47.22
Gabon,GAB,2021-02-16,47.22
Gabon,GAB,2021-02-17,47.22
Gabon,GAB,2021-02-18,47.22
Gabon,GAB,2021-02-19,47.22
Gabon,GAB,2021-02-20,47.22
Gabon,GAB,2021-02-21,47.22
Gabon,GAB,2021-02-22,47.22
Gabon,GAB,2021-02-23,47.22
Gabon,GAB,2021-02-24,47.22
Gabon,GAB,2021-02-25,47.22
Gabon,GAB,2021-02-26,47.22
Gabon,GAB,2021-02-27,47.22
Gabon,GAB,2021-02-28,47.22
Gabon,GAB,2021-03-01,47.22
Gabon,GAB,2021-03-02,47.22
Gabon,GAB,2021-03-03,47.22
Gabon,GAB,2021-03-04,47.22
Gabon,GAB,2021-03-05,47.22
Gabon,GAB,2021-03-06,47.22
Gabon,GAB,2021-03-07,47.22
Gabon,GAB,2021-03-08,47.22
Gambia,GMB,2020-01-01,0
Gambia,GMB,2020-01-02,0
Gambia,GMB,2020-01-03,0
Gambia,GMB,2020-01-04,0
Gambia,GMB,2020-01-05,0
Gambia,GMB,2020-01-06,0
Gambia,GMB,2020-01-07,0
Gambia,GMB,2020-01-08,0
Gambia,GMB,2020-01-09,0
Gambia,GMB,2020-01-10,0
Gambia,GMB,2020-01-11,0
Gambia,GMB,2020-01-12,0
Gambia,GMB,2020-01-13,0
Gambia,GMB,2020-01-14,0
Gambia,GMB,2020-01-15,0
Gambia,GMB,2020-01-16,0
Gambia,GMB,2020-01-17,0
Gambia,GMB,2020-01-18,0
Gambia,GMB,2020-01-19,0
Gambia,GMB,2020-01-20,0
Gambia,GMB,2020-01-21,0
Gambia,GMB,2020-01-22,0
Gambia,GMB,2020-01-23,0
Gambia,GMB,2020-01-24,0
Gambia,GMB,2020-01-25,0
Gambia,GMB,2020-01-26,0
Gambia,GMB,2020-01-27,0
Gambia,GMB,2020-01-28,0
Gambia,GMB,2020-01-29,0
Gambia,GMB,2020-01-30,0
Gambia,GMB,2020-01-31,0
Gambia,GMB,2020-02-01,0
Gambia,GMB,2020-02-02,0
Gambia,GMB,2020-02-03,0
Gambia,GMB,2020-02-04,0
Gambia,GMB,2020-02-05,0
Gambia,GMB,2020-02-06,0
Gambia,GMB,2020-02-07,5.56
Gambia,GMB,2020-02-08,5.56
Gambia,GMB,2020-02-09,5.56
Gambia,GMB,2020-02-10,5.56
Gambia,GMB,2020-02-11,5.56
Gambia,GMB,2020-02-12,5.56
Gambia,GMB,2020-02-13,5.56
Gambia,GMB,2020-02-14,5.56
Gambia,GMB,2020-02-15,5.56
Gambia,GMB,2020-02-16,5.56
Gambia,GMB,2020-02-17,5.56
Gambia,GMB,2020-02-18,5.56
Gambia,GMB,2020-02-19,5.56
Gambia,GMB,2020-02-20,5.56
Gambia,GMB,2020-02-21,5.56
Gambia,GMB,2020-02-22,5.56
Gambia,GMB,2020-02-23,5.56
Gambia,GMB,2020-02-24,5.56
Gambia,GMB,2020-02-25,5.56
Gambia,GMB,2020-02-26,5.56
Gambia,GMB,2020-02-27,11.11
Gambia,GMB,2020-02-28,11.11
Gambia,GMB,2020-02-29,11.11
Gambia,GMB,2020-03-01,11.11
Gambia,GMB,2020-03-02,11.11
Gambia,GMB,2020-03-03,11.11
Gambia,GMB,2020-03-04,11.11
Gambia,GMB,2020-03-05,11.11
Gambia,GMB,2020-03-06,11.11
Gambia,GMB,2020-03-07,11.11
Gambia,GMB,2020-03-08,11.11
Gambia,GMB,2020-03-09,11.11
Gambia,GMB,2020-03-10,11.11
Gambia,GMB,2020-03-11,11.11
Gambia,GMB,2020-03-12,11.11
Gambia,GMB,2020-03-13,11.11
Gambia,GMB,2020-03-14,11.11
Gambia,GMB,2020-03-15,11.11
Gambia,GMB,2020-03-16,11.11
Gambia,GMB,2020-03-17,11.11
Gambia,GMB,2020-03-18,45.37
Gambia,GMB,2020-03-19,45.37
Gambia,GMB,2020-03-20,53.7
Gambia,GMB,2020-03-21,53.7
Gambia,GMB,2020-03-22,53.7
Gambia,GMB,2020-03-23,56.48
Gambia,GMB,2020-03-24,56.48
Gambia,GMB,2020-03-25,56.48
Gambia,GMB,2020-03-26,56.48
Gambia,GMB,2020-03-27,78.7
Gambia,GMB,2020-03-28,78.7
Gambia,GMB,2020-03-29,78.7
Gambia,GMB,2020-03-30,78.7
Gambia,GMB,2020-03-31,78.7
Gambia,GMB,2020-04-01,78.7
Gambia,GMB,2020-04-02,78.7
Gambia,GMB,2020-04-03,78.7
Gambia,GMB,2020-04-04,78.7
Gambia,GMB,2020-04-05,78.7
Gambia,GMB,2020-04-06,78.7
Gambia,GMB,2020-04-07,78.7
Gambia,GMB,2020-04-08,78.7
Gambia,GMB,2020-04-09,78.7
Gambia,GMB,2020-04-10,78.7
Gambia,GMB,2020-04-11,78.7
Gambia,GMB,2020-04-12,78.7
Gambia,GMB,2020-04-13,78.7
Gambia,GMB,2020-04-14,78.7
Gambia,GMB,2020-04-15,78.7
Gambia,GMB,2020-04-16,78.7
Gambia,GMB,2020-04-17,78.7
Gambia,GMB,2020-04-18,78.7
Gambia,GMB,2020-04-19,78.7
Gambia,GMB,2020-04-20,78.7
Gambia,GMB,2020-04-21,78.7
Gambia,GMB,2020-04-22,78.7
Gambia,GMB,2020-04-23,78.7
Gambia,GMB,2020-04-24,78.7
Gambia,GMB,2020-04-25,78.7
Gambia,GMB,2020-04-26,78.7
Gambia,GMB,2020-04-27,78.7
Gambia,GMB,2020-04-28,78.7
Gambia,GMB,2020-04-29,78.7
Gambia,GMB,2020-04-30,78.7
Gambia,GMB,2020-05-01,78.7
Gambia,GMB,2020-05-02,78.7
Gambia,GMB,2020-05-03,78.7
Gambia,GMB,2020-05-04,78.7
Gambia,GMB,2020-05-05,78.7
Gambia,GMB,2020-05-06,78.7
Gambia,GMB,2020-05-07,78.7
Gambia,GMB,2020-05-08,78.7
Gambia,GMB,2020-05-09,78.7
Gambia,GMB,2020-05-10,78.7
Gambia,GMB,2020-05-11,78.7
Gambia,GMB,2020-05-12,78.7
Gambia,GMB,2020-05-13,78.7
Gambia,GMB,2020-05-14,78.7
Gambia,GMB,2020-05-15,78.7
Gambia,GMB,2020-05-16,78.7
Gambia,GMB,2020-05-17,78.7
Gambia,GMB,2020-05-18,77.78
Gambia,GMB,2020-05-19,77.78
Gambia,GMB,2020-05-20,77.78
Gambia,GMB,2020-05-21,77.78
Gambia,GMB,2020-05-22,77.78
Gambia,GMB,2020-05-23,77.78
Gambia,GMB,2020-05-24,77.78
Gambia,GMB,2020-05-25,77.78
Gambia,GMB,2020-05-26,77.78
Gambia,GMB,2020-05-27,77.78
Gambia,GMB,2020-05-28,77.78
Gambia,GMB,2020-05-29,77.78
Gambia,GMB,2020-05-30,77.78
Gambia,GMB,2020-05-31,77.78
Gambia,GMB,2020-06-01,77.78
Gambia,GMB,2020-06-02,77.78
Gambia,GMB,2020-06-03,77.78
Gambia,GMB,2020-06-04,74.07
Gambia,GMB,2020-06-05,74.07
Gambia,GMB,2020-06-06,74.07
Gambia,GMB,2020-06-07,74.07
Gambia,GMB,2020-06-08,74.07
Gambia,GMB,2020-06-09,74.07
Gambia,GMB,2020-06-10,74.07
Gambia,GMB,2020-06-11,74.07
Gambia,GMB,2020-06-12,74.07
Gambia,GMB,2020-06-13,74.07
Gambia,GMB,2020-06-14,74.07
Gambia,GMB,2020-06-15,74.07
Gambia,GMB,2020-06-16,74.07
Gambia,GMB,2020-06-17,74.07
Gambia,GMB,2020-06-18,74.07
Gambia,GMB,2020-06-19,74.07
Gambia,GMB,2020-06-20,74.07
Gambia,GMB,2020-06-21,74.07
Gambia,GMB,2020-06-22,74.07
Gambia,GMB,2020-06-23,74.07
Gambia,GMB,2020-06-24,74.07
Gambia,GMB,2020-06-25,70.37
Gambia,GMB,2020-06-26,70.37
Gambia,GMB,2020-06-27,70.37
Gambia,GMB,2020-06-28,70.37
Gambia,GMB,2020-06-29,68.98
Gambia,GMB,2020-06-30,68.98
Gambia,GMB,2020-07-01,68.98
Gambia,GMB,2020-07-02,68.98
Gambia,GMB,2020-07-03,68.98
Gambia,GMB,2020-07-04,68.98
Gambia,GMB,2020-07-05,68.98
Gambia,GMB,2020-07-06,68.98
Gambia,GMB,2020-07-07,68.98
Gambia,GMB,2020-07-08,68.98
Gambia,GMB,2020-07-09,68.98
Gambia,GMB,2020-07-10,68.98
Gambia,GMB,2020-07-11,68.98
Gambia,GMB,2020-07-12,68.98
Gambia,GMB,2020-07-13,68.98
Gambia,GMB,2020-07-14,68.98
Gambia,GMB,2020-07-15,68.98
Gambia,GMB,2020-07-16,68.98
Gambia,GMB,2020-07-17,68.98
Gambia,GMB,2020-07-18,68.98
Gambia,GMB,2020-07-19,68.98
Gambia,GMB,2020-07-20,68.98
Gambia,GMB,2020-07-21,68.98
Gambia,GMB,2020-07-22,35.65
Gambia,GMB,2020-07-23,35.65
Gambia,GMB,2020-07-24,35.65
Gambia,GMB,2020-07-25,35.65
Gambia,GMB,2020-07-26,35.65
Gambia,GMB,2020-07-27,35.65
Gambia,GMB,2020-07-28,35.65
Gambia,GMB,2020-07-29,35.65
Gambia,GMB,2020-07-30,35.65
Gambia,GMB,2020-07-31,35.65
Gambia,GMB,2020-08-01,35.65
Gambia,GMB,2020-08-02,35.65
Gambia,GMB,2020-08-03,35.65
Gambia,GMB,2020-08-04,35.65
Gambia,GMB,2020-08-05,35.65
Gambia,GMB,2020-08-06,77.78
Gambia,GMB,2020-08-07,77.78
Gambia,GMB,2020-08-08,77.78
Gambia,GMB,2020-08-09,77.78
Gambia,GMB,2020-08-10,77.78
Gambia,GMB,2020-08-11,77.78
Gambia,GMB,2020-08-12,77.78
Gambia,GMB,2020-08-13,77.78
Gambia,GMB,2020-08-14,77.78
Gambia,GMB,2020-08-15,77.78
Gambia,GMB,2020-08-16,77.78
Gambia,GMB,2020-08-17,77.78
Gambia,GMB,2020-08-18,77.78
Gambia,GMB,2020-08-19,77.78
Gambia,GMB,2020-08-20,77.78
Gambia,GMB,2020-08-21,77.78
Gambia,GMB,2020-08-22,77.78
Gambia,GMB,2020-08-23,77.78
Gambia,GMB,2020-08-24,77.78
Gambia,GMB,2020-08-25,77.78
Gambia,GMB,2020-08-26,77.78
Gambia,GMB,2020-08-27,72.22
Gambia,GMB,2020-08-28,72.22
Gambia,GMB,2020-08-29,72.22
Gambia,GMB,2020-08-30,72.22
Gambia,GMB,2020-08-31,72.22
Gambia,GMB,2020-09-01,72.22
Gambia,GMB,2020-09-02,72.22
Gambia,GMB,2020-09-03,72.22
Gambia,GMB,2020-09-04,72.22
Gambia,GMB,2020-09-05,72.22
Gambia,GMB,2020-09-06,72.22
Gambia,GMB,2020-09-07,72.22
Gambia,GMB,2020-09-08,72.22
Gambia,GMB,2020-09-09,72.22
Gambia,GMB,2020-09-10,72.22
Gambia,GMB,2020-09-11,72.22
Gambia,GMB,2020-09-12,72.22
Gambia,GMB,2020-09-13,72.22
Gambia,GMB,2020-09-14,72.22
Gambia,GMB,2020-09-15,72.22
Gambia,GMB,2020-09-16,72.22
Gambia,GMB,2020-09-17,75.93
Gambia,GMB,2020-09-18,75.93
Gambia,GMB,2020-09-19,75.93
Gambia,GMB,2020-09-20,75.93
Gambia,GMB,2020-09-21,75.93
Gambia,GMB,2020-09-22,75.93
Gambia,GMB,2020-09-23,75.93
Gambia,GMB,2020-09-24,75.93
Gambia,GMB,2020-09-25,75.93
Gambia,GMB,2020-09-26,75.93
Gambia,GMB,2020-09-27,75.93
Gambia,GMB,2020-09-28,75.93
Gambia,GMB,2020-09-29,75.93
Gambia,GMB,2020-09-30,75.93
Gambia,GMB,2020-10-01,75.93
Gambia,GMB,2020-10-02,75.93
Gambia,GMB,2020-10-03,75.93
Gambia,GMB,2020-10-04,75.93
Gambia,GMB,2020-10-05,75.93
Gambia,GMB,2020-10-06,75.93
Gambia,GMB,2020-10-07,75.93
Gambia,GMB,2020-10-08,75.93
Gambia,GMB,2020-10-09,75.93
Gambia,GMB,2020-10-10,75.93
Gambia,GMB,2020-10-11,75.93
Gambia,GMB,2020-10-12,72.22
Gambia,GMB,2020-10-13,72.22
Gambia,GMB,2020-10-14,68.52
Gambia,GMB,2020-10-15,68.52
Gambia,GMB,2020-10-16,60.19
Gambia,GMB,2020-10-17,60.19
Gambia,GMB,2020-10-18,60.19
Gambia,GMB,2020-10-19,60.19
Gambia,GMB,2020-10-20,60.19
Gambia,GMB,2020-10-21,60.19
Gambia,GMB,2020-10-22,60.19
Gambia,GMB,2020-10-23,60.19
Gambia,GMB,2020-10-24,60.19
Gambia,GMB,2020-10-25,60.19
Gambia,GMB,2020-10-26,60.19
Gambia,GMB,2020-10-27,60.19
Gambia,GMB,2020-10-28,56.48
Gambia,GMB,2020-10-29,56.48
Gambia,GMB,2020-10-30,56.48
Gambia,GMB,2020-10-31,56.48
Gambia,GMB,2020-11-01,56.48
Gambia,GMB,2020-11-02,56.48
Gambia,GMB,2020-11-03,56.48
Gambia,GMB,2020-11-04,56.48
Gambia,GMB,2020-11-05,56.48
Gambia,GMB,2020-11-06,56.48
Gambia,GMB,2020-11-07,56.48
Gambia,GMB,2020-11-08,56.48
Gambia,GMB,2020-11-09,56.48
Gambia,GMB,2020-11-10,36.11
Gambia,GMB,2020-11-11,36.11
Gambia,GMB,2020-11-12,36.11
Gambia,GMB,2020-11-13,36.11
Gambia,GMB,2020-11-14,36.11
Gambia,GMB,2020-11-15,36.11
Gambia,GMB,2020-11-16,36.11
Gambia,GMB,2020-11-17,36.11
Gambia,GMB,2020-11-18,36.11
Gambia,GMB,2020-11-19,36.11
Gambia,GMB,2020-11-20,36.11
Gambia,GMB,2020-11-21,36.11
Gambia,GMB,2020-11-22,36.11
Gambia,GMB,2020-11-23,36.11
Gambia,GMB,2020-11-24,36.11
Gambia,GMB,2020-11-25,36.11
Gambia,GMB,2020-11-26,36.11
Gambia,GMB,2020-11-27,36.11
Gambia,GMB,2020-11-28,36.11
Gambia,GMB,2020-11-29,36.11
Gambia,GMB,2020-11-30,36.11
Gambia,GMB,2020-12-01,36.11
Gambia,GMB,2020-12-02,36.11
Gambia,GMB,2020-12-03,36.11
Gambia,GMB,2020-12-04,36.11
Gambia,GMB,2020-12-05,36.11
Gambia,GMB,2020-12-06,36.11
Gambia,GMB,2020-12-07,36.11
Gambia,GMB,2020-12-08,36.11
Gambia,GMB,2020-12-09,36.11
Gambia,GMB,2020-12-10,36.11
Gambia,GMB,2020-12-11,36.11
Gambia,GMB,2020-12-12,36.11
Gambia,GMB,2020-12-13,36.11
Gambia,GMB,2020-12-14,36.11
Gambia,GMB,2020-12-15,45.37
Gambia,GMB,2020-12-16,45.37
Gambia,GMB,2020-12-17,45.37
Gambia,GMB,2020-12-18,45.37
Gambia,GMB,2020-12-19,45.37
Gambia,GMB,2020-12-20,45.37
Gambia,GMB,2020-12-21,45.37
Gambia,GMB,2020-12-22,45.37
Gambia,GMB,2020-12-23,45.37
Gambia,GMB,2020-12-24,45.37
Gambia,GMB,2020-12-25,45.37
Gambia,GMB,2020-12-26,45.37
Gambia,GMB,2020-12-27,45.37
Gambia,GMB,2020-12-28,45.37
Gambia,GMB,2020-12-29,45.37
Gambia,GMB,2020-12-30,45.37
Gambia,GMB,2020-12-31,45.37
Gambia,GMB,2021-01-01,45.37
Gambia,GMB,2021-01-02,45.37
Gambia,GMB,2021-01-03,45.37
Gambia,GMB,2021-01-04,45.37
Gambia,GMB,2021-01-05,39.81
Gambia,GMB,2021-01-06,39.81
Gambia,GMB,2021-01-07,39.81
Gambia,GMB,2021-01-08,39.81
Gambia,GMB,2021-01-09,39.81
Gambia,GMB,2021-01-10,39.81
Gambia,GMB,2021-01-11,39.81
Gambia,GMB,2021-01-12,45.37
Gambia,GMB,2021-01-13,45.37
Gambia,GMB,2021-01-14,45.37
Gambia,GMB,2021-01-15,45.37
Gambia,GMB,2021-01-16,45.37
Gambia,GMB,2021-01-17,45.37
Gambia,GMB,2021-01-18,45.37
Gambia,GMB,2021-01-19,45.37
Gambia,GMB,2021-01-20,45.37
Gambia,GMB,2021-01-21,45.37
Gambia,GMB,2021-01-22,45.37
Gambia,GMB,2021-01-23,45.37
Gambia,GMB,2021-01-24,45.37
Gambia,GMB,2021-01-25,45.37
Gambia,GMB,2021-01-26,45.37
Gambia,GMB,2021-01-27,45.37
Gambia,GMB,2021-01-28,45.37
Gambia,GMB,2021-01-29,45.37
Gambia,GMB,2021-01-30,45.37
Gambia,GMB,2021-01-31,45.37
Gambia,GMB,2021-02-01,45.37
Gambia,GMB,2021-02-02,45.37
Gambia,GMB,2021-02-03,45.37
Gambia,GMB,2021-02-04,45.37
Gambia,GMB,2021-02-05,45.37
Gambia,GMB,2021-02-06,45.37
Gambia,GMB,2021-02-07,45.37
Gambia,GMB,2021-02-08,45.37
Gambia,GMB,2021-02-09,45.37
Gambia,GMB,2021-02-10,45.37
Gambia,GMB,2021-02-11,45.37
Gambia,GMB,2021-02-12,45.37
Gambia,GMB,2021-02-13,45.37
Gambia,GMB,2021-02-14,45.37
Gambia,GMB,2021-02-15,45.37
Gambia,GMB,2021-02-16,45.37
Gambia,GMB,2021-02-17,45.37
Gambia,GMB,2021-02-18,45.37
Gambia,GMB,2021-02-19,45.37
Gambia,GMB,2021-02-20,45.37
Gambia,GMB,2021-02-21,45.37
Gambia,GMB,2021-02-22,45.37
Gambia,GMB,2021-02-23,45.37
Gambia,GMB,2021-02-24,45.37
Gambia,GMB,2021-02-25,45.37
Gambia,GMB,2021-02-26,45.37
Gambia,GMB,2021-02-27,45.37
Gambia,GMB,2021-02-28,45.37
Gambia,GMB,2021-03-01,45.37
Georgia,GEO,2020-01-01,0
Georgia,GEO,2020-01-02,0
Georgia,GEO,2020-01-03,0
Georgia,GEO,2020-01-04,0
Georgia,GEO,2020-01-05,0
Georgia,GEO,2020-01-06,0
Georgia,GEO,2020-01-07,0
Georgia,GEO,2020-01-08,0
Georgia,GEO,2020-01-09,0
Georgia,GEO,2020-01-10,0
Georgia,GEO,2020-01-11,0
Georgia,GEO,2020-01-12,0
Georgia,GEO,2020-01-13,0
Georgia,GEO,2020-01-14,0
Georgia,GEO,2020-01-15,0
Georgia,GEO,2020-01-16,0
Georgia,GEO,2020-01-17,0
Georgia,GEO,2020-01-18,0
Georgia,GEO,2020-01-19,0
Georgia,GEO,2020-01-20,0
Georgia,GEO,2020-01-21,0
Georgia,GEO,2020-01-22,0
Georgia,GEO,2020-01-23,0
Georgia,GEO,2020-01-24,0
Georgia,GEO,2020-01-25,0
Georgia,GEO,2020-01-26,0
Georgia,GEO,2020-01-27,0
Georgia,GEO,2020-01-28,8.33
Georgia,GEO,2020-01-29,19.44
Georgia,GEO,2020-01-30,19.44
Georgia,GEO,2020-01-31,19.44
Georgia,GEO,2020-02-01,19.44
Georgia,GEO,2020-02-02,19.44
Georgia,GEO,2020-02-03,19.44
Georgia,GEO,2020-02-04,19.44
Georgia,GEO,2020-02-05,19.44
Georgia,GEO,2020-02-06,19.44
Georgia,GEO,2020-02-07,19.44
Georgia,GEO,2020-02-08,19.44
Georgia,GEO,2020-02-09,19.44
Georgia,GEO,2020-02-10,19.44
Georgia,GEO,2020-02-11,19.44
Georgia,GEO,2020-02-12,19.44
Georgia,GEO,2020-02-13,19.44
Georgia,GEO,2020-02-14,19.44
Georgia,GEO,2020-02-15,19.44
Georgia,GEO,2020-02-16,19.44
Georgia,GEO,2020-02-17,19.44
Georgia,GEO,2020-02-18,19.44
Georgia,GEO,2020-02-19,19.44
Georgia,GEO,2020-02-20,19.44
Georgia,GEO,2020-02-21,19.44
Georgia,GEO,2020-02-22,19.44
Georgia,GEO,2020-02-23,19.44
Georgia,GEO,2020-02-24,19.44
Georgia,GEO,2020-02-25,19.44
Georgia,GEO,2020-02-26,19.44
Georgia,GEO,2020-02-27,19.44
Georgia,GEO,2020-02-28,19.44
Georgia,GEO,2020-02-29,19.44
Georgia,GEO,2020-03-01,30.56
Georgia,GEO,2020-03-02,41.67
Georgia,GEO,2020-03-03,41.67
Georgia,GEO,2020-03-04,41.67
Georgia,GEO,2020-03-05,41.67
Georgia,GEO,2020-03-06,41.67
Georgia,GEO,2020-03-07,41.67
Georgia,GEO,2020-03-08,41.67
Georgia,GEO,2020-03-09,45.37
Georgia,GEO,2020-03-10,45.37
Georgia,GEO,2020-03-11,45.37
Georgia,GEO,2020-03-12,45.37
Georgia,GEO,2020-03-13,45.37
Georgia,GEO,2020-03-14,52.78
Georgia,GEO,2020-03-15,52.78
Georgia,GEO,2020-03-16,52.78
Georgia,GEO,2020-03-17,52.78
Georgia,GEO,2020-03-18,55.56
Georgia,GEO,2020-03-19,59.26
Georgia,GEO,2020-03-20,59.26
Georgia,GEO,2020-03-21,70.37
Georgia,GEO,2020-03-22,78.7
Georgia,GEO,2020-03-23,88.89
Georgia,GEO,2020-03-24,88.89
Georgia,GEO,2020-03-25,88.89
Georgia,GEO,2020-03-26,90.74
Georgia,GEO,2020-03-27,90.74
Georgia,GEO,2020-03-28,90.74
Georgia,GEO,2020-03-29,90.74
Georgia,GEO,2020-03-30,90.74
Georgia,GEO,2020-03-31,100
Georgia,GEO,2020-04-01,100
Georgia,GEO,2020-04-02,100
Georgia,GEO,2020-04-03,100
Georgia,GEO,2020-04-04,100
Georgia,GEO,2020-04-05,100
Georgia,GEO,2020-04-06,100
Georgia,GEO,2020-04-07,100
Georgia,GEO,2020-04-08,100
Georgia,GEO,2020-04-09,100
Georgia,GEO,2020-04-10,100
Georgia,GEO,2020-04-11,100
Georgia,GEO,2020-04-12,100
Georgia,GEO,2020-04-13,100
Georgia,GEO,2020-04-14,100
Georgia,GEO,2020-04-15,100
Georgia,GEO,2020-04-16,100
Georgia,GEO,2020-04-17,100
Georgia,GEO,2020-04-18,100
Georgia,GEO,2020-04-19,100
Georgia,GEO,2020-04-20,100
Georgia,GEO,2020-04-21,100
Georgia,GEO,2020-04-22,100
Georgia,GEO,2020-04-23,100
Georgia,GEO,2020-04-24,100
Georgia,GEO,2020-04-25,100
Georgia,GEO,2020-04-26,100
Georgia,GEO,2020-04-27,96.3
Georgia,GEO,2020-04-28,96.3
Georgia,GEO,2020-04-29,96.3
Georgia,GEO,2020-04-30,96.3
Georgia,GEO,2020-05-01,96.3
Georgia,GEO,2020-05-02,96.3
Georgia,GEO,2020-05-03,96.3
Georgia,GEO,2020-05-04,96.3
Georgia,GEO,2020-05-05,96.3
Georgia,GEO,2020-05-06,96.3
Georgia,GEO,2020-05-07,96.3
Georgia,GEO,2020-05-08,96.3
Georgia,GEO,2020-05-09,96.3
Georgia,GEO,2020-05-10,96.3
Georgia,GEO,2020-05-11,96.3
Georgia,GEO,2020-05-12,96.3
Georgia,GEO,2020-05-13,96.3
Georgia,GEO,2020-05-14,96.3
Georgia,GEO,2020-05-15,96.3
Georgia,GEO,2020-05-16,96.3
Georgia,GEO,2020-05-17,96.3
Georgia,GEO,2020-05-18,96.3
Georgia,GEO,2020-05-19,96.3
Georgia,GEO,2020-05-20,96.3
Georgia,GEO,2020-05-21,96.3
Georgia,GEO,2020-05-22,96.3
Georgia,GEO,2020-05-23,84.26
Georgia,GEO,2020-05-24,84.26
Georgia,GEO,2020-05-25,84.26
Georgia,GEO,2020-05-26,84.26
Georgia,GEO,2020-05-27,84.26
Georgia,GEO,2020-05-28,84.26
Georgia,GEO,2020-05-29,69.44
Georgia,GEO,2020-05-30,69.44
Georgia,GEO,2020-05-31,69.44
Georgia,GEO,2020-06-01,69.44
Georgia,GEO,2020-06-02,69.44
Georgia,GEO,2020-06-03,69.44
Georgia,GEO,2020-06-04,69.44
Georgia,GEO,2020-06-05,69.44
Georgia,GEO,2020-06-06,69.44
Georgia,GEO,2020-06-07,69.44
Georgia,GEO,2020-06-08,69.44
Georgia,GEO,2020-06-09,69.44
Georgia,GEO,2020-06-10,69.44
Georgia,GEO,2020-06-11,69.44
Georgia,GEO,2020-06-12,69.44
Georgia,GEO,2020-06-13,69.44
Georgia,GEO,2020-06-14,69.44
Georgia,GEO,2020-06-15,58.33
Georgia,GEO,2020-06-16,58.33
Georgia,GEO,2020-06-17,58.33
Georgia,GEO,2020-06-18,58.33
Georgia,GEO,2020-06-19,55.56
Georgia,GEO,2020-06-20,55.56
Georgia,GEO,2020-06-21,55.56
Georgia,GEO,2020-06-22,55.56
Georgia,GEO,2020-06-23,55.56
Georgia,GEO,2020-06-24,55.56
Georgia,GEO,2020-06-25,55.56
Georgia,GEO,2020-06-26,55.56
Georgia,GEO,2020-06-27,55.56
Georgia,GEO,2020-06-28,55.56
Georgia,GEO,2020-06-29,55.56
Georgia,GEO,2020-06-30,58.33
Georgia,GEO,2020-07-01,58.33
Georgia,GEO,2020-07-02,58.33
Georgia,GEO,2020-07-03,58.33
Georgia,GEO,2020-07-04,58.33
Georgia,GEO,2020-07-05,58.33
Georgia,GEO,2020-07-06,58.33
Georgia,GEO,2020-07-07,58.33
Georgia,GEO,2020-07-08,58.33
Georgia,GEO,2020-07-09,58.33
Georgia,GEO,2020-07-10,57.41
Georgia,GEO,2020-07-11,57.41
Georgia,GEO,2020-07-12,57.41
Georgia,GEO,2020-07-13,51.85
Georgia,GEO,2020-07-14,51.85
Georgia,GEO,2020-07-15,51.85
Georgia,GEO,2020-07-16,51.85
Georgia,GEO,2020-07-17,51.85
Georgia,GEO,2020-07-18,51.85
Georgia,GEO,2020-07-19,51.85
Georgia,GEO,2020-07-20,51.85
Georgia,GEO,2020-07-21,51.85
Georgia,GEO,2020-07-22,51.85
Georgia,GEO,2020-07-23,51.85
Georgia,GEO,2020-07-24,51.85
Georgia,GEO,2020-07-25,51.85
Georgia,GEO,2020-07-26,51.85
Georgia,GEO,2020-07-27,51.85
Georgia,GEO,2020-07-28,51.85
Georgia,GEO,2020-07-29,51.85
Georgia,GEO,2020-07-30,51.85
Georgia,GEO,2020-07-31,51.85
Georgia,GEO,2020-08-01,51.85
Georgia,GEO,2020-08-02,51.85
Georgia,GEO,2020-08-03,51.85
Georgia,GEO,2020-08-04,51.85
Georgia,GEO,2020-08-05,51.85
Georgia,GEO,2020-08-06,51.85
Georgia,GEO,2020-08-07,51.85
Georgia,GEO,2020-08-08,51.85
Georgia,GEO,2020-08-09,51.85
Georgia,GEO,2020-08-10,51.85
Georgia,GEO,2020-08-11,57.41
Georgia,GEO,2020-08-12,57.41
Georgia,GEO,2020-08-13,57.41
Georgia,GEO,2020-08-14,57.41
Georgia,GEO,2020-08-15,57.41
Georgia,GEO,2020-08-16,57.41
Georgia,GEO,2020-08-17,57.41
Georgia,GEO,2020-08-18,57.41
Georgia,GEO,2020-08-19,57.41
Georgia,GEO,2020-08-20,57.41
Georgia,GEO,2020-08-21,57.41
Georgia,GEO,2020-08-22,57.41
Georgia,GEO,2020-08-23,57.41
Georgia,GEO,2020-08-24,57.41
Georgia,GEO,2020-08-25,57.41
Georgia,GEO,2020-08-26,57.41
Georgia,GEO,2020-08-27,57.41
Georgia,GEO,2020-08-28,57.41
Georgia,GEO,2020-08-29,57.41
Georgia,GEO,2020-08-30,57.41
Georgia,GEO,2020-08-31,57.41
Georgia,GEO,2020-09-01,57.41
Georgia,GEO,2020-09-02,57.41
Georgia,GEO,2020-09-03,57.41
Georgia,GEO,2020-09-04,67.59
Georgia,GEO,2020-09-05,67.59
Georgia,GEO,2020-09-06,67.59
Georgia,GEO,2020-09-07,67.59
Georgia,GEO,2020-09-08,67.59
Georgia,GEO,2020-09-09,67.59
Georgia,GEO,2020-09-10,67.59
Georgia,GEO,2020-09-11,67.59
Georgia,GEO,2020-09-12,67.59
Georgia,GEO,2020-09-13,67.59
Georgia,GEO,2020-09-14,67.59
Georgia,GEO,2020-09-15,60.19
Georgia,GEO,2020-09-16,60.19
Georgia,GEO,2020-09-17,60.19
Georgia,GEO,2020-09-18,60.19
Georgia,GEO,2020-09-19,60.19
Georgia,GEO,2020-09-20,60.19
Georgia,GEO,2020-09-21,60.19
Georgia,GEO,2020-09-22,60.19
Georgia,GEO,2020-09-23,60.19
Georgia,GEO,2020-09-24,60.19
Georgia,GEO,2020-09-25,60.19
Georgia,GEO,2020-09-26,60.19
Georgia,GEO,2020-09-27,60.19
Georgia,GEO,2020-09-28,60.19
Georgia,GEO,2020-09-29,60.19
Georgia,GEO,2020-09-30,60.19
Georgia,GEO,2020-10-01,56.48
Georgia,GEO,2020-10-02,56.48
Georgia,GEO,2020-10-03,56.48
Georgia,GEO,2020-10-04,56.48
Georgia,GEO,2020-10-05,56.48
Georgia,GEO,2020-10-06,56.48
Georgia,GEO,2020-10-07,56.48
Georgia,GEO,2020-10-08,56.48
Georgia,GEO,2020-10-09,61.11
Georgia,GEO,2020-10-10,61.11
Georgia,GEO,2020-10-11,61.11
Georgia,GEO,2020-10-12,61.11
Georgia,GEO,2020-10-13,61.11
Georgia,GEO,2020-10-14,61.11
Georgia,GEO,2020-10-15,61.11
Georgia,GEO,2020-10-16,61.11
Georgia,GEO,2020-10-17,61.11
Georgia,GEO,2020-10-18,59.26
Georgia,GEO,2020-10-19,59.26
Georgia,GEO,2020-10-20,59.26
Georgia,GEO,2020-10-21,59.26
Georgia,GEO,2020-10-22,59.26
Georgia,GEO,2020-10-23,59.26
Georgia,GEO,2020-10-24,59.26
Georgia,GEO,2020-10-25,59.26
Georgia,GEO,2020-10-26,59.26
Georgia,GEO,2020-10-27,59.26
Georgia,GEO,2020-10-28,59.26
Georgia,GEO,2020-10-29,55.56
Georgia,GEO,2020-10-30,55.56
Georgia,GEO,2020-10-31,55.56
Georgia,GEO,2020-11-01,55.56
Georgia,GEO,2020-11-02,55.56
Georgia,GEO,2020-11-03,55.56
Georgia,GEO,2020-11-04,55.56
Georgia,GEO,2020-11-05,55.56
Georgia,GEO,2020-11-06,55.56
Georgia,GEO,2020-11-07,55.56
Georgia,GEO,2020-11-08,55.56
Georgia,GEO,2020-11-09,64.81
Georgia,GEO,2020-11-10,64.81
Georgia,GEO,2020-11-11,64.81
Georgia,GEO,2020-11-12,64.81
Georgia,GEO,2020-11-13,64.81
Georgia,GEO,2020-11-14,64.81
Georgia,GEO,2020-11-15,64.81
Georgia,GEO,2020-11-16,64.81
Georgia,GEO,2020-11-17,64.81
Georgia,GEO,2020-11-18,64.81
Georgia,GEO,2020-11-19,64.81
Georgia,GEO,2020-11-20,64.81
Georgia,GEO,2020-11-21,64.81
Georgia,GEO,2020-11-22,64.81
Georgia,GEO,2020-11-23,64.81
Georgia,GEO,2020-11-24,64.81
Georgia,GEO,2020-11-25,64.81
Georgia,GEO,2020-11-26,64.81
Georgia,GEO,2020-11-27,64.81
Georgia,GEO,2020-11-28,84.26
Georgia,GEO,2020-11-29,84.26
Georgia,GEO,2020-11-30,84.26
Georgia,GEO,2020-12-01,84.26
Georgia,GEO,2020-12-02,84.26
Georgia,GEO,2020-12-03,84.26
Georgia,GEO,2020-12-04,84.26
Georgia,GEO,2020-12-05,84.26
Georgia,GEO,2020-12-06,84.26
Georgia,GEO,2020-12-07,84.26
Georgia,GEO,2020-12-08,84.26
Georgia,GEO,2020-12-09,84.26
Georgia,GEO,2020-12-10,84.26
Georgia,GEO,2020-12-11,84.26
Georgia,GEO,2020-12-12,84.26
Georgia,GEO,2020-12-13,84.26
Georgia,GEO,2020-12-14,84.26
Georgia,GEO,2020-12-15,84.26
Georgia,GEO,2020-12-16,84.26
Georgia,GEO,2020-12-17,84.26
Georgia,GEO,2020-12-18,84.26
Georgia,GEO,2020-12-19,84.26
Georgia,GEO,2020-12-20,84.26
Georgia,GEO,2020-12-21,84.26
Georgia,GEO,2020-12-22,84.26
Georgia,GEO,2020-12-23,84.26
Georgia,GEO,2020-12-24,84.26
Georgia,GEO,2020-12-25,84.26
Georgia,GEO,2020-12-26,84.26
Georgia,GEO,2020-12-27,84.26
Georgia,GEO,2020-12-28,84.26
Georgia,GEO,2020-12-29,84.26
Georgia,GEO,2020-12-30,84.26
Georgia,GEO,2020-12-31,84.26
Georgia,GEO,2021-01-01,84.26
Georgia,GEO,2021-01-02,84.26
Georgia,GEO,2021-01-03,84.26
Georgia,GEO,2021-01-04,84.26
Georgia,GEO,2021-01-05,84.26
Georgia,GEO,2021-01-06,84.26
Georgia,GEO,2021-01-07,84.26
Georgia,GEO,2021-01-08,84.26
Georgia,GEO,2021-01-09,84.26
Georgia,GEO,2021-01-10,84.26
Georgia,GEO,2021-01-11,84.26
Georgia,GEO,2021-01-12,84.26
Georgia,GEO,2021-01-13,84.26
Georgia,GEO,2021-01-14,84.26
Georgia,GEO,2021-01-15,84.26
Georgia,GEO,2021-01-16,84.26
Georgia,GEO,2021-01-17,84.26
Georgia,GEO,2021-01-18,81.48
Georgia,GEO,2021-01-19,81.48
Georgia,GEO,2021-01-20,81.48
Georgia,GEO,2021-01-21,81.48
Georgia,GEO,2021-01-22,81.48
Georgia,GEO,2021-01-23,81.48
Georgia,GEO,2021-01-24,81.48
Georgia,GEO,2021-01-25,81.48
Georgia,GEO,2021-01-26,81.48
Georgia,GEO,2021-01-27,81.48
Georgia,GEO,2021-01-28,81.48
Georgia,GEO,2021-01-29,81.48
Georgia,GEO,2021-01-30,83.33
Georgia,GEO,2021-01-31,83.33
Georgia,GEO,2021-02-01,83.33
Georgia,GEO,2021-02-02,83.33
Georgia,GEO,2021-02-03,83.33
Georgia,GEO,2021-02-04,83.33
Georgia,GEO,2021-02-05,80.56
Georgia,GEO,2021-02-06,80.56
Georgia,GEO,2021-02-07,80.56
Georgia,GEO,2021-02-08,80.56
Georgia,GEO,2021-02-09,80.56
Georgia,GEO,2021-02-10,80.56
Georgia,GEO,2021-02-11,80.56
Georgia,GEO,2021-02-12,80.56
Georgia,GEO,2021-02-13,80.56
Georgia,GEO,2021-02-14,80.56
Georgia,GEO,2021-02-15,80.56
Georgia,GEO,2021-02-16,80.56
Georgia,GEO,2021-02-17,80.56
Georgia,GEO,2021-02-18,80.56
Georgia,GEO,2021-02-19,80.56
Georgia,GEO,2021-02-20,80.56
Georgia,GEO,2021-02-21,80.56
Georgia,GEO,2021-02-22,80.56
Georgia,GEO,2021-02-23,80.56
Georgia,GEO,2021-02-24,72.22
Georgia,GEO,2021-02-25,61.11
Georgia,GEO,2021-02-26,61.11
Georgia,GEO,2021-02-27,61.11
Georgia,GEO,2021-02-28,61.11
Georgia,GEO,2021-03-01,53.7
Georgia,GEO,2021-03-02,64.81
Georgia,GEO,2021-03-03,64.81
Georgia,GEO,2021-03-04,64.81
Georgia,GEO,2021-03-05,64.81
Georgia,GEO,2021-03-06,64.81
Georgia,GEO,2021-03-07,64.81
Germany,DEU,2020-01-01,0
Germany,DEU,2020-01-02,0
Germany,DEU,2020-01-03,0
Germany,DEU,2020-01-04,0
Germany,DEU,2020-01-05,0
Germany,DEU,2020-01-06,0
Germany,DEU,2020-01-07,0
Germany,DEU,2020-01-08,0
Germany,DEU,2020-01-09,0
Germany,DEU,2020-01-10,0
Germany,DEU,2020-01-11,0
Germany,DEU,2020-01-12,0
Germany,DEU,2020-01-13,0
Germany,DEU,2020-01-14,0
Germany,DEU,2020-01-15,0
Germany,DEU,2020-01-16,0
Germany,DEU,2020-01-17,0
Germany,DEU,2020-01-18,0
Germany,DEU,2020-01-19,0
Germany,DEU,2020-01-20,0
Germany,DEU,2020-01-21,0
Germany,DEU,2020-01-22,0
Germany,DEU,2020-01-23,0
Germany,DEU,2020-01-24,5.56
Germany,DEU,2020-01-25,5.56
Germany,DEU,2020-01-26,5.56
Germany,DEU,2020-01-27,5.56
Germany,DEU,2020-01-28,5.56
Germany,DEU,2020-01-29,5.56
Germany,DEU,2020-01-30,5.56
Germany,DEU,2020-01-31,5.56
Germany,DEU,2020-02-01,5.56
Germany,DEU,2020-02-02,5.56
Germany,DEU,2020-02-03,5.56
Germany,DEU,2020-02-04,5.56
Germany,DEU,2020-02-05,5.56
Germany,DEU,2020-02-06,5.56
Germany,DEU,2020-02-07,5.56
Germany,DEU,2020-02-08,5.56
Germany,DEU,2020-02-09,5.56
Germany,DEU,2020-02-10,5.56
Germany,DEU,2020-02-11,5.56
Germany,DEU,2020-02-12,11.11
Germany,DEU,2020-02-13,11.11
Germany,DEU,2020-02-14,11.11
Germany,DEU,2020-02-15,11.11
Germany,DEU,2020-02-16,11.11
Germany,DEU,2020-02-17,11.11
Germany,DEU,2020-02-18,11.11
Germany,DEU,2020-02-19,11.11
Germany,DEU,2020-02-20,11.11
Germany,DEU,2020-02-21,11.11
Germany,DEU,2020-02-22,11.11
Germany,DEU,2020-02-23,11.11
Germany,DEU,2020-02-24,11.11
Germany,DEU,2020-02-25,11.11
Germany,DEU,2020-02-26,16.67
Germany,DEU,2020-02-27,16.67
Germany,DEU,2020-02-28,19.44
Germany,DEU,2020-02-29,25
Germany,DEU,2020-03-01,25
Germany,DEU,2020-03-02,25
Germany,DEU,2020-03-03,25
Germany,DEU,2020-03-04,25
Germany,DEU,2020-03-05,25
Germany,DEU,2020-03-06,25
Germany,DEU,2020-03-07,25
Germany,DEU,2020-03-08,25
Germany,DEU,2020-03-09,28.7
Germany,DEU,2020-03-10,32.87
Germany,DEU,2020-03-11,32.87
Germany,DEU,2020-03-12,32.87
Germany,DEU,2020-03-13,32.87
Germany,DEU,2020-03-14,32.87
Germany,DEU,2020-03-15,32.87
Germany,DEU,2020-03-16,42.13
Germany,DEU,2020-03-17,42.13
Germany,DEU,2020-03-18,52.31
Germany,DEU,2020-03-19,55.09
Germany,DEU,2020-03-20,57.87
Germany,DEU,2020-03-21,68.06
Germany,DEU,2020-03-22,76.85
Germany,DEU,2020-03-23,76.85
Germany,DEU,2020-03-24,76.85
Germany,DEU,2020-03-25,76.85
Germany,DEU,2020-03-26,76.85
Germany,DEU,2020-03-27,76.85
Germany,DEU,2020-03-28,76.85
Germany,DEU,2020-03-29,76.85
Germany,DEU,2020-03-30,76.85
Germany,DEU,2020-03-31,76.85
Germany,DEU,2020-04-01,76.85
Germany,DEU,2020-04-02,76.85
Germany,DEU,2020-04-03,76.85
Germany,DEU,2020-04-04,76.85
Germany,DEU,2020-04-05,76.85
Germany,DEU,2020-04-06,76.85
Germany,DEU,2020-04-07,76.85
Germany,DEU,2020-04-08,76.85
Germany,DEU,2020-04-09,76.85
Germany,DEU,2020-04-10,76.85
Germany,DEU,2020-04-11,76.85
Germany,DEU,2020-04-12,76.85
Germany,DEU,2020-04-13,76.85
Germany,DEU,2020-04-14,76.85
Germany,DEU,2020-04-15,76.85
Germany,DEU,2020-04-16,76.85
Germany,DEU,2020-04-17,76.85
Germany,DEU,2020-04-18,76.85
Germany,DEU,2020-04-19,76.85
Germany,DEU,2020-04-20,76.85
Germany,DEU,2020-04-21,76.85
Germany,DEU,2020-04-22,76.85
Germany,DEU,2020-04-23,76.85
Germany,DEU,2020-04-24,76.85
Germany,DEU,2020-04-25,76.85
Germany,DEU,2020-04-26,76.85
Germany,DEU,2020-04-27,76.85
Germany,DEU,2020-04-28,76.85
Germany,DEU,2020-04-29,76.85
Germany,DEU,2020-04-30,76.85
Germany,DEU,2020-05-01,76.85
Germany,DEU,2020-05-02,76.85
Germany,DEU,2020-05-03,75.46
Germany,DEU,2020-05-04,71.76
Germany,DEU,2020-05-05,71.76
Germany,DEU,2020-05-06,66.2
Germany,DEU,2020-05-07,64.35
Germany,DEU,2020-05-08,64.35
Germany,DEU,2020-05-09,64.35
Germany,DEU,2020-05-10,64.35
Germany,DEU,2020-05-11,64.35
Germany,DEU,2020-05-12,64.35
Germany,DEU,2020-05-13,64.35
Germany,DEU,2020-05-14,64.35
Germany,DEU,2020-05-15,64.35
Germany,DEU,2020-05-16,61.57
Germany,DEU,2020-05-17,61.57
Germany,DEU,2020-05-18,61.57
Germany,DEU,2020-05-19,59.72
Germany,DEU,2020-05-20,59.72
Germany,DEU,2020-05-21,59.72
Germany,DEU,2020-05-22,59.72
Germany,DEU,2020-05-23,59.72
Germany,DEU,2020-05-24,59.72
Germany,DEU,2020-05-25,59.72
Germany,DEU,2020-05-26,59.72
Germany,DEU,2020-05-27,59.72
Germany,DEU,2020-05-28,59.72
Germany,DEU,2020-05-29,59.72
Germany,DEU,2020-05-30,59.72
Germany,DEU,2020-05-31,59.72
Germany,DEU,2020-06-01,59.72
Germany,DEU,2020-06-02,59.72
Germany,DEU,2020-06-03,59.72
Germany,DEU,2020-06-04,59.72
Germany,DEU,2020-06-05,59.72
Germany,DEU,2020-06-06,59.72
Germany,DEU,2020-06-07,59.72
Germany,DEU,2020-06-08,59.72
Germany,DEU,2020-06-09,59.72
Germany,DEU,2020-06-10,59.72
Germany,DEU,2020-06-11,59.72
Germany,DEU,2020-06-12,59.72
Germany,DEU,2020-06-13,59.72
Germany,DEU,2020-06-14,59.72
Germany,DEU,2020-06-15,59.72
Germany,DEU,2020-06-16,59.72
Germany,DEU,2020-06-17,59.72
Germany,DEU,2020-06-18,63.43
Germany,DEU,2020-06-19,63.43
Germany,DEU,2020-06-20,63.43
Germany,DEU,2020-06-21,63.43
Germany,DEU,2020-06-22,63.43
Germany,DEU,2020-06-23,63.43
Germany,DEU,2020-06-24,63.43
Germany,DEU,2020-06-25,63.43
Germany,DEU,2020-06-26,63.43
Germany,DEU,2020-06-27,63.43
Germany,DEU,2020-06-28,63.43
Germany,DEU,2020-06-29,63.43
Germany,DEU,2020-06-30,63.43
Germany,DEU,2020-07-01,63.43
Germany,DEU,2020-07-02,63.43
Germany,DEU,2020-07-03,63.43
Germany,DEU,2020-07-04,63.43
Germany,DEU,2020-07-05,63.43
Germany,DEU,2020-07-06,63.43
Germany,DEU,2020-07-07,55.09
Germany,DEU,2020-07-08,55.09
Germany,DEU,2020-07-09,55.09
Germany,DEU,2020-07-10,55.09
Germany,DEU,2020-07-11,55.09
Germany,DEU,2020-07-12,55.09
Germany,DEU,2020-07-13,55.09
Germany,DEU,2020-07-14,55.09
Germany,DEU,2020-07-15,55.09
Germany,DEU,2020-07-16,55.09
Germany,DEU,2020-07-17,55.09
Germany,DEU,2020-07-18,55.09
Germany,DEU,2020-07-19,55.09
Germany,DEU,2020-07-20,55.09
Germany,DEU,2020-07-21,55.09
Germany,DEU,2020-07-22,55.09
Germany,DEU,2020-07-23,55.09
Germany,DEU,2020-07-24,55.09
Germany,DEU,2020-07-25,55.09
Germany,DEU,2020-07-26,55.09
Germany,DEU,2020-07-27,55.09
Germany,DEU,2020-07-28,55.09
Germany,DEU,2020-07-29,55.09
Germany,DEU,2020-07-30,55.09
Germany,DEU,2020-07-31,57.87
Germany,DEU,2020-08-01,57.87
Germany,DEU,2020-08-02,57.87
Germany,DEU,2020-08-03,57.87
Germany,DEU,2020-08-04,57.87
Germany,DEU,2020-08-05,57.87
Germany,DEU,2020-08-06,57.87
Germany,DEU,2020-08-07,59.72
Germany,DEU,2020-08-08,56.94
Germany,DEU,2020-08-09,56.94
Germany,DEU,2020-08-10,56.94
Germany,DEU,2020-08-11,56.94
Germany,DEU,2020-08-12,56.94
Germany,DEU,2020-08-13,56.94
Germany,DEU,2020-08-14,56.94
Germany,DEU,2020-08-15,56.94
Germany,DEU,2020-08-16,56.94
Germany,DEU,2020-08-17,56.94
Germany,DEU,2020-08-18,56.94
Germany,DEU,2020-08-19,56.94
Germany,DEU,2020-08-20,56.94
Germany,DEU,2020-08-21,56.94
Germany,DEU,2020-08-22,56.94
Germany,DEU,2020-08-23,56.94
Germany,DEU,2020-08-24,59.72
Germany,DEU,2020-08-25,59.72
Germany,DEU,2020-08-26,59.72
Germany,DEU,2020-08-27,59.72
Germany,DEU,2020-08-28,59.72
Germany,DEU,2020-08-29,59.72
Germany,DEU,2020-08-30,59.72
Germany,DEU,2020-08-31,59.72
Germany,DEU,2020-09-01,59.72
Germany,DEU,2020-09-02,59.72
Germany,DEU,2020-09-03,57.87
Germany,DEU,2020-09-04,49.54
Germany,DEU,2020-09-05,49.54
Germany,DEU,2020-09-06,49.54
Germany,DEU,2020-09-07,49.54
Germany,DEU,2020-09-08,49.54
Germany,DEU,2020-09-09,49.54
Germany,DEU,2020-09-10,49.54
Germany,DEU,2020-09-11,49.54
Germany,DEU,2020-09-12,49.54
Germany,DEU,2020-09-13,49.54
Germany,DEU,2020-09-14,49.54
Germany,DEU,2020-09-15,49.54
Germany,DEU,2020-09-16,49.54
Germany,DEU,2020-09-17,49.54
Germany,DEU,2020-09-18,49.54
Germany,DEU,2020-09-19,49.54
Germany,DEU,2020-09-20,49.54
Germany,DEU,2020-09-21,49.54
Germany,DEU,2020-09-22,49.54
Germany,DEU,2020-09-23,49.54
Germany,DEU,2020-09-24,49.54
Germany,DEU,2020-09-25,49.54
Germany,DEU,2020-09-26,49.54
Germany,DEU,2020-09-27,49.54
Germany,DEU,2020-09-28,49.54
Germany,DEU,2020-09-29,49.54
Germany,DEU,2020-09-30,49.54
Germany,DEU,2020-10-01,49.54
Germany,DEU,2020-10-02,49.54
Germany,DEU,2020-10-03,49.54
Germany,DEU,2020-10-04,49.54
Germany,DEU,2020-10-05,49.54
Germany,DEU,2020-10-06,49.54
Germany,DEU,2020-10-07,49.54
Germany,DEU,2020-10-08,49.54
Germany,DEU,2020-10-09,49.54
Germany,DEU,2020-10-10,49.54
Germany,DEU,2020-10-11,49.54
Germany,DEU,2020-10-12,49.54
Germany,DEU,2020-10-13,49.54
Germany,DEU,2020-10-14,49.54
Germany,DEU,2020-10-15,58.8
Germany,DEU,2020-10-16,58.8
Germany,DEU,2020-10-17,58.8
Germany,DEU,2020-10-18,58.8
Germany,DEU,2020-10-19,58.8
Germany,DEU,2020-10-20,58.8
Germany,DEU,2020-10-21,58.8
Germany,DEU,2020-10-22,60.65
Germany,DEU,2020-10-23,60.65
Germany,DEU,2020-10-24,60.65
Germany,DEU,2020-10-25,60.65
Germany,DEU,2020-10-26,60.65
Germany,DEU,2020-10-27,60.65
Germany,DEU,2020-10-28,60.65
Germany,DEU,2020-10-29,60.65
Germany,DEU,2020-10-30,60.65
Germany,DEU,2020-10-31,60.65
Germany,DEU,2020-11-01,60.65
Germany,DEU,2020-11-02,62.04
Germany,DEU,2020-11-03,62.04
Germany,DEU,2020-11-04,62.04
Germany,DEU,2020-11-05,62.04
Germany,DEU,2020-11-06,62.04
Germany,DEU,2020-11-07,62.04
Germany,DEU,2020-11-08,62.04
Germany,DEU,2020-11-09,62.04
Germany,DEU,2020-11-10,64.81
Germany,DEU,2020-11-11,64.81
Germany,DEU,2020-11-12,64.81
Germany,DEU,2020-11-13,64.81
Germany,DEU,2020-11-14,64.81
Germany,DEU,2020-11-15,64.81
Germany,DEU,2020-11-16,64.81
Germany,DEU,2020-11-17,64.81
Germany,DEU,2020-11-18,64.81
Germany,DEU,2020-11-19,64.81
Germany,DEU,2020-11-20,64.81
Germany,DEU,2020-11-21,64.81
Germany,DEU,2020-11-22,64.81
Germany,DEU,2020-11-23,64.81
Germany,DEU,2020-11-24,64.81
Germany,DEU,2020-11-25,64.81
Germany,DEU,2020-11-26,64.81
Germany,DEU,2020-11-27,64.81
Germany,DEU,2020-11-28,64.81
Germany,DEU,2020-11-29,64.81
Germany,DEU,2020-11-30,67.59
Germany,DEU,2020-12-01,67.59
Germany,DEU,2020-12-02,67.59
Germany,DEU,2020-12-03,67.59
Germany,DEU,2020-12-04,67.59
Germany,DEU,2020-12-05,67.59
Germany,DEU,2020-12-06,67.59
Germany,DEU,2020-12-07,67.59
Germany,DEU,2020-12-08,67.59
Germany,DEU,2020-12-09,67.59
Germany,DEU,2020-12-10,67.59
Germany,DEU,2020-12-11,67.59
Germany,DEU,2020-12-12,67.59
Germany,DEU,2020-12-13,67.59
Germany,DEU,2020-12-14,67.59
Germany,DEU,2020-12-15,67.59
Germany,DEU,2020-12-16,82.41
Germany,DEU,2020-12-17,82.41
Germany,DEU,2020-12-18,82.41
Germany,DEU,2020-12-19,82.41
Germany,DEU,2020-12-20,82.41
Germany,DEU,2020-12-21,82.41
Germany,DEU,2020-12-22,82.41
Germany,DEU,2020-12-23,82.41
Germany,DEU,2020-12-24,82.41
Germany,DEU,2020-12-25,82.41
Germany,DEU,2020-12-26,82.41
Germany,DEU,2020-12-27,82.41
Germany,DEU,2020-12-28,82.41
Germany,DEU,2020-12-29,82.41
Germany,DEU,2020-12-30,82.41
Germany,DEU,2020-12-31,82.41
Germany,DEU,2021-01-01,82.41
Germany,DEU,2021-01-02,82.41
Germany,DEU,2021-01-03,82.41
Germany,DEU,2021-01-04,82.41
Germany,DEU,2021-01-05,85.19
Germany,DEU,2021-01-06,85.19
Germany,DEU,2021-01-07,85.19
Germany,DEU,2021-01-08,85.19
Germany,DEU,2021-01-09,85.19
Germany,DEU,2021-01-10,83.33
Germany,DEU,2021-01-11,83.33
Germany,DEU,2021-01-12,83.33
Germany,DEU,2021-01-13,83.33
Germany,DEU,2021-01-14,83.33
Germany,DEU,2021-01-15,83.33
Germany,DEU,2021-01-16,83.33
Germany,DEU,2021-01-17,83.33
Germany,DEU,2021-01-18,83.33
Germany,DEU,2021-01-19,83.33
Germany,DEU,2021-01-20,83.33
Germany,DEU,2021-01-21,83.33
Germany,DEU,2021-01-22,83.33
Germany,DEU,2021-01-23,83.33
Germany,DEU,2021-01-24,83.33
Germany,DEU,2021-01-25,83.33
Germany,DEU,2021-01-26,83.33
Germany,DEU,2021-01-27,83.33
Germany,DEU,2021-01-28,83.33
Germany,DEU,2021-01-29,83.33
Germany,DEU,2021-01-30,83.33
Germany,DEU,2021-01-31,83.33
Germany,DEU,2021-02-01,83.33
Germany,DEU,2021-02-02,83.33
Germany,DEU,2021-02-03,83.33
Germany,DEU,2021-02-04,83.33
Germany,DEU,2021-02-05,83.33
Germany,DEU,2021-02-06,83.33
Germany,DEU,2021-02-07,83.33
Germany,DEU,2021-02-08,83.33
Germany,DEU,2021-02-09,83.33
Germany,DEU,2021-02-10,83.33
Germany,DEU,2021-02-11,83.33
Germany,DEU,2021-02-12,83.33
Germany,DEU,2021-02-13,83.33
Germany,DEU,2021-02-14,83.33
Germany,DEU,2021-02-15,83.33
Germany,DEU,2021-02-16,83.33
Germany,DEU,2021-02-17,83.33
Germany,DEU,2021-02-18,83.33
Germany,DEU,2021-02-19,83.33
Germany,DEU,2021-02-20,83.33
Germany,DEU,2021-02-21,83.33
Germany,DEU,2021-02-22,81.48
Germany,DEU,2021-02-23,81.48
Germany,DEU,2021-02-24,81.48
Germany,DEU,2021-02-25,81.48
Germany,DEU,2021-02-26,81.48
Germany,DEU,2021-02-27,81.48
Germany,DEU,2021-02-28,81.48
Germany,DEU,2021-03-01,77.78
Germany,DEU,2021-03-02,77.78
Germany,DEU,2021-03-03,77.78
Germany,DEU,2021-03-04,77.78
Germany,DEU,2021-03-05,77.78
Germany,DEU,2021-03-06,77.78
Germany,DEU,2021-03-07,77.78
Ghana,GHA,2020-01-01,0
Ghana,GHA,2020-01-02,0
Ghana,GHA,2020-01-03,0
Ghana,GHA,2020-01-04,0
Ghana,GHA,2020-01-05,0
Ghana,GHA,2020-01-06,0
Ghana,GHA,2020-01-07,0
Ghana,GHA,2020-01-08,0
Ghana,GHA,2020-01-09,0
Ghana,GHA,2020-01-10,0
Ghana,GHA,2020-01-11,0
Ghana,GHA,2020-01-12,0
Ghana,GHA,2020-01-13,0
Ghana,GHA,2020-01-14,0
Ghana,GHA,2020-01-15,0
Ghana,GHA,2020-01-16,0
Ghana,GHA,2020-01-17,0
Ghana,GHA,2020-01-18,0
Ghana,GHA,2020-01-19,0
Ghana,GHA,2020-01-20,0
Ghana,GHA,2020-01-21,0
Ghana,GHA,2020-01-22,0
Ghana,GHA,2020-01-23,0
Ghana,GHA,2020-01-24,2.78
Ghana,GHA,2020-01-25,2.78
Ghana,GHA,2020-01-26,2.78
Ghana,GHA,2020-01-27,2.78
Ghana,GHA,2020-01-28,2.78
Ghana,GHA,2020-01-29,2.78
Ghana,GHA,2020-01-30,2.78
Ghana,GHA,2020-01-31,2.78
Ghana,GHA,2020-02-01,2.78
Ghana,GHA,2020-02-02,2.78
Ghana,GHA,2020-02-03,2.78
Ghana,GHA,2020-02-04,2.78
Ghana,GHA,2020-02-05,2.78
Ghana,GHA,2020-02-06,2.78
Ghana,GHA,2020-02-07,2.78
Ghana,GHA,2020-02-08,2.78
Ghana,GHA,2020-02-09,2.78
Ghana,GHA,2020-02-10,2.78
Ghana,GHA,2020-02-11,2.78
Ghana,GHA,2020-02-12,2.78
Ghana,GHA,2020-02-13,2.78
Ghana,GHA,2020-02-14,2.78
Ghana,GHA,2020-02-15,2.78
Ghana,GHA,2020-02-16,2.78
Ghana,GHA,2020-02-17,2.78
Ghana,GHA,2020-02-18,2.78
Ghana,GHA,2020-02-19,2.78
Ghana,GHA,2020-02-20,2.78
Ghana,GHA,2020-02-21,2.78
Ghana,GHA,2020-02-22,2.78
Ghana,GHA,2020-02-23,2.78
Ghana,GHA,2020-02-24,2.78
Ghana,GHA,2020-02-25,2.78
Ghana,GHA,2020-02-26,2.78
Ghana,GHA,2020-02-27,2.78
Ghana,GHA,2020-02-28,2.78
Ghana,GHA,2020-02-29,2.78
Ghana,GHA,2020-03-01,2.78
Ghana,GHA,2020-03-02,2.78
Ghana,GHA,2020-03-03,2.78
Ghana,GHA,2020-03-04,2.78
Ghana,GHA,2020-03-05,2.78
Ghana,GHA,2020-03-06,2.78
Ghana,GHA,2020-03-07,2.78
Ghana,GHA,2020-03-08,2.78
Ghana,GHA,2020-03-09,2.78
Ghana,GHA,2020-03-10,2.78
Ghana,GHA,2020-03-11,8.33
Ghana,GHA,2020-03-12,8.33
Ghana,GHA,2020-03-13,8.33
Ghana,GHA,2020-03-14,8.33
Ghana,GHA,2020-03-15,13.89
Ghana,GHA,2020-03-16,44.44
Ghana,GHA,2020-03-17,50
Ghana,GHA,2020-03-18,50
Ghana,GHA,2020-03-19,50
Ghana,GHA,2020-03-20,50
Ghana,GHA,2020-03-21,50
Ghana,GHA,2020-03-22,52.78
Ghana,GHA,2020-03-23,52.78
Ghana,GHA,2020-03-24,52.78
Ghana,GHA,2020-03-25,52.78
Ghana,GHA,2020-03-26,52.78
Ghana,GHA,2020-03-27,52.78
Ghana,GHA,2020-03-28,52.78
Ghana,GHA,2020-03-29,52.78
Ghana,GHA,2020-03-30,86.11
Ghana,GHA,2020-03-31,86.11
Ghana,GHA,2020-04-01,86.11
Ghana,GHA,2020-04-02,86.11
Ghana,GHA,2020-04-03,86.11
Ghana,GHA,2020-04-04,86.11
Ghana,GHA,2020-04-05,86.11
Ghana,GHA,2020-04-06,86.11
Ghana,GHA,2020-04-07,86.11
Ghana,GHA,2020-04-08,86.11
Ghana,GHA,2020-04-09,86.11
Ghana,GHA,2020-04-10,86.11
Ghana,GHA,2020-04-11,86.11
Ghana,GHA,2020-04-12,86.11
Ghana,GHA,2020-04-13,86.11
Ghana,GHA,2020-04-14,86.11
Ghana,GHA,2020-04-15,86.11
Ghana,GHA,2020-04-16,86.11
Ghana,GHA,2020-04-17,86.11
Ghana,GHA,2020-04-18,84.26
Ghana,GHA,2020-04-19,70.37
Ghana,GHA,2020-04-20,62.04
Ghana,GHA,2020-04-21,62.04
Ghana,GHA,2020-04-22,62.04
Ghana,GHA,2020-04-23,62.04
Ghana,GHA,2020-04-24,62.04
Ghana,GHA,2020-04-25,62.04
Ghana,GHA,2020-04-26,62.04
Ghana,GHA,2020-04-27,62.04
Ghana,GHA,2020-04-28,62.04
Ghana,GHA,2020-04-29,62.04
Ghana,GHA,2020-04-30,62.04
Ghana,GHA,2020-05-01,62.04
Ghana,GHA,2020-05-02,62.04
Ghana,GHA,2020-05-03,62.04
Ghana,GHA,2020-05-04,62.04
Ghana,GHA,2020-05-05,62.04
Ghana,GHA,2020-05-06,62.04
Ghana,GHA,2020-05-07,62.04
Ghana,GHA,2020-05-08,62.04
Ghana,GHA,2020-05-09,62.04
Ghana,GHA,2020-05-10,62.04
Ghana,GHA,2020-05-11,62.04
Ghana,GHA,2020-05-12,62.04
Ghana,GHA,2020-05-13,62.04
Ghana,GHA,2020-05-14,62.04
Ghana,GHA,2020-05-15,62.04
Ghana,GHA,2020-05-16,62.04
Ghana,GHA,2020-05-17,62.04
Ghana,GHA,2020-05-18,62.04
Ghana,GHA,2020-05-19,62.04
Ghana,GHA,2020-05-20,62.04
Ghana,GHA,2020-05-21,62.04
Ghana,GHA,2020-05-22,62.04
Ghana,GHA,2020-05-23,62.04
Ghana,GHA,2020-05-24,62.04
Ghana,GHA,2020-05-25,62.04
Ghana,GHA,2020-05-26,56.48
Ghana,GHA,2020-05-27,56.48
Ghana,GHA,2020-05-28,56.48
Ghana,GHA,2020-05-29,56.48
Ghana,GHA,2020-05-30,56.48
Ghana,GHA,2020-05-31,56.48
Ghana,GHA,2020-06-01,56.48
Ghana,GHA,2020-06-02,56.48
Ghana,GHA,2020-06-03,56.48
Ghana,GHA,2020-06-04,56.48
Ghana,GHA,2020-06-05,56.48
Ghana,GHA,2020-06-06,56.48
Ghana,GHA,2020-06-07,56.48
Ghana,GHA,2020-06-08,56.48
Ghana,GHA,2020-06-09,56.48
Ghana,GHA,2020-06-10,56.48
Ghana,GHA,2020-06-11,56.48
Ghana,GHA,2020-06-12,56.48
Ghana,GHA,2020-06-13,56.48
Ghana,GHA,2020-06-14,56.48
Ghana,GHA,2020-06-15,56.48
Ghana,GHA,2020-06-16,56.48
Ghana,GHA,2020-06-17,56.48
Ghana,GHA,2020-06-18,56.48
Ghana,GHA,2020-06-19,56.48
Ghana,GHA,2020-06-20,56.48
Ghana,GHA,2020-06-21,56.48
Ghana,GHA,2020-06-22,52.78
Ghana,GHA,2020-06-23,52.78
Ghana,GHA,2020-06-24,52.78
Ghana,GHA,2020-06-25,52.78
Ghana,GHA,2020-06-26,52.78
Ghana,GHA,2020-06-27,52.78
Ghana,GHA,2020-06-28,52.78
Ghana,GHA,2020-06-29,52.78
Ghana,GHA,2020-06-30,52.78
Ghana,GHA,2020-07-01,52.78
Ghana,GHA,2020-07-02,52.78
Ghana,GHA,2020-07-03,52.78
Ghana,GHA,2020-07-04,52.78
Ghana,GHA,2020-07-05,52.78
Ghana,GHA,2020-07-06,52.78
Ghana,GHA,2020-07-07,52.78
Ghana,GHA,2020-07-08,52.78
Ghana,GHA,2020-07-09,52.78
Ghana,GHA,2020-07-10,52.78
Ghana,GHA,2020-07-11,52.78
Ghana,GHA,2020-07-12,52.78
Ghana,GHA,2020-07-13,52.78
Ghana,GHA,2020-07-14,52.78
Ghana,GHA,2020-07-15,52.78
Ghana,GHA,2020-07-16,52.78
Ghana,GHA,2020-07-17,52.78
Ghana,GHA,2020-07-18,52.78
Ghana,GHA,2020-07-19,52.78
Ghana,GHA,2020-07-20,52.78
Ghana,GHA,2020-07-21,52.78
Ghana,GHA,2020-07-22,52.78
Ghana,GHA,2020-07-23,52.78
Ghana,GHA,2020-07-24,52.78
Ghana,GHA,2020-07-25,52.78
Ghana,GHA,2020-07-26,52.78
Ghana,GHA,2020-07-27,52.78
Ghana,GHA,2020-07-28,52.78
Ghana,GHA,2020-07-29,52.78
Ghana,GHA,2020-07-30,52.78
Ghana,GHA,2020-07-31,52.78
Ghana,GHA,2020-08-01,52.78
Ghana,GHA,2020-08-02,52.78
Ghana,GHA,2020-08-03,52.78
Ghana,GHA,2020-08-04,52.78
Ghana,GHA,2020-08-05,52.78
Ghana,GHA,2020-08-06,52.78
Ghana,GHA,2020-08-07,52.78
Ghana,GHA,2020-08-08,52.78
Ghana,GHA,2020-08-09,52.78
Ghana,GHA,2020-08-10,52.78
Ghana,GHA,2020-08-11,52.78
Ghana,GHA,2020-08-12,52.78
Ghana,GHA,2020-08-13,52.78
Ghana,GHA,2020-08-14,52.78
Ghana,GHA,2020-08-15,52.78
Ghana,GHA,2020-08-16,52.78
Ghana,GHA,2020-08-17,52.78
Ghana,GHA,2020-08-18,52.78
Ghana,GHA,2020-08-19,52.78
Ghana,GHA,2020-08-20,52.78
Ghana,GHA,2020-08-21,52.78
Ghana,GHA,2020-08-22,52.78
Ghana,GHA,2020-08-23,52.78
Ghana,GHA,2020-08-24,52.78
Ghana,GHA,2020-08-25,52.78
Ghana,GHA,2020-08-26,52.78
Ghana,GHA,2020-08-27,52.78
Ghana,GHA,2020-08-28,52.78
Ghana,GHA,2020-08-29,52.78
Ghana,GHA,2020-08-30,52.78
Ghana,GHA,2020-08-31,52.78
Ghana,GHA,2020-09-01,44.44
Ghana,GHA,2020-09-02,44.44
Ghana,GHA,2020-09-03,44.44
Ghana,GHA,2020-09-04,44.44
Ghana,GHA,2020-09-05,44.44
Ghana,GHA,2020-09-06,44.44
Ghana,GHA,2020-09-07,44.44
Ghana,GHA,2020-09-08,44.44
Ghana,GHA,2020-09-09,44.44
Ghana,GHA,2020-09-10,44.44
Ghana,GHA,2020-09-11,44.44
Ghana,GHA,2020-09-12,44.44
Ghana,GHA,2020-09-13,44.44
Ghana,GHA,2020-09-14,44.44
Ghana,GHA,2020-09-15,44.44
Ghana,GHA,2020-09-16,44.44
Ghana,GHA,2020-09-17,44.44
Ghana,GHA,2020-09-18,44.44
Ghana,GHA,2020-09-19,44.44
Ghana,GHA,2020-09-20,44.44
Ghana,GHA,2020-09-21,44.44
Ghana,GHA,2020-09-22,44.44
Ghana,GHA,2020-09-23,44.44
Ghana,GHA,2020-09-24,44.44
Ghana,GHA,2020-09-25,44.44
Ghana,GHA,2020-09-26,44.44
Ghana,GHA,2020-09-27,44.44
Ghana,GHA,2020-09-28,44.44
Ghana,GHA,2020-09-29,44.44
Ghana,GHA,2020-09-30,44.44
Ghana,GHA,2020-10-01,44.44
Ghana,GHA,2020-10-02,44.44
Ghana,GHA,2020-10-03,44.44
Ghana,GHA,2020-10-04,44.44
Ghana,GHA,2020-10-05,44.44
Ghana,GHA,2020-10-06,44.44
Ghana,GHA,2020-10-07,44.44
Ghana,GHA,2020-10-08,44.44
Ghana,GHA,2020-10-09,44.44
Ghana,GHA,2020-10-10,44.44
Ghana,GHA,2020-10-11,44.44
Ghana,GHA,2020-10-12,44.44
Ghana,GHA,2020-10-13,44.44
Ghana,GHA,2020-10-14,44.44
Ghana,GHA,2020-10-15,44.44
Ghana,GHA,2020-10-16,44.44
Ghana,GHA,2020-10-17,44.44
Ghana,GHA,2020-10-18,44.44
Ghana,GHA,2020-10-19,44.44
Ghana,GHA,2020-10-20,44.44
Ghana,GHA,2020-10-21,44.44
Ghana,GHA,2020-10-22,44.44
Ghana,GHA,2020-10-23,44.44
Ghana,GHA,2020-10-24,44.44
Ghana,GHA,2020-10-25,44.44
Ghana,GHA,2020-10-26,44.44
Ghana,GHA,2020-10-27,44.44
Ghana,GHA,2020-10-28,44.44
Ghana,GHA,2020-10-29,44.44
Ghana,GHA,2020-10-30,38.89
Ghana,GHA,2020-10-31,38.89
Ghana,GHA,2020-11-01,38.89
Ghana,GHA,2020-11-02,38.89
Ghana,GHA,2020-11-03,38.89
Ghana,GHA,2020-11-04,38.89
Ghana,GHA,2020-11-05,38.89
Ghana,GHA,2020-11-06,38.89
Ghana,GHA,2020-11-07,38.89
Ghana,GHA,2020-11-08,38.89
Ghana,GHA,2020-11-09,38.89
Ghana,GHA,2020-11-10,38.89
Ghana,GHA,2020-11-11,38.89
Ghana,GHA,2020-11-12,38.89
Ghana,GHA,2020-11-13,38.89
Ghana,GHA,2020-11-14,38.89
Ghana,GHA,2020-11-15,38.89
Ghana,GHA,2020-11-16,38.89
Ghana,GHA,2020-11-17,38.89
Ghana,GHA,2020-11-18,38.89
Ghana,GHA,2020-11-19,38.89
Ghana,GHA,2020-11-20,38.89
Ghana,GHA,2020-11-21,38.89
Ghana,GHA,2020-11-22,38.89
Ghana,GHA,2020-11-23,38.89
Ghana,GHA,2020-11-24,38.89
Ghana,GHA,2020-11-25,38.89
Ghana,GHA,2020-11-26,38.89
Ghana,GHA,2020-11-27,38.89
Ghana,GHA,2020-11-28,38.89
Ghana,GHA,2020-11-29,38.89
Ghana,GHA,2020-11-30,38.89
Ghana,GHA,2020-12-01,38.89
Ghana,GHA,2020-12-02,38.89
Ghana,GHA,2020-12-03,38.89
Ghana,GHA,2020-12-04,38.89
Ghana,GHA,2020-12-05,38.89
Ghana,GHA,2020-12-06,38.89
Ghana,GHA,2020-12-07,38.89
Ghana,GHA,2020-12-08,38.89
Ghana,GHA,2020-12-09,38.89
Ghana,GHA,2020-12-10,38.89
Ghana,GHA,2020-12-11,38.89
Ghana,GHA,2020-12-12,38.89
Ghana,GHA,2020-12-13,38.89
Ghana,GHA,2020-12-14,38.89
Ghana,GHA,2020-12-15,38.89
Ghana,GHA,2020-12-16,38.89
Ghana,GHA,2020-12-17,38.89
Ghana,GHA,2020-12-18,38.89
Ghana,GHA,2020-12-19,38.89
Ghana,GHA,2020-12-20,38.89
Ghana,GHA,2020-12-21,38.89
Ghana,GHA,2020-12-22,38.89
Ghana,GHA,2020-12-23,38.89
Ghana,GHA,2020-12-24,38.89
Ghana,GHA,2020-12-25,38.89
Ghana,GHA,2020-12-26,38.89
Ghana,GHA,2020-12-27,38.89
Ghana,GHA,2020-12-28,38.89
Ghana,GHA,2020-12-29,38.89
Ghana,GHA,2020-12-30,38.89
Ghana,GHA,2020-12-31,38.89
Ghana,GHA,2021-01-01,38.89
Ghana,GHA,2021-01-02,38.89
Ghana,GHA,2021-01-03,38.89
Ghana,GHA,2021-01-04,38.89
Ghana,GHA,2021-01-05,38.89
Ghana,GHA,2021-01-06,38.89
Ghana,GHA,2021-01-07,38.89
Ghana,GHA,2021-01-08,38.89
Ghana,GHA,2021-01-09,38.89
Ghana,GHA,2021-01-10,38.89
Ghana,GHA,2021-01-11,38.89
Ghana,GHA,2021-01-12,38.89
Ghana,GHA,2021-01-13,38.89
Ghana,GHA,2021-01-14,38.89
Ghana,GHA,2021-01-15,35.19
Ghana,GHA,2021-01-16,35.19
Ghana,GHA,2021-01-17,35.19
Ghana,GHA,2021-01-18,35.19
Ghana,GHA,2021-01-19,35.19
Ghana,GHA,2021-01-20,35.19
Ghana,GHA,2021-01-21,35.19
Ghana,GHA,2021-01-22,35.19
Ghana,GHA,2021-01-23,35.19
Ghana,GHA,2021-01-24,35.19
Ghana,GHA,2021-01-25,38.89
Ghana,GHA,2021-01-26,38.89
Ghana,GHA,2021-01-27,38.89
Ghana,GHA,2021-01-28,38.89
Ghana,GHA,2021-01-29,38.89
Ghana,GHA,2021-01-30,38.89
Ghana,GHA,2021-01-31,38.89
Ghana,GHA,2021-02-01,38.89
Ghana,GHA,2021-02-02,38.89
Ghana,GHA,2021-02-03,38.89
Ghana,GHA,2021-02-04,38.89
Ghana,GHA,2021-02-05,38.89
Ghana,GHA,2021-02-06,38.89
Ghana,GHA,2021-02-07,38.89
Ghana,GHA,2021-02-08,38.89
Ghana,GHA,2021-02-09,38.89
Ghana,GHA,2021-02-10,38.89
Ghana,GHA,2021-02-11,38.89
Ghana,GHA,2021-02-12,38.89
Ghana,GHA,2021-02-13,38.89
Ghana,GHA,2021-02-14,38.89
Ghana,GHA,2021-02-15,38.89
Ghana,GHA,2021-02-16,38.89
Ghana,GHA,2021-02-17,38.89
Ghana,GHA,2021-02-18,38.89
Ghana,GHA,2021-02-19,38.89
Ghana,GHA,2021-02-20,38.89
Ghana,GHA,2021-02-21,38.89
Ghana,GHA,2021-02-22,38.89
Ghana,GHA,2021-02-23,44.44
Ghana,GHA,2021-02-24,44.44
Ghana,GHA,2021-02-25,44.44
Ghana,GHA,2021-02-26,44.44
Ghana,GHA,2021-02-27,44.44
Ghana,GHA,2021-02-28,44.44
Ghana,GHA,2021-03-01,44.44
Ghana,GHA,2021-03-02,44.44
Ghana,GHA,2021-03-03,44.44
Ghana,GHA,2021-03-04,44.44
Ghana,GHA,2021-03-05,44.44
Ghana,GHA,2021-03-06,44.44
Greece,GRC,2020-01-01,0
Greece,GRC,2020-01-02,0
Greece,GRC,2020-01-03,0
Greece,GRC,2020-01-04,0
Greece,GRC,2020-01-05,0
Greece,GRC,2020-01-06,0
Greece,GRC,2020-01-07,0
Greece,GRC,2020-01-08,0
Greece,GRC,2020-01-09,0
Greece,GRC,2020-01-10,0
Greece,GRC,2020-01-11,0
Greece,GRC,2020-01-12,0
Greece,GRC,2020-01-13,0
Greece,GRC,2020-01-14,0
Greece,GRC,2020-01-15,0
Greece,GRC,2020-01-16,0
Greece,GRC,2020-01-17,0
Greece,GRC,2020-01-18,0
Greece,GRC,2020-01-19,0
Greece,GRC,2020-01-20,0
Greece,GRC,2020-01-21,0
Greece,GRC,2020-01-22,0
Greece,GRC,2020-01-23,0
Greece,GRC,2020-01-24,0
Greece,GRC,2020-01-25,0
Greece,GRC,2020-01-26,0
Greece,GRC,2020-01-27,0
Greece,GRC,2020-01-28,0
Greece,GRC,2020-01-29,0
Greece,GRC,2020-01-30,0
Greece,GRC,2020-01-31,0
Greece,GRC,2020-02-01,0
Greece,GRC,2020-02-02,0
Greece,GRC,2020-02-03,0
Greece,GRC,2020-02-04,0
Greece,GRC,2020-02-05,0
Greece,GRC,2020-02-06,0
Greece,GRC,2020-02-07,0
Greece,GRC,2020-02-08,0
Greece,GRC,2020-02-09,0
Greece,GRC,2020-02-10,0
Greece,GRC,2020-02-11,0
Greece,GRC,2020-02-12,0
Greece,GRC,2020-02-13,0
Greece,GRC,2020-02-14,0
Greece,GRC,2020-02-15,0
Greece,GRC,2020-02-16,0
Greece,GRC,2020-02-17,0
Greece,GRC,2020-02-18,0
Greece,GRC,2020-02-19,0
Greece,GRC,2020-02-20,0
Greece,GRC,2020-02-21,0
Greece,GRC,2020-02-22,0
Greece,GRC,2020-02-23,0
Greece,GRC,2020-02-24,0
Greece,GRC,2020-02-25,11.11
Greece,GRC,2020-02-26,11.11
Greece,GRC,2020-02-27,11.11
Greece,GRC,2020-02-28,11.11
Greece,GRC,2020-02-29,19.44
Greece,GRC,2020-03-01,19.44
Greece,GRC,2020-03-02,19.44
Greece,GRC,2020-03-03,19.44
Greece,GRC,2020-03-04,19.44
Greece,GRC,2020-03-05,28.7
Greece,GRC,2020-03-06,28.7
Greece,GRC,2020-03-07,28.7
Greece,GRC,2020-03-08,28.7
Greece,GRC,2020-03-09,31.48
Greece,GRC,2020-03-10,33.33
Greece,GRC,2020-03-11,33.33
Greece,GRC,2020-03-12,40.74
Greece,GRC,2020-03-13,40.74
Greece,GRC,2020-03-14,54.63
Greece,GRC,2020-03-15,54.63
Greece,GRC,2020-03-16,54.63
Greece,GRC,2020-03-17,54.63
Greece,GRC,2020-03-18,65.74
Greece,GRC,2020-03-19,65.74
Greece,GRC,2020-03-20,65.74
Greece,GRC,2020-03-21,74.07
Greece,GRC,2020-03-22,74.07
Greece,GRC,2020-03-23,84.26
Greece,GRC,2020-03-24,84.26
Greece,GRC,2020-03-25,84.26
Greece,GRC,2020-03-26,84.26
Greece,GRC,2020-03-27,84.26
Greece,GRC,2020-03-28,84.26
Greece,GRC,2020-03-29,84.26
Greece,GRC,2020-03-30,84.26
Greece,GRC,2020-03-31,84.26
Greece,GRC,2020-04-01,84.26
Greece,GRC,2020-04-02,84.26
Greece,GRC,2020-04-03,84.26
Greece,GRC,2020-04-04,84.26
Greece,GRC,2020-04-05,84.26
Greece,GRC,2020-04-06,84.26
Greece,GRC,2020-04-07,84.26
Greece,GRC,2020-04-08,84.26
Greece,GRC,2020-04-09,84.26
Greece,GRC,2020-04-10,84.26
Greece,GRC,2020-04-11,84.26
Greece,GRC,2020-04-12,84.26
Greece,GRC,2020-04-13,84.26
Greece,GRC,2020-04-14,84.26
Greece,GRC,2020-04-15,84.26
Greece,GRC,2020-04-16,84.26
Greece,GRC,2020-04-17,84.26
Greece,GRC,2020-04-18,84.26
Greece,GRC,2020-04-19,84.26
Greece,GRC,2020-04-20,84.26
Greece,GRC,2020-04-21,84.26
Greece,GRC,2020-04-22,84.26
Greece,GRC,2020-04-23,84.26
Greece,GRC,2020-04-24,84.26
Greece,GRC,2020-04-25,84.26
Greece,GRC,2020-04-26,84.26
Greece,GRC,2020-04-27,84.26
Greece,GRC,2020-04-28,84.26
Greece,GRC,2020-04-29,84.26
Greece,GRC,2020-04-30,84.26
Greece,GRC,2020-05-01,84.26
Greece,GRC,2020-05-02,84.26
Greece,GRC,2020-05-03,84.26
Greece,GRC,2020-05-04,81.48
Greece,GRC,2020-05-05,72.22
Greece,GRC,2020-05-06,72.22
Greece,GRC,2020-05-07,72.22
Greece,GRC,2020-05-08,72.22
Greece,GRC,2020-05-09,72.22
Greece,GRC,2020-05-10,72.22
Greece,GRC,2020-05-11,68.52
Greece,GRC,2020-05-12,68.52
Greece,GRC,2020-05-13,68.52
Greece,GRC,2020-05-14,68.52
Greece,GRC,2020-05-15,68.52
Greece,GRC,2020-05-16,68.52
Greece,GRC,2020-05-17,68.52
Greece,GRC,2020-05-18,68.52
Greece,GRC,2020-05-19,68.52
Greece,GRC,2020-05-20,68.52
Greece,GRC,2020-05-21,68.52
Greece,GRC,2020-05-22,68.52
Greece,GRC,2020-05-23,68.52
Greece,GRC,2020-05-24,68.52
Greece,GRC,2020-05-25,68.52
Greece,GRC,2020-05-26,68.52
Greece,GRC,2020-05-27,68.52
Greece,GRC,2020-05-28,68.52
Greece,GRC,2020-05-29,68.52
Greece,GRC,2020-05-30,62.04
Greece,GRC,2020-05-31,62.04
Greece,GRC,2020-06-01,54.63
Greece,GRC,2020-06-02,54.63
Greece,GRC,2020-06-03,54.63
Greece,GRC,2020-06-04,54.63
Greece,GRC,2020-06-05,54.63
Greece,GRC,2020-06-06,54.63
Greece,GRC,2020-06-07,54.63
Greece,GRC,2020-06-08,54.63
Greece,GRC,2020-06-09,54.63
Greece,GRC,2020-06-10,54.63
Greece,GRC,2020-06-11,54.63
Greece,GRC,2020-06-12,54.63
Greece,GRC,2020-06-13,54.63
Greece,GRC,2020-06-14,54.63
Greece,GRC,2020-06-15,40.74
Greece,GRC,2020-06-16,40.74
Greece,GRC,2020-06-17,40.74
Greece,GRC,2020-06-18,40.74
Greece,GRC,2020-06-19,40.74
Greece,GRC,2020-06-20,40.74
Greece,GRC,2020-06-21,40.74
Greece,GRC,2020-06-22,46.3
Greece,GRC,2020-06-23,46.3
Greece,GRC,2020-06-24,46.3
Greece,GRC,2020-06-25,46.3
Greece,GRC,2020-06-26,46.3
Greece,GRC,2020-06-27,40.74
Greece,GRC,2020-06-28,40.74
Greece,GRC,2020-06-29,40.74
Greece,GRC,2020-06-30,40.74
Greece,GRC,2020-07-01,40.74
Greece,GRC,2020-07-02,46.3
Greece,GRC,2020-07-03,46.3
Greece,GRC,2020-07-04,46.3
Greece,GRC,2020-07-05,46.3
Greece,GRC,2020-07-06,46.3
Greece,GRC,2020-07-07,46.3
Greece,GRC,2020-07-08,46.3
Greece,GRC,2020-07-09,46.3
Greece,GRC,2020-07-10,46.3
Greece,GRC,2020-07-11,46.3
Greece,GRC,2020-07-12,46.3
Greece,GRC,2020-07-13,57.41
Greece,GRC,2020-07-14,57.41
Greece,GRC,2020-07-15,57.41
Greece,GRC,2020-07-16,57.41
Greece,GRC,2020-07-17,57.41
Greece,GRC,2020-07-18,57.41
Greece,GRC,2020-07-19,57.41
Greece,GRC,2020-07-20,57.41
Greece,GRC,2020-07-21,57.41
Greece,GRC,2020-07-22,57.41
Greece,GRC,2020-07-23,57.41
Greece,GRC,2020-07-24,57.41
Greece,GRC,2020-07-25,57.41
Greece,GRC,2020-07-26,57.41
Greece,GRC,2020-07-27,57.41
Greece,GRC,2020-07-28,57.41
Greece,GRC,2020-07-29,57.41
Greece,GRC,2020-07-30,57.41
Greece,GRC,2020-07-31,57.41
Greece,GRC,2020-08-01,46.3
Greece,GRC,2020-08-02,46.3
Greece,GRC,2020-08-03,46.3
Greece,GRC,2020-08-04,46.3
Greece,GRC,2020-08-05,46.3
Greece,GRC,2020-08-06,46.3
Greece,GRC,2020-08-07,46.3
Greece,GRC,2020-08-08,46.3
Greece,GRC,2020-08-09,46.3
Greece,GRC,2020-08-10,46.3
Greece,GRC,2020-08-11,46.3
Greece,GRC,2020-08-12,46.3
Greece,GRC,2020-08-13,57.41
Greece,GRC,2020-08-14,57.41
Greece,GRC,2020-08-15,57.41
Greece,GRC,2020-08-16,57.41
Greece,GRC,2020-08-17,56.02
Greece,GRC,2020-08-18,56.02
Greece,GRC,2020-08-19,56.02
Greece,GRC,2020-08-20,56.02
Greece,GRC,2020-08-21,56.02
Greece,GRC,2020-08-22,56.02
Greece,GRC,2020-08-23,56.02
Greece,GRC,2020-08-24,56.02
Greece,GRC,2020-08-25,56.02
Greece,GRC,2020-08-26,56.02
Greece,GRC,2020-08-27,56.02
Greece,GRC,2020-08-28,56.02
Greece,GRC,2020-08-29,56.02
Greece,GRC,2020-08-30,56.02
Greece,GRC,2020-08-31,56.02
Greece,GRC,2020-09-01,56.02
Greece,GRC,2020-09-02,56.02
Greece,GRC,2020-09-03,56.02
Greece,GRC,2020-09-04,56.02
Greece,GRC,2020-09-05,56.02
Greece,GRC,2020-09-06,56.02
Greece,GRC,2020-09-07,56.02
Greece,GRC,2020-09-08,64.81
Greece,GRC,2020-09-09,64.81
Greece,GRC,2020-09-10,64.81
Greece,GRC,2020-09-11,64.81
Greece,GRC,2020-09-12,64.81
Greece,GRC,2020-09-13,64.81
Greece,GRC,2020-09-14,57.41
Greece,GRC,2020-09-15,57.41
Greece,GRC,2020-09-16,57.41
Greece,GRC,2020-09-17,57.41
Greece,GRC,2020-09-18,54.63
Greece,GRC,2020-09-19,54.63
Greece,GRC,2020-09-20,54.63
Greece,GRC,2020-09-21,54.63
Greece,GRC,2020-09-22,54.63
Greece,GRC,2020-09-23,54.63
Greece,GRC,2020-09-24,54.63
Greece,GRC,2020-09-25,54.63
Greece,GRC,2020-09-26,54.63
Greece,GRC,2020-09-27,54.63
Greece,GRC,2020-09-28,54.63
Greece,GRC,2020-09-29,50.46
Greece,GRC,2020-09-30,50.46
Greece,GRC,2020-10-01,50.46
Greece,GRC,2020-10-02,50.46
Greece,GRC,2020-10-03,50.46
Greece,GRC,2020-10-04,50.46
Greece,GRC,2020-10-05,50.46
Greece,GRC,2020-10-06,50.46
Greece,GRC,2020-10-07,50.46
Greece,GRC,2020-10-08,50.46
Greece,GRC,2020-10-09,50.46
Greece,GRC,2020-10-10,50.46
Greece,GRC,2020-10-11,50.46
Greece,GRC,2020-10-12,59.72
Greece,GRC,2020-10-13,59.72
Greece,GRC,2020-10-14,59.72
Greece,GRC,2020-10-15,59.72
Greece,GRC,2020-10-16,59.72
Greece,GRC,2020-10-17,59.72
Greece,GRC,2020-10-18,59.72
Greece,GRC,2020-10-19,59.72
Greece,GRC,2020-10-20,59.72
Greece,GRC,2020-10-21,59.72
Greece,GRC,2020-10-22,59.72
Greece,GRC,2020-10-23,59.72
Greece,GRC,2020-10-24,59.72
Greece,GRC,2020-10-25,59.72
Greece,GRC,2020-10-26,59.72
Greece,GRC,2020-10-27,59.72
Greece,GRC,2020-10-28,59.72
Greece,GRC,2020-10-29,59.72
Greece,GRC,2020-10-30,59.72
Greece,GRC,2020-10-31,59.72
Greece,GRC,2020-11-01,59.72
Greece,GRC,2020-11-02,63.43
Greece,GRC,2020-11-03,63.43
Greece,GRC,2020-11-04,63.43
Greece,GRC,2020-11-05,63.43
Greece,GRC,2020-11-06,63.43
Greece,GRC,2020-11-07,78.7
Greece,GRC,2020-11-08,78.7
Greece,GRC,2020-11-09,78.7
Greece,GRC,2020-11-10,78.7
Greece,GRC,2020-11-11,78.7
Greece,GRC,2020-11-12,78.7
Greece,GRC,2020-11-13,78.7
Greece,GRC,2020-11-14,78.7
Greece,GRC,2020-11-15,78.7
Greece,GRC,2020-11-16,78.7
Greece,GRC,2020-11-17,78.7
Greece,GRC,2020-11-18,78.7
Greece,GRC,2020-11-19,78.7
Greece,GRC,2020-11-20,78.7
Greece,GRC,2020-11-21,78.7
Greece,GRC,2020-11-22,78.7
Greece,GRC,2020-11-23,78.7
Greece,GRC,2020-11-24,78.7
Greece,GRC,2020-11-25,78.7
Greece,GRC,2020-11-26,78.7
Greece,GRC,2020-11-27,78.7
Greece,GRC,2020-11-28,78.7
Greece,GRC,2020-11-29,78.7
Greece,GRC,2020-11-30,78.7
Greece,GRC,2020-12-01,80.56
Greece,GRC,2020-12-02,80.56
Greece,GRC,2020-12-03,80.56
Greece,GRC,2020-12-04,80.56
Greece,GRC,2020-12-05,80.56
Greece,GRC,2020-12-06,80.56
Greece,GRC,2020-12-07,84.26
Greece,GRC,2020-12-08,84.26
Greece,GRC,2020-12-09,84.26
Greece,GRC,2020-12-10,84.26
Greece,GRC,2020-12-11,84.26
Greece,GRC,2020-12-12,84.26
Greece,GRC,2020-12-13,84.26
Greece,GRC,2020-12-14,84.26
Greece,GRC,2020-12-15,84.26
Greece,GRC,2020-12-16,84.26
Greece,GRC,2020-12-17,84.26
Greece,GRC,2020-12-18,84.26
Greece,GRC,2020-12-19,84.26
Greece,GRC,2020-12-20,84.26
Greece,GRC,2020-12-21,84.26
Greece,GRC,2020-12-22,84.26
Greece,GRC,2020-12-23,84.26
Greece,GRC,2020-12-24,84.26
Greece,GRC,2020-12-25,84.26
Greece,GRC,2020-12-26,84.26
Greece,GRC,2020-12-27,84.26
Greece,GRC,2020-12-28,84.26
Greece,GRC,2020-12-29,84.26
Greece,GRC,2020-12-30,84.26
Greece,GRC,2020-12-31,84.26
Greece,GRC,2021-01-01,84.26
Greece,GRC,2021-01-02,84.26
Greece,GRC,2021-01-03,84.26
Greece,GRC,2021-01-04,84.26
Greece,GRC,2021-01-05,84.26
Greece,GRC,2021-01-06,84.26
Greece,GRC,2021-01-07,84.26
Greece,GRC,2021-01-08,84.26
Greece,GRC,2021-01-09,84.26
Greece,GRC,2021-01-10,84.26
Greece,GRC,2021-01-11,80.56
Greece,GRC,2021-01-12,80.56
Greece,GRC,2021-01-13,80.56
Greece,GRC,2021-01-14,80.56
Greece,GRC,2021-01-15,80.56
Greece,GRC,2021-01-16,80.56
Greece,GRC,2021-01-17,80.56
Greece,GRC,2021-01-18,80.56
Greece,GRC,2021-01-19,80.56
Greece,GRC,2021-01-20,80.56
Greece,GRC,2021-01-21,80.56
Greece,GRC,2021-01-22,80.56
Greece,GRC,2021-01-23,80.56
Greece,GRC,2021-01-24,80.56
Greece,GRC,2021-01-25,80.56
Greece,GRC,2021-01-26,80.56
Greece,GRC,2021-01-27,80.56
Greece,GRC,2021-01-28,80.56
Greece,GRC,2021-01-29,80.56
Greece,GRC,2021-01-30,80.56
Greece,GRC,2021-01-31,80.56
Greece,GRC,2021-02-01,81.48
Greece,GRC,2021-02-02,81.48
Greece,GRC,2021-02-03,81.48
Greece,GRC,2021-02-04,81.48
Greece,GRC,2021-02-05,81.48
Greece,GRC,2021-02-06,81.48
Greece,GRC,2021-02-07,81.48
Greece,GRC,2021-02-08,81.48
Greece,GRC,2021-02-09,81.48
Greece,GRC,2021-02-10,81.48
Greece,GRC,2021-02-11,81.48
Greece,GRC,2021-02-12,81.48
Greece,GRC,2021-02-13,81.48
Greece,GRC,2021-02-14,81.48
Greece,GRC,2021-02-15,81.48
Greece,GRC,2021-02-16,78.7
Greece,GRC,2021-02-17,78.7
Greece,GRC,2021-02-18,78.7
Greece,GRC,2021-02-19,78.7
Greece,GRC,2021-02-20,80.56
Greece,GRC,2021-02-21,80.56
Greece,GRC,2021-02-22,80.56
Greece,GRC,2021-02-23,80.56
Greece,GRC,2021-02-24,80.56
Greece,GRC,2021-02-25,80.56
Greece,GRC,2021-02-26,80.56
Greece,GRC,2021-02-27,80.56
Greece,GRC,2021-02-28,88.89
Greece,GRC,2021-03-01,88.89
Greenland,GRL,2020-01-01,0
Greenland,GRL,2020-01-02,0
Greenland,GRL,2020-01-03,0
Greenland,GRL,2020-01-04,0
Greenland,GRL,2020-01-05,0
Greenland,GRL,2020-01-06,0
Greenland,GRL,2020-01-07,0
Greenland,GRL,2020-01-08,0
Greenland,GRL,2020-01-09,0
Greenland,GRL,2020-01-10,0
Greenland,GRL,2020-01-11,0
Greenland,GRL,2020-01-12,0
Greenland,GRL,2020-01-13,0
Greenland,GRL,2020-01-14,0
Greenland,GRL,2020-01-15,0
Greenland,GRL,2020-01-16,0
Greenland,GRL,2020-01-17,0
Greenland,GRL,2020-01-18,0
Greenland,GRL,2020-01-19,0
Greenland,GRL,2020-01-20,0
Greenland,GRL,2020-01-21,0
Greenland,GRL,2020-01-22,0
Greenland,GRL,2020-01-23,0
Greenland,GRL,2020-01-24,0
Greenland,GRL,2020-01-25,0
Greenland,GRL,2020-01-26,0
Greenland,GRL,2020-01-27,0
Greenland,GRL,2020-01-28,0
Greenland,GRL,2020-01-29,0
Greenland,GRL,2020-01-30,0
Greenland,GRL,2020-01-31,0
Greenland,GRL,2020-02-01,0
Greenland,GRL,2020-02-02,0
Greenland,GRL,2020-02-03,0
Greenland,GRL,2020-02-04,0
Greenland,GRL,2020-02-05,0
Greenland,GRL,2020-02-06,0
Greenland,GRL,2020-02-07,0
Greenland,GRL,2020-02-08,0
Greenland,GRL,2020-02-09,0
Greenland,GRL,2020-02-10,0
Greenland,GRL,2020-02-11,0
Greenland,GRL,2020-02-12,0
Greenland,GRL,2020-02-13,0
Greenland,GRL,2020-02-14,0
Greenland,GRL,2020-02-15,0
Greenland,GRL,2020-02-16,0
Greenland,GRL,2020-02-17,0
Greenland,GRL,2020-02-18,0
Greenland,GRL,2020-02-19,0
Greenland,GRL,2020-02-20,0
Greenland,GRL,2020-02-21,0
Greenland,GRL,2020-02-22,0
Greenland,GRL,2020-02-23,0
Greenland,GRL,2020-02-24,0
Greenland,GRL,2020-02-25,0
Greenland,GRL,2020-02-26,0
Greenland,GRL,2020-02-27,0
Greenland,GRL,2020-02-28,0
Greenland,GRL,2020-02-29,0
Greenland,GRL,2020-03-01,0
Greenland,GRL,2020-03-02,5.56
Greenland,GRL,2020-03-03,5.56
Greenland,GRL,2020-03-04,5.56
Greenland,GRL,2020-03-05,5.56
Greenland,GRL,2020-03-06,5.56
Greenland,GRL,2020-03-07,5.56
Greenland,GRL,2020-03-08,5.56
Greenland,GRL,2020-03-09,5.56
Greenland,GRL,2020-03-10,5.56
Greenland,GRL,2020-03-11,5.56
Greenland,GRL,2020-03-12,5.56
Greenland,GRL,2020-03-13,33.33
Greenland,GRL,2020-03-14,33.33
Greenland,GRL,2020-03-15,33.33
Greenland,GRL,2020-03-16,33.33
Greenland,GRL,2020-03-17,33.33
Greenland,GRL,2020-03-18,61.11
Greenland,GRL,2020-03-19,72.22
Greenland,GRL,2020-03-20,72.22
Greenland,GRL,2020-03-21,72.22
Greenland,GRL,2020-03-22,72.22
Greenland,GRL,2020-03-23,72.22
Greenland,GRL,2020-03-24,72.22
Greenland,GRL,2020-03-25,72.22
Greenland,GRL,2020-03-26,77.78
Greenland,GRL,2020-03-27,77.78
Greenland,GRL,2020-03-28,77.78
Greenland,GRL,2020-03-29,77.78
Greenland,GRL,2020-03-30,77.78
Greenland,GRL,2020-03-31,77.78
Greenland,GRL,2020-04-01,77.78
Greenland,GRL,2020-04-02,77.78
Greenland,GRL,2020-04-03,77.78
Greenland,GRL,2020-04-04,77.78
Greenland,GRL,2020-04-05,77.78
Greenland,GRL,2020-04-06,77.78
Greenland,GRL,2020-04-07,77.78
Greenland,GRL,2020-04-08,77.78
Greenland,GRL,2020-04-09,77.78
Greenland,GRL,2020-04-10,77.78
Greenland,GRL,2020-04-11,77.78
Greenland,GRL,2020-04-12,77.78
Greenland,GRL,2020-04-13,77.78
Greenland,GRL,2020-04-14,75.93
Greenland,GRL,2020-04-15,75.93
Greenland,GRL,2020-04-16,75.93
Greenland,GRL,2020-04-17,75.93
Greenland,GRL,2020-04-18,75.93
Greenland,GRL,2020-04-19,75.93
Greenland,GRL,2020-04-20,74.07
Greenland,GRL,2020-04-21,74.07
Greenland,GRL,2020-04-22,71.3
Greenland,GRL,2020-04-23,71.3
Greenland,GRL,2020-04-24,71.3
Greenland,GRL,2020-04-25,68.52
Greenland,GRL,2020-04-26,68.52
Greenland,GRL,2020-04-27,61.11
Greenland,GRL,2020-04-28,61.11
Greenland,GRL,2020-04-29,61.11
Greenland,GRL,2020-04-30,55.56
Greenland,GRL,2020-05-01,55.56
Greenland,GRL,2020-05-02,55.56
Greenland,GRL,2020-05-03,55.56
Greenland,GRL,2020-05-04,55.56
Greenland,GRL,2020-05-05,55.56
Greenland,GRL,2020-05-06,55.56
Greenland,GRL,2020-05-07,55.56
Greenland,GRL,2020-05-08,55.56
Greenland,GRL,2020-05-09,55.56
Greenland,GRL,2020-05-10,55.56
Greenland,GRL,2020-05-11,55.56
Greenland,GRL,2020-05-12,55.56
Greenland,GRL,2020-05-13,55.56
Greenland,GRL,2020-05-14,55.56
Greenland,GRL,2020-05-15,55.56
Greenland,GRL,2020-05-16,55.56
Greenland,GRL,2020-05-17,55.56
Greenland,GRL,2020-05-18,55.56
Greenland,GRL,2020-05-19,55.56
Greenland,GRL,2020-05-20,55.56
Greenland,GRL,2020-05-21,55.56
Greenland,GRL,2020-05-22,55.56
Greenland,GRL,2020-05-23,55.56
Greenland,GRL,2020-05-24,55.56
Greenland,GRL,2020-05-25,55.56
Greenland,GRL,2020-05-26,55.56
Greenland,GRL,2020-05-27,55.56
Greenland,GRL,2020-05-28,55.56
Greenland,GRL,2020-05-29,51.85
Greenland,GRL,2020-05-30,51.85
Greenland,GRL,2020-05-31,51.85
Greenland,GRL,2020-06-01,51.85
Greenland,GRL,2020-06-02,51.85
Greenland,GRL,2020-06-03,51.85
Greenland,GRL,2020-06-04,51.85
Greenland,GRL,2020-06-05,51.85
Greenland,GRL,2020-06-06,51.85
Greenland,GRL,2020-06-07,51.85
Greenland,GRL,2020-06-08,51.85
Greenland,GRL,2020-06-09,51.85
Greenland,GRL,2020-06-10,51.85
Greenland,GRL,2020-06-11,51.85
Greenland,GRL,2020-06-12,51.85
Greenland,GRL,2020-06-13,51.85
Greenland,GRL,2020-06-14,51.85
Greenland,GRL,2020-06-15,42.59
Greenland,GRL,2020-06-16,42.59
Greenland,GRL,2020-06-17,42.59
Greenland,GRL,2020-06-18,42.59
Greenland,GRL,2020-06-19,42.59
Greenland,GRL,2020-06-20,42.59
Greenland,GRL,2020-06-21,42.59
Greenland,GRL,2020-06-22,42.59
Greenland,GRL,2020-06-23,42.59
Greenland,GRL,2020-06-24,37.04
Greenland,GRL,2020-06-25,37.04
Greenland,GRL,2020-06-26,37.04
Greenland,GRL,2020-06-27,37.04
Greenland,GRL,2020-06-28,37.04
Greenland,GRL,2020-06-29,37.04
Greenland,GRL,2020-06-30,37.04
Greenland,GRL,2020-07-01,37.04
Greenland,GRL,2020-07-02,37.04
Greenland,GRL,2020-07-03,37.04
Greenland,GRL,2020-07-04,37.04
Greenland,GRL,2020-07-05,37.04
Greenland,GRL,2020-07-06,37.04
Greenland,GRL,2020-07-07,37.04
Greenland,GRL,2020-07-08,37.04
Greenland,GRL,2020-07-09,37.04
Greenland,GRL,2020-07-10,37.04
Greenland,GRL,2020-07-11,37.04
Greenland,GRL,2020-07-12,37.04
Greenland,GRL,2020-07-13,37.04
Greenland,GRL,2020-07-14,37.04
Greenland,GRL,2020-07-15,37.04
Greenland,GRL,2020-07-16,37.04
Greenland,GRL,2020-07-17,37.04
Greenland,GRL,2020-07-18,37.04
Greenland,GRL,2020-07-19,37.04
Greenland,GRL,2020-07-20,37.04
Greenland,GRL,2020-07-21,31.48
Greenland,GRL,2020-07-22,31.48
Greenland,GRL,2020-07-23,31.48
Greenland,GRL,2020-07-24,31.48
Greenland,GRL,2020-07-25,31.48
Greenland,GRL,2020-07-26,31.48
Greenland,GRL,2020-07-27,31.48
Greenland,GRL,2020-07-28,31.48
Greenland,GRL,2020-07-29,31.48
Greenland,GRL,2020-07-30,31.48
Greenland,GRL,2020-07-31,28.7
Greenland,GRL,2020-08-01,28.7
Greenland,GRL,2020-08-02,28.7
Greenland,GRL,2020-08-03,28.7
Greenland,GRL,2020-08-04,28.7
Greenland,GRL,2020-08-05,28.7
Greenland,GRL,2020-08-06,31.48
Greenland,GRL,2020-08-07,31.48
Greenland,GRL,2020-08-08,31.48
Greenland,GRL,2020-08-09,31.48
Greenland,GRL,2020-08-10,31.48
Greenland,GRL,2020-08-11,31.48
Greenland,GRL,2020-08-12,31.48
Greenland,GRL,2020-08-13,31.48
Greenland,GRL,2020-08-14,31.48
Greenland,GRL,2020-08-15,31.48
Greenland,GRL,2020-08-16,31.48
Greenland,GRL,2020-08-17,31.48
Greenland,GRL,2020-08-18,31.48
Greenland,GRL,2020-08-19,31.48
Greenland,GRL,2020-08-20,31.48
Greenland,GRL,2020-08-21,31.48
Greenland,GRL,2020-08-22,31.48
Greenland,GRL,2020-08-23,31.48
Greenland,GRL,2020-08-24,31.48
Greenland,GRL,2020-08-25,31.48
Greenland,GRL,2020-08-26,31.48
Greenland,GRL,2020-08-27,31.48
Greenland,GRL,2020-08-28,31.48
Greenland,GRL,2020-08-29,31.48
Greenland,GRL,2020-08-30,31.48
Greenland,GRL,2020-08-31,31.48
Greenland,GRL,2020-09-01,31.48
Greenland,GRL,2020-09-02,31.48
Greenland,GRL,2020-09-03,31.48
Greenland,GRL,2020-09-04,31.48
Greenland,GRL,2020-09-05,31.48
Greenland,GRL,2020-09-06,31.48
Greenland,GRL,2020-09-07,31.48
Greenland,GRL,2020-09-08,31.48
Greenland,GRL,2020-09-09,31.48
Greenland,GRL,2020-09-10,31.48
Greenland,GRL,2020-09-11,34.26
Greenland,GRL,2020-09-12,34.26
Greenland,GRL,2020-09-13,34.26
Greenland,GRL,2020-09-14,34.26
Greenland,GRL,2020-09-15,34.26
Greenland,GRL,2020-09-16,34.26
Greenland,GRL,2020-09-17,34.26
Greenland,GRL,2020-09-18,34.26
Greenland,GRL,2020-09-19,34.26
Greenland,GRL,2020-09-20,34.26
Greenland,GRL,2020-09-21,34.26
Greenland,GRL,2020-09-22,34.26
Greenland,GRL,2020-09-23,34.26
Greenland,GRL,2020-09-24,34.26
Greenland,GRL,2020-09-25,34.26
Greenland,GRL,2020-09-26,34.26
Greenland,GRL,2020-09-27,34.26
Greenland,GRL,2020-09-28,34.26
Greenland,GRL,2020-09-29,31.48
Greenland,GRL,2020-09-30,31.48
Greenland,GRL,2020-10-01,31.48
Greenland,GRL,2020-10-02,31.48
Greenland,GRL,2020-10-03,31.48
Greenland,GRL,2020-10-04,31.48
Greenland,GRL,2020-10-05,31.48
Greenland,GRL,2020-10-06,31.48
Greenland,GRL,2020-10-07,31.48
Greenland,GRL,2020-10-08,31.48
Greenland,GRL,2020-10-09,31.48
Greenland,GRL,2020-10-10,31.48
Greenland,GRL,2020-10-11,31.48
Greenland,GRL,2020-10-12,31.48
Greenland,GRL,2020-10-13,31.48
Greenland,GRL,2020-10-14,31.48
Greenland,GRL,2020-10-15,31.48
Greenland,GRL,2020-10-16,31.48
Greenland,GRL,2020-10-17,31.48
Greenland,GRL,2020-10-18,31.48
Greenland,GRL,2020-10-19,31.48
Greenland,GRL,2020-10-20,31.48
Greenland,GRL,2020-10-21,31.48
Greenland,GRL,2020-10-22,31.48
Greenland,GRL,2020-10-23,31.48
Greenland,GRL,2020-10-24,31.48
Greenland,GRL,2020-10-25,31.48
Greenland,GRL,2020-10-26,31.48
Greenland,GRL,2020-10-27,31.48
Greenland,GRL,2020-10-28,31.48
Greenland,GRL,2020-10-29,31.48
Greenland,GRL,2020-10-30,31.48
Greenland,GRL,2020-10-31,31.48
Greenland,GRL,2020-11-01,31.48
Greenland,GRL,2020-11-02,31.48
Greenland,GRL,2020-11-03,31.48
Greenland,GRL,2020-11-04,31.48
Greenland,GRL,2020-11-05,31.48
Greenland,GRL,2020-11-06,31.48
Greenland,GRL,2020-11-07,34.26
Greenland,GRL,2020-11-08,34.26
Greenland,GRL,2020-11-09,34.26
Greenland,GRL,2020-11-10,34.26
Greenland,GRL,2020-11-11,34.26
Greenland,GRL,2020-11-12,34.26
Greenland,GRL,2020-11-13,34.26
Greenland,GRL,2020-11-14,34.26
Greenland,GRL,2020-11-15,34.26
Greenland,GRL,2020-11-16,34.26
Greenland,GRL,2020-11-17,34.26
Greenland,GRL,2020-11-18,34.26
Greenland,GRL,2020-11-19,34.26
Greenland,GRL,2020-11-20,34.26
Greenland,GRL,2020-11-21,34.26
Greenland,GRL,2020-11-22,34.26
Greenland,GRL,2020-11-23,34.26
Greenland,GRL,2020-11-24,34.26
Greenland,GRL,2020-11-25,34.26
Greenland,GRL,2020-11-26,34.26
Greenland,GRL,2020-11-27,34.26
Greenland,GRL,2020-11-28,34.26
Greenland,GRL,2020-11-29,34.26
Greenland,GRL,2020-11-30,34.26
Greenland,GRL,2020-12-01,34.26
Greenland,GRL,2020-12-02,34.26
Greenland,GRL,2020-12-03,34.26
Greenland,GRL,2020-12-04,34.26
Greenland,GRL,2020-12-05,34.26
Greenland,GRL,2020-12-06,34.26
Greenland,GRL,2020-12-07,34.26
Greenland,GRL,2020-12-08,34.26
Greenland,GRL,2020-12-09,34.26
Greenland,GRL,2020-12-10,34.26
Greenland,GRL,2020-12-11,34.26
Greenland,GRL,2020-12-12,34.26
Greenland,GRL,2020-12-13,34.26
Greenland,GRL,2020-12-14,34.26
Greenland,GRL,2020-12-15,34.26
Greenland,GRL,2020-12-16,34.26
Greenland,GRL,2020-12-17,34.26
Greenland,GRL,2020-12-18,34.26
Greenland,GRL,2020-12-19,34.26
Greenland,GRL,2020-12-20,34.26
Greenland,GRL,2020-12-21,37.04
Greenland,GRL,2020-12-22,37.04
Greenland,GRL,2020-12-23,37.04
Greenland,GRL,2020-12-24,37.04
Greenland,GRL,2020-12-25,37.04
Greenland,GRL,2020-12-26,37.04
Greenland,GRL,2020-12-27,37.04
Greenland,GRL,2020-12-28,37.04
Greenland,GRL,2020-12-29,37.04
Greenland,GRL,2020-12-30,37.04
Greenland,GRL,2020-12-31,37.04
Greenland,GRL,2021-01-01,37.04
Greenland,GRL,2021-01-02,37.04
Greenland,GRL,2021-01-03,37.04
Greenland,GRL,2021-01-04,37.04
Greenland,GRL,2021-01-05,37.04
Greenland,GRL,2021-01-06,37.04
Greenland,GRL,2021-01-07,37.04
Greenland,GRL,2021-01-08,37.04
Greenland,GRL,2021-01-09,37.04
Greenland,GRL,2021-01-10,37.04
Greenland,GRL,2021-01-11,37.04
Greenland,GRL,2021-01-12,37.04
Greenland,GRL,2021-01-13,37.04
Greenland,GRL,2021-01-14,37.04
Greenland,GRL,2021-01-15,37.04
Greenland,GRL,2021-01-16,37.04
Greenland,GRL,2021-01-17,37.04
Greenland,GRL,2021-01-18,37.04
Greenland,GRL,2021-01-19,37.04
Greenland,GRL,2021-01-20,37.04
Greenland,GRL,2021-01-21,37.04
Greenland,GRL,2021-01-22,37.04
Greenland,GRL,2021-01-23,37.04
Greenland,GRL,2021-01-24,37.04
Greenland,GRL,2021-01-25,37.04
Greenland,GRL,2021-01-26,37.04
Greenland,GRL,2021-01-27,37.04
Greenland,GRL,2021-01-28,37.04
Greenland,GRL,2021-01-29,37.04
Greenland,GRL,2021-01-30,37.04
Greenland,GRL,2021-01-31,37.04
Greenland,GRL,2021-02-01,37.04
Greenland,GRL,2021-02-02,37.04
Greenland,GRL,2021-02-03,37.04
Greenland,GRL,2021-02-04,37.04
Greenland,GRL,2021-02-05,37.04
Greenland,GRL,2021-02-06,37.04
Greenland,GRL,2021-02-07,37.04
Greenland,GRL,2021-02-08,37.04
Greenland,GRL,2021-02-09,37.04
Greenland,GRL,2021-02-10,42.59
Greenland,GRL,2021-02-11,42.59
Greenland,GRL,2021-02-12,42.59
Greenland,GRL,2021-02-13,42.59
Greenland,GRL,2021-02-14,42.59
Greenland,GRL,2021-02-15,42.59
Greenland,GRL,2021-02-16,42.59
Greenland,GRL,2021-02-17,42.59
Greenland,GRL,2021-02-18,42.59
Greenland,GRL,2021-02-19,42.59
Greenland,GRL,2021-02-20,42.59
Greenland,GRL,2021-02-21,42.59
Greenland,GRL,2021-02-22,42.59
Greenland,GRL,2021-02-23,42.59
Greenland,GRL,2021-02-24,42.59
Greenland,GRL,2021-02-25,42.59
Greenland,GRL,2021-02-26,42.59
Greenland,GRL,2021-02-27,42.59
Greenland,GRL,2021-02-28,42.59
Greenland,GRL,2021-03-01,42.59
Greenland,GRL,2021-03-02,42.59
Greenland,GRL,2021-03-03,42.59
Greenland,GRL,2021-03-04,42.59
Greenland,GRL,2021-03-05,42.59
Greenland,GRL,2021-03-06,42.59
Greenland,GRL,2021-03-07,42.59
Guam,GUM,2020-01-01,0
Guam,GUM,2020-01-02,0
Guam,GUM,2020-01-03,0
Guam,GUM,2020-01-04,0
Guam,GUM,2020-01-05,0
Guam,GUM,2020-01-06,0
Guam,GUM,2020-01-07,0
Guam,GUM,2020-01-08,0
Guam,GUM,2020-01-09,0
Guam,GUM,2020-01-10,0
Guam,GUM,2020-01-11,0
Guam,GUM,2020-01-12,0
Guam,GUM,2020-01-13,0
Guam,GUM,2020-01-14,0
Guam,GUM,2020-01-15,0
Guam,GUM,2020-01-16,0
Guam,GUM,2020-01-17,0
Guam,GUM,2020-01-18,0
Guam,GUM,2020-01-19,0
Guam,GUM,2020-01-20,0
Guam,GUM,2020-01-21,0
Guam,GUM,2020-01-22,0
Guam,GUM,2020-01-23,0
Guam,GUM,2020-01-24,0
Guam,GUM,2020-01-25,0
Guam,GUM,2020-01-26,0
Guam,GUM,2020-01-27,0
Guam,GUM,2020-01-28,0
Guam,GUM,2020-01-29,0
Guam,GUM,2020-01-30,0
Guam,GUM,2020-01-31,0
Guam,GUM,2020-02-01,0
Guam,GUM,2020-02-02,0
Guam,GUM,2020-02-03,0
Guam,GUM,2020-02-04,0
Guam,GUM,2020-02-05,0
Guam,GUM,2020-02-06,0
Guam,GUM,2020-02-07,11.11
Guam,GUM,2020-02-08,11.11
Guam,GUM,2020-02-09,11.11
Guam,GUM,2020-02-10,11.11
Guam,GUM,2020-02-11,11.11
Guam,GUM,2020-02-12,11.11
Guam,GUM,2020-02-13,11.11
Guam,GUM,2020-02-14,11.11
Guam,GUM,2020-02-15,11.11
Guam,GUM,2020-02-16,11.11
Guam,GUM,2020-02-17,11.11
Guam,GUM,2020-02-18,11.11
Guam,GUM,2020-02-19,11.11
Guam,GUM,2020-02-20,11.11
Guam,GUM,2020-02-21,11.11
Guam,GUM,2020-02-22,11.11
Guam,GUM,2020-02-23,11.11
Guam,GUM,2020-02-24,11.11
Guam,GUM,2020-02-25,11.11
Guam,GUM,2020-02-26,11.11
Guam,GUM,2020-02-27,11.11
Guam,GUM,2020-02-28,11.11
Guam,GUM,2020-02-29,11.11
Guam,GUM,2020-03-01,11.11
Guam,GUM,2020-03-02,11.11
Guam,GUM,2020-03-03,11.11
Guam,GUM,2020-03-04,11.11
Guam,GUM,2020-03-05,11.11
Guam,GUM,2020-03-06,11.11
Guam,GUM,2020-03-07,11.11
Guam,GUM,2020-03-08,11.11
Guam,GUM,2020-03-09,11.11
Guam,GUM,2020-03-10,11.11
Guam,GUM,2020-03-11,11.11
Guam,GUM,2020-03-12,11.11
Guam,GUM,2020-03-13,11.11
Guam,GUM,2020-03-14,11.11
Guam,GUM,2020-03-15,11.11
Guam,GUM,2020-03-16,55.56
Guam,GUM,2020-03-17,55.56
Guam,GUM,2020-03-18,55.56
Guam,GUM,2020-03-19,55.56
Guam,GUM,2020-03-20,67.59
Guam,GUM,2020-03-21,67.59
Guam,GUM,2020-03-22,67.59
Guam,GUM,2020-03-23,67.59
Guam,GUM,2020-03-24,67.59
Guam,GUM,2020-03-25,67.59
Guam,GUM,2020-03-26,67.59
Guam,GUM,2020-03-27,67.59
Guam,GUM,2020-03-28,67.59
Guam,GUM,2020-03-29,67.59
Guam,GUM,2020-03-30,67.59
Guam,GUM,2020-03-31,67.59
Guam,GUM,2020-04-01,67.59
Guam,GUM,2020-04-02,67.59
Guam,GUM,2020-04-03,67.59
Guam,GUM,2020-04-04,67.59
Guam,GUM,2020-04-05,67.59
Guam,GUM,2020-04-06,67.59
Guam,GUM,2020-04-07,67.59
Guam,GUM,2020-04-08,67.59
Guam,GUM,2020-04-09,67.59
Guam,GUM,2020-04-10,67.59
Guam,GUM,2020-04-11,75.93
Guam,GUM,2020-04-12,75.93
Guam,GUM,2020-04-13,75.93
Guam,GUM,2020-04-14,75.93
Guam,GUM,2020-04-15,75.93
Guam,GUM,2020-04-16,75.93
Guam,GUM,2020-04-17,75.93
Guam,GUM,2020-04-18,75.93
Guam,GUM,2020-04-19,75.93
Guam,GUM,2020-04-20,75.93
Guam,GUM,2020-04-21,75.93
Guam,GUM,2020-04-22,75.93
Guam,GUM,2020-04-23,75.93
Guam,GUM,2020-04-24,75.93
Guam,GUM,2020-04-25,75.93
Guam,GUM,2020-04-26,75.93
Guam,GUM,2020-04-27,75.93
Guam,GUM,2020-04-28,73.15
Guam,GUM,2020-04-29,73.15
Guam,GUM,2020-04-30,73.15
Guam,GUM,2020-05-01,73.15
Guam,GUM,2020-05-02,73.15
Guam,GUM,2020-05-03,73.15
Guam,GUM,2020-05-04,73.15
Guam,GUM,2020-05-05,73.15
Guam,GUM,2020-05-06,73.15
Guam,GUM,2020-05-07,73.15
Guam,GUM,2020-05-08,73.15
Guam,GUM,2020-05-09,73.15
Guam,GUM,2020-05-10,69.44
Guam,GUM,2020-05-11,69.44
Guam,GUM,2020-05-12,69.44
Guam,GUM,2020-05-13,69.44
Guam,GUM,2020-05-14,69.44
Guam,GUM,2020-05-15,69.44
Guam,GUM,2020-05-16,69.44
Guam,GUM,2020-05-17,69.44
Guam,GUM,2020-05-18,69.44
Guam,GUM,2020-05-19,69.44
Guam,GUM,2020-05-20,69.44
Guam,GUM,2020-05-21,69.44
Guam,GUM,2020-05-22,69.44
Guam,GUM,2020-05-23,69.44
Guam,GUM,2020-05-24,69.44
Guam,GUM,2020-05-25,69.44
Guam,GUM,2020-05-26,69.44
Guam,GUM,2020-05-27,69.44
Guam,GUM,2020-05-28,66.67
Guam,GUM,2020-05-29,66.67
Guam,GUM,2020-05-30,66.67
Guam,GUM,2020-05-31,66.67
Guam,GUM,2020-06-01,63.89
Guam,GUM,2020-06-02,63.89
Guam,GUM,2020-06-03,63.89
Guam,GUM,2020-06-04,63.89
Guam,GUM,2020-06-05,63.89
Guam,GUM,2020-06-06,63.89
Guam,GUM,2020-06-07,63.89
Guam,GUM,2020-06-08,63.89
Guam,GUM,2020-06-09,63.89
Guam,GUM,2020-06-10,63.89
Guam,GUM,2020-06-11,63.89
Guam,GUM,2020-06-12,63.89
Guam,GUM,2020-06-13,63.89
Guam,GUM,2020-06-14,63.89
Guam,GUM,2020-06-15,63.89
Guam,GUM,2020-06-16,63.89
Guam,GUM,2020-06-17,63.89
Guam,GUM,2020-06-18,63.89
Guam,GUM,2020-06-19,63.89
Guam,GUM,2020-06-20,63.89
Guam,GUM,2020-06-21,63.89
Guam,GUM,2020-06-22,63.89
Guam,GUM,2020-06-23,63.89
Guam,GUM,2020-06-24,63.89
Guam,GUM,2020-06-25,63.89
Guam,GUM,2020-06-26,63.89
Guam,GUM,2020-06-27,63.89
Guam,GUM,2020-06-28,63.89
Guam,GUM,2020-06-29,63.89
Guam,GUM,2020-06-30,63.89
Guam,GUM,2020-07-01,63.89
Guam,GUM,2020-07-02,63.89
Guam,GUM,2020-07-03,63.89
Guam,GUM,2020-07-04,63.89
Guam,GUM,2020-07-05,63.89
Guam,GUM,2020-07-06,63.89
Guam,GUM,2020-07-07,63.89
Guam,GUM,2020-07-08,63.89
Guam,GUM,2020-07-09,63.89
Guam,GUM,2020-07-10,63.89
Guam,GUM,2020-07-11,63.89
Guam,GUM,2020-07-12,63.89
Guam,GUM,2020-07-13,63.89
Guam,GUM,2020-07-14,63.89
Guam,GUM,2020-07-15,63.89
Guam,GUM,2020-07-16,63.89
Guam,GUM,2020-07-17,63.89
Guam,GUM,2020-07-18,63.89
Guam,GUM,2020-07-19,63.89
Guam,GUM,2020-07-20,60.19
Guam,GUM,2020-07-21,60.19
Guam,GUM,2020-07-22,60.19
Guam,GUM,2020-07-23,60.19
Guam,GUM,2020-07-24,60.19
Guam,GUM,2020-07-25,60.19
Guam,GUM,2020-07-26,60.19
Guam,GUM,2020-07-27,60.19
Guam,GUM,2020-07-28,60.19
Guam,GUM,2020-07-29,60.19
Guam,GUM,2020-07-30,60.19
Guam,GUM,2020-07-31,60.19
Guam,GUM,2020-08-01,60.19
Guam,GUM,2020-08-02,60.19
Guam,GUM,2020-08-03,60.19
Guam,GUM,2020-08-04,60.19
Guam,GUM,2020-08-05,60.19
Guam,GUM,2020-08-06,60.19
Guam,GUM,2020-08-07,60.19
Guam,GUM,2020-08-08,63.89
Guam,GUM,2020-08-09,63.89
Guam,GUM,2020-08-10,63.89
Guam,GUM,2020-08-11,63.89
Guam,GUM,2020-08-12,63.89
Guam,GUM,2020-08-13,63.89
Guam,GUM,2020-08-14,63.89
Guam,GUM,2020-08-15,75.93
Guam,GUM,2020-08-16,75.93
Guam,GUM,2020-08-17,75.93
Guam,GUM,2020-08-18,75.93
Guam,GUM,2020-08-19,75.93
Guam,GUM,2020-08-20,79.63
Guam,GUM,2020-08-21,79.63
Guam,GUM,2020-08-22,79.63
Guam,GUM,2020-08-23,79.63
Guam,GUM,2020-08-24,79.63
Guam,GUM,2020-08-25,79.63
Guam,GUM,2020-08-26,79.63
Guam,GUM,2020-08-27,79.63
Guam,GUM,2020-08-28,79.63
Guam,GUM,2020-08-29,79.63
Guam,GUM,2020-08-30,79.63
Guam,GUM,2020-08-31,79.63
Guam,GUM,2020-09-01,79.63
Guam,GUM,2020-09-02,79.63
Guam,GUM,2020-09-03,79.63
Guam,GUM,2020-09-04,79.63
Guam,GUM,2020-09-05,79.63
Guam,GUM,2020-09-06,79.63
Guam,GUM,2020-09-07,79.63
Guam,GUM,2020-09-08,79.63
Guam,GUM,2020-09-09,79.63
Guam,GUM,2020-09-10,71.3
Guam,GUM,2020-09-11,71.3
Guam,GUM,2020-09-12,71.3
Guam,GUM,2020-09-13,71.3
Guam,GUM,2020-09-14,71.3
Guam,GUM,2020-09-15,71.3
Guam,GUM,2020-09-16,71.3
Guam,GUM,2020-09-17,71.3
Guam,GUM,2020-09-18,71.3
Guam,GUM,2020-09-19,71.3
Guam,GUM,2020-09-20,71.3
Guam,GUM,2020-09-21,71.3
Guam,GUM,2020-09-22,74.07
Guam,GUM,2020-09-23,74.07
Guam,GUM,2020-09-24,74.07
Guam,GUM,2020-09-25,66.67
Guam,GUM,2020-09-26,66.67
Guam,GUM,2020-09-27,66.67
Guam,GUM,2020-09-28,66.67
Guam,GUM,2020-09-29,66.67
Guam,GUM,2020-09-30,66.67
Guam,GUM,2020-10-01,66.67
Guam,GUM,2020-10-02,66.67
Guam,GUM,2020-10-03,66.67
Guam,GUM,2020-10-04,66.67
Guam,GUM,2020-10-05,66.67
Guam,GUM,2020-10-06,66.67
Guam,GUM,2020-10-07,66.67
Guam,GUM,2020-10-08,66.67
Guam,GUM,2020-10-09,66.67
Guam,GUM,2020-10-10,66.67
Guam,GUM,2020-10-11,66.67
Guam,GUM,2020-10-12,66.67
Guam,GUM,2020-10-13,66.67
Guam,GUM,2020-10-14,66.67
Guam,GUM,2020-10-15,66.67
Guam,GUM,2020-10-16,66.67
Guam,GUM,2020-10-17,66.67
Guam,GUM,2020-10-18,66.67
Guam,GUM,2020-10-19,66.67
Guam,GUM,2020-10-20,66.67
Guam,GUM,2020-10-21,66.67
Guam,GUM,2020-10-22,66.67
Guam,GUM,2020-10-23,66.67
Guam,GUM,2020-10-24,66.67
Guam,GUM,2020-10-25,66.67
Guam,GUM,2020-10-26,66.67
Guam,GUM,2020-10-27,66.67
Guam,GUM,2020-10-28,66.67
Guam,GUM,2020-10-29,62.96
Guam,GUM,2020-10-30,62.96
Guam,GUM,2020-10-31,62.96
Guam,GUM,2020-11-01,62.96
Guam,GUM,2020-11-02,62.96
Guam,GUM,2020-11-03,62.96
Guam,GUM,2020-11-04,62.96
Guam,GUM,2020-11-05,62.96
Guam,GUM,2020-11-06,62.96
Guam,GUM,2020-11-07,62.96
Guam,GUM,2020-11-08,62.96
Guam,GUM,2020-11-09,62.96
Guam,GUM,2020-11-10,62.96
Guam,GUM,2020-11-11,62.96
Guam,GUM,2020-11-12,62.96
Guam,GUM,2020-11-13,62.96
Guam,GUM,2020-11-14,62.96
Guam,GUM,2020-11-15,62.96
Guam,GUM,2020-11-16,62.96
Guam,GUM,2020-11-17,62.96
Guam,GUM,2020-11-18,62.96
Guam,GUM,2020-11-19,62.96
Guam,GUM,2020-11-20,62.96
Guam,GUM,2020-11-21,62.96
Guam,GUM,2020-11-22,62.96
Guam,GUM,2020-11-23,62.96
Guam,GUM,2020-11-24,62.96
Guam,GUM,2020-11-25,62.96
Guam,GUM,2020-11-26,62.96
Guam,GUM,2020-11-27,62.96
Guam,GUM,2020-11-28,62.96
Guam,GUM,2020-11-29,62.96
Guam,GUM,2020-11-30,62.96
Guam,GUM,2020-12-01,62.96
Guam,GUM,2020-12-02,62.96
Guam,GUM,2020-12-03,62.96
Guam,GUM,2020-12-04,62.96
Guam,GUM,2020-12-05,62.96
Guam,GUM,2020-12-06,62.96
Guam,GUM,2020-12-07,62.96
Guam,GUM,2020-12-08,62.96
Guam,GUM,2020-12-09,62.96
Guam,GUM,2020-12-10,62.96
Guam,GUM,2020-12-11,62.96
Guam,GUM,2020-12-12,62.96
Guam,GUM,2020-12-13,62.96
Guam,GUM,2020-12-14,62.96
Guam,GUM,2020-12-15,62.96
Guam,GUM,2020-12-16,62.96
Guam,GUM,2020-12-17,62.96
Guam,GUM,2020-12-18,62.96
Guam,GUM,2020-12-19,62.96
Guam,GUM,2020-12-20,62.96
Guam,GUM,2020-12-21,62.96
Guam,GUM,2020-12-22,62.96
Guam,GUM,2020-12-23,62.96
Guam,GUM,2020-12-24,62.96
Guam,GUM,2020-12-25,62.96
Guam,GUM,2020-12-26,62.96
Guam,GUM,2020-12-27,62.96
Guam,GUM,2020-12-28,62.96
Guam,GUM,2020-12-29,62.96
Guam,GUM,2020-12-30,62.96
Guam,GUM,2020-12-31,62.96
Guam,GUM,2021-01-01,62.96
Guam,GUM,2021-01-02,62.96
Guam,GUM,2021-01-03,62.96
Guam,GUM,2021-01-04,62.96
Guam,GUM,2021-01-05,62.96
Guam,GUM,2021-01-06,62.96
Guam,GUM,2021-01-07,62.96
Guam,GUM,2021-01-08,62.96
Guam,GUM,2021-01-09,62.96
Guam,GUM,2021-01-10,62.96
Guam,GUM,2021-01-11,62.96
Guam,GUM,2021-01-12,62.96
Guam,GUM,2021-01-13,62.96
Guam,GUM,2021-01-14,62.96
Guam,GUM,2021-01-15,62.96
Guam,GUM,2021-01-16,62.96
Guam,GUM,2021-01-17,62.96
Guam,GUM,2021-01-18,62.96
Guam,GUM,2021-01-19,62.96
Guam,GUM,2021-01-20,62.96
Guam,GUM,2021-01-21,62.96
Guam,GUM,2021-01-22,62.96
Guam,GUM,2021-01-23,62.96
Guam,GUM,2021-01-24,62.96
Guam,GUM,2021-01-25,62.96
Guam,GUM,2021-01-26,59.26
Guam,GUM,2021-01-27,59.26
Guam,GUM,2021-01-28,59.26
Guam,GUM,2021-01-29,59.26
Guam,GUM,2021-01-30,59.26
Guam,GUM,2021-01-31,59.26
Guam,GUM,2021-02-01,56.48
Guam,GUM,2021-02-02,56.48
Guam,GUM,2021-02-03,56.48
Guam,GUM,2021-02-04,56.48
Guam,GUM,2021-02-05,56.48
Guam,GUM,2021-02-06,56.48
Guam,GUM,2021-02-07,56.48
Guam,GUM,2021-02-08,56.48
Guam,GUM,2021-02-09,56.48
Guam,GUM,2021-02-10,56.48
Guam,GUM,2021-02-11,56.48
Guam,GUM,2021-02-12,56.48
Guam,GUM,2021-02-13,56.48
Guam,GUM,2021-02-14,56.48
Guam,GUM,2021-02-15,56.48
Guam,GUM,2021-02-16,50.93
Guam,GUM,2021-02-17,50.93
Guam,GUM,2021-02-18,50.93
Guam,GUM,2021-02-19,50.93
Guam,GUM,2021-02-20,50.93
Guam,GUM,2021-02-21,50.93
Guam,GUM,2021-02-22,50.93
Guam,GUM,2021-02-23,50.93
Guam,GUM,2021-02-24,41.67
Guam,GUM,2021-02-25,41.67
Guam,GUM,2021-02-26,41.67
Guam,GUM,2021-02-27,41.67
Guam,GUM,2021-02-28,41.67
Guam,GUM,2021-03-01,41.67
Guam,GUM,2021-03-02,41.67
Guam,GUM,2021-03-03,45.37
Guam,GUM,2021-03-04,45.37
Guam,GUM,2021-03-05,45.37
Guam,GUM,2021-03-06,45.37
Guam,GUM,2021-03-07,45.37
Guam,GUM,2021-03-08,45.37
Guatemala,GTM,2020-01-01,0
Guatemala,GTM,2020-01-02,0
Guatemala,GTM,2020-01-03,0
Guatemala,GTM,2020-01-04,0
Guatemala,GTM,2020-01-05,0
Guatemala,GTM,2020-01-06,0
Guatemala,GTM,2020-01-07,0
Guatemala,GTM,2020-01-08,0
Guatemala,GTM,2020-01-09,0
Guatemala,GTM,2020-01-10,0
Guatemala,GTM,2020-01-11,0
Guatemala,GTM,2020-01-12,0
Guatemala,GTM,2020-01-13,0
Guatemala,GTM,2020-01-14,0
Guatemala,GTM,2020-01-15,0
Guatemala,GTM,2020-01-16,0
Guatemala,GTM,2020-01-17,0
Guatemala,GTM,2020-01-18,0
Guatemala,GTM,2020-01-19,0
Guatemala,GTM,2020-01-20,0
Guatemala,GTM,2020-01-21,2.78
Guatemala,GTM,2020-01-22,2.78
Guatemala,GTM,2020-01-23,2.78
Guatemala,GTM,2020-01-24,2.78
Guatemala,GTM,2020-01-25,2.78
Guatemala,GTM,2020-01-26,2.78
Guatemala,GTM,2020-01-27,2.78
Guatemala,GTM,2020-01-28,8.33
Guatemala,GTM,2020-01-29,8.33
Guatemala,GTM,2020-01-30,8.33
Guatemala,GTM,2020-01-31,11.11
Guatemala,GTM,2020-02-01,11.11
Guatemala,GTM,2020-02-02,11.11
Guatemala,GTM,2020-02-03,11.11
Guatemala,GTM,2020-02-04,11.11
Guatemala,GTM,2020-02-05,11.11
Guatemala,GTM,2020-02-06,11.11
Guatemala,GTM,2020-02-07,11.11
Guatemala,GTM,2020-02-08,11.11
Guatemala,GTM,2020-02-09,11.11
Guatemala,GTM,2020-02-10,11.11
Guatemala,GTM,2020-02-11,11.11
Guatemala,GTM,2020-02-12,11.11
Guatemala,GTM,2020-02-13,11.11
Guatemala,GTM,2020-02-14,11.11
Guatemala,GTM,2020-02-15,11.11
Guatemala,GTM,2020-02-16,11.11
Guatemala,GTM,2020-02-17,11.11
Guatemala,GTM,2020-02-18,11.11
Guatemala,GTM,2020-02-19,11.11
Guatemala,GTM,2020-02-20,11.11
Guatemala,GTM,2020-02-21,11.11
Guatemala,GTM,2020-02-22,11.11
Guatemala,GTM,2020-02-23,11.11
Guatemala,GTM,2020-02-24,11.11
Guatemala,GTM,2020-02-25,11.11
Guatemala,GTM,2020-02-26,11.11
Guatemala,GTM,2020-02-27,11.11
Guatemala,GTM,2020-02-28,11.11
Guatemala,GTM,2020-02-29,11.11
Guatemala,GTM,2020-03-01,11.11
Guatemala,GTM,2020-03-02,11.11
Guatemala,GTM,2020-03-03,11.11
Guatemala,GTM,2020-03-04,11.11
Guatemala,GTM,2020-03-05,11.11
Guatemala,GTM,2020-03-06,25
Guatemala,GTM,2020-03-07,25
Guatemala,GTM,2020-03-08,25
Guatemala,GTM,2020-03-09,30.56
Guatemala,GTM,2020-03-10,30.56
Guatemala,GTM,2020-03-11,30.56
Guatemala,GTM,2020-03-12,33.33
Guatemala,GTM,2020-03-13,33.33
Guatemala,GTM,2020-03-14,33.33
Guatemala,GTM,2020-03-15,41.67
Guatemala,GTM,2020-03-16,52.78
Guatemala,GTM,2020-03-17,83.33
Guatemala,GTM,2020-03-18,83.33
Guatemala,GTM,2020-03-19,83.33
Guatemala,GTM,2020-03-20,83.33
Guatemala,GTM,2020-03-21,83.33
Guatemala,GTM,2020-03-22,93.52
Guatemala,GTM,2020-03-23,93.52
Guatemala,GTM,2020-03-24,93.52
Guatemala,GTM,2020-03-25,93.52
Guatemala,GTM,2020-03-26,93.52
Guatemala,GTM,2020-03-27,93.52
Guatemala,GTM,2020-03-28,93.52
Guatemala,GTM,2020-03-29,93.52
Guatemala,GTM,2020-03-30,93.52
Guatemala,GTM,2020-03-31,93.52
Guatemala,GTM,2020-04-01,93.52
Guatemala,GTM,2020-04-02,93.52
Guatemala,GTM,2020-04-03,93.52
Guatemala,GTM,2020-04-04,93.52
Guatemala,GTM,2020-04-05,93.52
Guatemala,GTM,2020-04-06,93.52
Guatemala,GTM,2020-04-07,93.52
Guatemala,GTM,2020-04-08,93.52
Guatemala,GTM,2020-04-09,93.52
Guatemala,GTM,2020-04-10,93.52
Guatemala,GTM,2020-04-11,93.52
Guatemala,GTM,2020-04-12,93.52
Guatemala,GTM,2020-04-13,93.52
Guatemala,GTM,2020-04-14,93.52
Guatemala,GTM,2020-04-15,93.52
Guatemala,GTM,2020-04-16,93.52
Guatemala,GTM,2020-04-17,93.52
Guatemala,GTM,2020-04-18,96.3
Guatemala,GTM,2020-04-19,96.3
Guatemala,GTM,2020-04-20,96.3
Guatemala,GTM,2020-04-21,96.3
Guatemala,GTM,2020-04-22,96.3
Guatemala,GTM,2020-04-23,96.3
Guatemala,GTM,2020-04-24,96.3
Guatemala,GTM,2020-04-25,96.3
Guatemala,GTM,2020-04-26,96.3
Guatemala,GTM,2020-04-27,96.3
Guatemala,GTM,2020-04-28,96.3
Guatemala,GTM,2020-04-29,96.3
Guatemala,GTM,2020-04-30,96.3
Guatemala,GTM,2020-05-01,96.3
Guatemala,GTM,2020-05-02,96.3
Guatemala,GTM,2020-05-03,96.3
Guatemala,GTM,2020-05-04,96.3
Guatemala,GTM,2020-05-05,96.3
Guatemala,GTM,2020-05-06,96.3
Guatemala,GTM,2020-05-07,96.3
Guatemala,GTM,2020-05-08,96.3
Guatemala,GTM,2020-05-09,96.3
Guatemala,GTM,2020-05-10,96.3
Guatemala,GTM,2020-05-11,96.3
Guatemala,GTM,2020-05-12,96.3
Guatemala,GTM,2020-05-13,96.3
Guatemala,GTM,2020-05-14,96.3
Guatemala,GTM,2020-05-15,96.3
Guatemala,GTM,2020-05-16,96.3
Guatemala,GTM,2020-05-17,96.3
Guatemala,GTM,2020-05-18,96.3
Guatemala,GTM,2020-05-19,96.3
Guatemala,GTM,2020-05-20,96.3
Guatemala,GTM,2020-05-21,96.3
Guatemala,GTM,2020-05-22,96.3
Guatemala,GTM,2020-05-23,96.3
Guatemala,GTM,2020-05-24,96.3
Guatemala,GTM,2020-05-25,96.3
Guatemala,GTM,2020-05-26,96.3
Guatemala,GTM,2020-05-27,96.3
Guatemala,GTM,2020-05-28,96.3
Guatemala,GTM,2020-05-29,96.3
Guatemala,GTM,2020-05-30,96.3
Guatemala,GTM,2020-05-31,96.3
Guatemala,GTM,2020-06-01,96.3
Guatemala,GTM,2020-06-02,96.3
Guatemala,GTM,2020-06-03,96.3
Guatemala,GTM,2020-06-04,96.3
Guatemala,GTM,2020-06-05,96.3
Guatemala,GTM,2020-06-06,96.3
Guatemala,GTM,2020-06-07,96.3
Guatemala,GTM,2020-06-08,96.3
Guatemala,GTM,2020-06-09,96.3
Guatemala,GTM,2020-06-10,96.3
Guatemala,GTM,2020-06-11,96.3
Guatemala,GTM,2020-06-12,96.3
Guatemala,GTM,2020-06-13,96.3
Guatemala,GTM,2020-06-14,96.3
Guatemala,GTM,2020-06-15,96.3
Guatemala,GTM,2020-06-16,96.3
Guatemala,GTM,2020-06-17,96.3
Guatemala,GTM,2020-06-18,96.3
Guatemala,GTM,2020-06-19,96.3
Guatemala,GTM,2020-06-20,96.3
Guatemala,GTM,2020-06-21,96.3
Guatemala,GTM,2020-06-22,96.3
Guatemala,GTM,2020-06-23,96.3
Guatemala,GTM,2020-06-24,96.3
Guatemala,GTM,2020-06-25,96.3
Guatemala,GTM,2020-06-26,96.3
Guatemala,GTM,2020-06-27,96.3
Guatemala,GTM,2020-06-28,96.3
Guatemala,GTM,2020-06-29,96.3
Guatemala,GTM,2020-06-30,96.3
Guatemala,GTM,2020-07-01,96.3
Guatemala,GTM,2020-07-02,96.3
Guatemala,GTM,2020-07-03,96.3
Guatemala,GTM,2020-07-04,96.3
Guatemala,GTM,2020-07-05,96.3
Guatemala,GTM,2020-07-06,96.3
Guatemala,GTM,2020-07-07,96.3
Guatemala,GTM,2020-07-08,96.3
Guatemala,GTM,2020-07-09,96.3
Guatemala,GTM,2020-07-10,96.3
Guatemala,GTM,2020-07-11,96.3
Guatemala,GTM,2020-07-12,96.3
Guatemala,GTM,2020-07-13,96.3
Guatemala,GTM,2020-07-14,96.3
Guatemala,GTM,2020-07-15,96.3
Guatemala,GTM,2020-07-16,96.3
Guatemala,GTM,2020-07-17,96.3
Guatemala,GTM,2020-07-18,96.3
Guatemala,GTM,2020-07-19,96.3
Guatemala,GTM,2020-07-20,96.3
Guatemala,GTM,2020-07-21,96.3
Guatemala,GTM,2020-07-22,96.3
Guatemala,GTM,2020-07-23,96.3
Guatemala,GTM,2020-07-24,96.3
Guatemala,GTM,2020-07-25,96.3
Guatemala,GTM,2020-07-26,96.3
Guatemala,GTM,2020-07-27,87.04
Guatemala,GTM,2020-07-28,87.04
Guatemala,GTM,2020-07-29,87.04
Guatemala,GTM,2020-07-30,87.04
Guatemala,GTM,2020-07-31,87.04
Guatemala,GTM,2020-08-01,87.04
Guatemala,GTM,2020-08-02,87.04
Guatemala,GTM,2020-08-03,87.04
Guatemala,GTM,2020-08-04,87.04
Guatemala,GTM,2020-08-05,87.04
Guatemala,GTM,2020-08-06,87.04
Guatemala,GTM,2020-08-07,87.04
Guatemala,GTM,2020-08-08,87.04
Guatemala,GTM,2020-08-09,87.04
Guatemala,GTM,2020-08-10,87.04
Guatemala,GTM,2020-08-11,87.04
Guatemala,GTM,2020-08-12,87.04
Guatemala,GTM,2020-08-13,87.04
Guatemala,GTM,2020-08-14,87.04
Guatemala,GTM,2020-08-15,87.04
Guatemala,GTM,2020-08-16,87.04
Guatemala,GTM,2020-08-17,87.04
Guatemala,GTM,2020-08-18,87.04
Guatemala,GTM,2020-08-19,87.04
Guatemala,GTM,2020-08-20,87.04
Guatemala,GTM,2020-08-21,87.04
Guatemala,GTM,2020-08-22,87.04
Guatemala,GTM,2020-08-23,87.04
Guatemala,GTM,2020-08-24,87.04
Guatemala,GTM,2020-08-25,87.04
Guatemala,GTM,2020-08-26,87.04
Guatemala,GTM,2020-08-27,87.04
Guatemala,GTM,2020-08-28,87.04
Guatemala,GTM,2020-08-29,87.04
Guatemala,GTM,2020-08-30,87.04
Guatemala,GTM,2020-08-31,87.04
Guatemala,GTM,2020-09-01,87.04
Guatemala,GTM,2020-09-02,87.04
Guatemala,GTM,2020-09-03,87.04
Guatemala,GTM,2020-09-04,87.04
Guatemala,GTM,2020-09-05,87.04
Guatemala,GTM,2020-09-06,87.04
Guatemala,GTM,2020-09-07,87.04
Guatemala,GTM,2020-09-08,87.04
Guatemala,GTM,2020-09-09,87.04
Guatemala,GTM,2020-09-10,87.04
Guatemala,GTM,2020-09-11,87.04
Guatemala,GTM,2020-09-12,87.04
Guatemala,GTM,2020-09-13,87.04
Guatemala,GTM,2020-09-14,87.04
Guatemala,GTM,2020-09-15,87.04
Guatemala,GTM,2020-09-16,87.04
Guatemala,GTM,2020-09-17,87.04
Guatemala,GTM,2020-09-18,67.59
Guatemala,GTM,2020-09-19,67.59
Guatemala,GTM,2020-09-20,67.59
Guatemala,GTM,2020-09-21,67.59
Guatemala,GTM,2020-09-22,67.59
Guatemala,GTM,2020-09-23,67.59
Guatemala,GTM,2020-09-24,67.59
Guatemala,GTM,2020-09-25,67.59
Guatemala,GTM,2020-09-26,67.59
Guatemala,GTM,2020-09-27,67.59
Guatemala,GTM,2020-09-28,67.59
Guatemala,GTM,2020-09-29,67.59
Guatemala,GTM,2020-09-30,67.59
Guatemala,GTM,2020-10-01,49.54
Guatemala,GTM,2020-10-02,49.54
Guatemala,GTM,2020-10-03,49.54
Guatemala,GTM,2020-10-04,49.54
Guatemala,GTM,2020-10-05,49.54
Guatemala,GTM,2020-10-06,49.54
Guatemala,GTM,2020-10-07,49.54
Guatemala,GTM,2020-10-08,49.54
Guatemala,GTM,2020-10-09,49.54
Guatemala,GTM,2020-10-10,49.54
Guatemala,GTM,2020-10-11,49.54
Guatemala,GTM,2020-10-12,49.54
Guatemala,GTM,2020-10-13,49.54
Guatemala,GTM,2020-10-14,49.54
Guatemala,GTM,2020-10-15,49.54
Guatemala,GTM,2020-10-16,49.54
Guatemala,GTM,2020-10-17,49.54
Guatemala,GTM,2020-10-18,49.54
Guatemala,GTM,2020-10-19,49.54
Guatemala,GTM,2020-10-20,49.54
Guatemala,GTM,2020-10-21,49.54
Guatemala,GTM,2020-10-22,49.54
Guatemala,GTM,2020-10-23,49.54
Guatemala,GTM,2020-10-24,49.54
Guatemala,GTM,2020-10-25,49.54
Guatemala,GTM,2020-10-26,49.54
Guatemala,GTM,2020-10-27,49.54
Guatemala,GTM,2020-10-28,49.54
Guatemala,GTM,2020-10-29,49.54
Guatemala,GTM,2020-10-30,49.54
Guatemala,GTM,2020-10-31,49.54
Guatemala,GTM,2020-11-01,49.54
Guatemala,GTM,2020-11-02,49.54
Guatemala,GTM,2020-11-03,49.54
Guatemala,GTM,2020-11-04,49.54
Guatemala,GTM,2020-11-05,49.54
Guatemala,GTM,2020-11-06,49.54
Guatemala,GTM,2020-11-07,49.54
Guatemala,GTM,2020-11-08,49.54
Guatemala,GTM,2020-11-09,49.54
Guatemala,GTM,2020-11-10,49.54
Guatemala,GTM,2020-11-11,49.54
Guatemala,GTM,2020-11-12,49.54
Guatemala,GTM,2020-11-13,49.54
Guatemala,GTM,2020-11-14,49.54
Guatemala,GTM,2020-11-15,49.54
Guatemala,GTM,2020-11-16,49.54
Guatemala,GTM,2020-11-17,49.54
Guatemala,GTM,2020-11-18,49.54
Guatemala,GTM,2020-11-19,49.54
Guatemala,GTM,2020-11-20,49.54
Guatemala,GTM,2020-11-21,49.54
Guatemala,GTM,2020-11-22,49.54
Guatemala,GTM,2020-11-23,49.54
Guatemala,GTM,2020-11-24,49.54
Guatemala,GTM,2020-11-25,49.54
Guatemala,GTM,2020-11-26,49.54
Guatemala,GTM,2020-11-27,49.54
Guatemala,GTM,2020-11-28,49.54
Guatemala,GTM,2020-11-29,49.54
Guatemala,GTM,2020-11-30,49.54
Guatemala,GTM,2020-12-01,49.54
Guatemala,GTM,2020-12-02,49.54
Guatemala,GTM,2020-12-03,49.54
Guatemala,GTM,2020-12-04,49.54
Guatemala,GTM,2020-12-05,49.54
Guatemala,GTM,2020-12-06,49.54
Guatemala,GTM,2020-12-07,49.54
Guatemala,GTM,2020-12-08,49.54
Guatemala,GTM,2020-12-09,49.54
Guatemala,GTM,2020-12-10,49.54
Guatemala,GTM,2020-12-11,49.54
Guatemala,GTM,2020-12-12,49.54
Guatemala,GTM,2020-12-13,49.54
Guatemala,GTM,2020-12-14,49.54
Guatemala,GTM,2020-12-15,49.54
Guatemala,GTM,2020-12-16,49.54
Guatemala,GTM,2020-12-17,49.54
Guatemala,GTM,2020-12-18,49.54
Guatemala,GTM,2020-12-19,49.54
Guatemala,GTM,2020-12-20,49.54
Guatemala,GTM,2020-12-21,49.54
Guatemala,GTM,2020-12-22,49.54
Guatemala,GTM,2020-12-23,52.31
Guatemala,GTM,2020-12-24,52.31
Guatemala,GTM,2020-12-25,52.31
Guatemala,GTM,2020-12-26,52.31
Guatemala,GTM,2020-12-27,52.31
Guatemala,GTM,2020-12-28,52.31
Guatemala,GTM,2020-12-29,52.31
Guatemala,GTM,2020-12-30,52.31
Guatemala,GTM,2020-12-31,52.31
Guatemala,GTM,2021-01-01,52.31
Guatemala,GTM,2021-01-02,52.31
Guatemala,GTM,2021-01-03,52.31
Guatemala,GTM,2021-01-04,48.61
Guatemala,GTM,2021-01-05,48.61
Guatemala,GTM,2021-01-06,48.61
Guatemala,GTM,2021-01-07,48.61
Guatemala,GTM,2021-01-08,48.61
Guatemala,GTM,2021-01-09,48.61
Guatemala,GTM,2021-01-10,48.61
Guatemala,GTM,2021-01-11,48.61
Guatemala,GTM,2021-01-12,48.61
Guatemala,GTM,2021-01-13,48.61
Guatemala,GTM,2021-01-14,59.72
Guatemala,GTM,2021-01-15,59.72
Guatemala,GTM,2021-01-16,59.72
Guatemala,GTM,2021-01-17,59.72
Guatemala,GTM,2021-01-18,59.72
Guatemala,GTM,2021-01-19,59.72
Guatemala,GTM,2021-01-20,59.72
Guatemala,GTM,2021-01-21,59.72
Guatemala,GTM,2021-01-22,59.72
Guatemala,GTM,2021-01-23,59.72
Guatemala,GTM,2021-01-24,59.72
Guatemala,GTM,2021-01-25,59.72
Guatemala,GTM,2021-01-26,59.72
Guatemala,GTM,2021-01-27,59.72
Guatemala,GTM,2021-01-28,59.72
Guatemala,GTM,2021-01-29,51.39
Guatemala,GTM,2021-01-30,51.39
Guatemala,GTM,2021-01-31,51.39
Guatemala,GTM,2021-02-01,43.06
Guatemala,GTM,2021-02-02,43.06
Guatemala,GTM,2021-02-03,43.06
Guatemala,GTM,2021-02-04,43.06
Guatemala,GTM,2021-02-05,43.06
Guatemala,GTM,2021-02-06,43.06
Guatemala,GTM,2021-02-07,43.06
Guatemala,GTM,2021-02-08,43.06
Guatemala,GTM,2021-02-09,43.06
Guatemala,GTM,2021-02-10,43.06
Guatemala,GTM,2021-02-11,43.06
Guatemala,GTM,2021-02-12,43.06
Guatemala,GTM,2021-02-13,43.06
Guatemala,GTM,2021-02-14,43.06
Guatemala,GTM,2021-02-15,43.06
Guatemala,GTM,2021-02-16,52.78
Guatemala,GTM,2021-02-17,52.78
Guatemala,GTM,2021-02-18,52.78
Guatemala,GTM,2021-02-19,52.78
Guatemala,GTM,2021-02-20,52.78
Guatemala,GTM,2021-02-21,52.78
Guatemala,GTM,2021-02-22,52.78
Guatemala,GTM,2021-02-23,52.78
Guatemala,GTM,2021-02-24,52.78
Guatemala,GTM,2021-02-25,52.78
Guatemala,GTM,2021-02-26,52.78
Guatemala,GTM,2021-02-27,52.78
Guatemala,GTM,2021-02-28,52.78
Guatemala,GTM,2021-03-01,52.78
Guinea,GIN,2020-01-01,0
Guinea,GIN,2020-01-02,0
Guinea,GIN,2020-01-03,0
Guinea,GIN,2020-01-04,0
Guinea,GIN,2020-01-05,0
Guinea,GIN,2020-01-06,0
Guinea,GIN,2020-01-07,0
Guinea,GIN,2020-01-08,0
Guinea,GIN,2020-01-09,0
Guinea,GIN,2020-01-10,0
Guinea,GIN,2020-01-11,0
Guinea,GIN,2020-01-12,0
Guinea,GIN,2020-01-13,0
Guinea,GIN,2020-01-14,0
Guinea,GIN,2020-01-15,0
Guinea,GIN,2020-01-16,0
Guinea,GIN,2020-01-17,0
Guinea,GIN,2020-01-18,0
Guinea,GIN,2020-01-19,0
Guinea,GIN,2020-01-20,0
Guinea,GIN,2020-01-21,0
Guinea,GIN,2020-01-22,0
Guinea,GIN,2020-01-23,0
Guinea,GIN,2020-01-24,0
Guinea,GIN,2020-01-25,0
Guinea,GIN,2020-01-26,0
Guinea,GIN,2020-01-27,5.56
Guinea,GIN,2020-01-28,5.56
Guinea,GIN,2020-01-29,11.11
Guinea,GIN,2020-01-30,11.11
Guinea,GIN,2020-01-31,11.11
Guinea,GIN,2020-02-01,11.11
Guinea,GIN,2020-02-02,11.11
Guinea,GIN,2020-02-03,11.11
Guinea,GIN,2020-02-04,11.11
Guinea,GIN,2020-02-05,11.11
Guinea,GIN,2020-02-06,11.11
Guinea,GIN,2020-02-07,11.11
Guinea,GIN,2020-02-08,11.11
Guinea,GIN,2020-02-09,11.11
Guinea,GIN,2020-02-10,11.11
Guinea,GIN,2020-02-11,11.11
Guinea,GIN,2020-02-12,11.11
Guinea,GIN,2020-02-13,11.11
Guinea,GIN,2020-02-14,11.11
Guinea,GIN,2020-02-15,11.11
Guinea,GIN,2020-02-16,11.11
Guinea,GIN,2020-02-17,11.11
Guinea,GIN,2020-02-18,11.11
Guinea,GIN,2020-02-19,11.11
Guinea,GIN,2020-02-20,11.11
Guinea,GIN,2020-02-21,11.11
Guinea,GIN,2020-02-22,11.11
Guinea,GIN,2020-02-23,11.11
Guinea,GIN,2020-02-24,11.11
Guinea,GIN,2020-02-25,11.11
Guinea,GIN,2020-02-26,11.11
Guinea,GIN,2020-02-27,11.11
Guinea,GIN,2020-02-28,11.11
Guinea,GIN,2020-02-29,11.11
Guinea,GIN,2020-03-01,11.11
Guinea,GIN,2020-03-02,11.11
Guinea,GIN,2020-03-03,11.11
Guinea,GIN,2020-03-04,11.11
Guinea,GIN,2020-03-05,11.11
Guinea,GIN,2020-03-06,11.11
Guinea,GIN,2020-03-07,13.89
Guinea,GIN,2020-03-08,13.89
Guinea,GIN,2020-03-09,13.89
Guinea,GIN,2020-03-10,13.89
Guinea,GIN,2020-03-11,13.89
Guinea,GIN,2020-03-12,13.89
Guinea,GIN,2020-03-13,13.89
Guinea,GIN,2020-03-14,13.89
Guinea,GIN,2020-03-15,13.89
Guinea,GIN,2020-03-16,13.89
Guinea,GIN,2020-03-17,13.89
Guinea,GIN,2020-03-18,13.89
Guinea,GIN,2020-03-19,13.89
Guinea,GIN,2020-03-20,13.89
Guinea,GIN,2020-03-21,25
Guinea,GIN,2020-03-22,25
Guinea,GIN,2020-03-23,25
Guinea,GIN,2020-03-24,25
Guinea,GIN,2020-03-25,25
Guinea,GIN,2020-03-26,25
Guinea,GIN,2020-03-27,71.3
Guinea,GIN,2020-03-28,71.3
Guinea,GIN,2020-03-29,71.3
Guinea,GIN,2020-03-30,78.7
Guinea,GIN,2020-03-31,78.7
Guinea,GIN,2020-04-01,78.7
Guinea,GIN,2020-04-02,78.7
Guinea,GIN,2020-04-03,78.7
Guinea,GIN,2020-04-04,78.7
Guinea,GIN,2020-04-05,78.7
Guinea,GIN,2020-04-06,78.7
Guinea,GIN,2020-04-07,78.7
Guinea,GIN,2020-04-08,78.7
Guinea,GIN,2020-04-09,78.7
Guinea,GIN,2020-04-10,78.7
Guinea,GIN,2020-04-11,78.7
Guinea,GIN,2020-04-12,78.7
Guinea,GIN,2020-04-13,78.7
Guinea,GIN,2020-04-14,78.7
Guinea,GIN,2020-04-15,78.7
Guinea,GIN,2020-04-16,78.7
Guinea,GIN,2020-04-17,78.7
Guinea,GIN,2020-04-18,78.7
Guinea,GIN,2020-04-19,78.7
Guinea,GIN,2020-04-20,78.7
Guinea,GIN,2020-04-21,78.7
Guinea,GIN,2020-04-22,78.7
Guinea,GIN,2020-04-23,78.7
Guinea,GIN,2020-04-24,78.7
Guinea,GIN,2020-04-25,78.7
Guinea,GIN,2020-04-26,78.7
Guinea,GIN,2020-04-27,78.7
Guinea,GIN,2020-04-28,78.7
Guinea,GIN,2020-04-29,78.7
Guinea,GIN,2020-04-30,78.7
Guinea,GIN,2020-05-01,78.7
Guinea,GIN,2020-05-02,78.7
Guinea,GIN,2020-05-03,78.7
Guinea,GIN,2020-05-04,78.7
Guinea,GIN,2020-05-05,78.7
Guinea,GIN,2020-05-06,78.7
Guinea,GIN,2020-05-07,78.7
Guinea,GIN,2020-05-08,78.7
Guinea,GIN,2020-05-09,78.7
Guinea,GIN,2020-05-10,78.7
Guinea,GIN,2020-05-11,78.7
Guinea,GIN,2020-05-12,78.7
Guinea,GIN,2020-05-13,78.7
Guinea,GIN,2020-05-14,78.7
Guinea,GIN,2020-05-15,78.7
Guinea,GIN,2020-05-16,78.7
Guinea,GIN,2020-05-17,78.7
Guinea,GIN,2020-05-18,78.7
Guinea,GIN,2020-05-19,78.7
Guinea,GIN,2020-05-20,78.7
Guinea,GIN,2020-05-21,78.7
Guinea,GIN,2020-05-22,78.7
Guinea,GIN,2020-05-23,78.7
Guinea,GIN,2020-05-24,78.7
Guinea,GIN,2020-05-25,78.7
Guinea,GIN,2020-05-26,78.7
Guinea,GIN,2020-05-27,78.7
Guinea,GIN,2020-05-28,78.7
Guinea,GIN,2020-05-29,78.7
Guinea,GIN,2020-05-30,78.7
Guinea,GIN,2020-05-31,78.7
Guinea,GIN,2020-06-01,78.7
Guinea,GIN,2020-06-02,78.7
Guinea,GIN,2020-06-03,78.7
Guinea,GIN,2020-06-04,78.7
Guinea,GIN,2020-06-05,78.7
Guinea,GIN,2020-06-06,78.7
Guinea,GIN,2020-06-07,78.7
Guinea,GIN,2020-06-08,78.7
Guinea,GIN,2020-06-09,78.7
Guinea,GIN,2020-06-10,78.7
Guinea,GIN,2020-06-11,78.7
Guinea,GIN,2020-06-12,78.7
Guinea,GIN,2020-06-13,78.7
Guinea,GIN,2020-06-14,78.7
Guinea,GIN,2020-06-15,73.15
Guinea,GIN,2020-06-16,73.15
Guinea,GIN,2020-06-17,73.15
Guinea,GIN,2020-06-18,73.15
Guinea,GIN,2020-06-19,73.15
Guinea,GIN,2020-06-20,73.15
Guinea,GIN,2020-06-21,73.15
Guinea,GIN,2020-06-22,73.15
Guinea,GIN,2020-06-23,73.15
Guinea,GIN,2020-06-24,73.15
Guinea,GIN,2020-06-25,73.15
Guinea,GIN,2020-06-26,73.15
Guinea,GIN,2020-06-27,73.15
Guinea,GIN,2020-06-28,73.15
Guinea,GIN,2020-06-29,71.3
Guinea,GIN,2020-06-30,71.3
Guinea,GIN,2020-07-01,71.3
Guinea,GIN,2020-07-02,71.3
Guinea,GIN,2020-07-03,71.3
Guinea,GIN,2020-07-04,71.3
Guinea,GIN,2020-07-05,71.3
Guinea,GIN,2020-07-06,71.3
Guinea,GIN,2020-07-07,71.3
Guinea,GIN,2020-07-08,71.3
Guinea,GIN,2020-07-09,71.3
Guinea,GIN,2020-07-10,71.3
Guinea,GIN,2020-07-11,71.3
Guinea,GIN,2020-07-12,71.3
Guinea,GIN,2020-07-13,71.3
Guinea,GIN,2020-07-14,71.3
Guinea,GIN,2020-07-15,67.59
Guinea,GIN,2020-07-16,67.59
Guinea,GIN,2020-07-17,64.81
Guinea,GIN,2020-07-18,64.81
Guinea,GIN,2020-07-19,64.81
Guinea,GIN,2020-07-20,68.52
Guinea,GIN,2020-07-21,68.52
Guinea,GIN,2020-07-22,68.52
Guinea,GIN,2020-07-23,68.52
Guinea,GIN,2020-07-24,68.52
Guinea,GIN,2020-07-25,68.52
Guinea,GIN,2020-07-26,68.52
Guinea,GIN,2020-07-27,68.52
Guinea,GIN,2020-07-28,68.52
Guinea,GIN,2020-07-29,68.52
Guinea,GIN,2020-07-30,68.52
Guinea,GIN,2020-07-31,68.52
Guinea,GIN,2020-08-01,68.52
Guinea,GIN,2020-08-02,68.52
Guinea,GIN,2020-08-03,70.83
Guinea,GIN,2020-08-04,70.83
Guinea,GIN,2020-08-05,70.83
Guinea,GIN,2020-08-06,70.83
Guinea,GIN,2020-08-07,70.83
Guinea,GIN,2020-08-08,70.83
Guinea,GIN,2020-08-09,70.83
Guinea,GIN,2020-08-10,70.83
Guinea,GIN,2020-08-11,70.83
Guinea,GIN,2020-08-12,70.83
Guinea,GIN,2020-08-13,70.83
Guinea,GIN,2020-08-14,70.83
Guinea,GIN,2020-08-15,70.83
Guinea,GIN,2020-08-16,70.83
Guinea,GIN,2020-08-17,70.83
Guinea,GIN,2020-08-18,70.83
Guinea,GIN,2020-08-19,70.83
Guinea,GIN,2020-08-20,70.83
Guinea,GIN,2020-08-21,70.83
Guinea,GIN,2020-08-22,70.83
Guinea,GIN,2020-08-23,70.83
Guinea,GIN,2020-08-24,70.83
Guinea,GIN,2020-08-25,70.83
Guinea,GIN,2020-08-26,70.83
Guinea,GIN,2020-08-27,70.83
Guinea,GIN,2020-08-28,70.83
Guinea,GIN,2020-08-29,70.83
Guinea,GIN,2020-08-30,70.83
Guinea,GIN,2020-08-31,70.83
Guinea,GIN,2020-09-01,65.28
Guinea,GIN,2020-09-02,65.28
Guinea,GIN,2020-09-03,65.28
Guinea,GIN,2020-09-04,65.28
Guinea,GIN,2020-09-05,65.28
Guinea,GIN,2020-09-06,65.28
Guinea,GIN,2020-09-07,65.28
Guinea,GIN,2020-09-08,65.28
Guinea,GIN,2020-09-09,65.28
Guinea,GIN,2020-09-10,65.28
Guinea,GIN,2020-09-11,65.28
Guinea,GIN,2020-09-12,65.28
Guinea,GIN,2020-09-13,65.28
Guinea,GIN,2020-09-14,65.28
Guinea,GIN,2020-09-15,65.28
Guinea,GIN,2020-09-16,65.28
Guinea,GIN,2020-09-17,65.28
Guinea,GIN,2020-09-18,65.28
Guinea,GIN,2020-09-19,65.28
Guinea,GIN,2020-09-20,65.28
Guinea,GIN,2020-09-21,65.28
Guinea,GIN,2020-09-22,58.8
Guinea,GIN,2020-09-23,58.8
Guinea,GIN,2020-09-24,58.8
Guinea,GIN,2020-09-25,58.8
Guinea,GIN,2020-09-26,58.8
Guinea,GIN,2020-09-27,58.8
Guinea,GIN,2020-09-28,58.8
Guinea,GIN,2020-09-29,58.8
Guinea,GIN,2020-09-30,58.8
Guinea,GIN,2020-10-01,51.85
Guinea,GIN,2020-10-02,51.85
Guinea,GIN,2020-10-03,51.85
Guinea,GIN,2020-10-04,51.85
Guinea,GIN,2020-10-05,51.85
Guinea,GIN,2020-10-06,51.85
Guinea,GIN,2020-10-07,51.85
Guinea,GIN,2020-10-08,51.85
Guinea,GIN,2020-10-09,51.85
Guinea,GIN,2020-10-10,51.85
Guinea,GIN,2020-10-11,51.85
Guinea,GIN,2020-10-12,51.85
Guinea,GIN,2020-10-13,51.85
Guinea,GIN,2020-10-14,51.85
Guinea,GIN,2020-10-15,39.35
Guinea,GIN,2020-10-16,39.35
Guinea,GIN,2020-10-17,39.35
Guinea,GIN,2020-10-18,39.35
Guinea,GIN,2020-10-19,39.35
Guinea,GIN,2020-10-20,39.35
Guinea,GIN,2020-10-21,39.35
Guinea,GIN,2020-10-22,39.35
Guinea,GIN,2020-10-23,35.65
Guinea,GIN,2020-10-24,35.65
Guinea,GIN,2020-10-25,35.65
Guinea,GIN,2020-10-26,35.65
Guinea,GIN,2020-10-27,35.65
Guinea,GIN,2020-10-28,35.65
Guinea,GIN,2020-10-29,35.65
Guinea,GIN,2020-10-30,35.65
Guinea,GIN,2020-10-31,35.65
Guinea,GIN,2020-11-01,35.65
Guinea,GIN,2020-11-02,35.65
Guinea,GIN,2020-11-03,35.65
Guinea,GIN,2020-11-04,35.65
Guinea,GIN,2020-11-05,35.65
Guinea,GIN,2020-11-06,35.65
Guinea,GIN,2020-11-07,35.65
Guinea,GIN,2020-11-08,35.65
Guinea,GIN,2020-11-09,35.65
Guinea,GIN,2020-11-10,25.93
Guinea,GIN,2020-11-11,37.04
Guinea,GIN,2020-11-12,37.04
Guinea,GIN,2020-11-13,37.04
Guinea,GIN,2020-11-14,37.04
Guinea,GIN,2020-11-15,37.04
Guinea,GIN,2020-11-16,37.04
Guinea,GIN,2020-11-17,37.04
Guinea,GIN,2020-11-18,37.04
Guinea,GIN,2020-11-19,37.04
Guinea,GIN,2020-11-20,37.04
Guinea,GIN,2020-11-21,37.04
Guinea,GIN,2020-11-22,37.04
Guinea,GIN,2020-11-23,37.04
Guinea,GIN,2020-11-24,56.48
Guinea,GIN,2020-11-25,56.48
Guinea,GIN,2020-11-26,56.48
Guinea,GIN,2020-11-27,56.48
Guinea,GIN,2020-11-28,56.48
Guinea,GIN,2020-11-29,56.48
Guinea,GIN,2020-11-30,56.48
Guinea,GIN,2020-12-01,45.37
Guinea,GIN,2020-12-02,45.37
Guinea,GIN,2020-12-03,45.37
Guinea,GIN,2020-12-04,45.37
Guinea,GIN,2020-12-05,45.37
Guinea,GIN,2020-12-06,45.37
Guinea,GIN,2020-12-07,45.37
Guinea,GIN,2020-12-08,39.81
Guinea,GIN,2020-12-09,39.81
Guinea,GIN,2020-12-10,39.81
Guinea,GIN,2020-12-11,39.81
Guinea,GIN,2020-12-12,39.81
Guinea,GIN,2020-12-13,39.81
Guinea,GIN,2020-12-14,39.81
Guinea,GIN,2020-12-15,40.74
Guinea,GIN,2020-12-16,40.74
Guinea,GIN,2020-12-17,40.74
Guinea,GIN,2020-12-18,40.74
Guinea,GIN,2020-12-19,40.74
Guinea,GIN,2020-12-20,40.74
Guinea,GIN,2020-12-21,40.74
Guinea,GIN,2020-12-22,40.74
Guinea,GIN,2020-12-23,40.74
Guinea,GIN,2020-12-24,40.74
Guinea,GIN,2020-12-25,40.74
Guinea,GIN,2020-12-26,40.74
Guinea,GIN,2020-12-27,40.74
Guinea,GIN,2020-12-28,40.74
Guinea,GIN,2020-12-29,40.74
Guinea,GIN,2020-12-30,40.74
Guinea,GIN,2020-12-31,40.74
Guinea,GIN,2021-01-01,40.74
Guinea,GIN,2021-01-02,40.74
Guinea,GIN,2021-01-03,40.74
Guinea,GIN,2021-01-04,40.74
Guinea,GIN,2021-01-05,49.07
Guinea,GIN,2021-01-06,49.07
Guinea,GIN,2021-01-07,49.07
Guinea,GIN,2021-01-08,49.07
Guinea,GIN,2021-01-09,49.07
Guinea,GIN,2021-01-10,49.07
Guinea,GIN,2021-01-11,49.07
Guinea,GIN,2021-01-12,49.07
Guinea,GIN,2021-01-13,49.07
Guinea,GIN,2021-01-14,49.07
Guinea,GIN,2021-01-15,49.07
Guinea,GIN,2021-01-16,49.07
Guinea,GIN,2021-01-17,49.07
Guinea,GIN,2021-01-18,49.07
Guinea,GIN,2021-01-19,49.07
Guinea,GIN,2021-01-20,49.07
Guinea,GIN,2021-01-21,49.07
Guinea,GIN,2021-01-22,49.07
Guinea,GIN,2021-01-23,49.07
Guinea,GIN,2021-01-24,49.07
Guinea,GIN,2021-01-25,49.07
Guinea,GIN,2021-01-26,47.69
Guinea,GIN,2021-01-27,47.69
Guinea,GIN,2021-01-28,47.69
Guinea,GIN,2021-01-29,47.69
Guinea,GIN,2021-01-30,47.69
Guinea,GIN,2021-01-31,47.69
Guinea,GIN,2021-02-01,47.69
Guinea,GIN,2021-02-02,47.69
Guinea,GIN,2021-02-03,47.69
Guinea,GIN,2021-02-04,47.69
Guinea,GIN,2021-02-05,47.69
Guinea,GIN,2021-02-06,47.69
Guinea,GIN,2021-02-07,47.69
Guinea,GIN,2021-02-08,47.69
Guinea,GIN,2021-02-09,47.69
Guinea,GIN,2021-02-10,47.69
Guinea,GIN,2021-02-11,47.69
Guinea,GIN,2021-02-12,47.69
Guinea,GIN,2021-02-13,47.69
Guinea,GIN,2021-02-14,47.69
Guinea,GIN,2021-02-15,47.69
Guinea,GIN,2021-02-16,47.69
Guinea,GIN,2021-02-17,47.69
Guinea,GIN,2021-02-18,47.69
Guinea,GIN,2021-02-19,47.69
Guinea,GIN,2021-02-20,47.69
Guinea,GIN,2021-02-21,47.69
Guinea,GIN,2021-02-22,47.69
Guinea,GIN,2021-02-23,59.26
Guinea,GIN,2021-02-24,59.26
Guinea,GIN,2021-02-25,59.26
Guinea,GIN,2021-02-26,59.26
Guinea,GIN,2021-02-27,59.26
Guinea,GIN,2021-02-28,59.26
Guinea,GIN,2021-03-01,59.26
Guinea,GIN,2021-03-02,71.3
Guinea,GIN,2021-03-03,71.3
Guinea,GIN,2021-03-04,71.3
Guinea,GIN,2021-03-05,71.3
Guinea,GIN,2021-03-06,71.3
Guinea,GIN,2021-03-07,71.3
Guinea,GIN,2021-03-08,71.3
Guyana,GUY,2020-01-01,0
Guyana,GUY,2020-01-02,0
Guyana,GUY,2020-01-03,0
Guyana,GUY,2020-01-04,0
Guyana,GUY,2020-01-05,0
Guyana,GUY,2020-01-06,0
Guyana,GUY,2020-01-07,0
Guyana,GUY,2020-01-08,0
Guyana,GUY,2020-01-09,0
Guyana,GUY,2020-01-10,0
Guyana,GUY,2020-01-11,0
Guyana,GUY,2020-01-12,0
Guyana,GUY,2020-01-13,0
Guyana,GUY,2020-01-14,0
Guyana,GUY,2020-01-15,0
Guyana,GUY,2020-01-16,0
Guyana,GUY,2020-01-17,0
Guyana,GUY,2020-01-18,2.78
Guyana,GUY,2020-01-19,2.78
Guyana,GUY,2020-01-20,2.78
Guyana,GUY,2020-01-21,2.78
Guyana,GUY,2020-01-22,2.78
Guyana,GUY,2020-01-23,2.78
Guyana,GUY,2020-01-24,2.78
Guyana,GUY,2020-01-25,2.78
Guyana,GUY,2020-01-26,2.78
Guyana,GUY,2020-01-27,2.78
Guyana,GUY,2020-01-28,2.78
Guyana,GUY,2020-01-29,2.78
Guyana,GUY,2020-01-30,2.78
Guyana,GUY,2020-01-31,2.78
Guyana,GUY,2020-02-01,2.78
Guyana,GUY,2020-02-02,2.78
Guyana,GUY,2020-02-03,2.78
Guyana,GUY,2020-02-04,2.78
Guyana,GUY,2020-02-05,8.33
Guyana,GUY,2020-02-06,8.33
Guyana,GUY,2020-02-07,13.89
Guyana,GUY,2020-02-08,13.89
Guyana,GUY,2020-02-09,13.89
Guyana,GUY,2020-02-10,13.89
Guyana,GUY,2020-02-11,13.89
Guyana,GUY,2020-02-12,13.89
Guyana,GUY,2020-02-13,13.89
Guyana,GUY,2020-02-14,13.89
Guyana,GUY,2020-02-15,13.89
Guyana,GUY,2020-02-16,13.89
Guyana,GUY,2020-02-17,13.89
Guyana,GUY,2020-02-18,13.89
Guyana,GUY,2020-02-19,13.89
Guyana,GUY,2020-02-20,13.89
Guyana,GUY,2020-02-21,13.89
Guyana,GUY,2020-02-22,13.89
Guyana,GUY,2020-02-23,13.89
Guyana,GUY,2020-02-24,13.89
Guyana,GUY,2020-02-25,13.89
Guyana,GUY,2020-02-26,13.89
Guyana,GUY,2020-02-27,13.89
Guyana,GUY,2020-02-28,13.89
Guyana,GUY,2020-02-29,13.89
Guyana,GUY,2020-03-01,13.89
Guyana,GUY,2020-03-02,13.89
Guyana,GUY,2020-03-03,13.89
Guyana,GUY,2020-03-04,13.89
Guyana,GUY,2020-03-05,13.89
Guyana,GUY,2020-03-06,13.89
Guyana,GUY,2020-03-07,13.89
Guyana,GUY,2020-03-08,13.89
Guyana,GUY,2020-03-09,13.89
Guyana,GUY,2020-03-10,13.89
Guyana,GUY,2020-03-11,25
Guyana,GUY,2020-03-12,25
Guyana,GUY,2020-03-13,25
Guyana,GUY,2020-03-14,25
Guyana,GUY,2020-03-15,25
Guyana,GUY,2020-03-16,36.11
Guyana,GUY,2020-03-17,36.11
Guyana,GUY,2020-03-18,41.67
Guyana,GUY,2020-03-19,41.67
Guyana,GUY,2020-03-20,41.67
Guyana,GUY,2020-03-21,41.67
Guyana,GUY,2020-03-22,41.67
Guyana,GUY,2020-03-23,41.67
Guyana,GUY,2020-03-24,41.67
Guyana,GUY,2020-03-25,41.67
Guyana,GUY,2020-03-26,45.37
Guyana,GUY,2020-03-27,48.15
Guyana,GUY,2020-03-28,57.41
Guyana,GUY,2020-03-29,57.41
Guyana,GUY,2020-03-30,57.41
Guyana,GUY,2020-03-31,57.41
Guyana,GUY,2020-04-01,57.41
Guyana,GUY,2020-04-02,57.41
Guyana,GUY,2020-04-03,85.19
Guyana,GUY,2020-04-04,85.19
Guyana,GUY,2020-04-05,85.19
Guyana,GUY,2020-04-06,85.19
Guyana,GUY,2020-04-07,85.19
Guyana,GUY,2020-04-08,85.19
Guyana,GUY,2020-04-09,87.04
Guyana,GUY,2020-04-10,87.04
Guyana,GUY,2020-04-11,87.04
Guyana,GUY,2020-04-12,87.04
Guyana,GUY,2020-04-13,87.04
Guyana,GUY,2020-04-14,87.04
Guyana,GUY,2020-04-15,87.04
Guyana,GUY,2020-04-16,87.04
Guyana,GUY,2020-04-17,87.04
Guyana,GUY,2020-04-18,87.04
Guyana,GUY,2020-04-19,87.04
Guyana,GUY,2020-04-20,87.04
Guyana,GUY,2020-04-21,87.04
Guyana,GUY,2020-04-22,87.04
Guyana,GUY,2020-04-23,87.04
Guyana,GUY,2020-04-24,87.04
Guyana,GUY,2020-04-25,87.04
Guyana,GUY,2020-04-26,87.04
Guyana,GUY,2020-04-27,87.04
Guyana,GUY,2020-04-28,87.04
Guyana,GUY,2020-04-29,87.04
Guyana,GUY,2020-04-30,87.04
Guyana,GUY,2020-05-01,87.04
Guyana,GUY,2020-05-02,87.04
Guyana,GUY,2020-05-03,87.04
Guyana,GUY,2020-05-04,87.04
Guyana,GUY,2020-05-05,87.04
Guyana,GUY,2020-05-06,87.04
Guyana,GUY,2020-05-07,87.04
Guyana,GUY,2020-05-08,87.04
Guyana,GUY,2020-05-09,87.04
Guyana,GUY,2020-05-10,87.04
Guyana,GUY,2020-05-11,87.04
Guyana,GUY,2020-05-12,87.04
Guyana,GUY,2020-05-13,87.04
Guyana,GUY,2020-05-14,87.04
Guyana,GUY,2020-05-15,87.04
Guyana,GUY,2020-05-16,87.04
Guyana,GUY,2020-05-17,87.04
Guyana,GUY,2020-05-18,87.04
Guyana,GUY,2020-05-19,87.04
Guyana,GUY,2020-05-20,87.04
Guyana,GUY,2020-05-21,87.04
Guyana,GUY,2020-05-22,87.04
Guyana,GUY,2020-05-23,87.04
Guyana,GUY,2020-05-24,87.04
Guyana,GUY,2020-05-25,87.04
Guyana,GUY,2020-05-26,87.04
Guyana,GUY,2020-05-27,87.04
Guyana,GUY,2020-05-28,87.04
Guyana,GUY,2020-05-29,87.04
Guyana,GUY,2020-05-30,87.04
Guyana,GUY,2020-05-31,87.04
Guyana,GUY,2020-06-01,87.04
Guyana,GUY,2020-06-02,87.04
Guyana,GUY,2020-06-03,87.04
Guyana,GUY,2020-06-04,87.04
Guyana,GUY,2020-06-05,87.04
Guyana,GUY,2020-06-06,87.04
Guyana,GUY,2020-06-07,87.04
Guyana,GUY,2020-06-08,83.33
Guyana,GUY,2020-06-09,83.33
Guyana,GUY,2020-06-10,83.33
Guyana,GUY,2020-06-11,83.33
Guyana,GUY,2020-06-12,83.33
Guyana,GUY,2020-06-13,83.33
Guyana,GUY,2020-06-14,83.33
Guyana,GUY,2020-06-15,83.33
Guyana,GUY,2020-06-16,83.33
Guyana,GUY,2020-06-17,79.63
Guyana,GUY,2020-06-18,79.63
Guyana,GUY,2020-06-19,79.63
Guyana,GUY,2020-06-20,79.63
Guyana,GUY,2020-06-21,79.63
Guyana,GUY,2020-06-22,79.63
Guyana,GUY,2020-06-23,79.63
Guyana,GUY,2020-06-24,79.63
Guyana,GUY,2020-06-25,79.63
Guyana,GUY,2020-06-26,79.63
Guyana,GUY,2020-06-27,79.63
Guyana,GUY,2020-06-28,79.63
Guyana,GUY,2020-06-29,79.63
Guyana,GUY,2020-06-30,79.63
Guyana,GUY,2020-07-01,79.63
Guyana,GUY,2020-07-02,79.63
Guyana,GUY,2020-07-03,77.31
Guyana,GUY,2020-07-04,77.31
Guyana,GUY,2020-07-05,77.31
Guyana,GUY,2020-07-06,77.31
Guyana,GUY,2020-07-07,77.31
Guyana,GUY,2020-07-08,77.31
Guyana,GUY,2020-07-09,77.31
Guyana,GUY,2020-07-10,77.31
Guyana,GUY,2020-07-11,77.31
Guyana,GUY,2020-07-12,77.31
Guyana,GUY,2020-07-13,77.31
Guyana,GUY,2020-07-14,77.31
Guyana,GUY,2020-07-15,77.31
Guyana,GUY,2020-07-16,77.31
Guyana,GUY,2020-07-17,77.31
Guyana,GUY,2020-07-18,77.31
Guyana,GUY,2020-07-19,77.31
Guyana,GUY,2020-07-20,77.31
Guyana,GUY,2020-07-21,77.31
Guyana,GUY,2020-07-22,77.31
Guyana,GUY,2020-07-23,77.31
Guyana,GUY,2020-07-24,77.31
Guyana,GUY,2020-07-25,77.31
Guyana,GUY,2020-07-26,77.31
Guyana,GUY,2020-07-27,77.31
Guyana,GUY,2020-07-28,77.31
Guyana,GUY,2020-07-29,77.31
Guyana,GUY,2020-07-30,77.31
Guyana,GUY,2020-07-31,77.31
Guyana,GUY,2020-08-01,75.93
Guyana,GUY,2020-08-02,75.93
Guyana,GUY,2020-08-03,75.93
Guyana,GUY,2020-08-04,75.93
Guyana,GUY,2020-08-05,75.93
Guyana,GUY,2020-08-06,75.93
Guyana,GUY,2020-08-07,75.93
Guyana,GUY,2020-08-08,75.93
Guyana,GUY,2020-08-09,75.93
Guyana,GUY,2020-08-10,75.93
Guyana,GUY,2020-08-11,75.93
Guyana,GUY,2020-08-12,75.93
Guyana,GUY,2020-08-13,75.93
Guyana,GUY,2020-08-14,73.15
Guyana,GUY,2020-08-15,73.15
Guyana,GUY,2020-08-16,73.15
Guyana,GUY,2020-08-17,73.15
Guyana,GUY,2020-08-18,73.15
Guyana,GUY,2020-08-19,73.15
Guyana,GUY,2020-08-20,73.15
Guyana,GUY,2020-08-21,73.15
Guyana,GUY,2020-08-22,73.15
Guyana,GUY,2020-08-23,73.15
Guyana,GUY,2020-08-24,73.15
Guyana,GUY,2020-08-25,73.15
Guyana,GUY,2020-08-26,73.15
Guyana,GUY,2020-08-27,73.15
Guyana,GUY,2020-08-28,73.15
Guyana,GUY,2020-08-29,73.15
Guyana,GUY,2020-08-30,73.15
Guyana,GUY,2020-08-31,73.15
Guyana,GUY,2020-09-01,73.15
Guyana,GUY,2020-09-02,73.15
Guyana,GUY,2020-09-03,73.15
Guyana,GUY,2020-09-04,73.15
Guyana,GUY,2020-09-05,73.15
Guyana,GUY,2020-09-06,73.15
Guyana,GUY,2020-09-07,73.15
Guyana,GUY,2020-09-08,73.15
Guyana,GUY,2020-09-09,75
Guyana,GUY,2020-09-10,75
Guyana,GUY,2020-09-11,75
Guyana,GUY,2020-09-12,75
Guyana,GUY,2020-09-13,75
Guyana,GUY,2020-09-14,75
Guyana,GUY,2020-09-15,75
Guyana,GUY,2020-09-16,75
Guyana,GUY,2020-09-17,75
Guyana,GUY,2020-09-18,75
Guyana,GUY,2020-09-19,75
Guyana,GUY,2020-09-20,75
Guyana,GUY,2020-09-21,75
Guyana,GUY,2020-09-22,79.17
Guyana,GUY,2020-09-23,79.17
Guyana,GUY,2020-09-24,79.17
Guyana,GUY,2020-09-25,79.17
Guyana,GUY,2020-09-26,79.17
Guyana,GUY,2020-09-27,79.17
Guyana,GUY,2020-09-28,79.17
Guyana,GUY,2020-09-29,79.17
Guyana,GUY,2020-09-30,79.17
Guyana,GUY,2020-10-01,80.56
Guyana,GUY,2020-10-02,80.56
Guyana,GUY,2020-10-03,80.56
Guyana,GUY,2020-10-04,80.56
Guyana,GUY,2020-10-05,80.56
Guyana,GUY,2020-10-06,80.56
Guyana,GUY,2020-10-07,80.56
Guyana,GUY,2020-10-08,80.56
Guyana,GUY,2020-10-09,80.56
Guyana,GUY,2020-10-10,80.56
Guyana,GUY,2020-10-11,80.56
Guyana,GUY,2020-10-12,72.22
Guyana,GUY,2020-10-13,72.22
Guyana,GUY,2020-10-14,72.22
Guyana,GUY,2020-10-15,72.22
Guyana,GUY,2020-10-16,72.22
Guyana,GUY,2020-10-17,72.22
Guyana,GUY,2020-10-18,72.22
Guyana,GUY,2020-10-19,72.22
Guyana,GUY,2020-10-20,72.22
Guyana,GUY,2020-10-21,72.22
Guyana,GUY,2020-10-22,72.22
Guyana,GUY,2020-10-23,72.22
Guyana,GUY,2020-10-24,72.22
Guyana,GUY,2020-10-25,72.22
Guyana,GUY,2020-10-26,72.22
Guyana,GUY,2020-10-27,72.22
Guyana,GUY,2020-10-28,72.22
Guyana,GUY,2020-10-29,72.22
Guyana,GUY,2020-10-30,72.22
Guyana,GUY,2020-10-31,72.22
Guyana,GUY,2020-11-01,72.22
Guyana,GUY,2020-11-02,72.22
Guyana,GUY,2020-11-03,72.22
Guyana,GUY,2020-11-04,72.22
Guyana,GUY,2020-11-05,72.22
Guyana,GUY,2020-11-06,72.22
Guyana,GUY,2020-11-07,72.22
Guyana,GUY,2020-11-08,72.22
Guyana,GUY,2020-11-09,72.22
Guyana,GUY,2020-11-10,72.22
Guyana,GUY,2020-11-11,72.22
Guyana,GUY,2020-11-12,72.22
Guyana,GUY,2020-11-13,72.22
Guyana,GUY,2020-11-14,72.22
Guyana,GUY,2020-11-15,72.22
Guyana,GUY,2020-11-16,68.52
Guyana,GUY,2020-11-17,68.52
Guyana,GUY,2020-11-18,68.52
Guyana,GUY,2020-11-19,68.52
Guyana,GUY,2020-11-20,68.52
Guyana,GUY,2020-11-21,68.52
Guyana,GUY,2020-11-22,68.52
Guyana,GUY,2020-11-23,68.52
Guyana,GUY,2020-11-24,68.52
Guyana,GUY,2020-11-25,68.52
Guyana,GUY,2020-11-26,68.52
Guyana,GUY,2020-11-27,68.52
Guyana,GUY,2020-11-28,68.52
Guyana,GUY,2020-11-29,68.52
Guyana,GUY,2020-11-30,68.52
Guyana,GUY,2020-12-01,68.52
Guyana,GUY,2020-12-02,68.52
Guyana,GUY,2020-12-03,68.52
Guyana,GUY,2020-12-04,68.52
Guyana,GUY,2020-12-05,68.52
Guyana,GUY,2020-12-06,68.52
Guyana,GUY,2020-12-07,68.52
Guyana,GUY,2020-12-08,68.52
Guyana,GUY,2020-12-09,68.52
Guyana,GUY,2020-12-10,68.52
Guyana,GUY,2020-12-11,68.52
Guyana,GUY,2020-12-12,68.52
Guyana,GUY,2020-12-13,68.52
Guyana,GUY,2020-12-14,68.52
Guyana,GUY,2020-12-15,68.52
Guyana,GUY,2020-12-16,68.52
Guyana,GUY,2020-12-17,68.52
Guyana,GUY,2020-12-18,68.52
Guyana,GUY,2020-12-19,68.52
Guyana,GUY,2020-12-20,68.52
Guyana,GUY,2020-12-21,68.52
Guyana,GUY,2020-12-22,68.52
Guyana,GUY,2020-12-23,68.52
Guyana,GUY,2020-12-24,68.52
Guyana,GUY,2020-12-25,68.52
Guyana,GUY,2020-12-26,68.52
Guyana,GUY,2020-12-27,68.52
Guyana,GUY,2020-12-28,68.52
Guyana,GUY,2020-12-29,62.96
Guyana,GUY,2020-12-30,62.96
Guyana,GUY,2020-12-31,62.96
Guyana,GUY,2021-01-01,54.63
Guyana,GUY,2021-01-02,54.63
Guyana,GUY,2021-01-03,54.63
Guyana,GUY,2021-01-04,54.63
Guyana,GUY,2021-01-05,54.63
Guyana,GUY,2021-01-06,54.63
Guyana,GUY,2021-01-07,54.63
Guyana,GUY,2021-01-08,54.63
Guyana,GUY,2021-01-09,54.63
Guyana,GUY,2021-01-10,54.63
Guyana,GUY,2021-01-11,54.63
Guyana,GUY,2021-01-12,54.63
Guyana,GUY,2021-01-13,54.63
Guyana,GUY,2021-01-14,54.63
Guyana,GUY,2021-01-15,54.63
Guyana,GUY,2021-01-16,54.63
Guyana,GUY,2021-01-17,54.63
Guyana,GUY,2021-01-18,54.63
Guyana,GUY,2021-01-19,54.63
Guyana,GUY,2021-01-20,54.63
Guyana,GUY,2021-01-21,54.63
Guyana,GUY,2021-01-22,54.63
Guyana,GUY,2021-01-23,54.63
Guyana,GUY,2021-01-24,54.63
Guyana,GUY,2021-01-25,54.63
Guyana,GUY,2021-01-26,54.63
Guyana,GUY,2021-01-27,54.63
Guyana,GUY,2021-01-28,54.63
Guyana,GUY,2021-01-29,54.63
Guyana,GUY,2021-01-30,54.63
Guyana,GUY,2021-01-31,54.63
Guyana,GUY,2021-02-01,54.63
Guyana,GUY,2021-02-02,60.19
Guyana,GUY,2021-02-03,60.19
Guyana,GUY,2021-02-04,60.19
Guyana,GUY,2021-02-05,60.19
Guyana,GUY,2021-02-06,60.19
Guyana,GUY,2021-02-07,60.19
Guyana,GUY,2021-02-08,60.19
Guyana,GUY,2021-02-09,60.19
Guyana,GUY,2021-02-10,60.19
Guyana,GUY,2021-02-11,60.19
Guyana,GUY,2021-02-12,60.19
Guyana,GUY,2021-02-13,60.19
Guyana,GUY,2021-02-14,60.19
Guyana,GUY,2021-02-15,60.19
Guyana,GUY,2021-02-16,60.19
Guyana,GUY,2021-02-17,60.19
Guyana,GUY,2021-02-18,60.19
Guyana,GUY,2021-02-19,60.19
Guyana,GUY,2021-02-20,60.19
Guyana,GUY,2021-02-21,60.19
Guyana,GUY,2021-02-22,60.19
Guyana,GUY,2021-02-23,60.19
Guyana,GUY,2021-02-24,60.19
Guyana,GUY,2021-02-25,60.19
Guyana,GUY,2021-02-26,60.19
Guyana,GUY,2021-02-27,60.19
Guyana,GUY,2021-02-28,60.19
Guyana,GUY,2021-03-01,60.19
Guyana,GUY,2021-03-02,60.19
Guyana,GUY,2021-03-03,60.19
Guyana,GUY,2021-03-04,60.19
Guyana,GUY,2021-03-05,60.19
Guyana,GUY,2021-03-06,60.19
Guyana,GUY,2021-03-07,60.19
Haiti,HTI,2020-01-01,0
Haiti,HTI,2020-01-02,0
Haiti,HTI,2020-01-03,0
Haiti,HTI,2020-01-04,0
Haiti,HTI,2020-01-05,0
Haiti,HTI,2020-01-06,0
Haiti,HTI,2020-01-07,0
Haiti,HTI,2020-01-08,0
Haiti,HTI,2020-01-09,0
Haiti,HTI,2020-01-10,0
Haiti,HTI,2020-01-11,0
Haiti,HTI,2020-01-12,0
Haiti,HTI,2020-01-13,0
Haiti,HTI,2020-01-14,0
Haiti,HTI,2020-01-15,0
Haiti,HTI,2020-01-16,0
Haiti,HTI,2020-01-17,0
Haiti,HTI,2020-01-18,0
Haiti,HTI,2020-01-19,0
Haiti,HTI,2020-01-20,0
Haiti,HTI,2020-01-21,0
Haiti,HTI,2020-01-22,0
Haiti,HTI,2020-01-23,0
Haiti,HTI,2020-01-24,0
Haiti,HTI,2020-01-25,0
Haiti,HTI,2020-01-26,0
Haiti,HTI,2020-01-27,0
Haiti,HTI,2020-01-28,0
Haiti,HTI,2020-01-29,0
Haiti,HTI,2020-01-30,0
Haiti,HTI,2020-01-31,0
Haiti,HTI,2020-02-01,0
Haiti,HTI,2020-02-02,0
Haiti,HTI,2020-02-03,0
Haiti,HTI,2020-02-04,2.78
Haiti,HTI,2020-02-05,2.78
Haiti,HTI,2020-02-06,2.78
Haiti,HTI,2020-02-07,2.78
Haiti,HTI,2020-02-08,2.78
Haiti,HTI,2020-02-09,2.78
Haiti,HTI,2020-02-10,2.78
Haiti,HTI,2020-02-11,2.78
Haiti,HTI,2020-02-12,2.78
Haiti,HTI,2020-02-13,2.78
Haiti,HTI,2020-02-14,2.78
Haiti,HTI,2020-02-15,2.78
Haiti,HTI,2020-02-16,2.78
Haiti,HTI,2020-02-17,2.78
Haiti,HTI,2020-02-18,2.78
Haiti,HTI,2020-02-19,2.78
Haiti,HTI,2020-02-20,2.78
Haiti,HTI,2020-02-21,2.78
Haiti,HTI,2020-02-22,2.78
Haiti,HTI,2020-02-23,2.78
Haiti,HTI,2020-02-24,2.78
Haiti,HTI,2020-02-25,2.78
Haiti,HTI,2020-02-26,2.78
Haiti,HTI,2020-02-27,2.78
Haiti,HTI,2020-02-28,2.78
Haiti,HTI,2020-02-29,2.78
Haiti,HTI,2020-03-01,2.78
Haiti,HTI,2020-03-02,2.78
Haiti,HTI,2020-03-03,8.33
Haiti,HTI,2020-03-04,8.33
Haiti,HTI,2020-03-05,8.33
Haiti,HTI,2020-03-06,8.33
Haiti,HTI,2020-03-07,8.33
Haiti,HTI,2020-03-08,8.33
Haiti,HTI,2020-03-09,8.33
Haiti,HTI,2020-03-10,8.33
Haiti,HTI,2020-03-11,8.33
Haiti,HTI,2020-03-12,13.89
Haiti,HTI,2020-03-13,13.89
Haiti,HTI,2020-03-14,13.89
Haiti,HTI,2020-03-15,13.89
Haiti,HTI,2020-03-16,19.44
Haiti,HTI,2020-03-17,19.44
Haiti,HTI,2020-03-18,19.44
Haiti,HTI,2020-03-19,82.41
Haiti,HTI,2020-03-20,82.41
Haiti,HTI,2020-03-21,82.41
Haiti,HTI,2020-03-22,82.41
Haiti,HTI,2020-03-23,82.41
Haiti,HTI,2020-03-24,82.41
Haiti,HTI,2020-03-25,82.41
Haiti,HTI,2020-03-26,82.41
Haiti,HTI,2020-03-27,82.41
Haiti,HTI,2020-03-28,82.41
Haiti,HTI,2020-03-29,82.41
Haiti,HTI,2020-03-30,82.41
Haiti,HTI,2020-03-31,82.41
Haiti,HTI,2020-04-01,82.41
Haiti,HTI,2020-04-02,82.41
Haiti,HTI,2020-04-03,82.41
Haiti,HTI,2020-04-04,82.41
Haiti,HTI,2020-04-05,82.41
Haiti,HTI,2020-04-06,90.74
Haiti,HTI,2020-04-07,90.74
Haiti,HTI,2020-04-08,90.74
Haiti,HTI,2020-04-09,90.74
Haiti,HTI,2020-04-10,90.74
Haiti,HTI,2020-04-11,90.74
Haiti,HTI,2020-04-12,90.74
Haiti,HTI,2020-04-13,90.74
Haiti,HTI,2020-04-14,90.74
Haiti,HTI,2020-04-15,90.74
Haiti,HTI,2020-04-16,90.74
Haiti,HTI,2020-04-17,90.74
Haiti,HTI,2020-04-18,90.74
Haiti,HTI,2020-04-19,93.52
Haiti,HTI,2020-04-20,89.81
Haiti,HTI,2020-04-21,89.81
Haiti,HTI,2020-04-22,89.81
Haiti,HTI,2020-04-23,89.81
Haiti,HTI,2020-04-24,89.81
Haiti,HTI,2020-04-25,89.81
Haiti,HTI,2020-04-26,89.81
Haiti,HTI,2020-04-27,89.81
Haiti,HTI,2020-04-28,89.81
Haiti,HTI,2020-04-29,89.81
Haiti,HTI,2020-04-30,89.81
Haiti,HTI,2020-05-01,89.81
Haiti,HTI,2020-05-02,89.81
Haiti,HTI,2020-05-03,89.81
Haiti,HTI,2020-05-04,89.81
Haiti,HTI,2020-05-05,89.81
Haiti,HTI,2020-05-06,89.81
Haiti,HTI,2020-05-07,89.81
Haiti,HTI,2020-05-08,89.81
Haiti,HTI,2020-05-09,89.81
Haiti,HTI,2020-05-10,89.81
Haiti,HTI,2020-05-11,89.81
Haiti,HTI,2020-05-12,89.81
Haiti,HTI,2020-05-13,89.81
Haiti,HTI,2020-05-14,89.81
Haiti,HTI,2020-05-15,89.81
Haiti,HTI,2020-05-16,89.81
Haiti,HTI,2020-05-17,89.81
Haiti,HTI,2020-05-18,89.81
Haiti,HTI,2020-05-19,89.81
Haiti,HTI,2020-05-20,89.81
Haiti,HTI,2020-05-21,89.81
Haiti,HTI,2020-05-22,89.81
Haiti,HTI,2020-05-23,89.81
Haiti,HTI,2020-05-24,89.81
Haiti,HTI,2020-05-25,89.81
Haiti,HTI,2020-05-26,89.81
Haiti,HTI,2020-05-27,89.81
Haiti,HTI,2020-05-28,89.81
Haiti,HTI,2020-05-29,89.81
Haiti,HTI,2020-05-30,89.81
Haiti,HTI,2020-05-31,89.81
Haiti,HTI,2020-06-01,89.81
Haiti,HTI,2020-06-02,80.56
Haiti,HTI,2020-06-03,80.56
Haiti,HTI,2020-06-04,80.56
Haiti,HTI,2020-06-05,80.56
Haiti,HTI,2020-06-06,80.56
Haiti,HTI,2020-06-07,80.56
Haiti,HTI,2020-06-08,80.56
Haiti,HTI,2020-06-09,80.56
Haiti,HTI,2020-06-10,80.56
Haiti,HTI,2020-06-11,80.56
Haiti,HTI,2020-06-12,80.56
Haiti,HTI,2020-06-13,80.56
Haiti,HTI,2020-06-14,80.56
Haiti,HTI,2020-06-15,80.56
Haiti,HTI,2020-06-16,80.56
Haiti,HTI,2020-06-17,80.56
Haiti,HTI,2020-06-18,80.56
Haiti,HTI,2020-06-19,80.56
Haiti,HTI,2020-06-20,80.56
Haiti,HTI,2020-06-21,80.56
Haiti,HTI,2020-06-22,80.56
Haiti,HTI,2020-06-23,77.78
Haiti,HTI,2020-06-24,77.78
Haiti,HTI,2020-06-25,77.78
Haiti,HTI,2020-06-26,77.78
Haiti,HTI,2020-06-27,77.78
Haiti,HTI,2020-06-28,77.78
Haiti,HTI,2020-06-29,77.78
Haiti,HTI,2020-06-30,72.22
Haiti,HTI,2020-07-01,72.22
Haiti,HTI,2020-07-02,72.22
Haiti,HTI,2020-07-03,72.22
Haiti,HTI,2020-07-04,72.22
Haiti,HTI,2020-07-05,72.22
Haiti,HTI,2020-07-06,72.22
Haiti,HTI,2020-07-07,72.22
Haiti,HTI,2020-07-08,72.22
Haiti,HTI,2020-07-09,72.22
Haiti,HTI,2020-07-10,72.22
Haiti,HTI,2020-07-11,72.22
Haiti,HTI,2020-07-12,72.22
Haiti,HTI,2020-07-13,72.22
Haiti,HTI,2020-07-14,72.22
Haiti,HTI,2020-07-15,69.44
Haiti,HTI,2020-07-16,69.44
Haiti,HTI,2020-07-17,69.44
Haiti,HTI,2020-07-18,69.44
Haiti,HTI,2020-07-19,69.44
Haiti,HTI,2020-07-20,28.7
Haiti,HTI,2020-07-21,28.7
Haiti,HTI,2020-07-22,28.7
Haiti,HTI,2020-07-23,28.7
Haiti,HTI,2020-07-24,28.7
Haiti,HTI,2020-07-25,28.7
Haiti,HTI,2020-07-26,28.7
Haiti,HTI,2020-07-27,28.7
Haiti,HTI,2020-07-28,28.7
Haiti,HTI,2020-07-29,28.7
Haiti,HTI,2020-07-30,28.7
Haiti,HTI,2020-07-31,28.7
Haiti,HTI,2020-08-01,28.7
Haiti,HTI,2020-08-02,28.7
Haiti,HTI,2020-08-03,28.7
Haiti,HTI,2020-08-04,28.7
Haiti,HTI,2020-08-05,28.7
Haiti,HTI,2020-08-06,28.7
Haiti,HTI,2020-08-07,28.7
Haiti,HTI,2020-08-08,28.7
Haiti,HTI,2020-08-09,28.7
Haiti,HTI,2020-08-10,25
Haiti,HTI,2020-08-11,25
Haiti,HTI,2020-08-12,25
Haiti,HTI,2020-08-13,25
Haiti,HTI,2020-08-14,25
Haiti,HTI,2020-08-15,25
Haiti,HTI,2020-08-16,25
Haiti,HTI,2020-08-17,21.3
Haiti,HTI,2020-08-18,21.3
Haiti,HTI,2020-08-19,21.3
Haiti,HTI,2020-08-20,21.3
Haiti,HTI,2020-08-21,21.3
Haiti,HTI,2020-08-22,21.3
Haiti,HTI,2020-08-23,21.3
Haiti,HTI,2020-08-24,21.3
Haiti,HTI,2020-08-25,21.3
Haiti,HTI,2020-08-26,21.3
Haiti,HTI,2020-08-27,21.3
Haiti,HTI,2020-08-28,21.3
Haiti,HTI,2020-08-29,21.3
Haiti,HTI,2020-08-30,21.3
Haiti,HTI,2020-08-31,21.3
Haiti,HTI,2020-09-01,21.3
Haiti,HTI,2020-09-02,21.3
Haiti,HTI,2020-09-03,21.3
Haiti,HTI,2020-09-04,21.3
Haiti,HTI,2020-09-05,21.3
Haiti,HTI,2020-09-06,21.3
Haiti,HTI,2020-09-07,21.3
Haiti,HTI,2020-09-08,21.3
Haiti,HTI,2020-09-09,21.3
Haiti,HTI,2020-09-10,21.3
Haiti,HTI,2020-09-11,21.3
Haiti,HTI,2020-09-12,21.3
Haiti,HTI,2020-09-13,21.3
Haiti,HTI,2020-09-14,21.3
Haiti,HTI,2020-09-15,21.3
Haiti,HTI,2020-09-16,21.3
Haiti,HTI,2020-09-17,21.3
Haiti,HTI,2020-09-18,21.3
Haiti,HTI,2020-09-19,21.3
Haiti,HTI,2020-09-20,21.3
Haiti,HTI,2020-09-21,47.22
Haiti,HTI,2020-09-22,47.22
Haiti,HTI,2020-09-23,47.22
Haiti,HTI,2020-09-24,47.22
Haiti,HTI,2020-09-25,47.22
Haiti,HTI,2020-09-26,47.22
Haiti,HTI,2020-09-27,47.22
Haiti,HTI,2020-09-28,47.22
Haiti,HTI,2020-09-29,47.22
Haiti,HTI,2020-09-30,47.22
Haiti,HTI,2020-10-01,47.22
Haiti,HTI,2020-10-02,47.22
Haiti,HTI,2020-10-03,47.22
Haiti,HTI,2020-10-04,47.22
Haiti,HTI,2020-10-05,47.22
Haiti,HTI,2020-10-06,47.22
Haiti,HTI,2020-10-07,47.22
Haiti,HTI,2020-10-08,47.22
Haiti,HTI,2020-10-09,47.22
Haiti,HTI,2020-10-10,47.22
Haiti,HTI,2020-10-11,47.22
Haiti,HTI,2020-10-12,47.22
Haiti,HTI,2020-10-13,47.22
Haiti,HTI,2020-10-14,47.22
Haiti,HTI,2020-10-15,47.22
Haiti,HTI,2020-10-16,47.22
Haiti,HTI,2020-10-17,47.22
Haiti,HTI,2020-10-18,47.22
Haiti,HTI,2020-10-19,47.22
Haiti,HTI,2020-10-20,47.22
Haiti,HTI,2020-10-21,47.22
Haiti,HTI,2020-10-22,47.22
Haiti,HTI,2020-10-23,47.22
Haiti,HTI,2020-10-24,47.22
Haiti,HTI,2020-10-25,47.22
Haiti,HTI,2020-10-26,47.22
Haiti,HTI,2020-10-27,47.22
Haiti,HTI,2020-10-28,47.22
Haiti,HTI,2020-10-29,47.22
Haiti,HTI,2020-10-30,47.22
Haiti,HTI,2020-10-31,47.22
Haiti,HTI,2020-11-01,47.22
Haiti,HTI,2020-11-02,47.22
Haiti,HTI,2020-11-03,47.22
Haiti,HTI,2020-11-04,47.22
Haiti,HTI,2020-11-05,47.22
Haiti,HTI,2020-11-06,47.22
Haiti,HTI,2020-11-07,47.22
Haiti,HTI,2020-11-08,47.22
Haiti,HTI,2020-11-09,47.22
Haiti,HTI,2020-11-10,47.22
Haiti,HTI,2020-11-11,47.22
Haiti,HTI,2020-11-12,47.22
Haiti,HTI,2020-11-13,47.22
Haiti,HTI,2020-11-14,47.22
Haiti,HTI,2020-11-15,47.22
Haiti,HTI,2020-11-16,47.22
Haiti,HTI,2020-11-17,47.22
Haiti,HTI,2020-11-18,47.22
Haiti,HTI,2020-11-19,47.22
Haiti,HTI,2020-11-20,47.22
Haiti,HTI,2020-11-21,47.22
Haiti,HTI,2020-11-22,47.22
Haiti,HTI,2020-11-23,47.22
Haiti,HTI,2020-11-24,41.67
Haiti,HTI,2020-11-25,41.67
Haiti,HTI,2020-11-26,41.67
Haiti,HTI,2020-11-27,41.67
Haiti,HTI,2020-11-28,41.67
Haiti,HTI,2020-11-29,41.67
Haiti,HTI,2020-11-30,41.67
Haiti,HTI,2020-12-01,41.67
Haiti,HTI,2020-12-02,41.67
Haiti,HTI,2020-12-03,41.67
Haiti,HTI,2020-12-04,41.67
Haiti,HTI,2020-12-05,41.67
Haiti,HTI,2020-12-06,41.67
Haiti,HTI,2020-12-07,41.67
Haiti,HTI,2020-12-08,41.67
Haiti,HTI,2020-12-09,41.67
Haiti,HTI,2020-12-10,41.67
Haiti,HTI,2020-12-11,41.67
Haiti,HTI,2020-12-12,41.67
Haiti,HTI,2020-12-13,41.67
Haiti,HTI,2020-12-14,41.67
Haiti,HTI,2020-12-15,28.7
Haiti,HTI,2020-12-16,28.7
Haiti,HTI,2020-12-17,28.7
Haiti,HTI,2020-12-18,28.7
Haiti,HTI,2020-12-19,28.7
Haiti,HTI,2020-12-20,28.7
Haiti,HTI,2020-12-21,28.7
Haiti,HTI,2020-12-22,28.7
Haiti,HTI,2020-12-23,28.7
Haiti,HTI,2020-12-24,28.7
Haiti,HTI,2020-12-25,28.7
Haiti,HTI,2020-12-26,28.7
Haiti,HTI,2020-12-27,28.7
Haiti,HTI,2020-12-28,28.7
Haiti,HTI,2020-12-29,28.7
Haiti,HTI,2020-12-30,28.7
Haiti,HTI,2020-12-31,28.7
Haiti,HTI,2021-01-01,28.7
Haiti,HTI,2021-01-02,28.7
Haiti,HTI,2021-01-03,28.7
Haiti,HTI,2021-01-04,28.7
Haiti,HTI,2021-01-05,28.7
Haiti,HTI,2021-01-06,28.7
Haiti,HTI,2021-01-07,28.7
Haiti,HTI,2021-01-08,28.7
Haiti,HTI,2021-01-09,28.7
Haiti,HTI,2021-01-10,28.7
Haiti,HTI,2021-01-11,28.7
Haiti,HTI,2021-01-12,28.7
Haiti,HTI,2021-01-13,36.11
Haiti,HTI,2021-01-14,36.11
Haiti,HTI,2021-01-15,36.11
Haiti,HTI,2021-01-16,36.11
Haiti,HTI,2021-01-17,36.11
Haiti,HTI,2021-01-18,36.11
Haiti,HTI,2021-01-19,36.11
Haiti,HTI,2021-01-20,36.11
Haiti,HTI,2021-01-21,36.11
Haiti,HTI,2021-01-22,36.11
Haiti,HTI,2021-01-23,36.11
Haiti,HTI,2021-01-24,36.11
Haiti,HTI,2021-01-25,36.11
Haiti,HTI,2021-01-26,36.11
Haiti,HTI,2021-01-27,36.11
Haiti,HTI,2021-01-28,36.11
Haiti,HTI,2021-01-29,36.11
Haiti,HTI,2021-01-30,36.11
Haiti,HTI,2021-01-31,36.11
Haiti,HTI,2021-02-01,36.11
Haiti,HTI,2021-02-02,36.11
Haiti,HTI,2021-02-03,36.11
Haiti,HTI,2021-02-04,36.11
Haiti,HTI,2021-02-05,36.11
Haiti,HTI,2021-02-06,36.11
Haiti,HTI,2021-02-07,36.11
Haiti,HTI,2021-02-08,36.11
Haiti,HTI,2021-02-09,38.89
Haiti,HTI,2021-02-10,38.89
Haiti,HTI,2021-02-11,38.89
Haiti,HTI,2021-02-12,38.89
Haiti,HTI,2021-02-13,38.89
Haiti,HTI,2021-02-14,38.89
Haiti,HTI,2021-02-15,38.89
Haiti,HTI,2021-02-16,38.89
Haiti,HTI,2021-02-17,38.89
Haiti,HTI,2021-02-18,38.89
Haiti,HTI,2021-02-19,38.89
Haiti,HTI,2021-02-20,38.89
Haiti,HTI,2021-02-21,38.89
Haiti,HTI,2021-02-22,38.89
Haiti,HTI,2021-02-23,38.89
Haiti,HTI,2021-02-24,38.89
Haiti,HTI,2021-02-25,36.11
Haiti,HTI,2021-02-26,36.11
Haiti,HTI,2021-02-27,36.11
Haiti,HTI,2021-02-28,36.11
Haiti,HTI,2021-03-01,36.11
Honduras,HND,2020-01-01,0
Honduras,HND,2020-01-02,0
Honduras,HND,2020-01-03,0
Honduras,HND,2020-01-04,0
Honduras,HND,2020-01-05,0
Honduras,HND,2020-01-06,0
Honduras,HND,2020-01-07,0
Honduras,HND,2020-01-08,0
Honduras,HND,2020-01-09,0
Honduras,HND,2020-01-10,0
Honduras,HND,2020-01-11,0
Honduras,HND,2020-01-12,0
Honduras,HND,2020-01-13,0
Honduras,HND,2020-01-14,0
Honduras,HND,2020-01-15,0
Honduras,HND,2020-01-16,0
Honduras,HND,2020-01-17,0
Honduras,HND,2020-01-18,0
Honduras,HND,2020-01-19,0
Honduras,HND,2020-01-20,0
Honduras,HND,2020-01-21,0
Honduras,HND,2020-01-22,0
Honduras,HND,2020-01-23,0
Honduras,HND,2020-01-24,0
Honduras,HND,2020-01-25,0
Honduras,HND,2020-01-26,0
Honduras,HND,2020-01-27,0
Honduras,HND,2020-01-28,0
Honduras,HND,2020-01-29,0
Honduras,HND,2020-01-30,0
Honduras,HND,2020-01-31,0
Honduras,HND,2020-02-01,0
Honduras,HND,2020-02-02,0
Honduras,HND,2020-02-03,0
Honduras,HND,2020-02-04,0
Honduras,HND,2020-02-05,0
Honduras,HND,2020-02-06,0
Honduras,HND,2020-02-07,0
Honduras,HND,2020-02-08,0
Honduras,HND,2020-02-09,0
Honduras,HND,2020-02-10,0
Honduras,HND,2020-02-11,0
Honduras,HND,2020-02-12,0
Honduras,HND,2020-02-13,0
Honduras,HND,2020-02-14,0
Honduras,HND,2020-02-15,0
Honduras,HND,2020-02-16,0
Honduras,HND,2020-02-17,0
Honduras,HND,2020-02-18,0
Honduras,HND,2020-02-19,0
Honduras,HND,2020-02-20,0
Honduras,HND,2020-02-21,0
Honduras,HND,2020-02-22,0
Honduras,HND,2020-02-23,0
Honduras,HND,2020-02-24,0
Honduras,HND,2020-02-25,0
Honduras,HND,2020-02-26,0
Honduras,HND,2020-02-27,0
Honduras,HND,2020-02-28,0
Honduras,HND,2020-02-29,0
Honduras,HND,2020-03-01,0
Honduras,HND,2020-03-02,11.11
Honduras,HND,2020-03-03,11.11
Honduras,HND,2020-03-04,11.11
Honduras,HND,2020-03-05,11.11
Honduras,HND,2020-03-06,11.11
Honduras,HND,2020-03-07,11.11
Honduras,HND,2020-03-08,11.11
Honduras,HND,2020-03-09,11.11
Honduras,HND,2020-03-10,11.11
Honduras,HND,2020-03-11,11.11
Honduras,HND,2020-03-12,11.11
Honduras,HND,2020-03-13,33.33
Honduras,HND,2020-03-14,33.33
Honduras,HND,2020-03-15,33.33
Honduras,HND,2020-03-16,93.52
Honduras,HND,2020-03-17,93.52
Honduras,HND,2020-03-18,93.52
Honduras,HND,2020-03-19,93.52
Honduras,HND,2020-03-20,97.22
Honduras,HND,2020-03-21,100
Honduras,HND,2020-03-22,100
Honduras,HND,2020-03-23,100
Honduras,HND,2020-03-24,100
Honduras,HND,2020-03-25,100
Honduras,HND,2020-03-26,100
Honduras,HND,2020-03-27,100
Honduras,HND,2020-03-28,100
Honduras,HND,2020-03-29,100
Honduras,HND,2020-03-30,100
Honduras,HND,2020-03-31,100
Honduras,HND,2020-04-01,100
Honduras,HND,2020-04-02,100
Honduras,HND,2020-04-03,100
Honduras,HND,2020-04-04,100
Honduras,HND,2020-04-05,100
Honduras,HND,2020-04-06,100
Honduras,HND,2020-04-07,100
Honduras,HND,2020-04-08,100
Honduras,HND,2020-04-09,100
Honduras,HND,2020-04-10,100
Honduras,HND,2020-04-11,100
Honduras,HND,2020-04-12,100
Honduras,HND,2020-04-13,100
Honduras,HND,2020-04-14,100
Honduras,HND,2020-04-15,100
Honduras,HND,2020-04-16,100
Honduras,HND,2020-04-17,100
Honduras,HND,2020-04-18,100
Honduras,HND,2020-04-19,100
Honduras,HND,2020-04-20,100
Honduras,HND,2020-04-21,100
Honduras,HND,2020-04-22,100
Honduras,HND,2020-04-23,100
Honduras,HND,2020-04-24,100
Honduras,HND,2020-04-25,100
Honduras,HND,2020-04-26,100
Honduras,HND,2020-04-27,100
Honduras,HND,2020-04-28,100
Honduras,HND,2020-04-29,100
Honduras,HND,2020-04-30,100
Honduras,HND,2020-05-01,100
Honduras,HND,2020-05-02,100
Honduras,HND,2020-05-03,100
Honduras,HND,2020-05-04,100
Honduras,HND,2020-05-05,100
Honduras,HND,2020-05-06,100
Honduras,HND,2020-05-07,100
Honduras,HND,2020-05-08,100
Honduras,HND,2020-05-09,100
Honduras,HND,2020-05-10,100
Honduras,HND,2020-05-11,100
Honduras,HND,2020-05-12,100
Honduras,HND,2020-05-13,100
Honduras,HND,2020-05-14,100
Honduras,HND,2020-05-15,100
Honduras,HND,2020-05-16,100
Honduras,HND,2020-05-17,100
Honduras,HND,2020-05-18,100
Honduras,HND,2020-05-19,100
Honduras,HND,2020-05-20,100
Honduras,HND,2020-05-21,100
Honduras,HND,2020-05-22,100
Honduras,HND,2020-05-23,100
Honduras,HND,2020-05-24,100
Honduras,HND,2020-05-25,100
Honduras,HND,2020-05-26,100
Honduras,HND,2020-05-27,100
Honduras,HND,2020-05-28,100
Honduras,HND,2020-05-29,100
Honduras,HND,2020-05-30,100
Honduras,HND,2020-05-31,100
Honduras,HND,2020-06-01,100
Honduras,HND,2020-06-02,100
Honduras,HND,2020-06-03,100
Honduras,HND,2020-06-04,100
Honduras,HND,2020-06-05,100
Honduras,HND,2020-06-06,100
Honduras,HND,2020-06-07,100
Honduras,HND,2020-06-08,96.3
Honduras,HND,2020-06-09,96.3
Honduras,HND,2020-06-10,96.3
Honduras,HND,2020-06-11,96.3
Honduras,HND,2020-06-12,96.3
Honduras,HND,2020-06-13,96.3
Honduras,HND,2020-06-14,96.3
Honduras,HND,2020-06-15,96.3
Honduras,HND,2020-06-16,96.3
Honduras,HND,2020-06-17,96.3
Honduras,HND,2020-06-18,96.3
Honduras,HND,2020-06-19,96.3
Honduras,HND,2020-06-20,96.3
Honduras,HND,2020-06-21,96.3
Honduras,HND,2020-06-22,96.3
Honduras,HND,2020-06-23,96.3
Honduras,HND,2020-06-24,96.3
Honduras,HND,2020-06-25,96.3
Honduras,HND,2020-06-26,96.3
Honduras,HND,2020-06-27,96.3
Honduras,HND,2020-06-28,96.3
Honduras,HND,2020-06-29,96.3
Honduras,HND,2020-06-30,96.3
Honduras,HND,2020-07-01,96.3
Honduras,HND,2020-07-02,96.3
Honduras,HND,2020-07-03,96.3
Honduras,HND,2020-07-04,96.3
Honduras,HND,2020-07-05,96.3
Honduras,HND,2020-07-06,96.3
Honduras,HND,2020-07-07,96.3
Honduras,HND,2020-07-08,96.3
Honduras,HND,2020-07-09,96.3
Honduras,HND,2020-07-10,96.3
Honduras,HND,2020-07-11,96.3
Honduras,HND,2020-07-12,96.3
Honduras,HND,2020-07-13,96.3
Honduras,HND,2020-07-14,96.3
Honduras,HND,2020-07-15,96.3
Honduras,HND,2020-07-16,96.3
Honduras,HND,2020-07-17,96.3
Honduras,HND,2020-07-18,96.3
Honduras,HND,2020-07-19,96.3
Honduras,HND,2020-07-20,96.3
Honduras,HND,2020-07-21,96.3
Honduras,HND,2020-07-22,96.3
Honduras,HND,2020-07-23,96.3
Honduras,HND,2020-07-24,96.3
Honduras,HND,2020-07-25,96.3
Honduras,HND,2020-07-26,96.3
Honduras,HND,2020-07-27,96.3
Honduras,HND,2020-07-28,96.3
Honduras,HND,2020-07-29,96.3
Honduras,HND,2020-07-30,96.3
Honduras,HND,2020-07-31,96.3
Honduras,HND,2020-08-01,96.3
Honduras,HND,2020-08-02,96.3
Honduras,HND,2020-08-03,96.3
Honduras,HND,2020-08-04,96.3
Honduras,HND,2020-08-05,96.3
Honduras,HND,2020-08-06,96.3
Honduras,HND,2020-08-07,96.3
Honduras,HND,2020-08-08,96.3
Honduras,HND,2020-08-09,90.74
Honduras,HND,2020-08-10,90.74
Honduras,HND,2020-08-11,90.74
Honduras,HND,2020-08-12,90.74
Honduras,HND,2020-08-13,90.74
Honduras,HND,2020-08-14,90.74
Honduras,HND,2020-08-15,90.74
Honduras,HND,2020-08-16,90.74
Honduras,HND,2020-08-17,82.41
Honduras,HND,2020-08-18,82.41
Honduras,HND,2020-08-19,82.41
Honduras,HND,2020-08-20,82.41
Honduras,HND,2020-08-21,82.41
Honduras,HND,2020-08-22,76.85
Honduras,HND,2020-08-23,76.85
Honduras,HND,2020-08-24,76.85
Honduras,HND,2020-08-25,76.85
Honduras,HND,2020-08-26,76.85
Honduras,HND,2020-08-27,76.85
Honduras,HND,2020-08-28,76.85
Honduras,HND,2020-08-29,76.85
Honduras,HND,2020-08-30,76.85
Honduras,HND,2020-08-31,76.85
Honduras,HND,2020-09-01,76.85
Honduras,HND,2020-09-02,76.85
Honduras,HND,2020-09-03,76.85
Honduras,HND,2020-09-04,76.85
Honduras,HND,2020-09-05,76.85
Honduras,HND,2020-09-06,76.85
Honduras,HND,2020-09-07,76.85
Honduras,HND,2020-09-08,76.85
Honduras,HND,2020-09-09,76.85
Honduras,HND,2020-09-10,76.85
Honduras,HND,2020-09-11,76.85
Honduras,HND,2020-09-12,76.85
Honduras,HND,2020-09-13,76.85
Honduras,HND,2020-09-14,76.85
Honduras,HND,2020-09-15,76.85
Honduras,HND,2020-09-16,76.85
Honduras,HND,2020-09-17,76.85
Honduras,HND,2020-09-18,76.85
Honduras,HND,2020-09-19,76.85
Honduras,HND,2020-09-20,78.7
Honduras,HND,2020-09-21,78.7
Honduras,HND,2020-09-22,78.7
Honduras,HND,2020-09-23,78.7
Honduras,HND,2020-09-24,78.7
Honduras,HND,2020-09-25,78.7
Honduras,HND,2020-09-26,78.7
Honduras,HND,2020-09-27,78.7
Honduras,HND,2020-09-28,78.7
Honduras,HND,2020-09-29,78.7
Honduras,HND,2020-09-30,78.7
Honduras,HND,2020-10-01,78.7
Honduras,HND,2020-10-02,78.7
Honduras,HND,2020-10-03,78.7
Honduras,HND,2020-10-04,78.7
Honduras,HND,2020-10-05,78.7
Honduras,HND,2020-10-06,78.7
Honduras,HND,2020-10-07,78.7
Honduras,HND,2020-10-08,78.7
Honduras,HND,2020-10-09,78.7
Honduras,HND,2020-10-10,78.7
Honduras,HND,2020-10-11,78.7
Honduras,HND,2020-10-12,78.7
Honduras,HND,2020-10-13,78.7
Honduras,HND,2020-10-14,78.7
Honduras,HND,2020-10-15,78.7
Honduras,HND,2020-10-16,78.7
Honduras,HND,2020-10-17,78.7
Honduras,HND,2020-10-18,78.7
Honduras,HND,2020-10-19,81.48
Honduras,HND,2020-10-20,81.48
Honduras,HND,2020-10-21,81.48
Honduras,HND,2020-10-22,81.48
Honduras,HND,2020-10-23,81.48
Honduras,HND,2020-10-24,81.48
Honduras,HND,2020-10-25,81.48
Honduras,HND,2020-10-26,81.48
Honduras,HND,2020-10-27,81.48
Honduras,HND,2020-10-28,81.48
Honduras,HND,2020-10-29,81.48
Honduras,HND,2020-10-30,81.48
Honduras,HND,2020-10-31,81.48
Honduras,HND,2020-11-01,81.48
Honduras,HND,2020-11-02,81.48
Honduras,HND,2020-11-03,81.48
Honduras,HND,2020-11-04,81.48
Honduras,HND,2020-11-05,81.48
Honduras,HND,2020-11-06,81.48
Honduras,HND,2020-11-07,81.48
Honduras,HND,2020-11-08,81.48
Honduras,HND,2020-11-09,81.48
Honduras,HND,2020-11-10,81.48
Honduras,HND,2020-11-11,81.48
Honduras,HND,2020-11-12,81.48
Honduras,HND,2020-11-13,81.48
Honduras,HND,2020-11-14,81.48
Honduras,HND,2020-11-15,81.48
Honduras,HND,2020-11-16,81.48
Honduras,HND,2020-11-17,81.48
Honduras,HND,2020-11-18,81.48
Honduras,HND,2020-11-19,81.48
Honduras,HND,2020-11-20,81.48
Honduras,HND,2020-11-21,81.48
Honduras,HND,2020-11-22,81.48
Honduras,HND,2020-11-23,81.48
Honduras,HND,2020-11-24,81.48
Honduras,HND,2020-11-25,81.48
Honduras,HND,2020-11-26,81.48
Honduras,HND,2020-11-27,81.48
Honduras,HND,2020-11-28,81.48
Honduras,HND,2020-11-29,81.48
Honduras,HND,2020-11-30,81.48
Honduras,HND,2020-12-01,81.48
Honduras,HND,2020-12-02,81.48
Honduras,HND,2020-12-03,81.48
Honduras,HND,2020-12-04,81.48
Honduras,HND,2020-12-05,81.48
Honduras,HND,2020-12-06,81.48
Honduras,HND,2020-12-07,81.48
Honduras,HND,2020-12-08,81.48
Honduras,HND,2020-12-09,81.48
Honduras,HND,2020-12-10,81.48
Honduras,HND,2020-12-11,81.48
Honduras,HND,2020-12-12,81.48
Honduras,HND,2020-12-13,81.48
Honduras,HND,2020-12-14,81.48
Honduras,HND,2020-12-15,81.48
Honduras,HND,2020-12-16,81.48
Honduras,HND,2020-12-17,81.48
Honduras,HND,2020-12-18,81.48
Honduras,HND,2020-12-19,81.48
Honduras,HND,2020-12-20,81.48
Honduras,HND,2020-12-21,81.48
Honduras,HND,2020-12-22,81.48
Honduras,HND,2020-12-23,84.26
Honduras,HND,2020-12-24,84.26
Honduras,HND,2020-12-25,84.26
Honduras,HND,2020-12-26,84.26
Honduras,HND,2020-12-27,84.26
Honduras,HND,2020-12-28,84.26
Honduras,HND,2020-12-29,84.26
Honduras,HND,2020-12-30,84.26
Honduras,HND,2020-12-31,84.26
Honduras,HND,2021-01-01,84.26
Honduras,HND,2021-01-02,84.26
Honduras,HND,2021-01-03,84.26
Honduras,HND,2021-01-04,84.26
Honduras,HND,2021-01-05,84.26
Honduras,HND,2021-01-06,84.26
Honduras,HND,2021-01-07,84.26
Honduras,HND,2021-01-08,84.26
Honduras,HND,2021-01-09,84.26
Honduras,HND,2021-01-10,87.96
Honduras,HND,2021-01-11,87.96
Honduras,HND,2021-01-12,87.96
Honduras,HND,2021-01-13,87.96
Honduras,HND,2021-01-14,87.96
Honduras,HND,2021-01-15,87.96
Honduras,HND,2021-01-16,87.96
Honduras,HND,2021-01-17,87.96
Honduras,HND,2021-01-18,87.96
Honduras,HND,2021-01-19,87.96
Honduras,HND,2021-01-20,87.96
Honduras,HND,2021-01-21,87.96
Honduras,HND,2021-01-22,87.96
Honduras,HND,2021-01-23,87.96
Honduras,HND,2021-01-24,87.96
Honduras,HND,2021-01-25,87.96
Honduras,HND,2021-01-26,87.96
Honduras,HND,2021-01-27,87.96
Honduras,HND,2021-01-28,87.96
Honduras,HND,2021-01-29,87.96
Honduras,HND,2021-01-30,87.96
Honduras,HND,2021-01-31,89.81
Honduras,HND,2021-02-01,89.81
Honduras,HND,2021-02-02,87.96
Honduras,HND,2021-02-03,87.96
Honduras,HND,2021-02-04,87.96
Honduras,HND,2021-02-05,87.96
Honduras,HND,2021-02-06,87.96
Honduras,HND,2021-02-07,87.96
Honduras,HND,2021-02-08,87.96
Honduras,HND,2021-02-09,87.96
Honduras,HND,2021-02-10,87.96
Honduras,HND,2021-02-11,87.96
Honduras,HND,2021-02-13,79.63
Honduras,HND,2021-02-14,79.63
Honduras,HND,2021-02-15,79.63
Honduras,HND,2021-02-16,79.63
Honduras,HND,2021-02-17,79.63
Honduras,HND,2021-02-18,79.63
Honduras,HND,2021-02-19,79.63
Honduras,HND,2021-02-20,79.63
Honduras,HND,2021-02-21,79.63
Honduras,HND,2021-02-22,79.63
Honduras,HND,2021-02-23,82.41
Honduras,HND,2021-02-24,82.41
Honduras,HND,2021-02-25,82.41
Honduras,HND,2021-02-26,82.41
Honduras,HND,2021-02-27,82.41
Honduras,HND,2021-02-28,82.41
Honduras,HND,2021-03-01,82.41
Honduras,HND,2021-03-02,82.41
Honduras,HND,2021-03-03,82.41
Honduras,HND,2021-03-04,82.41
Honduras,HND,2021-03-05,82.41
Honduras,HND,2021-03-06,82.41
Honduras,HND,2021-03-07,82.41
Honduras,HND,2021-03-08,82.41
Hong Kong,HKG,2020-01-01,13.89
Hong Kong,HKG,2020-01-02,13.89
Hong Kong,HKG,2020-01-03,13.89
Hong Kong,HKG,2020-01-04,13.89
Hong Kong,HKG,2020-01-05,13.89
Hong Kong,HKG,2020-01-06,13.89
Hong Kong,HKG,2020-01-07,13.89
Hong Kong,HKG,2020-01-08,13.89
Hong Kong,HKG,2020-01-09,13.89
Hong Kong,HKG,2020-01-10,13.89
Hong Kong,HKG,2020-01-11,13.89
Hong Kong,HKG,2020-01-12,13.89
Hong Kong,HKG,2020-01-13,13.89
Hong Kong,HKG,2020-01-14,13.89
Hong Kong,HKG,2020-01-15,13.89
Hong Kong,HKG,2020-01-16,13.89
Hong Kong,HKG,2020-01-17,13.89
Hong Kong,HKG,2020-01-18,13.89
Hong Kong,HKG,2020-01-19,13.89
Hong Kong,HKG,2020-01-20,13.89
Hong Kong,HKG,2020-01-21,13.89
Hong Kong,HKG,2020-01-22,13.89
Hong Kong,HKG,2020-01-23,13.89
Hong Kong,HKG,2020-01-24,13.89
Hong Kong,HKG,2020-01-25,25
Hong Kong,HKG,2020-01-26,36.11
Hong Kong,HKG,2020-01-27,41.67
Hong Kong,HKG,2020-01-28,45.37
Hong Kong,HKG,2020-01-29,49.07
Hong Kong,HKG,2020-01-30,49.07
Hong Kong,HKG,2020-01-31,49.07
Hong Kong,HKG,2020-02-01,49.07
Hong Kong,HKG,2020-02-02,49.07
Hong Kong,HKG,2020-02-03,49.07
Hong Kong,HKG,2020-02-04,49.07
Hong Kong,HKG,2020-02-05,49.07
Hong Kong,HKG,2020-02-06,49.07
Hong Kong,HKG,2020-02-07,49.07
Hong Kong,HKG,2020-02-08,52.78
Hong Kong,HKG,2020-02-09,52.78
Hong Kong,HKG,2020-02-10,52.78
Hong Kong,HKG,2020-02-11,52.78
Hong Kong,HKG,2020-02-12,52.78
Hong Kong,HKG,2020-02-13,52.78
Hong Kong,HKG,2020-02-14,52.78
Hong Kong,HKG,2020-02-15,52.78
Hong Kong,HKG,2020-02-16,52.78
Hong Kong,HKG,2020-02-17,52.78
Hong Kong,HKG,2020-02-18,52.78
Hong Kong,HKG,2020-02-19,52.78
Hong Kong,HKG,2020-02-20,52.78
Hong Kong,HKG,2020-02-21,52.78
Hong Kong,HKG,2020-02-22,52.78
Hong Kong,HKG,2020-02-23,52.78
Hong Kong,HKG,2020-02-24,52.78
Hong Kong,HKG,2020-02-25,52.78
Hong Kong,HKG,2020-02-26,52.78
Hong Kong,HKG,2020-02-27,52.78
Hong Kong,HKG,2020-02-28,52.78
Hong Kong,HKG,2020-02-29,52.78
Hong Kong,HKG,2020-03-01,52.78
Hong Kong,HKG,2020-03-02,45.37
Hong Kong,HKG,2020-03-03,45.37
Hong Kong,HKG,2020-03-04,45.37
Hong Kong,HKG,2020-03-05,45.37
Hong Kong,HKG,2020-03-06,45.37
Hong Kong,HKG,2020-03-07,45.37
Hong Kong,HKG,2020-03-08,45.37
Hong Kong,HKG,2020-03-09,45.37
Hong Kong,HKG,2020-03-10,45.37
Hong Kong,HKG,2020-03-11,45.37
Hong Kong,HKG,2020-03-12,45.37
Hong Kong,HKG,2020-03-13,45.37
Hong Kong,HKG,2020-03-14,45.37
Hong Kong,HKG,2020-03-15,45.37
Hong Kong,HKG,2020-03-16,45.37
Hong Kong,HKG,2020-03-17,45.37
Hong Kong,HKG,2020-03-18,45.37
Hong Kong,HKG,2020-03-19,45.37
Hong Kong,HKG,2020-03-20,45.37
Hong Kong,HKG,2020-03-21,45.37
Hong Kong,HKG,2020-03-22,45.37
Hong Kong,HKG,2020-03-23,52.78
Hong Kong,HKG,2020-03-24,52.78
Hong Kong,HKG,2020-03-25,52.78
Hong Kong,HKG,2020-03-26,52.78
Hong Kong,HKG,2020-03-27,52.78
Hong Kong,HKG,2020-03-28,52.78
Hong Kong,HKG,2020-03-29,63.89
Hong Kong,HKG,2020-03-30,63.89
Hong Kong,HKG,2020-03-31,63.89
Hong Kong,HKG,2020-04-01,63.89
Hong Kong,HKG,2020-04-02,63.89
Hong Kong,HKG,2020-04-03,63.89
Hong Kong,HKG,2020-04-04,63.89
Hong Kong,HKG,2020-04-05,63.89
Hong Kong,HKG,2020-04-06,66.67
Hong Kong,HKG,2020-04-07,66.67
Hong Kong,HKG,2020-04-08,66.67
Hong Kong,HKG,2020-04-09,66.67
Hong Kong,HKG,2020-04-10,66.67
Hong Kong,HKG,2020-04-11,66.67
Hong Kong,HKG,2020-04-12,66.67
Hong Kong,HKG,2020-04-13,66.67
Hong Kong,HKG,2020-04-14,66.67
Hong Kong,HKG,2020-04-15,66.67
Hong Kong,HKG,2020-04-16,66.67
Hong Kong,HKG,2020-04-17,66.67
Hong Kong,HKG,2020-04-18,66.67
Hong Kong,HKG,2020-04-19,66.67
Hong Kong,HKG,2020-04-20,66.67
Hong Kong,HKG,2020-04-21,66.67
Hong Kong,HKG,2020-04-22,66.67
Hong Kong,HKG,2020-04-23,66.67
Hong Kong,HKG,2020-04-24,66.67
Hong Kong,HKG,2020-04-25,66.67
Hong Kong,HKG,2020-04-26,66.67
Hong Kong,HKG,2020-04-27,66.67
Hong Kong,HKG,2020-04-28,66.67
Hong Kong,HKG,2020-04-29,66.67
Hong Kong,HKG,2020-04-30,66.67
Hong Kong,HKG,2020-05-01,66.67
Hong Kong,HKG,2020-05-02,66.67
Hong Kong,HKG,2020-05-03,66.67
Hong Kong,HKG,2020-05-04,66.67
Hong Kong,HKG,2020-05-05,66.67
Hong Kong,HKG,2020-05-06,66.67
Hong Kong,HKG,2020-05-07,66.67
Hong Kong,HKG,2020-05-08,63.89
Hong Kong,HKG,2020-05-09,63.89
Hong Kong,HKG,2020-05-10,63.89
Hong Kong,HKG,2020-05-11,63.89
Hong Kong,HKG,2020-05-12,63.89
Hong Kong,HKG,2020-05-13,63.89
Hong Kong,HKG,2020-05-14,63.89
Hong Kong,HKG,2020-05-15,63.89
Hong Kong,HKG,2020-05-16,63.89
Hong Kong,HKG,2020-05-17,63.89
Hong Kong,HKG,2020-05-18,63.89
Hong Kong,HKG,2020-05-19,63.89
Hong Kong,HKG,2020-05-20,63.89
Hong Kong,HKG,2020-05-21,63.89
Hong Kong,HKG,2020-05-22,63.89
Hong Kong,HKG,2020-05-23,63.89
Hong Kong,HKG,2020-05-24,63.89
Hong Kong,HKG,2020-05-25,63.89
Hong Kong,HKG,2020-05-26,63.89
Hong Kong,HKG,2020-05-27,60.19
Hong Kong,HKG,2020-05-28,60.19
Hong Kong,HKG,2020-05-29,52.78
Hong Kong,HKG,2020-05-30,52.78
Hong Kong,HKG,2020-05-31,52.78
Hong Kong,HKG,2020-06-01,52.78
Hong Kong,HKG,2020-06-02,52.78
Hong Kong,HKG,2020-06-03,52.78
Hong Kong,HKG,2020-06-04,52.78
Hong Kong,HKG,2020-06-05,52.78
Hong Kong,HKG,2020-06-06,52.78
Hong Kong,HKG,2020-06-07,52.78
Hong Kong,HKG,2020-06-08,52.78
Hong Kong,HKG,2020-06-09,52.78
Hong Kong,HKG,2020-06-10,52.78
Hong Kong,HKG,2020-06-11,52.78
Hong Kong,HKG,2020-06-12,52.78
Hong Kong,HKG,2020-06-13,52.78
Hong Kong,HKG,2020-06-14,52.78
Hong Kong,HKG,2020-06-15,52.78
Hong Kong,HKG,2020-06-16,52.78
Hong Kong,HKG,2020-06-17,52.78
Hong Kong,HKG,2020-06-18,52.78
Hong Kong,HKG,2020-06-19,41.67
Hong Kong,HKG,2020-06-20,41.67
Hong Kong,HKG,2020-06-21,41.67
Hong Kong,HKG,2020-06-22,41.67
Hong Kong,HKG,2020-06-23,41.67
Hong Kong,HKG,2020-06-24,41.67
Hong Kong,HKG,2020-06-25,41.67
Hong Kong,HKG,2020-06-26,41.67
Hong Kong,HKG,2020-06-27,41.67
Hong Kong,HKG,2020-06-28,41.67
Hong Kong,HKG,2020-06-29,41.67
Hong Kong,HKG,2020-06-30,41.67
Hong Kong,HKG,2020-07-01,41.67
Hong Kong,HKG,2020-07-02,41.67
Hong Kong,HKG,2020-07-03,41.67
Hong Kong,HKG,2020-07-04,41.67
Hong Kong,HKG,2020-07-05,41.67
Hong Kong,HKG,2020-07-06,41.67
Hong Kong,HKG,2020-07-07,41.67
Hong Kong,HKG,2020-07-08,41.67
Hong Kong,HKG,2020-07-09,41.67
Hong Kong,HKG,2020-07-10,41.67
Hong Kong,HKG,2020-07-11,41.67
Hong Kong,HKG,2020-07-12,41.67
Hong Kong,HKG,2020-07-13,41.67
Hong Kong,HKG,2020-07-14,41.67
Hong Kong,HKG,2020-07-15,66.67
Hong Kong,HKG,2020-07-16,66.67
Hong Kong,HKG,2020-07-17,66.67
Hong Kong,HKG,2020-07-18,66.67
Hong Kong,HKG,2020-07-19,66.67
Hong Kong,HKG,2020-07-20,66.67
Hong Kong,HKG,2020-07-21,66.67
Hong Kong,HKG,2020-07-22,66.67
Hong Kong,HKG,2020-07-23,66.67
Hong Kong,HKG,2020-07-24,66.67
Hong Kong,HKG,2020-07-25,66.67
Hong Kong,HKG,2020-07-26,66.67
Hong Kong,HKG,2020-07-27,66.67
Hong Kong,HKG,2020-07-28,66.67
Hong Kong,HKG,2020-07-29,66.67
Hong Kong,HKG,2020-07-30,66.67
Hong Kong,HKG,2020-07-31,66.67
Hong Kong,HKG,2020-08-01,66.67
Hong Kong,HKG,2020-08-02,66.67
Hong Kong,HKG,2020-08-03,66.67
Hong Kong,HKG,2020-08-04,66.67
Hong Kong,HKG,2020-08-05,66.67
Hong Kong,HKG,2020-08-06,66.67
Hong Kong,HKG,2020-08-07,66.67
Hong Kong,HKG,2020-08-08,66.67
Hong Kong,HKG,2020-08-09,66.67
Hong Kong,HKG,2020-08-10,66.67
Hong Kong,HKG,2020-08-11,66.67
Hong Kong,HKG,2020-08-12,66.67
Hong Kong,HKG,2020-08-13,66.67
Hong Kong,HKG,2020-08-14,66.67
Hong Kong,HKG,2020-08-15,66.67
Hong Kong,HKG,2020-08-16,66.67
Hong Kong,HKG,2020-08-17,66.67
Hong Kong,HKG,2020-08-18,66.67
Hong Kong,HKG,2020-08-19,66.67
Hong Kong,HKG,2020-08-20,66.67
Hong Kong,HKG,2020-08-21,66.67
Hong Kong,HKG,2020-08-22,66.67
Hong Kong,HKG,2020-08-23,66.67
Hong Kong,HKG,2020-08-24,66.67
Hong Kong,HKG,2020-08-25,66.67
Hong Kong,HKG,2020-08-26,66.67
Hong Kong,HKG,2020-08-27,66.67
Hong Kong,HKG,2020-08-28,66.67
Hong Kong,HKG,2020-08-29,66.67
Hong Kong,HKG,2020-08-30,66.67
Hong Kong,HKG,2020-08-31,66.67
Hong Kong,HKG,2020-09-01,66.67
Hong Kong,HKG,2020-09-02,66.67
Hong Kong,HKG,2020-09-03,66.67
Hong Kong,HKG,2020-09-04,66.67
Hong Kong,HKG,2020-09-05,66.67
Hong Kong,HKG,2020-09-06,66.67
Hong Kong,HKG,2020-09-07,66.67
Hong Kong,HKG,2020-09-08,66.67
Hong Kong,HKG,2020-09-09,66.67
Hong Kong,HKG,2020-09-10,66.67
Hong Kong,HKG,2020-09-11,62.96
Hong Kong,HKG,2020-09-12,62.96
Hong Kong,HKG,2020-09-13,62.96
Hong Kong,HKG,2020-09-14,62.96
Hong Kong,HKG,2020-09-15,62.96
Hong Kong,HKG,2020-09-16,62.96
Hong Kong,HKG,2020-09-17,62.96
Hong Kong,HKG,2020-09-18,62.96
Hong Kong,HKG,2020-09-19,62.96
Hong Kong,HKG,2020-09-20,62.96
Hong Kong,HKG,2020-09-21,62.96
Hong Kong,HKG,2020-09-22,62.96
Hong Kong,HKG,2020-09-23,59.26
Hong Kong,HKG,2020-09-24,59.26
Hong Kong,HKG,2020-09-25,59.26
Hong Kong,HKG,2020-09-26,55.56
Hong Kong,HKG,2020-09-27,55.56
Hong Kong,HKG,2020-09-28,55.56
Hong Kong,HKG,2020-09-29,51.85
Hong Kong,HKG,2020-09-30,51.85
Hong Kong,HKG,2020-10-01,51.85
Hong Kong,HKG,2020-10-02,51.85
Hong Kong,HKG,2020-10-03,51.85
Hong Kong,HKG,2020-10-04,51.85
Hong Kong,HKG,2020-10-05,51.85
Hong Kong,HKG,2020-10-06,51.85
Hong Kong,HKG,2020-10-07,51.85
Hong Kong,HKG,2020-10-08,51.85
Hong Kong,HKG,2020-10-09,51.85
Hong Kong,HKG,2020-10-10,51.85
Hong Kong,HKG,2020-10-11,51.85
Hong Kong,HKG,2020-10-12,51.85
Hong Kong,HKG,2020-10-13,51.85
Hong Kong,HKG,2020-10-14,51.85
Hong Kong,HKG,2020-10-15,51.85
Hong Kong,HKG,2020-10-16,51.85
Hong Kong,HKG,2020-10-17,51.85
Hong Kong,HKG,2020-10-18,51.85
Hong Kong,HKG,2020-10-19,51.85
Hong Kong,HKG,2020-10-20,51.85
Hong Kong,HKG,2020-10-21,51.85
Hong Kong,HKG,2020-10-22,51.85
Hong Kong,HKG,2020-10-23,51.85
Hong Kong,HKG,2020-10-24,51.85
Hong Kong,HKG,2020-10-25,51.85
Hong Kong,HKG,2020-10-26,51.85
Hong Kong,HKG,2020-10-27,51.85
Hong Kong,HKG,2020-10-28,51.85
Hong Kong,HKG,2020-10-29,51.85
Hong Kong,HKG,2020-10-30,51.85
Hong Kong,HKG,2020-10-31,51.85
Hong Kong,HKG,2020-11-01,51.85
Hong Kong,HKG,2020-11-02,51.85
Hong Kong,HKG,2020-11-03,51.85
Hong Kong,HKG,2020-11-04,51.85
Hong Kong,HKG,2020-11-05,51.85
Hong Kong,HKG,2020-11-06,51.85
Hong Kong,HKG,2020-11-07,51.85
Hong Kong,HKG,2020-11-08,51.85
Hong Kong,HKG,2020-11-09,51.85
Hong Kong,HKG,2020-11-10,51.85
Hong Kong,HKG,2020-11-11,51.85
Hong Kong,HKG,2020-11-12,51.85
Hong Kong,HKG,2020-11-13,51.85
Hong Kong,HKG,2020-11-14,55.56
Hong Kong,HKG,2020-11-15,55.56
Hong Kong,HKG,2020-11-16,55.56
Hong Kong,HKG,2020-11-17,55.56
Hong Kong,HKG,2020-11-18,55.56
Hong Kong,HKG,2020-11-19,55.56
Hong Kong,HKG,2020-11-20,55.56
Hong Kong,HKG,2020-11-21,55.56
Hong Kong,HKG,2020-11-22,55.56
Hong Kong,HKG,2020-11-23,55.56
Hong Kong,HKG,2020-11-24,59.26
Hong Kong,HKG,2020-11-25,59.26
Hong Kong,HKG,2020-11-26,59.26
Hong Kong,HKG,2020-11-27,59.26
Hong Kong,HKG,2020-11-28,59.26
Hong Kong,HKG,2020-11-29,59.26
Hong Kong,HKG,2020-11-30,68.52
Hong Kong,HKG,2020-12-01,68.52
Hong Kong,HKG,2020-12-02,68.52
Hong Kong,HKG,2020-12-03,68.52
Hong Kong,HKG,2020-12-04,71.3
Hong Kong,HKG,2020-12-05,71.3
Hong Kong,HKG,2020-12-06,71.3
Hong Kong,HKG,2020-12-07,71.3
Hong Kong,HKG,2020-12-08,71.3
Hong Kong,HKG,2020-12-09,71.3
Hong Kong,HKG,2020-12-10,71.3
Hong Kong,HKG,2020-12-11,71.3
Hong Kong,HKG,2020-12-12,71.3
Hong Kong,HKG,2020-12-13,71.3
Hong Kong,HKG,2020-12-14,71.3
Hong Kong,HKG,2020-12-15,71.3
Hong Kong,HKG,2020-12-16,71.3
Hong Kong,HKG,2020-12-17,71.3
Hong Kong,HKG,2020-12-18,71.3
Hong Kong,HKG,2020-12-19,71.3
Hong Kong,HKG,2020-12-20,71.3
Hong Kong,HKG,2020-12-21,71.3
Hong Kong,HKG,2020-12-22,71.3
Hong Kong,HKG,2020-12-23,71.3
Hong Kong,HKG,2020-12-24,71.3
Hong Kong,HKG,2020-12-25,71.3
Hong Kong,HKG,2020-12-26,71.3
Hong Kong,HKG,2020-12-27,71.3
Hong Kong,HKG,2020-12-28,71.3
Hong Kong,HKG,2020-12-29,71.3
Hong Kong,HKG,2020-12-30,71.3
Hong Kong,HKG,2020-12-31,71.3
Hong Kong,HKG,2021-01-01,71.3
Hong Kong,HKG,2021-01-02,71.3
Hong Kong,HKG,2021-01-03,71.3
Hong Kong,HKG,2021-01-04,71.3
Hong Kong,HKG,2021-01-05,71.3
Hong Kong,HKG,2021-01-06,71.3
Hong Kong,HKG,2021-01-07,71.3
Hong Kong,HKG,2021-01-08,71.3
Hong Kong,HKG,2021-01-09,71.3
Hong Kong,HKG,2021-01-10,71.3
Hong Kong,HKG,2021-01-11,71.3
Hong Kong,HKG,2021-01-12,71.3
Hong Kong,HKG,2021-01-13,71.3
Hong Kong,HKG,2021-01-14,71.3
Hong Kong,HKG,2021-01-15,71.3
Hong Kong,HKG,2021-01-16,71.3
Hong Kong,HKG,2021-01-17,71.3
Hong Kong,HKG,2021-01-18,71.3
Hong Kong,HKG,2021-01-19,71.3
Hong Kong,HKG,2021-01-20,71.3
Hong Kong,HKG,2021-01-21,71.3
Hong Kong,HKG,2021-01-22,71.3
Hong Kong,HKG,2021-01-23,71.3
Hong Kong,HKG,2021-01-24,71.3
Hong Kong,HKG,2021-01-25,71.3
Hong Kong,HKG,2021-01-26,71.3
Hong Kong,HKG,2021-01-27,71.3
Hong Kong,HKG,2021-01-28,71.3
Hong Kong,HKG,2021-01-29,71.3
Hong Kong,HKG,2021-01-30,71.3
Hong Kong,HKG,2021-01-31,71.3
Hong Kong,HKG,2021-02-01,71.3
Hong Kong,HKG,2021-02-02,71.3
Hong Kong,HKG,2021-02-03,71.3
Hong Kong,HKG,2021-02-04,71.3
Hong Kong,HKG,2021-02-05,71.3
Hong Kong,HKG,2021-02-06,71.3
Hong Kong,HKG,2021-02-07,71.3
Hong Kong,HKG,2021-02-08,71.3
Hong Kong,HKG,2021-02-09,71.3
Hong Kong,HKG,2021-02-10,71.3
Hong Kong,HKG,2021-02-11,71.3
Hong Kong,HKG,2021-02-12,71.3
Hong Kong,HKG,2021-02-13,71.3
Hong Kong,HKG,2021-02-14,71.3
Hong Kong,HKG,2021-02-15,71.3
Hong Kong,HKG,2021-02-16,71.3
Hong Kong,HKG,2021-02-17,71.3
Hong Kong,HKG,2021-02-18,71.3
Hong Kong,HKG,2021-02-19,71.3
Hong Kong,HKG,2021-02-20,71.3
Hong Kong,HKG,2021-02-21,71.3
Hong Kong,HKG,2021-02-22,71.3
Hong Kong,HKG,2021-02-23,71.3
Hong Kong,HKG,2021-02-24,71.3
Hong Kong,HKG,2021-02-25,71.3
Hong Kong,HKG,2021-02-26,71.3
Hong Kong,HKG,2021-02-27,71.3
Hong Kong,HKG,2021-02-28,71.3
Hong Kong,HKG,2021-03-01,71.3
Hong Kong,HKG,2021-03-02,71.3
Hong Kong,HKG,2021-03-03,71.3
Hong Kong,HKG,2021-03-04,71.3
Hong Kong,HKG,2021-03-05,71.3
Hong Kong,HKG,2021-03-06,71.3
Hungary,HUN,2020-01-01,0
Hungary,HUN,2020-01-02,0
Hungary,HUN,2020-01-03,0
Hungary,HUN,2020-01-04,0
Hungary,HUN,2020-01-05,0
Hungary,HUN,2020-01-06,0
Hungary,HUN,2020-01-07,0
Hungary,HUN,2020-01-08,0
Hungary,HUN,2020-01-09,0
Hungary,HUN,2020-01-10,0
Hungary,HUN,2020-01-11,0
Hungary,HUN,2020-01-12,0
Hungary,HUN,2020-01-13,0
Hungary,HUN,2020-01-14,0
Hungary,HUN,2020-01-15,0
Hungary,HUN,2020-01-16,0
Hungary,HUN,2020-01-17,0
Hungary,HUN,2020-01-18,0
Hungary,HUN,2020-01-19,0
Hungary,HUN,2020-01-20,0
Hungary,HUN,2020-01-21,0
Hungary,HUN,2020-01-22,0
Hungary,HUN,2020-01-23,0
Hungary,HUN,2020-01-24,0
Hungary,HUN,2020-01-25,0
Hungary,HUN,2020-01-26,0
Hungary,HUN,2020-01-27,0
Hungary,HUN,2020-01-28,0
Hungary,HUN,2020-01-29,0
Hungary,HUN,2020-01-30,0
Hungary,HUN,2020-01-31,0
Hungary,HUN,2020-02-01,0
Hungary,HUN,2020-02-02,0
Hungary,HUN,2020-02-03,0
Hungary,HUN,2020-02-04,0
Hungary,HUN,2020-02-05,0
Hungary,HUN,2020-02-06,0
Hungary,HUN,2020-02-07,0
Hungary,HUN,2020-02-08,0
Hungary,HUN,2020-02-09,0
Hungary,HUN,2020-02-10,0
Hungary,HUN,2020-02-11,0
Hungary,HUN,2020-02-12,0
Hungary,HUN,2020-02-13,0
Hungary,HUN,2020-02-14,0
Hungary,HUN,2020-02-15,0
Hungary,HUN,2020-02-16,0
Hungary,HUN,2020-02-17,0
Hungary,HUN,2020-02-18,0
Hungary,HUN,2020-02-19,0
Hungary,HUN,2020-02-20,0
Hungary,HUN,2020-02-21,0
Hungary,HUN,2020-02-22,0
Hungary,HUN,2020-02-23,0
Hungary,HUN,2020-02-24,0
Hungary,HUN,2020-02-25,0
Hungary,HUN,2020-02-26,0
Hungary,HUN,2020-02-27,0
Hungary,HUN,2020-02-28,5.56
Hungary,HUN,2020-02-29,5.56
Hungary,HUN,2020-03-01,11.11
Hungary,HUN,2020-03-02,11.11
Hungary,HUN,2020-03-03,11.11
Hungary,HUN,2020-03-04,11.11
Hungary,HUN,2020-03-05,11.11
Hungary,HUN,2020-03-06,11.11
Hungary,HUN,2020-03-07,11.11
Hungary,HUN,2020-03-08,11.11
Hungary,HUN,2020-03-09,19.44
Hungary,HUN,2020-03-10,19.44
Hungary,HUN,2020-03-11,46.3
Hungary,HUN,2020-03-12,50
Hungary,HUN,2020-03-13,50
Hungary,HUN,2020-03-14,50
Hungary,HUN,2020-03-15,50
Hungary,HUN,2020-03-16,67.59
Hungary,HUN,2020-03-17,67.59
Hungary,HUN,2020-03-18,67.59
Hungary,HUN,2020-03-19,67.59
Hungary,HUN,2020-03-20,67.59
Hungary,HUN,2020-03-21,67.59
Hungary,HUN,2020-03-22,67.59
Hungary,HUN,2020-03-23,67.59
Hungary,HUN,2020-03-24,67.59
Hungary,HUN,2020-03-25,67.59
Hungary,HUN,2020-03-26,67.59
Hungary,HUN,2020-03-27,71.3
Hungary,HUN,2020-03-28,76.85
Hungary,HUN,2020-03-29,76.85
Hungary,HUN,2020-03-30,76.85
Hungary,HUN,2020-03-31,76.85
Hungary,HUN,2020-04-01,76.85
Hungary,HUN,2020-04-02,76.85
Hungary,HUN,2020-04-03,76.85
Hungary,HUN,2020-04-04,76.85
Hungary,HUN,2020-04-05,76.85
Hungary,HUN,2020-04-06,76.85
Hungary,HUN,2020-04-07,76.85
Hungary,HUN,2020-04-08,76.85
Hungary,HUN,2020-04-09,76.85
Hungary,HUN,2020-04-10,76.85
Hungary,HUN,2020-04-11,76.85
Hungary,HUN,2020-04-12,76.85
Hungary,HUN,2020-04-13,76.85
Hungary,HUN,2020-04-14,76.85
Hungary,HUN,2020-04-15,76.85
Hungary,HUN,2020-04-16,76.85
Hungary,HUN,2020-04-17,76.85
Hungary,HUN,2020-04-18,76.85
Hungary,HUN,2020-04-19,76.85
Hungary,HUN,2020-04-20,76.85
Hungary,HUN,2020-04-21,76.85
Hungary,HUN,2020-04-22,76.85
Hungary,HUN,2020-04-23,76.85
Hungary,HUN,2020-04-24,76.85
Hungary,HUN,2020-04-25,76.85
Hungary,HUN,2020-04-26,76.85
Hungary,HUN,2020-04-27,76.85
Hungary,HUN,2020-04-28,76.85
Hungary,HUN,2020-04-29,76.85
Hungary,HUN,2020-04-30,76.85
Hungary,HUN,2020-05-01,76.85
Hungary,HUN,2020-05-02,76.85
Hungary,HUN,2020-05-03,76.85
Hungary,HUN,2020-05-04,66.67
Hungary,HUN,2020-05-05,66.67
Hungary,HUN,2020-05-06,66.67
Hungary,HUN,2020-05-07,66.67
Hungary,HUN,2020-05-08,66.67
Hungary,HUN,2020-05-09,66.67
Hungary,HUN,2020-05-10,66.67
Hungary,HUN,2020-05-11,66.67
Hungary,HUN,2020-05-12,66.67
Hungary,HUN,2020-05-13,66.67
Hungary,HUN,2020-05-14,66.67
Hungary,HUN,2020-05-15,66.67
Hungary,HUN,2020-05-16,66.67
Hungary,HUN,2020-05-17,66.67
Hungary,HUN,2020-05-18,66.67
Hungary,HUN,2020-05-19,66.67
Hungary,HUN,2020-05-20,66.67
Hungary,HUN,2020-05-21,66.67
Hungary,HUN,2020-05-22,66.67
Hungary,HUN,2020-05-23,66.67
Hungary,HUN,2020-05-24,66.67
Hungary,HUN,2020-05-25,66.67
Hungary,HUN,2020-05-26,66.67
Hungary,HUN,2020-05-27,66.67
Hungary,HUN,2020-05-28,66.67
Hungary,HUN,2020-05-29,66.67
Hungary,HUN,2020-05-30,66.67
Hungary,HUN,2020-05-31,66.67
Hungary,HUN,2020-06-01,66.67
Hungary,HUN,2020-06-02,61.11
Hungary,HUN,2020-06-03,61.11
Hungary,HUN,2020-06-04,61.11
Hungary,HUN,2020-06-05,61.11
Hungary,HUN,2020-06-06,61.11
Hungary,HUN,2020-06-07,61.11
Hungary,HUN,2020-06-08,61.11
Hungary,HUN,2020-06-09,61.11
Hungary,HUN,2020-06-10,61.11
Hungary,HUN,2020-06-11,61.11
Hungary,HUN,2020-06-12,61.11
Hungary,HUN,2020-06-13,61.11
Hungary,HUN,2020-06-14,61.11
Hungary,HUN,2020-06-15,61.11
Hungary,HUN,2020-06-16,61.11
Hungary,HUN,2020-06-17,61.11
Hungary,HUN,2020-06-18,61.11
Hungary,HUN,2020-06-19,54.63
Hungary,HUN,2020-06-20,54.63
Hungary,HUN,2020-06-21,54.63
Hungary,HUN,2020-06-22,54.63
Hungary,HUN,2020-06-23,54.63
Hungary,HUN,2020-06-24,54.63
Hungary,HUN,2020-06-25,54.63
Hungary,HUN,2020-06-26,54.63
Hungary,HUN,2020-06-27,54.63
Hungary,HUN,2020-06-28,54.63
Hungary,HUN,2020-06-29,54.63
Hungary,HUN,2020-06-30,54.63
Hungary,HUN,2020-07-01,54.63
Hungary,HUN,2020-07-02,54.63
Hungary,HUN,2020-07-03,54.63
Hungary,HUN,2020-07-04,54.63
Hungary,HUN,2020-07-05,54.63
Hungary,HUN,2020-07-06,54.63
Hungary,HUN,2020-07-07,54.63
Hungary,HUN,2020-07-08,54.63
Hungary,HUN,2020-07-09,54.63
Hungary,HUN,2020-07-10,54.63
Hungary,HUN,2020-07-11,54.63
Hungary,HUN,2020-07-12,54.63
Hungary,HUN,2020-07-13,54.63
Hungary,HUN,2020-07-14,54.63
Hungary,HUN,2020-07-15,54.63
Hungary,HUN,2020-07-16,54.63
Hungary,HUN,2020-07-17,54.63
Hungary,HUN,2020-07-18,54.63
Hungary,HUN,2020-07-19,54.63
Hungary,HUN,2020-07-20,54.63
Hungary,HUN,2020-07-21,54.63
Hungary,HUN,2020-07-22,54.63
Hungary,HUN,2020-07-23,54.63
Hungary,HUN,2020-07-24,54.63
Hungary,HUN,2020-07-25,54.63
Hungary,HUN,2020-07-26,54.63
Hungary,HUN,2020-07-27,54.63
Hungary,HUN,2020-07-28,54.63
Hungary,HUN,2020-07-29,54.63
Hungary,HUN,2020-07-30,54.63
Hungary,HUN,2020-07-31,54.63
Hungary,HUN,2020-08-01,54.63
Hungary,HUN,2020-08-02,54.63
Hungary,HUN,2020-08-03,54.63
Hungary,HUN,2020-08-04,54.63
Hungary,HUN,2020-08-05,54.63
Hungary,HUN,2020-08-06,54.63
Hungary,HUN,2020-08-07,54.63
Hungary,HUN,2020-08-08,54.63
Hungary,HUN,2020-08-09,54.63
Hungary,HUN,2020-08-10,54.63
Hungary,HUN,2020-08-11,49.07
Hungary,HUN,2020-08-12,49.07
Hungary,HUN,2020-08-13,49.07
Hungary,HUN,2020-08-14,49.07
Hungary,HUN,2020-08-15,49.07
Hungary,HUN,2020-08-16,49.07
Hungary,HUN,2020-08-17,49.07
Hungary,HUN,2020-08-18,49.07
Hungary,HUN,2020-08-19,49.07
Hungary,HUN,2020-08-20,49.07
Hungary,HUN,2020-08-21,49.07
Hungary,HUN,2020-08-22,49.07
Hungary,HUN,2020-08-23,49.07
Hungary,HUN,2020-08-24,49.07
Hungary,HUN,2020-08-25,49.07
Hungary,HUN,2020-08-26,49.07
Hungary,HUN,2020-08-27,49.07
Hungary,HUN,2020-08-28,49.07
Hungary,HUN,2020-08-29,49.07
Hungary,HUN,2020-08-30,49.07
Hungary,HUN,2020-08-31,49.07
Hungary,HUN,2020-09-01,50
Hungary,HUN,2020-09-02,50
Hungary,HUN,2020-09-03,50
Hungary,HUN,2020-09-04,50
Hungary,HUN,2020-09-05,50
Hungary,HUN,2020-09-06,50
Hungary,HUN,2020-09-07,50
Hungary,HUN,2020-09-08,50
Hungary,HUN,2020-09-09,50
Hungary,HUN,2020-09-10,50
Hungary,HUN,2020-09-11,40.74
Hungary,HUN,2020-09-12,40.74
Hungary,HUN,2020-09-13,40.74
Hungary,HUN,2020-09-14,40.74
Hungary,HUN,2020-09-15,40.74
Hungary,HUN,2020-09-16,40.74
Hungary,HUN,2020-09-17,40.74
Hungary,HUN,2020-09-18,40.74
Hungary,HUN,2020-09-19,40.74
Hungary,HUN,2020-09-20,40.74
Hungary,HUN,2020-09-21,40.74
Hungary,HUN,2020-09-22,40.74
Hungary,HUN,2020-09-23,40.74
Hungary,HUN,2020-09-24,40.74
Hungary,HUN,2020-09-25,40.74
Hungary,HUN,2020-09-26,40.74
Hungary,HUN,2020-09-27,40.74
Hungary,HUN,2020-09-28,40.74
Hungary,HUN,2020-09-29,40.74
Hungary,HUN,2020-09-30,40.74
Hungary,HUN,2020-10-01,40.74
Hungary,HUN,2020-10-02,40.74
Hungary,HUN,2020-10-03,40.74
Hungary,HUN,2020-10-04,40.74
Hungary,HUN,2020-10-05,40.74
Hungary,HUN,2020-10-06,40.74
Hungary,HUN,2020-10-07,40.74
Hungary,HUN,2020-10-08,40.74
Hungary,HUN,2020-10-09,40.74
Hungary,HUN,2020-10-10,40.74
Hungary,HUN,2020-10-11,40.74
Hungary,HUN,2020-10-12,40.74
Hungary,HUN,2020-10-13,40.74
Hungary,HUN,2020-10-14,40.74
Hungary,HUN,2020-10-15,40.74
Hungary,HUN,2020-10-16,40.74
Hungary,HUN,2020-10-17,40.74
Hungary,HUN,2020-10-18,40.74
Hungary,HUN,2020-10-19,40.74
Hungary,HUN,2020-10-20,40.74
Hungary,HUN,2020-10-21,40.74
Hungary,HUN,2020-10-22,40.74
Hungary,HUN,2020-10-23,40.74
Hungary,HUN,2020-10-24,40.74
Hungary,HUN,2020-10-25,40.74
Hungary,HUN,2020-10-26,40.74
Hungary,HUN,2020-10-27,40.74
Hungary,HUN,2020-10-28,40.74
Hungary,HUN,2020-10-29,40.74
Hungary,HUN,2020-10-30,40.74
Hungary,HUN,2020-10-31,40.74
Hungary,HUN,2020-11-01,40.74
Hungary,HUN,2020-11-02,40.74
Hungary,HUN,2020-11-03,50
Hungary,HUN,2020-11-04,50
Hungary,HUN,2020-11-05,57.41
Hungary,HUN,2020-11-06,57.41
Hungary,HUN,2020-11-07,57.41
Hungary,HUN,2020-11-08,57.41
Hungary,HUN,2020-11-09,57.41
Hungary,HUN,2020-11-10,72.22
Hungary,HUN,2020-11-11,72.22
Hungary,HUN,2020-11-12,72.22
Hungary,HUN,2020-11-13,72.22
Hungary,HUN,2020-11-14,72.22
Hungary,HUN,2020-11-15,72.22
Hungary,HUN,2020-11-16,72.22
Hungary,HUN,2020-11-17,72.22
Hungary,HUN,2020-11-18,72.22
Hungary,HUN,2020-11-19,72.22
Hungary,HUN,2020-11-20,72.22
Hungary,HUN,2020-11-21,72.22
Hungary,HUN,2020-11-22,72.22
Hungary,HUN,2020-11-23,72.22
Hungary,HUN,2020-11-24,72.22
Hungary,HUN,2020-11-25,72.22
Hungary,HUN,2020-11-26,72.22
Hungary,HUN,2020-11-27,72.22
Hungary,HUN,2020-11-28,72.22
Hungary,HUN,2020-11-29,72.22
Hungary,HUN,2020-11-30,72.22
Hungary,HUN,2020-12-01,72.22
Hungary,HUN,2020-12-02,72.22
Hungary,HUN,2020-12-03,72.22
Hungary,HUN,2020-12-04,72.22
Hungary,HUN,2020-12-05,72.22
Hungary,HUN,2020-12-06,72.22
Hungary,HUN,2020-12-07,72.22
Hungary,HUN,2020-12-08,72.22
Hungary,HUN,2020-12-09,72.22
Hungary,HUN,2020-12-10,72.22
Hungary,HUN,2020-12-11,72.22
Hungary,HUN,2020-12-12,72.22
Hungary,HUN,2020-12-13,72.22
Hungary,HUN,2020-12-14,72.22
Hungary,HUN,2020-12-15,72.22
Hungary,HUN,2020-12-16,72.22
Hungary,HUN,2020-12-17,72.22
Hungary,HUN,2020-12-18,72.22
Hungary,HUN,2020-12-19,72.22
Hungary,HUN,2020-12-20,72.22
Hungary,HUN,2020-12-21,72.22
Hungary,HUN,2020-12-22,72.22
Hungary,HUN,2020-12-23,72.22
Hungary,HUN,2020-12-24,72.22
Hungary,HUN,2020-12-25,72.22
Hungary,HUN,2020-12-26,72.22
Hungary,HUN,2020-12-27,72.22
Hungary,HUN,2020-12-28,72.22
Hungary,HUN,2020-12-29,72.22
Hungary,HUN,2020-12-30,72.22
Hungary,HUN,2020-12-31,72.22
Hungary,HUN,2021-01-01,72.22
Hungary,HUN,2021-01-02,72.22
Hungary,HUN,2021-01-03,72.22
Hungary,HUN,2021-01-04,72.22
Hungary,HUN,2021-01-05,72.22
Hungary,HUN,2021-01-06,72.22
Hungary,HUN,2021-01-07,72.22
Hungary,HUN,2021-01-08,72.22
Hungary,HUN,2021-01-09,72.22
Hungary,HUN,2021-01-10,72.22
Hungary,HUN,2021-01-11,72.22
Hungary,HUN,2021-01-12,72.22
Hungary,HUN,2021-01-13,72.22
Hungary,HUN,2021-01-14,72.22
Hungary,HUN,2021-01-15,72.22
Hungary,HUN,2021-01-16,72.22
Hungary,HUN,2021-01-17,72.22
Hungary,HUN,2021-01-18,72.22
Hungary,HUN,2021-01-19,72.22
Hungary,HUN,2021-01-20,72.22
Hungary,HUN,2021-01-21,72.22
Hungary,HUN,2021-01-22,72.22
Hungary,HUN,2021-01-23,72.22
Hungary,HUN,2021-01-24,72.22
Hungary,HUN,2021-01-25,72.22
Hungary,HUN,2021-01-26,72.22
Hungary,HUN,2021-01-27,72.22
Hungary,HUN,2021-01-28,72.22
Hungary,HUN,2021-01-29,72.22
Hungary,HUN,2021-01-30,72.22
Hungary,HUN,2021-01-31,72.22
Hungary,HUN,2021-02-01,72.22
Hungary,HUN,2021-02-02,72.22
Hungary,HUN,2021-02-03,72.22
Hungary,HUN,2021-02-04,72.22
Hungary,HUN,2021-02-05,72.22
Hungary,HUN,2021-02-06,72.22
Hungary,HUN,2021-02-07,72.22
Hungary,HUN,2021-02-08,72.22
Hungary,HUN,2021-02-09,72.22
Hungary,HUN,2021-02-10,72.22
Hungary,HUN,2021-02-11,72.22
Hungary,HUN,2021-02-12,72.22
Hungary,HUN,2021-02-13,72.22
Hungary,HUN,2021-02-14,72.22
Hungary,HUN,2021-02-15,72.22
Hungary,HUN,2021-02-16,72.22
Hungary,HUN,2021-02-17,72.22
Hungary,HUN,2021-02-18,72.22
Hungary,HUN,2021-02-19,72.22
Hungary,HUN,2021-02-20,72.22
Hungary,HUN,2021-02-21,72.22
Hungary,HUN,2021-02-22,72.22
Hungary,HUN,2021-02-23,72.22
Hungary,HUN,2021-02-24,72.22
Hungary,HUN,2021-02-25,72.22
Hungary,HUN,2021-02-26,72.22
Hungary,HUN,2021-02-27,72.22
Hungary,HUN,2021-02-28,72.22
Hungary,HUN,2021-03-01,72.22
Iceland,ISL,2020-01-01,0
Iceland,ISL,2020-01-02,0
Iceland,ISL,2020-01-03,0
Iceland,ISL,2020-01-04,0
Iceland,ISL,2020-01-05,0
Iceland,ISL,2020-01-06,0
Iceland,ISL,2020-01-07,0
Iceland,ISL,2020-01-08,0
Iceland,ISL,2020-01-09,0
Iceland,ISL,2020-01-10,0
Iceland,ISL,2020-01-11,0
Iceland,ISL,2020-01-12,0
Iceland,ISL,2020-01-13,0
Iceland,ISL,2020-01-14,0
Iceland,ISL,2020-01-15,0
Iceland,ISL,2020-01-16,0
Iceland,ISL,2020-01-17,0
Iceland,ISL,2020-01-18,0
Iceland,ISL,2020-01-19,0
Iceland,ISL,2020-01-20,0
Iceland,ISL,2020-01-21,0
Iceland,ISL,2020-01-22,0
Iceland,ISL,2020-01-23,11.11
Iceland,ISL,2020-01-24,11.11
Iceland,ISL,2020-01-25,11.11
Iceland,ISL,2020-01-26,11.11
Iceland,ISL,2020-01-27,11.11
Iceland,ISL,2020-01-28,11.11
Iceland,ISL,2020-01-29,16.67
Iceland,ISL,2020-01-30,16.67
Iceland,ISL,2020-01-31,16.67
Iceland,ISL,2020-02-01,16.67
Iceland,ISL,2020-02-02,16.67
Iceland,ISL,2020-02-03,16.67
Iceland,ISL,2020-02-04,16.67
Iceland,ISL,2020-02-05,16.67
Iceland,ISL,2020-02-06,16.67
Iceland,ISL,2020-02-07,16.67
Iceland,ISL,2020-02-08,16.67
Iceland,ISL,2020-02-09,16.67
Iceland,ISL,2020-02-10,16.67
Iceland,ISL,2020-02-11,16.67
Iceland,ISL,2020-02-12,16.67
Iceland,ISL,2020-02-13,16.67
Iceland,ISL,2020-02-14,16.67
Iceland,ISL,2020-02-15,16.67
Iceland,ISL,2020-02-16,16.67
Iceland,ISL,2020-02-17,16.67
Iceland,ISL,2020-02-18,16.67
Iceland,ISL,2020-02-19,16.67
Iceland,ISL,2020-02-20,16.67
Iceland,ISL,2020-02-21,16.67
Iceland,ISL,2020-02-22,16.67
Iceland,ISL,2020-02-23,16.67
Iceland,ISL,2020-02-24,16.67
Iceland,ISL,2020-02-25,16.67
Iceland,ISL,2020-02-26,16.67
Iceland,ISL,2020-02-27,16.67
Iceland,ISL,2020-02-28,16.67
Iceland,ISL,2020-02-29,16.67
Iceland,ISL,2020-03-01,16.67
Iceland,ISL,2020-03-02,16.67
Iceland,ISL,2020-03-03,16.67
Iceland,ISL,2020-03-04,16.67
Iceland,ISL,2020-03-05,16.67
Iceland,ISL,2020-03-06,16.67
Iceland,ISL,2020-03-07,16.67
Iceland,ISL,2020-03-08,16.67
Iceland,ISL,2020-03-09,16.67
Iceland,ISL,2020-03-10,16.67
Iceland,ISL,2020-03-11,16.67
Iceland,ISL,2020-03-12,16.67
Iceland,ISL,2020-03-13,16.67
Iceland,ISL,2020-03-14,16.67
Iceland,ISL,2020-03-15,25
Iceland,ISL,2020-03-16,50.93
Iceland,ISL,2020-03-17,50.93
Iceland,ISL,2020-03-18,50.93
Iceland,ISL,2020-03-19,50.93
Iceland,ISL,2020-03-20,53.7
Iceland,ISL,2020-03-21,53.7
Iceland,ISL,2020-03-22,53.7
Iceland,ISL,2020-03-23,53.7
Iceland,ISL,2020-03-24,53.7
Iceland,ISL,2020-03-25,53.7
Iceland,ISL,2020-03-26,53.7
Iceland,ISL,2020-03-27,53.7
Iceland,ISL,2020-03-28,53.7
Iceland,ISL,2020-03-29,53.7
Iceland,ISL,2020-03-30,53.7
Iceland,ISL,2020-03-31,53.7
Iceland,ISL,2020-04-01,53.7
Iceland,ISL,2020-04-02,53.7
Iceland,ISL,2020-04-03,53.7
Iceland,ISL,2020-04-04,53.7
Iceland,ISL,2020-04-05,53.7
Iceland,ISL,2020-04-06,53.7
Iceland,ISL,2020-04-07,53.7
Iceland,ISL,2020-04-08,53.7
Iceland,ISL,2020-04-09,53.7
Iceland,ISL,2020-04-10,53.7
Iceland,ISL,2020-04-11,53.7
Iceland,ISL,2020-04-12,53.7
Iceland,ISL,2020-04-13,53.7
Iceland,ISL,2020-04-14,53.7
Iceland,ISL,2020-04-15,53.7
Iceland,ISL,2020-04-16,53.7
Iceland,ISL,2020-04-17,53.7
Iceland,ISL,2020-04-18,53.7
Iceland,ISL,2020-04-19,53.7
Iceland,ISL,2020-04-20,53.7
Iceland,ISL,2020-04-21,53.7
Iceland,ISL,2020-04-22,53.7
Iceland,ISL,2020-04-23,53.7
Iceland,ISL,2020-04-24,53.7
Iceland,ISL,2020-04-25,53.7
Iceland,ISL,2020-04-26,53.7
Iceland,ISL,2020-04-27,53.7
Iceland,ISL,2020-04-28,53.7
Iceland,ISL,2020-04-29,53.7
Iceland,ISL,2020-04-30,53.7
Iceland,ISL,2020-05-01,53.7
Iceland,ISL,2020-05-02,53.7
Iceland,ISL,2020-05-03,53.7
Iceland,ISL,2020-05-04,50
Iceland,ISL,2020-05-05,50
Iceland,ISL,2020-05-06,50
Iceland,ISL,2020-05-07,50
Iceland,ISL,2020-05-08,50
Iceland,ISL,2020-05-09,50
Iceland,ISL,2020-05-10,50
Iceland,ISL,2020-05-11,50
Iceland,ISL,2020-05-12,50
Iceland,ISL,2020-05-13,50
Iceland,ISL,2020-05-14,50
Iceland,ISL,2020-05-15,50
Iceland,ISL,2020-05-16,50
Iceland,ISL,2020-05-17,50
Iceland,ISL,2020-05-18,50
Iceland,ISL,2020-05-19,50
Iceland,ISL,2020-05-20,50
Iceland,ISL,2020-05-21,50
Iceland,ISL,2020-05-22,50
Iceland,ISL,2020-05-23,50
Iceland,ISL,2020-05-24,50
Iceland,ISL,2020-05-25,39.81
Iceland,ISL,2020-05-26,39.81
Iceland,ISL,2020-05-27,39.81
Iceland,ISL,2020-05-28,39.81
Iceland,ISL,2020-05-29,39.81
Iceland,ISL,2020-05-30,39.81
Iceland,ISL,2020-05-31,39.81
Iceland,ISL,2020-06-01,39.81
Iceland,ISL,2020-06-02,39.81
Iceland,ISL,2020-06-03,39.81
Iceland,ISL,2020-06-04,39.81
Iceland,ISL,2020-06-05,39.81
Iceland,ISL,2020-06-06,39.81
Iceland,ISL,2020-06-07,39.81
Iceland,ISL,2020-06-08,39.81
Iceland,ISL,2020-06-09,39.81
Iceland,ISL,2020-06-10,39.81
Iceland,ISL,2020-06-11,39.81
Iceland,ISL,2020-06-12,39.81
Iceland,ISL,2020-06-13,39.81
Iceland,ISL,2020-06-14,39.81
Iceland,ISL,2020-06-15,39.81
Iceland,ISL,2020-06-16,39.81
Iceland,ISL,2020-06-17,39.81
Iceland,ISL,2020-06-18,39.81
Iceland,ISL,2020-06-19,39.81
Iceland,ISL,2020-06-20,39.81
Iceland,ISL,2020-06-21,39.81
Iceland,ISL,2020-06-22,39.81
Iceland,ISL,2020-06-23,39.81
Iceland,ISL,2020-06-24,39.81
Iceland,ISL,2020-06-25,39.81
Iceland,ISL,2020-06-26,39.81
Iceland,ISL,2020-06-27,39.81
Iceland,ISL,2020-06-28,39.81
Iceland,ISL,2020-06-29,39.81
Iceland,ISL,2020-06-30,39.81
Iceland,ISL,2020-07-01,39.81
Iceland,ISL,2020-07-02,39.81
Iceland,ISL,2020-07-03,39.81
Iceland,ISL,2020-07-04,39.81
Iceland,ISL,2020-07-05,39.81
Iceland,ISL,2020-07-06,39.81
Iceland,ISL,2020-07-07,39.81
Iceland,ISL,2020-07-08,39.81
Iceland,ISL,2020-07-09,39.81
Iceland,ISL,2020-07-10,39.81
Iceland,ISL,2020-07-11,39.81
Iceland,ISL,2020-07-12,39.81
Iceland,ISL,2020-07-13,39.81
Iceland,ISL,2020-07-14,39.81
Iceland,ISL,2020-07-15,39.81
Iceland,ISL,2020-07-16,39.81
Iceland,ISL,2020-07-17,39.81
Iceland,ISL,2020-07-18,39.81
Iceland,ISL,2020-07-19,39.81
Iceland,ISL,2020-07-20,39.81
Iceland,ISL,2020-07-21,39.81
Iceland,ISL,2020-07-22,39.81
Iceland,ISL,2020-07-23,39.81
Iceland,ISL,2020-07-24,39.81
Iceland,ISL,2020-07-25,39.81
Iceland,ISL,2020-07-26,39.81
Iceland,ISL,2020-07-27,39.81
Iceland,ISL,2020-07-28,39.81
Iceland,ISL,2020-07-29,39.81
Iceland,ISL,2020-07-30,39.81
Iceland,ISL,2020-07-31,46.3
Iceland,ISL,2020-08-01,46.3
Iceland,ISL,2020-08-02,46.3
Iceland,ISL,2020-08-03,46.3
Iceland,ISL,2020-08-04,46.3
Iceland,ISL,2020-08-05,46.3
Iceland,ISL,2020-08-06,46.3
Iceland,ISL,2020-08-07,46.3
Iceland,ISL,2020-08-08,46.3
Iceland,ISL,2020-08-09,46.3
Iceland,ISL,2020-08-10,46.3
Iceland,ISL,2020-08-11,46.3
Iceland,ISL,2020-08-12,46.3
Iceland,ISL,2020-08-13,46.3
Iceland,ISL,2020-08-14,46.3
Iceland,ISL,2020-08-15,46.3
Iceland,ISL,2020-08-16,46.3
Iceland,ISL,2020-08-17,46.3
Iceland,ISL,2020-08-18,46.3
Iceland,ISL,2020-08-19,46.3
Iceland,ISL,2020-08-20,46.3
Iceland,ISL,2020-08-21,46.3
Iceland,ISL,2020-08-22,46.3
Iceland,ISL,2020-08-23,46.3
Iceland,ISL,2020-08-24,46.3
Iceland,ISL,2020-08-25,46.3
Iceland,ISL,2020-08-26,46.3
Iceland,ISL,2020-08-27,46.3
Iceland,ISL,2020-08-28,46.3
Iceland,ISL,2020-08-29,46.3
Iceland,ISL,2020-08-30,46.3
Iceland,ISL,2020-08-31,46.3
Iceland,ISL,2020-09-01,46.3
Iceland,ISL,2020-09-02,46.3
Iceland,ISL,2020-09-03,46.3
Iceland,ISL,2020-09-04,46.3
Iceland,ISL,2020-09-05,46.3
Iceland,ISL,2020-09-06,46.3
Iceland,ISL,2020-09-07,37.96
Iceland,ISL,2020-09-08,37.96
Iceland,ISL,2020-09-09,37.96
Iceland,ISL,2020-09-10,37.96
Iceland,ISL,2020-09-11,37.96
Iceland,ISL,2020-09-12,37.96
Iceland,ISL,2020-09-13,37.96
Iceland,ISL,2020-09-14,37.96
Iceland,ISL,2020-09-15,37.96
Iceland,ISL,2020-09-16,37.96
Iceland,ISL,2020-09-17,37.96
Iceland,ISL,2020-09-18,37.96
Iceland,ISL,2020-09-19,37.96
Iceland,ISL,2020-09-20,37.96
Iceland,ISL,2020-09-21,37.96
Iceland,ISL,2020-09-22,37.96
Iceland,ISL,2020-09-23,37.96
Iceland,ISL,2020-09-24,37.96
Iceland,ISL,2020-09-25,37.96
Iceland,ISL,2020-09-26,37.96
Iceland,ISL,2020-09-27,37.96
Iceland,ISL,2020-09-28,37.96
Iceland,ISL,2020-09-29,37.96
Iceland,ISL,2020-09-30,37.96
Iceland,ISL,2020-10-01,37.96
Iceland,ISL,2020-10-02,37.96
Iceland,ISL,2020-10-03,37.96
Iceland,ISL,2020-10-04,37.96
Iceland,ISL,2020-10-05,40.74
Iceland,ISL,2020-10-06,40.74
Iceland,ISL,2020-10-07,40.74
Iceland,ISL,2020-10-08,40.74
Iceland,ISL,2020-10-09,40.74
Iceland,ISL,2020-10-10,40.74
Iceland,ISL,2020-10-11,40.74
Iceland,ISL,2020-10-12,40.74
Iceland,ISL,2020-10-13,40.74
Iceland,ISL,2020-10-14,40.74
Iceland,ISL,2020-10-15,37.04
Iceland,ISL,2020-10-16,37.04
Iceland,ISL,2020-10-17,37.04
Iceland,ISL,2020-10-18,37.04
Iceland,ISL,2020-10-19,37.04
Iceland,ISL,2020-10-20,45.37
Iceland,ISL,2020-10-21,45.37
Iceland,ISL,2020-10-22,45.37
Iceland,ISL,2020-10-23,45.37
Iceland,ISL,2020-10-24,45.37
Iceland,ISL,2020-10-25,45.37
Iceland,ISL,2020-10-26,45.37
Iceland,ISL,2020-10-27,45.37
Iceland,ISL,2020-10-28,45.37
Iceland,ISL,2020-10-29,45.37
Iceland,ISL,2020-10-30,45.37
Iceland,ISL,2020-10-31,52.78
Iceland,ISL,2020-11-01,52.78
Iceland,ISL,2020-11-02,52.78
Iceland,ISL,2020-11-03,52.78
Iceland,ISL,2020-11-04,52.78
Iceland,ISL,2020-11-05,52.78
Iceland,ISL,2020-11-06,52.78
Iceland,ISL,2020-11-07,52.78
Iceland,ISL,2020-11-08,52.78
Iceland,ISL,2020-11-09,52.78
Iceland,ISL,2020-11-10,52.78
Iceland,ISL,2020-11-11,52.78
Iceland,ISL,2020-11-12,52.78
Iceland,ISL,2020-11-13,52.78
Iceland,ISL,2020-11-14,52.78
Iceland,ISL,2020-11-15,52.78
Iceland,ISL,2020-11-16,52.78
Iceland,ISL,2020-11-17,52.78
Iceland,ISL,2020-11-18,52.78
Iceland,ISL,2020-11-19,52.78
Iceland,ISL,2020-11-20,52.78
Iceland,ISL,2020-11-21,52.78
Iceland,ISL,2020-11-22,52.78
Iceland,ISL,2020-11-23,52.78
Iceland,ISL,2020-11-24,52.78
Iceland,ISL,2020-11-25,52.78
Iceland,ISL,2020-11-26,52.78
Iceland,ISL,2020-11-27,52.78
Iceland,ISL,2020-11-28,52.78
Iceland,ISL,2020-11-29,52.78
Iceland,ISL,2020-11-30,52.78
Iceland,ISL,2020-12-01,52.78
Iceland,ISL,2020-12-02,52.78
Iceland,ISL,2020-12-03,52.78
Iceland,ISL,2020-12-04,52.78
Iceland,ISL,2020-12-05,52.78
Iceland,ISL,2020-12-06,52.78
Iceland,ISL,2020-12-07,52.78
Iceland,ISL,2020-12-08,52.78
Iceland,ISL,2020-12-09,52.78
Iceland,ISL,2020-12-10,52.78
Iceland,ISL,2020-12-11,52.78
Iceland,ISL,2020-12-12,52.78
Iceland,ISL,2020-12-13,52.78
Iceland,ISL,2020-12-14,52.78
Iceland,ISL,2020-12-15,52.78
Iceland,ISL,2020-12-16,52.78
Iceland,ISL,2020-12-17,52.78
Iceland,ISL,2020-12-18,52.78
Iceland,ISL,2020-12-19,52.78
Iceland,ISL,2020-12-20,52.78
Iceland,ISL,2020-12-21,52.78
Iceland,ISL,2020-12-22,52.78
Iceland,ISL,2020-12-23,52.78
Iceland,ISL,2020-12-24,52.78
Iceland,ISL,2020-12-25,52.78
Iceland,ISL,2020-12-26,52.78
Iceland,ISL,2020-12-27,52.78
Iceland,ISL,2020-12-28,52.78
Iceland,ISL,2020-12-29,52.78
Iceland,ISL,2020-12-30,52.78
Iceland,ISL,2020-12-31,52.78
Iceland,ISL,2021-01-01,52.78
Iceland,ISL,2021-01-02,52.78
Iceland,ISL,2021-01-03,52.78
Iceland,ISL,2021-01-04,50
Iceland,ISL,2021-01-05,50
Iceland,ISL,2021-01-06,50
Iceland,ISL,2021-01-07,50
Iceland,ISL,2021-01-08,50
Iceland,ISL,2021-01-09,50
Iceland,ISL,2021-01-10,50
Iceland,ISL,2021-01-11,50
Iceland,ISL,2021-01-12,50
Iceland,ISL,2021-01-13,44.44
Iceland,ISL,2021-01-14,44.44
Iceland,ISL,2021-01-15,44.44
Iceland,ISL,2021-01-16,44.44
Iceland,ISL,2021-01-17,44.44
Iceland,ISL,2021-01-18,44.44
Iceland,ISL,2021-01-19,44.44
Iceland,ISL,2021-01-20,44.44
Iceland,ISL,2021-01-21,44.44
Iceland,ISL,2021-01-22,44.44
Iceland,ISL,2021-01-23,44.44
Iceland,ISL,2021-01-24,44.44
Iceland,ISL,2021-01-25,44.44
Iceland,ISL,2021-01-26,44.44
Iceland,ISL,2021-01-27,44.44
Iceland,ISL,2021-01-28,44.44
Iceland,ISL,2021-01-29,44.44
Iceland,ISL,2021-01-30,44.44
Iceland,ISL,2021-01-31,44.44
Iceland,ISL,2021-02-01,44.44
Iceland,ISL,2021-02-02,44.44
Iceland,ISL,2021-02-03,44.44
Iceland,ISL,2021-02-04,44.44
Iceland,ISL,2021-02-05,44.44
Iceland,ISL,2021-02-06,44.44
Iceland,ISL,2021-02-07,44.44
Iceland,ISL,2021-02-08,40.74
Iceland,ISL,2021-02-09,40.74
Iceland,ISL,2021-02-10,40.74
Iceland,ISL,2021-02-11,40.74
Iceland,ISL,2021-02-12,40.74
Iceland,ISL,2021-02-13,40.74
Iceland,ISL,2021-02-14,40.74
Iceland,ISL,2021-02-15,40.74
Iceland,ISL,2021-02-16,40.74
Iceland,ISL,2021-02-17,40.74
Iceland,ISL,2021-02-18,40.74
Iceland,ISL,2021-02-19,40.74
Iceland,ISL,2021-02-20,40.74
Iceland,ISL,2021-02-21,40.74
Iceland,ISL,2021-02-22,40.74
Iceland,ISL,2021-02-23,40.74
Iceland,ISL,2021-02-24,40.74
Iceland,ISL,2021-02-25,40.74
Iceland,ISL,2021-02-26,40.74
Iceland,ISL,2021-02-27,40.74
Iceland,ISL,2021-02-28,40.74
Iceland,ISL,2021-03-01,40.74
Iceland,ISL,2021-03-02,40.74
Iceland,ISL,2021-03-03,40.74
Iceland,ISL,2021-03-04,40.74
Iceland,ISL,2021-03-05,40.74
Iceland,ISL,2021-03-06,40.74
Iceland,ISL,2021-03-07,40.74
India,IND,2020-01-01,0
India,IND,2020-01-02,0
India,IND,2020-01-03,0
India,IND,2020-01-04,0
India,IND,2020-01-05,0
India,IND,2020-01-06,0
India,IND,2020-01-07,0
India,IND,2020-01-08,0
India,IND,2020-01-09,0
India,IND,2020-01-10,0
India,IND,2020-01-11,0
India,IND,2020-01-12,0
India,IND,2020-01-13,0
India,IND,2020-01-14,0
India,IND,2020-01-15,0
India,IND,2020-01-16,0
India,IND,2020-01-17,0
India,IND,2020-01-18,0
India,IND,2020-01-19,0
India,IND,2020-01-20,0
India,IND,2020-01-21,0
India,IND,2020-01-22,0
India,IND,2020-01-23,0
India,IND,2020-01-24,0
India,IND,2020-01-25,5.56
India,IND,2020-01-26,10.19
India,IND,2020-01-27,10.19
India,IND,2020-01-28,10.19
India,IND,2020-01-29,10.19
India,IND,2020-01-30,10.19
India,IND,2020-01-31,10.19
India,IND,2020-02-01,10.19
India,IND,2020-02-02,10.19
India,IND,2020-02-03,10.19
India,IND,2020-02-04,10.19
India,IND,2020-02-05,10.19
India,IND,2020-02-06,10.19
India,IND,2020-02-07,10.19
India,IND,2020-02-08,10.19
India,IND,2020-02-09,10.19
India,IND,2020-02-10,10.19
India,IND,2020-02-11,10.19
India,IND,2020-02-12,10.19
India,IND,2020-02-13,10.19
India,IND,2020-02-14,10.19
India,IND,2020-02-15,10.19
India,IND,2020-02-16,10.19
India,IND,2020-02-17,10.19
India,IND,2020-02-18,10.19
India,IND,2020-02-19,10.19
India,IND,2020-02-20,10.19
India,IND,2020-02-21,10.19
India,IND,2020-02-22,10.19
India,IND,2020-02-23,10.19
India,IND,2020-02-24,10.19
India,IND,2020-02-25,10.19
India,IND,2020-02-26,10.19
India,IND,2020-02-27,10.19
India,IND,2020-02-28,10.19
India,IND,2020-02-29,10.19
India,IND,2020-03-01,10.19
India,IND,2020-03-02,10.19
India,IND,2020-03-03,10.19
India,IND,2020-03-04,10.19
India,IND,2020-03-05,26.85
India,IND,2020-03-06,26.85
India,IND,2020-03-07,26.85
India,IND,2020-03-08,26.85
India,IND,2020-03-09,26.85
India,IND,2020-03-10,26.85
India,IND,2020-03-11,26.85
India,IND,2020-03-12,26.85
India,IND,2020-03-13,33.33
India,IND,2020-03-14,36.11
India,IND,2020-03-15,38.89
India,IND,2020-03-16,48.15
India,IND,2020-03-17,48.15
India,IND,2020-03-18,50
India,IND,2020-03-19,59.72
India,IND,2020-03-20,70.83
India,IND,2020-03-21,76.39
India,IND,2020-03-22,100
India,IND,2020-03-23,86.57
India,IND,2020-03-24,86.57
India,IND,2020-03-25,100
India,IND,2020-03-26,100
India,IND,2020-03-27,100
India,IND,2020-03-28,100
India,IND,2020-03-29,100
India,IND,2020-03-30,100
India,IND,2020-03-31,100
India,IND,2020-04-01,100
India,IND,2020-04-02,100
India,IND,2020-04-03,100
India,IND,2020-04-04,100
India,IND,2020-04-05,100
India,IND,2020-04-06,100
India,IND,2020-04-07,100
India,IND,2020-04-08,100
India,IND,2020-04-09,100
India,IND,2020-04-10,100
India,IND,2020-04-11,100
India,IND,2020-04-12,100
India,IND,2020-04-13,100
India,IND,2020-04-14,100
India,IND,2020-04-15,100
India,IND,2020-04-16,100
India,IND,2020-04-17,100
India,IND,2020-04-18,100
India,IND,2020-04-19,100
India,IND,2020-04-20,96.3
India,IND,2020-04-21,96.3
India,IND,2020-04-22,96.3
India,IND,2020-04-23,96.3
India,IND,2020-04-24,96.3
India,IND,2020-04-25,96.3
India,IND,2020-04-26,96.3
India,IND,2020-04-27,96.3
India,IND,2020-04-28,96.3
India,IND,2020-04-29,96.3
India,IND,2020-04-30,96.3
India,IND,2020-05-01,96.3
India,IND,2020-05-02,96.3
India,IND,2020-05-03,96.3
India,IND,2020-05-04,81.94
India,IND,2020-05-05,81.94
India,IND,2020-05-06,81.94
India,IND,2020-05-07,81.94
India,IND,2020-05-08,81.94
India,IND,2020-05-09,81.94
India,IND,2020-05-10,81.94
India,IND,2020-05-11,81.94
India,IND,2020-05-12,81.94
India,IND,2020-05-13,81.94
India,IND,2020-05-14,81.94
India,IND,2020-05-15,81.94
India,IND,2020-05-16,81.94
India,IND,2020-05-17,81.94
India,IND,2020-05-18,79.17
India,IND,2020-05-19,79.17
India,IND,2020-05-20,79.17
India,IND,2020-05-21,79.17
India,IND,2020-05-22,79.17
India,IND,2020-05-23,79.17
India,IND,2020-05-24,79.17
India,IND,2020-05-25,79.17
India,IND,2020-05-26,79.17
India,IND,2020-05-27,79.17
India,IND,2020-05-28,79.17
India,IND,2020-05-29,79.17
India,IND,2020-05-30,79.17
India,IND,2020-05-31,79.17
India,IND,2020-06-01,75.46
India,IND,2020-06-02,75.46
India,IND,2020-06-03,75.46
India,IND,2020-06-04,75.46
India,IND,2020-06-05,75.46
India,IND,2020-06-06,75.46
India,IND,2020-06-07,75.46
India,IND,2020-06-08,75.46
India,IND,2020-06-09,76.85
India,IND,2020-06-10,76.85
India,IND,2020-06-11,76.85
India,IND,2020-06-12,76.85
India,IND,2020-06-13,76.85
India,IND,2020-06-14,76.85
India,IND,2020-06-15,76.85
India,IND,2020-06-16,76.85
India,IND,2020-06-17,76.85
India,IND,2020-06-18,76.39
India,IND,2020-06-19,76.39
India,IND,2020-06-20,76.39
India,IND,2020-06-21,76.39
India,IND,2020-06-22,76.39
India,IND,2020-06-23,76.39
India,IND,2020-06-24,76.39
India,IND,2020-06-25,76.39
India,IND,2020-06-26,76.39
India,IND,2020-06-27,76.39
India,IND,2020-06-28,76.39
India,IND,2020-06-29,76.39
India,IND,2020-06-30,76.39
India,IND,2020-07-01,74.07
India,IND,2020-07-02,74.07
India,IND,2020-07-03,74.07
India,IND,2020-07-04,74.07
India,IND,2020-07-05,74.07
India,IND,2020-07-06,74.07
India,IND,2020-07-07,74.07
India,IND,2020-07-08,74.07
India,IND,2020-07-09,74.07
India,IND,2020-07-10,77.78
India,IND,2020-07-11,77.78
India,IND,2020-07-12,77.78
India,IND,2020-07-13,77.78
India,IND,2020-07-14,77.78
India,IND,2020-07-15,77.78
India,IND,2020-07-16,77.78
India,IND,2020-07-17,77.78
India,IND,2020-07-18,77.78
India,IND,2020-07-19,77.78
India,IND,2020-07-20,77.78
India,IND,2020-07-21,77.78
India,IND,2020-07-22,77.78
India,IND,2020-07-23,77.78
India,IND,2020-07-24,77.78
India,IND,2020-07-25,77.78
India,IND,2020-07-26,77.78
India,IND,2020-07-27,77.78
India,IND,2020-07-28,77.78
India,IND,2020-07-29,77.78
India,IND,2020-07-30,77.78
India,IND,2020-07-31,77.78
India,IND,2020-08-01,79.63
India,IND,2020-08-02,79.63
India,IND,2020-08-03,79.63
India,IND,2020-08-04,79.63
India,IND,2020-08-05,79.63
India,IND,2020-08-06,79.63
India,IND,2020-08-07,79.63
India,IND,2020-08-08,79.63
India,IND,2020-08-09,79.63
India,IND,2020-08-10,79.63
India,IND,2020-08-11,79.63
India,IND,2020-08-12,79.63
India,IND,2020-08-13,79.63
India,IND,2020-08-14,79.63
India,IND,2020-08-15,79.63
India,IND,2020-08-16,79.63
India,IND,2020-08-17,79.63
India,IND,2020-08-18,79.63
India,IND,2020-08-19,79.63
India,IND,2020-08-20,79.63
India,IND,2020-08-21,79.63
India,IND,2020-08-22,79.63
India,IND,2020-08-23,79.63
India,IND,2020-08-24,79.63
India,IND,2020-08-25,79.63
India,IND,2020-08-26,79.63
India,IND,2020-08-27,79.63
India,IND,2020-08-28,79.63
India,IND,2020-08-29,81.02
India,IND,2020-08-30,81.02
India,IND,2020-08-31,81.02
India,IND,2020-09-01,81.02
India,IND,2020-09-02,81.02
India,IND,2020-09-03,81.02
India,IND,2020-09-04,81.02
India,IND,2020-09-05,81.02
India,IND,2020-09-06,81.02
India,IND,2020-09-07,81.02
India,IND,2020-09-08,81.02
India,IND,2020-09-09,81.02
India,IND,2020-09-10,81.02
India,IND,2020-09-11,81.02
India,IND,2020-09-12,81.02
India,IND,2020-09-13,81.02
India,IND,2020-09-14,81.02
India,IND,2020-09-15,81.02
India,IND,2020-09-16,81.02
India,IND,2020-09-17,81.02
India,IND,2020-09-18,81.02
India,IND,2020-09-19,81.02
India,IND,2020-09-20,81.02
India,IND,2020-09-21,75.46
India,IND,2020-09-22,75.46
India,IND,2020-09-23,75.46
India,IND,2020-09-24,75.46
India,IND,2020-09-25,75.46
India,IND,2020-09-26,75.46
India,IND,2020-09-27,75.46
India,IND,2020-09-28,75.46
India,IND,2020-09-29,75.46
India,IND,2020-09-30,73.61
India,IND,2020-10-01,73.61
India,IND,2020-10-02,73.61
India,IND,2020-10-03,73.61
India,IND,2020-10-04,73.61
India,IND,2020-10-05,73.61
India,IND,2020-10-06,73.61
India,IND,2020-10-07,73.61
India,IND,2020-10-08,73.61
India,IND,2020-10-09,73.61
India,IND,2020-10-10,73.61
India,IND,2020-10-11,73.61
India,IND,2020-10-12,73.61
India,IND,2020-10-13,73.61
India,IND,2020-10-14,73.61
India,IND,2020-10-15,64.35
India,IND,2020-10-16,64.35
India,IND,2020-10-17,64.35
India,IND,2020-10-18,64.35
India,IND,2020-10-19,64.35
India,IND,2020-10-20,64.35
India,IND,2020-10-21,64.35
India,IND,2020-10-22,64.35
India,IND,2020-10-23,64.35
India,IND,2020-10-24,64.35
India,IND,2020-10-25,64.35
India,IND,2020-10-26,64.35
India,IND,2020-10-27,61.57
India,IND,2020-10-28,61.57
India,IND,2020-10-29,61.57
India,IND,2020-10-30,61.57
India,IND,2020-10-31,61.57
India,IND,2020-11-01,61.57
India,IND,2020-11-02,61.57
India,IND,2020-11-03,61.57
India,IND,2020-11-04,61.57
India,IND,2020-11-05,61.57
India,IND,2020-11-06,61.57
India,IND,2020-11-07,61.57
India,IND,2020-11-08,61.57
India,IND,2020-11-09,61.57
India,IND,2020-11-10,61.57
India,IND,2020-11-11,61.57
India,IND,2020-11-12,61.57
India,IND,2020-11-13,61.57
India,IND,2020-11-14,61.57
India,IND,2020-11-15,61.57
India,IND,2020-11-16,61.57
India,IND,2020-11-17,61.57
India,IND,2020-11-18,61.57
India,IND,2020-11-19,61.57
India,IND,2020-11-20,61.57
India,IND,2020-11-21,68.98
India,IND,2020-11-22,68.98
India,IND,2020-11-23,68.98
India,IND,2020-11-24,68.98
India,IND,2020-11-25,68.98
India,IND,2020-11-26,68.98
India,IND,2020-11-27,68.98
India,IND,2020-11-28,68.98
India,IND,2020-11-29,68.98
India,IND,2020-11-30,68.98
India,IND,2020-12-01,68.98
India,IND,2020-12-02,68.98
India,IND,2020-12-03,68.98
India,IND,2020-12-04,68.98
India,IND,2020-12-05,68.98
India,IND,2020-12-06,68.98
India,IND,2020-12-07,68.98
India,IND,2020-12-08,68.98
India,IND,2020-12-09,68.98
India,IND,2020-12-10,68.98
India,IND,2020-12-11,68.98
India,IND,2020-12-12,68.98
India,IND,2020-12-13,68.98
India,IND,2020-12-14,68.98
India,IND,2020-12-15,68.98
India,IND,2020-12-16,68.98
India,IND,2020-12-17,68.98
India,IND,2020-12-18,68.98
India,IND,2020-12-19,68.98
India,IND,2020-12-20,68.98
India,IND,2020-12-21,68.98
India,IND,2020-12-22,68.98
India,IND,2020-12-23,68.98
India,IND,2020-12-24,68.98
India,IND,2020-12-25,68.98
India,IND,2020-12-26,68.98
India,IND,2020-12-27,68.98
India,IND,2020-12-28,68.98
India,IND,2020-12-29,68.98
India,IND,2020-12-30,68.98
India,IND,2020-12-31,68.98
India,IND,2021-01-01,68.98
India,IND,2021-01-02,68.98
India,IND,2021-01-03,68.98
India,IND,2021-01-04,68.98
India,IND,2021-01-05,68.98
India,IND,2021-01-06,68.98
India,IND,2021-01-07,68.98
India,IND,2021-01-08,68.98
India,IND,2021-01-09,68.98
India,IND,2021-01-10,68.98
India,IND,2021-01-11,68.98
India,IND,2021-01-12,68.98
India,IND,2021-01-13,68.98
India,IND,2021-01-14,68.98
India,IND,2021-01-15,68.98
India,IND,2021-01-16,68.98
India,IND,2021-01-17,68.98
India,IND,2021-01-18,68.98
India,IND,2021-01-19,68.98
India,IND,2021-01-20,68.98
India,IND,2021-01-21,68.98
India,IND,2021-01-22,68.98
India,IND,2021-01-23,68.98
India,IND,2021-01-24,68.98
India,IND,2021-01-25,68.98
India,IND,2021-01-26,67.13
India,IND,2021-01-27,61.57
India,IND,2021-01-28,61.57
India,IND,2021-01-29,61.57
India,IND,2021-01-30,61.57
India,IND,2021-01-31,61.57
India,IND,2021-02-01,61.57
India,IND,2021-02-02,61.57
India,IND,2021-02-03,61.57
India,IND,2021-02-04,61.57
India,IND,2021-02-05,61.57
India,IND,2021-02-06,61.57
India,IND,2021-02-07,61.57
India,IND,2021-02-08,61.57
India,IND,2021-02-09,61.57
India,IND,2021-02-10,61.57
India,IND,2021-02-11,61.57
India,IND,2021-02-12,61.57
India,IND,2021-02-13,61.57
India,IND,2021-02-14,61.57
India,IND,2021-02-15,61.57
India,IND,2021-02-16,61.57
India,IND,2021-02-17,61.57
India,IND,2021-02-18,61.57
India,IND,2021-02-19,61.57
India,IND,2021-02-20,61.57
India,IND,2021-02-21,61.57
India,IND,2021-02-22,61.57
India,IND,2021-02-23,61.57
India,IND,2021-02-24,63.43
India,IND,2021-02-25,63.43
India,IND,2021-02-26,63.43
India,IND,2021-02-27,63.43
India,IND,2021-02-28,63.43
India,IND,2021-03-01,63.43
India,IND,2021-03-02,63.43
India,IND,2021-03-03,63.43
India,IND,2021-03-04,63.43
India,IND,2021-03-05,63.43
India,IND,2021-03-06,63.43
India,IND,2021-03-07,63.43
India,IND,2021-03-08,63.43
Indonesia,IDN,2020-01-01,0
Indonesia,IDN,2020-01-02,0
Indonesia,IDN,2020-01-03,5.56
Indonesia,IDN,2020-01-04,5.56
Indonesia,IDN,2020-01-05,5.56
Indonesia,IDN,2020-01-06,5.56
Indonesia,IDN,2020-01-07,5.56
Indonesia,IDN,2020-01-08,5.56
Indonesia,IDN,2020-01-09,5.56
Indonesia,IDN,2020-01-10,5.56
Indonesia,IDN,2020-01-11,5.56
Indonesia,IDN,2020-01-12,5.56
Indonesia,IDN,2020-01-13,5.56
Indonesia,IDN,2020-01-14,5.56
Indonesia,IDN,2020-01-15,5.56
Indonesia,IDN,2020-01-16,5.56
Indonesia,IDN,2020-01-17,5.56
Indonesia,IDN,2020-01-18,8.33
Indonesia,IDN,2020-01-19,8.33
Indonesia,IDN,2020-01-20,8.33
Indonesia,IDN,2020-01-21,8.33
Indonesia,IDN,2020-01-22,8.33
Indonesia,IDN,2020-01-23,8.33
Indonesia,IDN,2020-01-24,8.33
Indonesia,IDN,2020-01-25,8.33
Indonesia,IDN,2020-01-26,8.33
Indonesia,IDN,2020-01-27,8.33
Indonesia,IDN,2020-01-28,8.33
Indonesia,IDN,2020-01-29,13.89
Indonesia,IDN,2020-01-30,13.89
Indonesia,IDN,2020-01-31,13.89
Indonesia,IDN,2020-02-01,13.89
Indonesia,IDN,2020-02-02,13.89
Indonesia,IDN,2020-02-03,23.15
Indonesia,IDN,2020-02-04,23.15
Indonesia,IDN,2020-02-05,28.7
Indonesia,IDN,2020-02-06,28.7
Indonesia,IDN,2020-02-07,28.7
Indonesia,IDN,2020-02-08,28.7
Indonesia,IDN,2020-02-09,28.7
Indonesia,IDN,2020-02-10,28.7
Indonesia,IDN,2020-02-11,28.7
Indonesia,IDN,2020-02-12,28.7
Indonesia,IDN,2020-02-13,28.7
Indonesia,IDN,2020-02-14,28.7
Indonesia,IDN,2020-02-15,28.7
Indonesia,IDN,2020-02-16,28.7
Indonesia,IDN,2020-02-17,28.7
Indonesia,IDN,2020-02-18,28.7
Indonesia,IDN,2020-02-19,28.7
Indonesia,IDN,2020-02-20,28.7
Indonesia,IDN,2020-02-21,28.7
Indonesia,IDN,2020-02-22,28.7
Indonesia,IDN,2020-02-23,28.7
Indonesia,IDN,2020-02-24,28.7
Indonesia,IDN,2020-02-25,28.7
Indonesia,IDN,2020-02-26,28.7
Indonesia,IDN,2020-02-27,28.7
Indonesia,IDN,2020-02-28,28.7
Indonesia,IDN,2020-02-29,28.7
Indonesia,IDN,2020-03-01,28.7
Indonesia,IDN,2020-03-02,28.7
Indonesia,IDN,2020-03-03,37.04
Indonesia,IDN,2020-03-04,37.04
Indonesia,IDN,2020-03-05,37.04
Indonesia,IDN,2020-03-06,37.04
Indonesia,IDN,2020-03-07,37.04
Indonesia,IDN,2020-03-08,37.04
Indonesia,IDN,2020-03-09,37.04
Indonesia,IDN,2020-03-10,37.04
Indonesia,IDN,2020-03-11,37.04
Indonesia,IDN,2020-03-12,37.04
Indonesia,IDN,2020-03-13,37.04
Indonesia,IDN,2020-03-14,37.04
Indonesia,IDN,2020-03-15,40.74
Indonesia,IDN,2020-03-16,45.37
Indonesia,IDN,2020-03-17,42.59
Indonesia,IDN,2020-03-18,42.59
Indonesia,IDN,2020-03-19,45.37
Indonesia,IDN,2020-03-20,45.37
Indonesia,IDN,2020-03-21,45.37
Indonesia,IDN,2020-03-22,45.37
Indonesia,IDN,2020-03-23,48.15
Indonesia,IDN,2020-03-24,48.15
Indonesia,IDN,2020-03-25,48.15
Indonesia,IDN,2020-03-26,48.15
Indonesia,IDN,2020-03-27,48.15
Indonesia,IDN,2020-03-28,48.15
Indonesia,IDN,2020-03-29,50.93
Indonesia,IDN,2020-03-30,50.93
Indonesia,IDN,2020-03-31,50.93
Indonesia,IDN,2020-04-01,50.93
Indonesia,IDN,2020-04-02,50.93
Indonesia,IDN,2020-04-03,50.93
Indonesia,IDN,2020-04-04,50.93
Indonesia,IDN,2020-04-05,50.93
Indonesia,IDN,2020-04-06,50.93
Indonesia,IDN,2020-04-07,60.65
Indonesia,IDN,2020-04-08,60.65
Indonesia,IDN,2020-04-09,60.65
Indonesia,IDN,2020-04-10,71.76
Indonesia,IDN,2020-04-11,71.76
Indonesia,IDN,2020-04-12,71.76
Indonesia,IDN,2020-04-13,71.76
Indonesia,IDN,2020-04-14,71.76
Indonesia,IDN,2020-04-15,71.76
Indonesia,IDN,2020-04-16,71.76
Indonesia,IDN,2020-04-17,71.76
Indonesia,IDN,2020-04-18,71.76
Indonesia,IDN,2020-04-19,71.76
Indonesia,IDN,2020-04-20,71.76
Indonesia,IDN,2020-04-21,71.76
Indonesia,IDN,2020-04-22,71.76
Indonesia,IDN,2020-04-23,71.76
Indonesia,IDN,2020-04-24,80.09
Indonesia,IDN,2020-04-25,80.09
Indonesia,IDN,2020-04-26,80.09
Indonesia,IDN,2020-04-27,80.09
Indonesia,IDN,2020-04-28,80.09
Indonesia,IDN,2020-04-29,80.09
Indonesia,IDN,2020-04-30,80.09
Indonesia,IDN,2020-05-01,80.09
Indonesia,IDN,2020-05-02,80.09
Indonesia,IDN,2020-05-03,74.54
Indonesia,IDN,2020-05-04,74.54
Indonesia,IDN,2020-05-05,74.54
Indonesia,IDN,2020-05-06,74.54
Indonesia,IDN,2020-05-07,74.54
Indonesia,IDN,2020-05-08,74.54
Indonesia,IDN,2020-05-09,74.54
Indonesia,IDN,2020-05-10,74.54
Indonesia,IDN,2020-05-11,74.54
Indonesia,IDN,2020-05-12,74.54
Indonesia,IDN,2020-05-13,74.54
Indonesia,IDN,2020-05-14,74.54
Indonesia,IDN,2020-05-15,74.54
Indonesia,IDN,2020-05-16,74.54
Indonesia,IDN,2020-05-17,74.54
Indonesia,IDN,2020-05-18,74.54
Indonesia,IDN,2020-05-19,74.54
Indonesia,IDN,2020-05-20,71.76
Indonesia,IDN,2020-05-21,71.76
Indonesia,IDN,2020-05-22,71.76
Indonesia,IDN,2020-05-23,71.76
Indonesia,IDN,2020-05-24,71.76
Indonesia,IDN,2020-05-25,71.76
Indonesia,IDN,2020-05-26,71.76
Indonesia,IDN,2020-05-27,71.76
Indonesia,IDN,2020-05-28,71.76
Indonesia,IDN,2020-05-29,71.76
Indonesia,IDN,2020-05-30,71.76
Indonesia,IDN,2020-05-31,71.76
Indonesia,IDN,2020-06-01,71.76
Indonesia,IDN,2020-06-02,71.76
Indonesia,IDN,2020-06-03,71.76
Indonesia,IDN,2020-06-04,71.76
Indonesia,IDN,2020-06-05,71.76
Indonesia,IDN,2020-06-06,71.76
Indonesia,IDN,2020-06-07,71.76
Indonesia,IDN,2020-06-08,68.06
Indonesia,IDN,2020-06-09,68.06
Indonesia,IDN,2020-06-10,68.06
Indonesia,IDN,2020-06-11,68.06
Indonesia,IDN,2020-06-12,68.06
Indonesia,IDN,2020-06-13,68.06
Indonesia,IDN,2020-06-14,68.06
Indonesia,IDN,2020-06-15,68.06
Indonesia,IDN,2020-06-16,68.06
Indonesia,IDN,2020-06-17,68.06
Indonesia,IDN,2020-06-18,68.06
Indonesia,IDN,2020-06-19,68.06
Indonesia,IDN,2020-06-20,68.06
Indonesia,IDN,2020-06-21,68.06
Indonesia,IDN,2020-06-22,68.06
Indonesia,IDN,2020-06-23,59.72
Indonesia,IDN,2020-06-24,59.72
Indonesia,IDN,2020-06-25,59.72
Indonesia,IDN,2020-06-26,59.72
Indonesia,IDN,2020-06-27,59.72
Indonesia,IDN,2020-06-28,59.72
Indonesia,IDN,2020-06-29,59.72
Indonesia,IDN,2020-06-30,54.17
Indonesia,IDN,2020-07-01,54.17
Indonesia,IDN,2020-07-02,54.17
Indonesia,IDN,2020-07-03,54.17
Indonesia,IDN,2020-07-04,54.17
Indonesia,IDN,2020-07-05,54.17
Indonesia,IDN,2020-07-06,54.17
Indonesia,IDN,2020-07-07,54.17
Indonesia,IDN,2020-07-08,54.17
Indonesia,IDN,2020-07-09,54.17
Indonesia,IDN,2020-07-10,54.17
Indonesia,IDN,2020-07-11,62.5
Indonesia,IDN,2020-07-12,62.5
Indonesia,IDN,2020-07-13,62.5
Indonesia,IDN,2020-07-14,62.5
Indonesia,IDN,2020-07-15,62.5
Indonesia,IDN,2020-07-16,62.5
Indonesia,IDN,2020-07-17,62.5
Indonesia,IDN,2020-07-18,62.5
Indonesia,IDN,2020-07-19,62.5
Indonesia,IDN,2020-07-20,62.5
Indonesia,IDN,2020-07-21,62.5
Indonesia,IDN,2020-07-22,62.5
Indonesia,IDN,2020-07-23,62.5
Indonesia,IDN,2020-07-24,62.5
Indonesia,IDN,2020-07-25,62.5
Indonesia,IDN,2020-07-26,62.5
Indonesia,IDN,2020-07-27,62.5
Indonesia,IDN,2020-07-28,62.5
Indonesia,IDN,2020-07-29,62.5
Indonesia,IDN,2020-07-30,62.5
Indonesia,IDN,2020-07-31,62.5
Indonesia,IDN,2020-08-01,62.5
Indonesia,IDN,2020-08-02,62.5
Indonesia,IDN,2020-08-03,62.5
Indonesia,IDN,2020-08-04,62.5
Indonesia,IDN,2020-08-05,62.5
Indonesia,IDN,2020-08-06,62.5
Indonesia,IDN,2020-08-07,62.5
Indonesia,IDN,2020-08-08,62.5
Indonesia,IDN,2020-08-09,62.5
Indonesia,IDN,2020-08-10,62.5
Indonesia,IDN,2020-08-11,59.72
Indonesia,IDN,2020-08-12,59.72
Indonesia,IDN,2020-08-13,59.72
Indonesia,IDN,2020-08-14,59.72
Indonesia,IDN,2020-08-15,59.72
Indonesia,IDN,2020-08-16,59.72
Indonesia,IDN,2020-08-17,59.72
Indonesia,IDN,2020-08-18,59.72
Indonesia,IDN,2020-08-19,59.72
Indonesia,IDN,2020-08-20,59.72
Indonesia,IDN,2020-08-21,59.72
Indonesia,IDN,2020-08-22,59.72
Indonesia,IDN,2020-08-23,59.72
Indonesia,IDN,2020-08-24,59.72
Indonesia,IDN,2020-08-25,59.72
Indonesia,IDN,2020-08-26,59.72
Indonesia,IDN,2020-08-27,59.72
Indonesia,IDN,2020-08-28,59.72
Indonesia,IDN,2020-08-29,59.72
Indonesia,IDN,2020-08-30,59.72
Indonesia,IDN,2020-08-31,59.72
Indonesia,IDN,2020-09-01,59.72
Indonesia,IDN,2020-09-02,59.72
Indonesia,IDN,2020-09-03,59.72
Indonesia,IDN,2020-09-04,59.72
Indonesia,IDN,2020-09-05,59.72
Indonesia,IDN,2020-09-06,59.72
Indonesia,IDN,2020-09-07,59.72
Indonesia,IDN,2020-09-08,59.72
Indonesia,IDN,2020-09-09,59.72
Indonesia,IDN,2020-09-10,59.72
Indonesia,IDN,2020-09-11,59.72
Indonesia,IDN,2020-09-12,59.72
Indonesia,IDN,2020-09-13,59.72
Indonesia,IDN,2020-09-14,68.98
Indonesia,IDN,2020-09-15,68.98
Indonesia,IDN,2020-09-16,68.98
Indonesia,IDN,2020-09-17,68.98
Indonesia,IDN,2020-09-18,68.98
Indonesia,IDN,2020-09-19,68.98
Indonesia,IDN,2020-09-20,68.98
Indonesia,IDN,2020-09-21,68.98
Indonesia,IDN,2020-09-22,68.98
Indonesia,IDN,2020-09-23,72.69
Indonesia,IDN,2020-09-24,72.69
Indonesia,IDN,2020-09-25,72.69
Indonesia,IDN,2020-09-26,72.69
Indonesia,IDN,2020-09-27,72.69
Indonesia,IDN,2020-09-28,72.69
Indonesia,IDN,2020-09-29,72.69
Indonesia,IDN,2020-09-30,72.69
Indonesia,IDN,2020-10-01,72.69
Indonesia,IDN,2020-10-02,72.69
Indonesia,IDN,2020-10-03,72.69
Indonesia,IDN,2020-10-04,72.69
Indonesia,IDN,2020-10-05,72.69
Indonesia,IDN,2020-10-06,72.69
Indonesia,IDN,2020-10-07,72.69
Indonesia,IDN,2020-10-08,72.69
Indonesia,IDN,2020-10-09,72.69
Indonesia,IDN,2020-10-10,72.69
Indonesia,IDN,2020-10-11,72.69
Indonesia,IDN,2020-10-12,50.46
Indonesia,IDN,2020-10-13,50.46
Indonesia,IDN,2020-10-14,50.46
Indonesia,IDN,2020-10-15,50.46
Indonesia,IDN,2020-10-16,50.46
Indonesia,IDN,2020-10-17,50.46
Indonesia,IDN,2020-10-18,50.46
Indonesia,IDN,2020-10-19,50.46
Indonesia,IDN,2020-10-20,50.46
Indonesia,IDN,2020-10-21,50.46
Indonesia,IDN,2020-10-22,50.46
Indonesia,IDN,2020-10-23,50.46
Indonesia,IDN,2020-10-24,50.46
Indonesia,IDN,2020-10-25,50.46
Indonesia,IDN,2020-10-26,50.46
Indonesia,IDN,2020-10-27,50.46
Indonesia,IDN,2020-10-28,50.46
Indonesia,IDN,2020-10-29,50.46
Indonesia,IDN,2020-10-30,50.46
Indonesia,IDN,2020-10-31,50.46
Indonesia,IDN,2020-11-01,50.46
Indonesia,IDN,2020-11-02,50.46
Indonesia,IDN,2020-11-03,50.46
Indonesia,IDN,2020-11-04,50.46
Indonesia,IDN,2020-11-05,50.46
Indonesia,IDN,2020-11-06,50.46
Indonesia,IDN,2020-11-07,50.46
Indonesia,IDN,2020-11-08,50.46
Indonesia,IDN,2020-11-09,50.46
Indonesia,IDN,2020-11-10,50.46
Indonesia,IDN,2020-11-11,50.46
Indonesia,IDN,2020-11-12,50.46
Indonesia,IDN,2020-11-13,50.46
Indonesia,IDN,2020-11-14,50.46
Indonesia,IDN,2020-11-15,50.46
Indonesia,IDN,2020-11-16,50.46
Indonesia,IDN,2020-11-17,50.46
Indonesia,IDN,2020-11-18,50.46
Indonesia,IDN,2020-11-19,64.35
Indonesia,IDN,2020-11-20,64.35
Indonesia,IDN,2020-11-21,64.35
Indonesia,IDN,2020-11-22,64.35
Indonesia,IDN,2020-11-23,64.35
Indonesia,IDN,2020-11-24,64.35
Indonesia,IDN,2020-11-25,64.35
Indonesia,IDN,2020-11-26,64.35
Indonesia,IDN,2020-11-27,64.35
Indonesia,IDN,2020-11-28,64.35
Indonesia,IDN,2020-11-29,64.35
Indonesia,IDN,2020-11-30,64.35
Indonesia,IDN,2020-12-01,64.35
Indonesia,IDN,2020-12-02,64.35
Indonesia,IDN,2020-12-03,64.35
Indonesia,IDN,2020-12-04,64.35
Indonesia,IDN,2020-12-05,64.35
Indonesia,IDN,2020-12-06,64.35
Indonesia,IDN,2020-12-07,58.8
Indonesia,IDN,2020-12-08,58.8
Indonesia,IDN,2020-12-09,58.8
Indonesia,IDN,2020-12-10,58.8
Indonesia,IDN,2020-12-11,58.8
Indonesia,IDN,2020-12-12,58.8
Indonesia,IDN,2020-12-13,58.8
Indonesia,IDN,2020-12-14,58.8
Indonesia,IDN,2020-12-15,58.8
Indonesia,IDN,2020-12-16,58.8
Indonesia,IDN,2020-12-17,58.8
Indonesia,IDN,2020-12-18,58.8
Indonesia,IDN,2020-12-19,58.8
Indonesia,IDN,2020-12-20,58.8
Indonesia,IDN,2020-12-21,64.35
Indonesia,IDN,2020-12-22,64.35
Indonesia,IDN,2020-12-23,64.35
Indonesia,IDN,2020-12-24,64.35
Indonesia,IDN,2020-12-25,64.35
Indonesia,IDN,2020-12-26,64.35
Indonesia,IDN,2020-12-27,64.35
Indonesia,IDN,2020-12-28,64.35
Indonesia,IDN,2020-12-29,64.35
Indonesia,IDN,2020-12-30,64.35
Indonesia,IDN,2020-12-31,64.35
Indonesia,IDN,2021-01-01,64.35
Indonesia,IDN,2021-01-02,64.35
Indonesia,IDN,2021-01-03,64.35
Indonesia,IDN,2021-01-04,64.35
Indonesia,IDN,2021-01-05,64.35
Indonesia,IDN,2021-01-06,64.35
Indonesia,IDN,2021-01-07,64.35
Indonesia,IDN,2021-01-08,64.35
Indonesia,IDN,2021-01-09,64.35
Indonesia,IDN,2021-01-10,64.35
Indonesia,IDN,2021-01-11,64.35
Indonesia,IDN,2021-01-12,64.35
Indonesia,IDN,2021-01-13,64.35
Indonesia,IDN,2021-01-14,64.35
Indonesia,IDN,2021-01-15,64.35
Indonesia,IDN,2021-01-16,64.35
Indonesia,IDN,2021-01-17,64.35
Indonesia,IDN,2021-01-18,64.35
Indonesia,IDN,2021-01-19,64.35
Indonesia,IDN,2021-01-20,64.35
Indonesia,IDN,2021-01-21,64.35
Indonesia,IDN,2021-01-22,64.35
Indonesia,IDN,2021-01-23,64.35
Indonesia,IDN,2021-01-24,64.35
Indonesia,IDN,2021-01-25,64.35
Indonesia,IDN,2021-01-26,64.35
Indonesia,IDN,2021-01-27,64.35
Indonesia,IDN,2021-01-28,64.35
Indonesia,IDN,2021-01-29,64.35
Indonesia,IDN,2021-01-30,64.35
Indonesia,IDN,2021-01-31,64.35
Indonesia,IDN,2021-02-01,64.35
Indonesia,IDN,2021-02-02,64.35
Indonesia,IDN,2021-02-03,64.35
Indonesia,IDN,2021-02-04,64.35
Indonesia,IDN,2021-02-05,64.35
Indonesia,IDN,2021-02-06,64.35
Indonesia,IDN,2021-02-07,64.35
Indonesia,IDN,2021-02-08,65.28
Indonesia,IDN,2021-02-09,65.28
Indonesia,IDN,2021-02-10,65.28
Indonesia,IDN,2021-02-11,65.28
Indonesia,IDN,2021-02-12,65.28
Indonesia,IDN,2021-02-13,65.28
Indonesia,IDN,2021-02-14,65.28
Indonesia,IDN,2021-02-15,65.28
Indonesia,IDN,2021-02-16,65.28
Indonesia,IDN,2021-02-17,65.28
Indonesia,IDN,2021-02-18,65.28
Indonesia,IDN,2021-02-19,65.28
Indonesia,IDN,2021-02-20,65.28
Indonesia,IDN,2021-02-21,65.28
Indonesia,IDN,2021-02-22,65.28
Indonesia,IDN,2021-02-23,65.28
Indonesia,IDN,2021-02-24,65.28
Indonesia,IDN,2021-02-25,65.28
Indonesia,IDN,2021-02-26,65.28
Indonesia,IDN,2021-02-27,65.28
Indonesia,IDN,2021-02-28,65.28
Indonesia,IDN,2021-03-01,68.98
Indonesia,IDN,2021-03-02,68.98
Indonesia,IDN,2021-03-03,68.98
Indonesia,IDN,2021-03-04,68.98
Indonesia,IDN,2021-03-05,68.98
Indonesia,IDN,2021-03-06,68.98
Indonesia,IDN,2021-03-07,68.98
Indonesia,IDN,2021-03-08,68.98
Indonesia,IDN,2021-03-09,68.98
Iran,IRN,2020-01-01,0
Iran,IRN,2020-01-02,0
Iran,IRN,2020-01-03,0
Iran,IRN,2020-01-04,0
Iran,IRN,2020-01-05,0
Iran,IRN,2020-01-06,0
Iran,IRN,2020-01-07,0
Iran,IRN,2020-01-08,0
Iran,IRN,2020-01-09,0
Iran,IRN,2020-01-10,0
Iran,IRN,2020-01-11,0
Iran,IRN,2020-01-12,0
Iran,IRN,2020-01-13,0
Iran,IRN,2020-01-14,0
Iran,IRN,2020-01-15,0
Iran,IRN,2020-01-16,0
Iran,IRN,2020-01-17,0
Iran,IRN,2020-01-18,0
Iran,IRN,2020-01-19,0
Iran,IRN,2020-01-20,0
Iran,IRN,2020-01-21,0
Iran,IRN,2020-01-22,0
Iran,IRN,2020-01-23,0
Iran,IRN,2020-01-24,0
Iran,IRN,2020-01-25,0
Iran,IRN,2020-01-26,0
Iran,IRN,2020-01-27,0
Iran,IRN,2020-01-28,0
Iran,IRN,2020-01-29,0
Iran,IRN,2020-01-30,0
Iran,IRN,2020-01-31,0
Iran,IRN,2020-02-01,0
Iran,IRN,2020-02-02,0
Iran,IRN,2020-02-03,0
Iran,IRN,2020-02-04,0
Iran,IRN,2020-02-05,0
Iran,IRN,2020-02-06,0
Iran,IRN,2020-02-07,0
Iran,IRN,2020-02-08,0
Iran,IRN,2020-02-09,0
Iran,IRN,2020-02-10,0
Iran,IRN,2020-02-11,0
Iran,IRN,2020-02-12,0
Iran,IRN,2020-02-13,0
Iran,IRN,2020-02-14,0
Iran,IRN,2020-02-15,0
Iran,IRN,2020-02-16,0
Iran,IRN,2020-02-17,0
Iran,IRN,2020-02-18,0
Iran,IRN,2020-02-19,0
Iran,IRN,2020-02-20,2.78
Iran,IRN,2020-02-21,2.78
Iran,IRN,2020-02-22,11.11
Iran,IRN,2020-02-23,11.11
Iran,IRN,2020-02-24,11.11
Iran,IRN,2020-02-25,11.11
Iran,IRN,2020-02-26,20.37
Iran,IRN,2020-02-27,20.37
Iran,IRN,2020-02-28,20.37
Iran,IRN,2020-02-29,20.37
Iran,IRN,2020-03-01,20.37
Iran,IRN,2020-03-02,20.37
Iran,IRN,2020-03-03,20.37
Iran,IRN,2020-03-04,20.37
Iran,IRN,2020-03-05,42.59
Iran,IRN,2020-03-06,42.59
Iran,IRN,2020-03-07,42.59
Iran,IRN,2020-03-08,42.59
Iran,IRN,2020-03-09,42.59
Iran,IRN,2020-03-10,42.59
Iran,IRN,2020-03-11,48.15
Iran,IRN,2020-03-12,48.15
Iran,IRN,2020-03-13,48.15
Iran,IRN,2020-03-14,48.15
Iran,IRN,2020-03-15,48.15
Iran,IRN,2020-03-16,48.15
Iran,IRN,2020-03-17,48.15
Iran,IRN,2020-03-18,48.15
Iran,IRN,2020-03-19,51.85
Iran,IRN,2020-03-20,51.85
Iran,IRN,2020-03-21,51.85
Iran,IRN,2020-03-22,57.41
Iran,IRN,2020-03-23,57.41
Iran,IRN,2020-03-24,57.41
Iran,IRN,2020-03-25,57.41
Iran,IRN,2020-03-26,57.41
Iran,IRN,2020-03-27,57.41
Iran,IRN,2020-03-28,57.41
Iran,IRN,2020-03-29,57.41
Iran,IRN,2020-03-30,57.41
Iran,IRN,2020-03-31,57.41
Iran,IRN,2020-04-01,57.41
Iran,IRN,2020-04-02,57.41
Iran,IRN,2020-04-03,57.41
Iran,IRN,2020-04-04,57.41
Iran,IRN,2020-04-05,59.26
Iran,IRN,2020-04-06,59.26
Iran,IRN,2020-04-07,59.26
Iran,IRN,2020-04-08,59.26
Iran,IRN,2020-04-09,59.26
Iran,IRN,2020-04-10,59.26
Iran,IRN,2020-04-11,50.93
Iran,IRN,2020-04-12,50.93
Iran,IRN,2020-04-13,50.93
Iran,IRN,2020-04-14,50.93
Iran,IRN,2020-04-15,50.93
Iran,IRN,2020-04-16,50.93
Iran,IRN,2020-04-17,50.93
Iran,IRN,2020-04-18,50.93
Iran,IRN,2020-04-19,53.7
Iran,IRN,2020-04-20,53.7
Iran,IRN,2020-04-21,53.7
Iran,IRN,2020-04-22,53.7
Iran,IRN,2020-04-23,53.7
Iran,IRN,2020-04-24,53.7
Iran,IRN,2020-04-25,53.7
Iran,IRN,2020-04-26,53.7
Iran,IRN,2020-04-27,53.7
Iran,IRN,2020-04-28,53.7
Iran,IRN,2020-04-29,53.7
Iran,IRN,2020-04-30,53.7
Iran,IRN,2020-05-01,53.7
Iran,IRN,2020-05-02,53.7
Iran,IRN,2020-05-03,53.7
Iran,IRN,2020-05-04,53.7
Iran,IRN,2020-05-05,53.7
Iran,IRN,2020-05-06,53.7
Iran,IRN,2020-05-07,53.7
Iran,IRN,2020-05-08,53.7
Iran,IRN,2020-05-09,50.93
Iran,IRN,2020-05-10,50.93
Iran,IRN,2020-05-11,50.93
Iran,IRN,2020-05-12,50.93
Iran,IRN,2020-05-13,50.93
Iran,IRN,2020-05-14,50.93
Iran,IRN,2020-05-15,50.93
Iran,IRN,2020-05-16,45.37
Iran,IRN,2020-05-17,45.37
Iran,IRN,2020-05-18,45.37
Iran,IRN,2020-05-19,45.37
Iran,IRN,2020-05-20,45.37
Iran,IRN,2020-05-21,45.37
Iran,IRN,2020-05-22,45.37
Iran,IRN,2020-05-23,45.37
Iran,IRN,2020-05-24,47.22
Iran,IRN,2020-05-25,47.22
Iran,IRN,2020-05-26,44.44
Iran,IRN,2020-05-27,44.44
Iran,IRN,2020-05-28,44.44
Iran,IRN,2020-05-29,44.44
Iran,IRN,2020-05-30,44.44
Iran,IRN,2020-05-31,44.44
Iran,IRN,2020-06-01,44.44
Iran,IRN,2020-06-02,44.44
Iran,IRN,2020-06-03,44.44
Iran,IRN,2020-06-04,44.44
Iran,IRN,2020-06-05,44.44
Iran,IRN,2020-06-06,44.44
Iran,IRN,2020-06-07,44.44
Iran,IRN,2020-06-08,44.44
Iran,IRN,2020-06-09,44.44
Iran,IRN,2020-06-10,44.44
Iran,IRN,2020-06-11,44.44
Iran,IRN,2020-06-12,44.44
Iran,IRN,2020-06-13,44.44
Iran,IRN,2020-06-14,44.44
Iran,IRN,2020-06-15,44.44
Iran,IRN,2020-06-16,44.44
Iran,IRN,2020-06-17,44.44
Iran,IRN,2020-06-18,44.44
Iran,IRN,2020-06-19,44.44
Iran,IRN,2020-06-20,44.44
Iran,IRN,2020-06-21,41.67
Iran,IRN,2020-06-22,41.67
Iran,IRN,2020-06-23,41.67
Iran,IRN,2020-06-24,41.67
Iran,IRN,2020-06-25,41.67
Iran,IRN,2020-06-26,41.67
Iran,IRN,2020-06-27,41.67
Iran,IRN,2020-06-28,41.67
Iran,IRN,2020-06-29,41.67
Iran,IRN,2020-06-30,41.67
Iran,IRN,2020-07-01,41.67
Iran,IRN,2020-07-02,41.67
Iran,IRN,2020-07-03,41.67
Iran,IRN,2020-07-04,41.67
Iran,IRN,2020-07-05,41.67
Iran,IRN,2020-07-06,41.67
Iran,IRN,2020-07-07,41.67
Iran,IRN,2020-07-08,41.67
Iran,IRN,2020-07-09,41.67
Iran,IRN,2020-07-10,41.67
Iran,IRN,2020-07-11,52.31
Iran,IRN,2020-07-12,52.31
Iran,IRN,2020-07-13,58.8
Iran,IRN,2020-07-14,58.8
Iran,IRN,2020-07-15,58.8
Iran,IRN,2020-07-16,58.8
Iran,IRN,2020-07-17,58.8
Iran,IRN,2020-07-18,58.8
Iran,IRN,2020-07-19,58.8
Iran,IRN,2020-07-20,58.8
Iran,IRN,2020-07-21,58.8
Iran,IRN,2020-07-22,58.8
Iran,IRN,2020-07-23,58.8
Iran,IRN,2020-07-24,58.8
Iran,IRN,2020-07-25,58.8
Iran,IRN,2020-07-26,58.8
Iran,IRN,2020-07-27,58.8
Iran,IRN,2020-07-28,58.8
Iran,IRN,2020-07-29,58.8
Iran,IRN,2020-07-30,58.8
Iran,IRN,2020-07-31,61.57
Iran,IRN,2020-08-01,61.57
Iran,IRN,2020-08-02,61.57
Iran,IRN,2020-08-03,61.57
Iran,IRN,2020-08-04,60.19
Iran,IRN,2020-08-05,60.19
Iran,IRN,2020-08-06,60.19
Iran,IRN,2020-08-07,60.19
Iran,IRN,2020-08-08,60.19
Iran,IRN,2020-08-09,60.19
Iran,IRN,2020-08-10,60.19
Iran,IRN,2020-08-11,60.19
Iran,IRN,2020-08-12,60.19
Iran,IRN,2020-08-13,60.19
Iran,IRN,2020-08-14,60.19
Iran,IRN,2020-08-15,60.19
Iran,IRN,2020-08-16,60.19
Iran,IRN,2020-08-17,60.19
Iran,IRN,2020-08-18,60.19
Iran,IRN,2020-08-19,60.19
Iran,IRN,2020-08-20,60.19
Iran,IRN,2020-08-21,60.19
Iran,IRN,2020-08-22,60.19
Iran,IRN,2020-08-23,60.19
Iran,IRN,2020-08-24,60.19
Iran,IRN,2020-08-25,60.19
Iran,IRN,2020-08-26,60.19
Iran,IRN,2020-08-27,60.19
Iran,IRN,2020-08-28,60.19
Iran,IRN,2020-08-29,60.19
Iran,IRN,2020-08-30,60.19
Iran,IRN,2020-08-31,60.19
Iran,IRN,2020-09-01,60.19
Iran,IRN,2020-09-02,60.19
Iran,IRN,2020-09-03,60.19
Iran,IRN,2020-09-04,60.19
Iran,IRN,2020-09-05,60.19
Iran,IRN,2020-09-06,60.19
Iran,IRN,2020-09-07,60.19
Iran,IRN,2020-09-08,60.19
Iran,IRN,2020-09-09,60.19
Iran,IRN,2020-09-10,60.19
Iran,IRN,2020-09-11,60.19
Iran,IRN,2020-09-12,60.19
Iran,IRN,2020-09-13,60.19
Iran,IRN,2020-09-14,60.19
Iran,IRN,2020-09-15,54.63
Iran,IRN,2020-09-16,54.63
Iran,IRN,2020-09-17,54.63
Iran,IRN,2020-09-18,54.63
Iran,IRN,2020-09-19,54.63
Iran,IRN,2020-09-20,54.63
Iran,IRN,2020-09-21,54.63
Iran,IRN,2020-09-22,54.63
Iran,IRN,2020-09-23,54.63
Iran,IRN,2020-09-24,54.63
Iran,IRN,2020-09-25,54.63
Iran,IRN,2020-09-26,54.63
Iran,IRN,2020-09-27,54.63
Iran,IRN,2020-09-28,54.63
Iran,IRN,2020-09-29,54.63
Iran,IRN,2020-09-30,54.63
Iran,IRN,2020-10-01,54.63
Iran,IRN,2020-10-02,54.63
Iran,IRN,2020-10-03,57.41
Iran,IRN,2020-10-04,57.41
Iran,IRN,2020-10-05,57.41
Iran,IRN,2020-10-06,69.44
Iran,IRN,2020-10-07,69.44
Iran,IRN,2020-10-08,69.44
Iran,IRN,2020-10-09,69.44
Iran,IRN,2020-10-10,69.44
Iran,IRN,2020-10-11,69.44
Iran,IRN,2020-10-12,69.44
Iran,IRN,2020-10-13,69.44
Iran,IRN,2020-10-14,69.44
Iran,IRN,2020-10-15,58.8
Iran,IRN,2020-10-16,58.8
Iran,IRN,2020-10-17,58.8
Iran,IRN,2020-10-18,58.8
Iran,IRN,2020-10-19,58.8
Iran,IRN,2020-10-20,58.8
Iran,IRN,2020-10-21,58.8
Iran,IRN,2020-10-22,58.8
Iran,IRN,2020-10-23,58.8
Iran,IRN,2020-10-24,58.8
Iran,IRN,2020-10-25,58.8
Iran,IRN,2020-10-26,70.83
Iran,IRN,2020-10-27,70.83
Iran,IRN,2020-10-28,70.83
Iran,IRN,2020-10-29,70.83
Iran,IRN,2020-10-30,68.06
Iran,IRN,2020-10-31,68.06
Iran,IRN,2020-11-01,68.06
Iran,IRN,2020-11-02,68.06
Iran,IRN,2020-11-03,68.06
Iran,IRN,2020-11-04,68.06
Iran,IRN,2020-11-05,68.06
Iran,IRN,2020-11-06,68.06
Iran,IRN,2020-11-07,68.06
Iran,IRN,2020-11-08,68.06
Iran,IRN,2020-11-09,68.06
Iran,IRN,2020-11-10,68.06
Iran,IRN,2020-11-11,68.06
Iran,IRN,2020-11-12,68.06
Iran,IRN,2020-11-13,68.06
Iran,IRN,2020-11-14,68.06
Iran,IRN,2020-11-15,68.06
Iran,IRN,2020-11-16,68.06
Iran,IRN,2020-11-17,68.06
Iran,IRN,2020-11-18,68.06
Iran,IRN,2020-11-19,68.06
Iran,IRN,2020-11-20,68.06
Iran,IRN,2020-11-21,69.91
Iran,IRN,2020-11-22,69.91
Iran,IRN,2020-11-23,69.91
Iran,IRN,2020-11-24,69.91
Iran,IRN,2020-11-25,72.69
Iran,IRN,2020-11-26,72.69
Iran,IRN,2020-11-27,72.69
Iran,IRN,2020-11-28,72.69
Iran,IRN,2020-11-29,72.69
Iran,IRN,2020-11-30,72.69
Iran,IRN,2020-12-01,72.69
Iran,IRN,2020-12-02,72.69
Iran,IRN,2020-12-03,72.69
Iran,IRN,2020-12-04,72.69
Iran,IRN,2020-12-05,72.69
Iran,IRN,2020-12-06,72.69
Iran,IRN,2020-12-07,72.69
Iran,IRN,2020-12-08,72.69
Iran,IRN,2020-12-09,72.69
Iran,IRN,2020-12-10,72.69
Iran,IRN,2020-12-11,72.69
Iran,IRN,2020-12-12,72.69
Iran,IRN,2020-12-13,72.69
Iran,IRN,2020-12-14,72.69
Iran,IRN,2020-12-15,72.69
Iran,IRN,2020-12-16,72.69
Iran,IRN,2020-12-17,72.69
Iran,IRN,2020-12-18,72.69
Iran,IRN,2020-12-19,72.69
Iran,IRN,2020-12-20,72.69
Iran,IRN,2020-12-21,72.69
Iran,IRN,2020-12-22,72.69
Iran,IRN,2020-12-23,72.69
Iran,IRN,2020-12-24,72.69
Iran,IRN,2020-12-25,72.69
Iran,IRN,2020-12-26,72.69
Iran,IRN,2020-12-27,72.69
Iran,IRN,2020-12-28,72.69
Iran,IRN,2020-12-29,72.69
Iran,IRN,2020-12-30,72.69
Iran,IRN,2020-12-31,72.69
Iran,IRN,2021-01-01,72.69
Iran,IRN,2021-01-02,72.69
Iran,IRN,2021-01-03,72.69
Iran,IRN,2021-01-04,72.69
Iran,IRN,2021-01-05,72.69
Iran,IRN,2021-01-06,72.69
Iran,IRN,2021-01-07,72.69
Iran,IRN,2021-01-08,72.69
Iran,IRN,2021-01-09,72.69
Iran,IRN,2021-01-10,72.69
Iran,IRN,2021-01-11,72.69
Iran,IRN,2021-01-12,78.24
Iran,IRN,2021-01-13,78.24
Iran,IRN,2021-01-14,78.24
Iran,IRN,2021-01-15,78.24
Iran,IRN,2021-01-16,78.24
Iran,IRN,2021-01-17,78.24
Iran,IRN,2021-01-18,78.24
Iran,IRN,2021-01-19,78.24
Iran,IRN,2021-01-20,78.24
Iran,IRN,2021-01-21,78.24
Iran,IRN,2021-01-22,78.24
Iran,IRN,2021-01-23,78.24
Iran,IRN,2021-01-24,78.24
Iran,IRN,2021-01-25,78.24
Iran,IRN,2021-01-26,80.09
Iran,IRN,2021-01-27,80.09
Iran,IRN,2021-01-28,80.09
Iran,IRN,2021-01-29,80.09
Iran,IRN,2021-01-30,80.09
Iran,IRN,2021-01-31,80.09
Iran,IRN,2021-02-01,80.09
Iran,IRN,2021-02-02,80.09
Iran,IRN,2021-02-03,80.09
Iran,IRN,2021-02-04,80.09
Iran,IRN,2021-02-05,80.09
Iran,IRN,2021-02-06,80.09
Iran,IRN,2021-02-07,80.09
Iran,IRN,2021-02-08,80.09
Iran,IRN,2021-02-09,80.09
Iran,IRN,2021-02-10,80.09
Iran,IRN,2021-02-11,80.09
Iran,IRN,2021-02-12,80.09
Iran,IRN,2021-02-13,80.09
Iran,IRN,2021-02-14,80.09
Iran,IRN,2021-02-15,80.09
Iran,IRN,2021-02-16,80.09
Iran,IRN,2021-02-17,80.09
Iran,IRN,2021-02-18,80.09
Iran,IRN,2021-02-19,80.09
Iran,IRN,2021-02-20,80.09
Iran,IRN,2021-02-21,80.09
Iran,IRN,2021-02-22,80.09
Iran,IRN,2021-02-23,80.09
Iran,IRN,2021-02-24,80.09
Iran,IRN,2021-02-25,80.09
Iran,IRN,2021-02-26,80.09
Iran,IRN,2021-02-27,80.09
Iran,IRN,2021-02-28,80.09
Iran,IRN,2021-03-01,80.09
Iran,IRN,2021-03-02,80.09
Iran,IRN,2021-03-03,80.09
Iran,IRN,2021-03-04,80.09
Iran,IRN,2021-03-05,80.09
Iran,IRN,2021-03-06,80.09
Iran,IRN,2021-03-07,80.09
Iran,IRN,2021-03-08,80.09
Iraq,IRQ,2020-01-01,0
Iraq,IRQ,2020-01-02,0
Iraq,IRQ,2020-01-03,0
Iraq,IRQ,2020-01-04,0
Iraq,IRQ,2020-01-05,0
Iraq,IRQ,2020-01-06,0
Iraq,IRQ,2020-01-07,0
Iraq,IRQ,2020-01-08,0
Iraq,IRQ,2020-01-09,0
Iraq,IRQ,2020-01-10,0
Iraq,IRQ,2020-01-11,0
Iraq,IRQ,2020-01-12,0
Iraq,IRQ,2020-01-13,0
Iraq,IRQ,2020-01-14,0
Iraq,IRQ,2020-01-15,0
Iraq,IRQ,2020-01-16,0
Iraq,IRQ,2020-01-17,0
Iraq,IRQ,2020-01-18,0
Iraq,IRQ,2020-01-19,0
Iraq,IRQ,2020-01-20,0
Iraq,IRQ,2020-01-21,0
Iraq,IRQ,2020-01-22,0
Iraq,IRQ,2020-01-23,0
Iraq,IRQ,2020-01-24,0
Iraq,IRQ,2020-01-25,0
Iraq,IRQ,2020-01-26,0
Iraq,IRQ,2020-01-27,0
Iraq,IRQ,2020-01-28,0
Iraq,IRQ,2020-01-29,0
Iraq,IRQ,2020-01-30,0
Iraq,IRQ,2020-01-31,0
Iraq,IRQ,2020-02-01,0
Iraq,IRQ,2020-02-02,0
Iraq,IRQ,2020-02-03,0
Iraq,IRQ,2020-02-04,0
Iraq,IRQ,2020-02-05,0
Iraq,IRQ,2020-02-06,0
Iraq,IRQ,2020-02-07,0
Iraq,IRQ,2020-02-08,0
Iraq,IRQ,2020-02-09,0
Iraq,IRQ,2020-02-10,0
Iraq,IRQ,2020-02-11,0
Iraq,IRQ,2020-02-12,0
Iraq,IRQ,2020-02-13,0
Iraq,IRQ,2020-02-14,0
Iraq,IRQ,2020-02-15,0
Iraq,IRQ,2020-02-16,0
Iraq,IRQ,2020-02-17,0
Iraq,IRQ,2020-02-18,0
Iraq,IRQ,2020-02-19,2.78
Iraq,IRQ,2020-02-20,11.11
Iraq,IRQ,2020-02-21,11.11
Iraq,IRQ,2020-02-22,11.11
Iraq,IRQ,2020-02-23,19.44
Iraq,IRQ,2020-02-24,19.44
Iraq,IRQ,2020-02-25,50.93
Iraq,IRQ,2020-02-26,50.93
Iraq,IRQ,2020-02-27,52.78
Iraq,IRQ,2020-02-28,52.78
Iraq,IRQ,2020-02-29,52.78
Iraq,IRQ,2020-03-01,52.78
Iraq,IRQ,2020-03-02,52.78
Iraq,IRQ,2020-03-03,52.78
Iraq,IRQ,2020-03-04,52.78
Iraq,IRQ,2020-03-05,52.78
Iraq,IRQ,2020-03-06,52.78
Iraq,IRQ,2020-03-07,52.78
Iraq,IRQ,2020-03-08,52.78
Iraq,IRQ,2020-03-09,52.78
Iraq,IRQ,2020-03-10,52.78
Iraq,IRQ,2020-03-11,61.11
Iraq,IRQ,2020-03-12,61.11
Iraq,IRQ,2020-03-13,75
Iraq,IRQ,2020-03-14,75
Iraq,IRQ,2020-03-15,75
Iraq,IRQ,2020-03-16,77.78
Iraq,IRQ,2020-03-17,89.81
Iraq,IRQ,2020-03-18,89.81
Iraq,IRQ,2020-03-19,89.81
Iraq,IRQ,2020-03-20,89.81
Iraq,IRQ,2020-03-21,89.81
Iraq,IRQ,2020-03-22,94.44
Iraq,IRQ,2020-03-23,94.44
Iraq,IRQ,2020-03-24,94.44
Iraq,IRQ,2020-03-25,94.44
Iraq,IRQ,2020-03-26,96.3
Iraq,IRQ,2020-03-27,96.3
Iraq,IRQ,2020-03-28,96.3
Iraq,IRQ,2020-03-29,96.3
Iraq,IRQ,2020-03-30,96.3
Iraq,IRQ,2020-03-31,96.3
Iraq,IRQ,2020-04-01,96.3
Iraq,IRQ,2020-04-02,96.3
Iraq,IRQ,2020-04-03,96.3
Iraq,IRQ,2020-04-04,96.3
Iraq,IRQ,2020-04-05,96.3
Iraq,IRQ,2020-04-06,96.3
Iraq,IRQ,2020-04-07,96.3
Iraq,IRQ,2020-04-08,96.3
Iraq,IRQ,2020-04-09,96.3
Iraq,IRQ,2020-04-10,96.3
Iraq,IRQ,2020-04-11,96.3
Iraq,IRQ,2020-04-12,96.3
Iraq,IRQ,2020-04-13,96.3
Iraq,IRQ,2020-04-14,96.3
Iraq,IRQ,2020-04-15,96.3
Iraq,IRQ,2020-04-16,96.3
Iraq,IRQ,2020-04-17,96.3
Iraq,IRQ,2020-04-18,96.3
Iraq,IRQ,2020-04-19,96.3
Iraq,IRQ,2020-04-20,96.3
Iraq,IRQ,2020-04-21,85.19
Iraq,IRQ,2020-04-22,85.19
Iraq,IRQ,2020-04-23,85.19
Iraq,IRQ,2020-04-24,85.19
Iraq,IRQ,2020-04-25,85.19
Iraq,IRQ,2020-04-26,85.19
Iraq,IRQ,2020-04-27,85.19
Iraq,IRQ,2020-04-28,85.19
Iraq,IRQ,2020-04-29,85.19
Iraq,IRQ,2020-04-30,85.19
Iraq,IRQ,2020-05-01,85.19
Iraq,IRQ,2020-05-02,85.19
Iraq,IRQ,2020-05-03,85.19
Iraq,IRQ,2020-05-04,85.19
Iraq,IRQ,2020-05-05,85.19
Iraq,IRQ,2020-05-06,85.19
Iraq,IRQ,2020-05-07,85.19
Iraq,IRQ,2020-05-08,85.19
Iraq,IRQ,2020-05-09,85.19
Iraq,IRQ,2020-05-10,85.19
Iraq,IRQ,2020-05-11,82.41
Iraq,IRQ,2020-05-12,82.41
Iraq,IRQ,2020-05-13,82.41
Iraq,IRQ,2020-05-14,82.41
Iraq,IRQ,2020-05-15,82.41
Iraq,IRQ,2020-05-16,82.41
Iraq,IRQ,2020-05-17,82.41
Iraq,IRQ,2020-05-18,82.41
Iraq,IRQ,2020-05-19,82.41
Iraq,IRQ,2020-05-20,82.41
Iraq,IRQ,2020-05-21,82.41
Iraq,IRQ,2020-05-22,82.41
Iraq,IRQ,2020-05-23,82.41
Iraq,IRQ,2020-05-24,82.41
Iraq,IRQ,2020-05-25,82.41
Iraq,IRQ,2020-05-26,92.59
Iraq,IRQ,2020-05-27,92.59
Iraq,IRQ,2020-05-28,92.59
Iraq,IRQ,2020-05-29,92.59
Iraq,IRQ,2020-05-30,92.59
Iraq,IRQ,2020-05-31,92.59
Iraq,IRQ,2020-06-01,92.59
Iraq,IRQ,2020-06-02,92.59
Iraq,IRQ,2020-06-03,92.59
Iraq,IRQ,2020-06-04,92.59
Iraq,IRQ,2020-06-05,92.59
Iraq,IRQ,2020-06-06,92.59
Iraq,IRQ,2020-06-07,92.59
Iraq,IRQ,2020-06-08,92.59
Iraq,IRQ,2020-06-09,92.59
Iraq,IRQ,2020-06-10,92.59
Iraq,IRQ,2020-06-11,92.59
Iraq,IRQ,2020-06-12,92.59
Iraq,IRQ,2020-06-13,92.59
Iraq,IRQ,2020-06-14,92.59
Iraq,IRQ,2020-06-15,92.59
Iraq,IRQ,2020-06-16,92.59
Iraq,IRQ,2020-06-17,92.59
Iraq,IRQ,2020-06-18,92.59
Iraq,IRQ,2020-06-19,92.59
Iraq,IRQ,2020-06-20,92.59
Iraq,IRQ,2020-06-21,92.59
Iraq,IRQ,2020-06-22,92.59
Iraq,IRQ,2020-06-23,92.59
Iraq,IRQ,2020-06-24,92.59
Iraq,IRQ,2020-06-25,92.59
Iraq,IRQ,2020-06-26,92.59
Iraq,IRQ,2020-06-27,92.59
Iraq,IRQ,2020-06-28,92.59
Iraq,IRQ,2020-06-29,92.59
Iraq,IRQ,2020-06-30,92.59
Iraq,IRQ,2020-07-01,92.59
Iraq,IRQ,2020-07-02,92.59
Iraq,IRQ,2020-07-03,92.59
Iraq,IRQ,2020-07-04,92.59
Iraq,IRQ,2020-07-05,92.59
Iraq,IRQ,2020-07-06,92.59
Iraq,IRQ,2020-07-07,92.59
Iraq,IRQ,2020-07-08,92.59
Iraq,IRQ,2020-07-09,92.59
Iraq,IRQ,2020-07-10,92.59
Iraq,IRQ,2020-07-11,92.59
Iraq,IRQ,2020-07-12,92.59
Iraq,IRQ,2020-07-13,92.59
Iraq,IRQ,2020-07-14,92.59
Iraq,IRQ,2020-07-15,92.59
Iraq,IRQ,2020-07-16,92.59
Iraq,IRQ,2020-07-17,92.59
Iraq,IRQ,2020-07-18,92.59
Iraq,IRQ,2020-07-19,92.59
Iraq,IRQ,2020-07-20,92.59
Iraq,IRQ,2020-07-21,92.59
Iraq,IRQ,2020-07-22,92.59
Iraq,IRQ,2020-07-23,92.59
Iraq,IRQ,2020-07-24,92.59
Iraq,IRQ,2020-07-25,92.59
Iraq,IRQ,2020-07-26,92.59
Iraq,IRQ,2020-07-27,92.59
Iraq,IRQ,2020-07-28,92.59
Iraq,IRQ,2020-07-29,92.59
Iraq,IRQ,2020-07-30,92.59
Iraq,IRQ,2020-07-31,92.59
Iraq,IRQ,2020-08-01,92.59
Iraq,IRQ,2020-08-02,92.59
Iraq,IRQ,2020-08-03,92.59
Iraq,IRQ,2020-08-04,92.59
Iraq,IRQ,2020-08-05,92.59
Iraq,IRQ,2020-08-06,92.59
Iraq,IRQ,2020-08-07,92.59
Iraq,IRQ,2020-08-08,92.59
Iraq,IRQ,2020-08-09,92.59
Iraq,IRQ,2020-08-10,92.59
Iraq,IRQ,2020-08-11,92.59
Iraq,IRQ,2020-08-12,92.59
Iraq,IRQ,2020-08-13,92.59
Iraq,IRQ,2020-08-14,92.59
Iraq,IRQ,2020-08-15,92.59
Iraq,IRQ,2020-08-16,92.59
Iraq,IRQ,2020-08-17,92.59
Iraq,IRQ,2020-08-18,92.59
Iraq,IRQ,2020-08-19,92.59
Iraq,IRQ,2020-08-20,92.59
Iraq,IRQ,2020-08-21,92.59
Iraq,IRQ,2020-08-22,92.59
Iraq,IRQ,2020-08-23,92.59
Iraq,IRQ,2020-08-24,92.59
Iraq,IRQ,2020-08-25,92.59
Iraq,IRQ,2020-08-26,92.59
Iraq,IRQ,2020-08-27,84.26
Iraq,IRQ,2020-08-28,84.26
Iraq,IRQ,2020-08-29,84.26
Iraq,IRQ,2020-08-30,84.26
Iraq,IRQ,2020-08-31,84.26
Iraq,IRQ,2020-09-01,84.26
Iraq,IRQ,2020-09-02,84.26
Iraq,IRQ,2020-09-03,84.26
Iraq,IRQ,2020-09-04,84.26
Iraq,IRQ,2020-09-05,84.26
Iraq,IRQ,2020-09-06,84.26
Iraq,IRQ,2020-09-07,78.7
Iraq,IRQ,2020-09-08,78.7
Iraq,IRQ,2020-09-09,78.7
Iraq,IRQ,2020-09-10,73.15
Iraq,IRQ,2020-09-11,73.15
Iraq,IRQ,2020-09-12,73.15
Iraq,IRQ,2020-09-13,73.15
Iraq,IRQ,2020-09-14,73.15
Iraq,IRQ,2020-09-15,73.15
Iraq,IRQ,2020-09-16,73.15
Iraq,IRQ,2020-09-17,73.15
Iraq,IRQ,2020-09-18,73.15
Iraq,IRQ,2020-09-19,73.15
Iraq,IRQ,2020-09-20,64.81
Iraq,IRQ,2020-09-21,64.81
Iraq,IRQ,2020-09-22,64.81
Iraq,IRQ,2020-09-23,64.81
Iraq,IRQ,2020-09-24,61.11
Iraq,IRQ,2020-09-25,61.11
Iraq,IRQ,2020-09-26,61.11
Iraq,IRQ,2020-09-27,61.11
Iraq,IRQ,2020-09-28,61.11
Iraq,IRQ,2020-09-29,61.11
Iraq,IRQ,2020-09-30,61.11
Iraq,IRQ,2020-10-01,61.11
Iraq,IRQ,2020-10-02,66.67
Iraq,IRQ,2020-10-03,66.67
Iraq,IRQ,2020-10-04,61.11
Iraq,IRQ,2020-10-05,61.11
Iraq,IRQ,2020-10-06,61.11
Iraq,IRQ,2020-10-07,61.11
Iraq,IRQ,2020-10-08,61.11
Iraq,IRQ,2020-10-09,61.11
Iraq,IRQ,2020-10-10,61.11
Iraq,IRQ,2020-10-11,61.11
Iraq,IRQ,2020-10-12,61.11
Iraq,IRQ,2020-10-13,61.11
Iraq,IRQ,2020-10-14,61.11
Iraq,IRQ,2020-10-15,61.11
Iraq,IRQ,2020-10-16,61.11
Iraq,IRQ,2020-10-17,61.11
Iraq,IRQ,2020-10-18,61.11
Iraq,IRQ,2020-10-19,61.11
Iraq,IRQ,2020-10-20,57.41
Iraq,IRQ,2020-10-21,57.41
Iraq,IRQ,2020-10-22,57.41
Iraq,IRQ,2020-10-23,51.85
Iraq,IRQ,2020-10-24,51.85
Iraq,IRQ,2020-10-25,51.85
Iraq,IRQ,2020-10-26,51.85
Iraq,IRQ,2020-10-27,51.85
Iraq,IRQ,2020-10-28,51.85
Iraq,IRQ,2020-10-29,51.85
Iraq,IRQ,2020-10-30,51.85
Iraq,IRQ,2020-10-31,51.85
Iraq,IRQ,2020-11-01,51.85
Iraq,IRQ,2020-11-02,51.85
Iraq,IRQ,2020-11-03,51.85
Iraq,IRQ,2020-11-04,51.85
Iraq,IRQ,2020-11-05,51.85
Iraq,IRQ,2020-11-06,51.85
Iraq,IRQ,2020-11-07,51.85
Iraq,IRQ,2020-11-08,51.85
Iraq,IRQ,2020-11-09,51.85
Iraq,IRQ,2020-11-10,51.85
Iraq,IRQ,2020-11-11,51.85
Iraq,IRQ,2020-11-12,51.85
Iraq,IRQ,2020-11-13,51.85
Iraq,IRQ,2020-11-14,51.85
Iraq,IRQ,2020-11-15,51.85
Iraq,IRQ,2020-11-16,51.85
Iraq,IRQ,2020-11-17,51.85
Iraq,IRQ,2020-11-18,51.85
Iraq,IRQ,2020-11-19,51.85
Iraq,IRQ,2020-11-20,51.85
Iraq,IRQ,2020-11-21,51.85
Iraq,IRQ,2020-11-22,51.85
Iraq,IRQ,2020-11-23,51.85
Iraq,IRQ,2020-11-24,51.85
Iraq,IRQ,2020-11-25,51.85
Iraq,IRQ,2020-11-26,51.85
Iraq,IRQ,2020-11-27,51.85
Iraq,IRQ,2020-11-28,51.85
Iraq,IRQ,2020-11-29,48.15
Iraq,IRQ,2020-11-30,48.15
Iraq,IRQ,2020-12-01,48.15
Iraq,IRQ,2020-12-02,48.15
Iraq,IRQ,2020-12-03,48.15
Iraq,IRQ,2020-12-04,48.15
Iraq,IRQ,2020-12-05,48.15
Iraq,IRQ,2020-12-06,48.15
Iraq,IRQ,2020-12-07,48.15
Iraq,IRQ,2020-12-08,48.15
Iraq,IRQ,2020-12-09,48.15
Iraq,IRQ,2020-12-10,48.15
Iraq,IRQ,2020-12-11,48.15
Iraq,IRQ,2020-12-12,48.15
Iraq,IRQ,2020-12-13,48.15
Iraq,IRQ,2020-12-14,48.15
Iraq,IRQ,2020-12-15,48.15
Iraq,IRQ,2020-12-16,48.15
Iraq,IRQ,2020-12-17,48.15
Iraq,IRQ,2020-12-18,48.15
Iraq,IRQ,2020-12-19,48.15
Iraq,IRQ,2020-12-20,48.15
Iraq,IRQ,2020-12-21,48.15
Iraq,IRQ,2020-12-22,53.7
Iraq,IRQ,2020-12-23,53.7
Iraq,IRQ,2020-12-24,53.7
Iraq,IRQ,2020-12-25,53.7
Iraq,IRQ,2020-12-26,53.7
Iraq,IRQ,2020-12-27,53.7
Iraq,IRQ,2020-12-28,53.7
Iraq,IRQ,2020-12-29,53.7
Iraq,IRQ,2020-12-30,53.7
Iraq,IRQ,2020-12-31,53.7
Iraq,IRQ,2021-01-01,53.7
Iraq,IRQ,2021-01-02,53.7
Iraq,IRQ,2021-01-03,53.7
Iraq,IRQ,2021-01-04,53.7
Iraq,IRQ,2021-01-05,53.7
Iraq,IRQ,2021-01-06,53.7
Iraq,IRQ,2021-01-07,53.7
Iraq,IRQ,2021-01-08,53.7
Iraq,IRQ,2021-01-09,53.7
Iraq,IRQ,2021-01-10,53.7
Iraq,IRQ,2021-01-11,53.7
Iraq,IRQ,2021-01-12,53.7
Iraq,IRQ,2021-01-13,53.7
Iraq,IRQ,2021-01-14,53.7
Iraq,IRQ,2021-01-15,53.7
Iraq,IRQ,2021-01-16,53.7
Iraq,IRQ,2021-01-17,53.7
Iraq,IRQ,2021-01-18,53.7
Iraq,IRQ,2021-01-19,53.7
Iraq,IRQ,2021-01-20,53.7
Iraq,IRQ,2021-01-21,53.7
Iraq,IRQ,2021-01-22,53.7
Iraq,IRQ,2021-01-23,44.44
Iraq,IRQ,2021-01-24,44.44
Iraq,IRQ,2021-01-25,44.44
Iraq,IRQ,2021-01-26,44.44
Iraq,IRQ,2021-01-27,44.44
Iraq,IRQ,2021-01-28,44.44
Iraq,IRQ,2021-01-29,44.44
Iraq,IRQ,2021-01-30,44.44
Iraq,IRQ,2021-01-31,44.44
Iraq,IRQ,2021-02-01,44.44
Iraq,IRQ,2021-02-02,44.44
Iraq,IRQ,2021-02-03,44.44
Iraq,IRQ,2021-02-04,44.44
Iraq,IRQ,2021-02-05,44.44
Iraq,IRQ,2021-02-06,44.44
Iraq,IRQ,2021-02-07,44.44
Iraq,IRQ,2021-02-08,44.44
Iraq,IRQ,2021-02-09,44.44
Iraq,IRQ,2021-02-10,51.85
Iraq,IRQ,2021-02-11,51.85
Iraq,IRQ,2021-02-12,51.85
Iraq,IRQ,2021-02-13,51.85
Iraq,IRQ,2021-02-14,51.85
Iraq,IRQ,2021-02-15,51.85
Iraq,IRQ,2021-02-16,48.15
Iraq,IRQ,2021-02-17,48.15
Iraq,IRQ,2021-02-18,63.89
Iraq,IRQ,2021-02-19,63.89
Iraq,IRQ,2021-02-20,63.89
Iraq,IRQ,2021-02-21,63.89
Iraq,IRQ,2021-02-22,63.89
Ireland,IRL,2020-01-01,0
Ireland,IRL,2020-01-02,0
Ireland,IRL,2020-01-03,0
Ireland,IRL,2020-01-04,0
Ireland,IRL,2020-01-05,0
Ireland,IRL,2020-01-06,0
Ireland,IRL,2020-01-07,0
Ireland,IRL,2020-01-08,0
Ireland,IRL,2020-01-09,0
Ireland,IRL,2020-01-10,0
Ireland,IRL,2020-01-11,0
Ireland,IRL,2020-01-12,0
Ireland,IRL,2020-01-13,0
Ireland,IRL,2020-01-14,0
Ireland,IRL,2020-01-15,0
Ireland,IRL,2020-01-16,0
Ireland,IRL,2020-01-17,0
Ireland,IRL,2020-01-18,0
Ireland,IRL,2020-01-19,0
Ireland,IRL,2020-01-20,0
Ireland,IRL,2020-01-21,0
Ireland,IRL,2020-01-22,0
Ireland,IRL,2020-01-23,0
Ireland,IRL,2020-01-24,0
Ireland,IRL,2020-01-25,0
Ireland,IRL,2020-01-26,0
Ireland,IRL,2020-01-27,0
Ireland,IRL,2020-01-28,0
Ireland,IRL,2020-01-29,0
Ireland,IRL,2020-01-30,0
Ireland,IRL,2020-01-31,0
Ireland,IRL,2020-02-01,0
Ireland,IRL,2020-02-02,0
Ireland,IRL,2020-02-03,0
Ireland,IRL,2020-02-04,5.56
Ireland,IRL,2020-02-05,5.56
Ireland,IRL,2020-02-06,5.56
Ireland,IRL,2020-02-07,5.56
Ireland,IRL,2020-02-08,5.56
Ireland,IRL,2020-02-09,5.56
Ireland,IRL,2020-02-10,5.56
Ireland,IRL,2020-02-11,5.56
Ireland,IRL,2020-02-12,5.56
Ireland,IRL,2020-02-13,5.56
Ireland,IRL,2020-02-14,5.56
Ireland,IRL,2020-02-15,5.56
Ireland,IRL,2020-02-16,5.56
Ireland,IRL,2020-02-17,5.56
Ireland,IRL,2020-02-18,5.56
Ireland,IRL,2020-02-19,5.56
Ireland,IRL,2020-02-20,5.56
Ireland,IRL,2020-02-21,5.56
Ireland,IRL,2020-02-22,5.56
Ireland,IRL,2020-02-23,5.56
Ireland,IRL,2020-02-24,5.56
Ireland,IRL,2020-02-25,5.56
Ireland,IRL,2020-02-26,5.56
Ireland,IRL,2020-02-27,5.56
Ireland,IRL,2020-02-28,5.56
Ireland,IRL,2020-02-29,11.11
Ireland,IRL,2020-03-01,11.11
Ireland,IRL,2020-03-02,11.11
Ireland,IRL,2020-03-03,11.11
Ireland,IRL,2020-03-04,11.11
Ireland,IRL,2020-03-05,11.11
Ireland,IRL,2020-03-06,11.11
Ireland,IRL,2020-03-07,11.11
Ireland,IRL,2020-03-08,11.11
Ireland,IRL,2020-03-09,11.11
Ireland,IRL,2020-03-10,11.11
Ireland,IRL,2020-03-11,11.11
Ireland,IRL,2020-03-12,31.48
Ireland,IRL,2020-03-13,42.59
Ireland,IRL,2020-03-14,42.59
Ireland,IRL,2020-03-15,48.15
Ireland,IRL,2020-03-16,48.15
Ireland,IRL,2020-03-17,48.15
Ireland,IRL,2020-03-18,48.15
Ireland,IRL,2020-03-19,48.15
Ireland,IRL,2020-03-20,48.15
Ireland,IRL,2020-03-21,48.15
Ireland,IRL,2020-03-22,48.15
Ireland,IRL,2020-03-23,48.15
Ireland,IRL,2020-03-24,48.15
Ireland,IRL,2020-03-25,48.15
Ireland,IRL,2020-03-26,57.41
Ireland,IRL,2020-03-27,75.93
Ireland,IRL,2020-03-28,85.19
Ireland,IRL,2020-03-29,85.19
Ireland,IRL,2020-03-30,85.19
Ireland,IRL,2020-03-31,85.19
Ireland,IRL,2020-04-01,85.19
Ireland,IRL,2020-04-02,85.19
Ireland,IRL,2020-04-03,85.19
Ireland,IRL,2020-04-04,85.19
Ireland,IRL,2020-04-05,85.19
Ireland,IRL,2020-04-06,90.74
Ireland,IRL,2020-04-07,90.74
Ireland,IRL,2020-04-08,90.74
Ireland,IRL,2020-04-09,90.74
Ireland,IRL,2020-04-10,90.74
Ireland,IRL,2020-04-11,90.74
Ireland,IRL,2020-04-12,90.74
Ireland,IRL,2020-04-13,90.74
Ireland,IRL,2020-04-14,90.74
Ireland,IRL,2020-04-15,90.74
Ireland,IRL,2020-04-16,90.74
Ireland,IRL,2020-04-17,90.74
Ireland,IRL,2020-04-18,90.74
Ireland,IRL,2020-04-19,90.74
Ireland,IRL,2020-04-20,90.74
Ireland,IRL,2020-04-21,90.74
Ireland,IRL,2020-04-22,90.74
Ireland,IRL,2020-04-23,90.74
Ireland,IRL,2020-04-24,90.74
Ireland,IRL,2020-04-25,90.74
Ireland,IRL,2020-04-26,90.74
Ireland,IRL,2020-04-27,90.74
Ireland,IRL,2020-04-28,90.74
Ireland,IRL,2020-04-29,90.74
Ireland,IRL,2020-04-30,90.74
Ireland,IRL,2020-05-01,90.74
Ireland,IRL,2020-05-02,90.74
Ireland,IRL,2020-05-03,90.74
Ireland,IRL,2020-05-04,90.74
Ireland,IRL,2020-05-05,90.74
Ireland,IRL,2020-05-06,90.74
Ireland,IRL,2020-05-07,90.74
Ireland,IRL,2020-05-08,90.74
Ireland,IRL,2020-05-09,90.74
Ireland,IRL,2020-05-10,90.74
Ireland,IRL,2020-05-11,90.74
Ireland,IRL,2020-05-12,90.74
Ireland,IRL,2020-05-13,90.74
Ireland,IRL,2020-05-14,90.74
Ireland,IRL,2020-05-15,90.74
Ireland,IRL,2020-05-16,90.74
Ireland,IRL,2020-05-17,90.74
Ireland,IRL,2020-05-18,83.33
Ireland,IRL,2020-05-19,83.33
Ireland,IRL,2020-05-20,83.33
Ireland,IRL,2020-05-21,83.33
Ireland,IRL,2020-05-22,83.33
Ireland,IRL,2020-05-23,83.33
Ireland,IRL,2020-05-24,83.33
Ireland,IRL,2020-05-25,83.33
Ireland,IRL,2020-05-26,83.33
Ireland,IRL,2020-05-27,83.33
Ireland,IRL,2020-05-28,83.33
Ireland,IRL,2020-05-29,83.33
Ireland,IRL,2020-05-30,83.33
Ireland,IRL,2020-05-31,83.33
Ireland,IRL,2020-06-01,83.33
Ireland,IRL,2020-06-02,83.33
Ireland,IRL,2020-06-03,83.33
Ireland,IRL,2020-06-04,83.33
Ireland,IRL,2020-06-05,72.22
Ireland,IRL,2020-06-06,72.22
Ireland,IRL,2020-06-07,72.22
Ireland,IRL,2020-06-08,72.22
Ireland,IRL,2020-06-09,72.22
Ireland,IRL,2020-06-10,72.22
Ireland,IRL,2020-06-11,72.22
Ireland,IRL,2020-06-12,72.22
Ireland,IRL,2020-06-13,72.22
Ireland,IRL,2020-06-14,72.22
Ireland,IRL,2020-06-15,72.22
Ireland,IRL,2020-06-16,72.22
Ireland,IRL,2020-06-17,72.22
Ireland,IRL,2020-06-18,72.22
Ireland,IRL,2020-06-19,72.22
Ireland,IRL,2020-06-20,72.22
Ireland,IRL,2020-06-21,72.22
Ireland,IRL,2020-06-22,72.22
Ireland,IRL,2020-06-23,72.22
Ireland,IRL,2020-06-24,72.22
Ireland,IRL,2020-06-25,72.22
Ireland,IRL,2020-06-26,38.89
Ireland,IRL,2020-06-27,38.89
Ireland,IRL,2020-06-28,38.89
Ireland,IRL,2020-06-29,38.89
Ireland,IRL,2020-06-30,38.89
Ireland,IRL,2020-07-01,38.89
Ireland,IRL,2020-07-02,38.89
Ireland,IRL,2020-07-03,38.89
Ireland,IRL,2020-07-04,38.89
Ireland,IRL,2020-07-05,38.89
Ireland,IRL,2020-07-06,38.89
Ireland,IRL,2020-07-07,38.89
Ireland,IRL,2020-07-08,38.89
Ireland,IRL,2020-07-09,38.89
Ireland,IRL,2020-07-10,38.89
Ireland,IRL,2020-07-11,38.89
Ireland,IRL,2020-07-12,38.89
Ireland,IRL,2020-07-13,38.89
Ireland,IRL,2020-07-14,38.89
Ireland,IRL,2020-07-15,38.89
Ireland,IRL,2020-07-16,38.89
Ireland,IRL,2020-07-17,38.89
Ireland,IRL,2020-07-18,38.89
Ireland,IRL,2020-07-19,38.89
Ireland,IRL,2020-07-20,38.89
Ireland,IRL,2020-07-21,38.89
Ireland,IRL,2020-07-22,38.89
Ireland,IRL,2020-07-23,38.89
Ireland,IRL,2020-07-24,38.89
Ireland,IRL,2020-07-25,38.89
Ireland,IRL,2020-07-26,38.89
Ireland,IRL,2020-07-27,38.89
Ireland,IRL,2020-07-28,38.89
Ireland,IRL,2020-07-29,38.89
Ireland,IRL,2020-07-30,38.89
Ireland,IRL,2020-07-31,38.89
Ireland,IRL,2020-08-01,38.89
Ireland,IRL,2020-08-02,38.89
Ireland,IRL,2020-08-03,38.89
Ireland,IRL,2020-08-04,38.89
Ireland,IRL,2020-08-05,38.89
Ireland,IRL,2020-08-06,38.89
Ireland,IRL,2020-08-07,38.89
Ireland,IRL,2020-08-08,59.72
Ireland,IRL,2020-08-09,59.72
Ireland,IRL,2020-08-10,59.72
Ireland,IRL,2020-08-11,59.72
Ireland,IRL,2020-08-12,59.72
Ireland,IRL,2020-08-13,59.72
Ireland,IRL,2020-08-14,59.72
Ireland,IRL,2020-08-15,59.72
Ireland,IRL,2020-08-16,59.72
Ireland,IRL,2020-08-17,59.72
Ireland,IRL,2020-08-18,70.83
Ireland,IRL,2020-08-19,70.83
Ireland,IRL,2020-08-20,70.83
Ireland,IRL,2020-08-21,70.83
Ireland,IRL,2020-08-22,70.83
Ireland,IRL,2020-08-23,70.83
Ireland,IRL,2020-08-24,70.83
Ireland,IRL,2020-08-25,70.83
Ireland,IRL,2020-08-26,70.83
Ireland,IRL,2020-08-27,70.83
Ireland,IRL,2020-08-28,70.83
Ireland,IRL,2020-08-29,70.83
Ireland,IRL,2020-08-30,70.83
Ireland,IRL,2020-08-31,70.83
Ireland,IRL,2020-09-01,70.83
Ireland,IRL,2020-09-02,70.83
Ireland,IRL,2020-09-03,70.83
Ireland,IRL,2020-09-04,70.83
Ireland,IRL,2020-09-05,70.83
Ireland,IRL,2020-09-06,70.83
Ireland,IRL,2020-09-07,70.83
Ireland,IRL,2020-09-08,70.83
Ireland,IRL,2020-09-09,70.83
Ireland,IRL,2020-09-10,70.83
Ireland,IRL,2020-09-11,70.83
Ireland,IRL,2020-09-12,70.83
Ireland,IRL,2020-09-13,70.83
Ireland,IRL,2020-09-14,70.83
Ireland,IRL,2020-09-15,70.83
Ireland,IRL,2020-09-16,70.83
Ireland,IRL,2020-09-17,70.83
Ireland,IRL,2020-09-18,63.43
Ireland,IRL,2020-09-19,63.43
Ireland,IRL,2020-09-20,63.43
Ireland,IRL,2020-09-21,52.31
Ireland,IRL,2020-09-22,52.31
Ireland,IRL,2020-09-23,52.31
Ireland,IRL,2020-09-24,52.31
Ireland,IRL,2020-09-25,52.31
Ireland,IRL,2020-09-26,52.31
Ireland,IRL,2020-09-27,52.31
Ireland,IRL,2020-09-28,52.31
Ireland,IRL,2020-09-29,52.31
Ireland,IRL,2020-09-30,52.31
Ireland,IRL,2020-10-01,52.31
Ireland,IRL,2020-10-02,52.31
Ireland,IRL,2020-10-03,52.31
Ireland,IRL,2020-10-04,52.31
Ireland,IRL,2020-10-05,52.31
Ireland,IRL,2020-10-06,52.31
Ireland,IRL,2020-10-07,55.09
Ireland,IRL,2020-10-08,55.09
Ireland,IRL,2020-10-09,55.09
Ireland,IRL,2020-10-10,55.09
Ireland,IRL,2020-10-11,55.09
Ireland,IRL,2020-10-12,55.09
Ireland,IRL,2020-10-13,55.09
Ireland,IRL,2020-10-14,55.09
Ireland,IRL,2020-10-15,55.09
Ireland,IRL,2020-10-16,55.09
Ireland,IRL,2020-10-17,55.09
Ireland,IRL,2020-10-18,55.09
Ireland,IRL,2020-10-19,55.09
Ireland,IRL,2020-10-20,55.09
Ireland,IRL,2020-10-21,81.48
Ireland,IRL,2020-10-22,81.48
Ireland,IRL,2020-10-23,81.48
Ireland,IRL,2020-10-24,81.48
Ireland,IRL,2020-10-25,81.48
Ireland,IRL,2020-10-26,81.48
Ireland,IRL,2020-10-27,81.48
Ireland,IRL,2020-10-28,81.48
Ireland,IRL,2020-10-29,81.48
Ireland,IRL,2020-10-30,81.48
Ireland,IRL,2020-10-31,81.48
Ireland,IRL,2020-11-01,81.48
Ireland,IRL,2020-11-02,81.48
Ireland,IRL,2020-11-03,81.48
Ireland,IRL,2020-11-04,81.48
Ireland,IRL,2020-11-05,81.48
Ireland,IRL,2020-11-06,81.48
Ireland,IRL,2020-11-07,81.48
Ireland,IRL,2020-11-08,81.48
Ireland,IRL,2020-11-09,81.48
Ireland,IRL,2020-11-10,81.48
Ireland,IRL,2020-11-11,81.48
Ireland,IRL,2020-11-12,81.48
Ireland,IRL,2020-11-13,81.48
Ireland,IRL,2020-11-14,81.48
Ireland,IRL,2020-11-15,81.48
Ireland,IRL,2020-11-16,81.48
Ireland,IRL,2020-11-17,81.48
Ireland,IRL,2020-11-18,81.48
Ireland,IRL,2020-11-19,81.48
Ireland,IRL,2020-11-20,81.48
Ireland,IRL,2020-11-21,81.48
Ireland,IRL,2020-11-22,81.48
Ireland,IRL,2020-11-23,81.48
Ireland,IRL,2020-11-24,81.48
Ireland,IRL,2020-11-25,81.48
Ireland,IRL,2020-11-26,81.48
Ireland,IRL,2020-11-27,81.48
Ireland,IRL,2020-11-28,81.48
Ireland,IRL,2020-11-29,81.48
Ireland,IRL,2020-11-30,81.48
Ireland,IRL,2020-12-01,81.48
Ireland,IRL,2020-12-02,81.48
Ireland,IRL,2020-12-03,81.48
Ireland,IRL,2020-12-04,72.22
Ireland,IRL,2020-12-05,72.22
Ireland,IRL,2020-12-06,72.22
Ireland,IRL,2020-12-07,72.22
Ireland,IRL,2020-12-08,72.22
Ireland,IRL,2020-12-09,72.22
Ireland,IRL,2020-12-10,72.22
Ireland,IRL,2020-12-11,72.22
Ireland,IRL,2020-12-12,72.22
Ireland,IRL,2020-12-13,72.22
Ireland,IRL,2020-12-14,72.22
Ireland,IRL,2020-12-15,72.22
Ireland,IRL,2020-12-16,72.22
Ireland,IRL,2020-12-17,72.22
Ireland,IRL,2020-12-18,72.22
Ireland,IRL,2020-12-19,72.22
Ireland,IRL,2020-12-20,72.22
Ireland,IRL,2020-12-21,72.22
Ireland,IRL,2020-12-22,75
Ireland,IRL,2020-12-23,75
Ireland,IRL,2020-12-24,68.52
Ireland,IRL,2020-12-25,68.52
Ireland,IRL,2020-12-26,68.52
Ireland,IRL,2020-12-27,80.56
Ireland,IRL,2020-12-28,80.56
Ireland,IRL,2020-12-29,80.56
Ireland,IRL,2020-12-30,84.26
Ireland,IRL,2020-12-31,84.26
Ireland,IRL,2021-01-01,87.96
Ireland,IRL,2021-01-02,87.96
Ireland,IRL,2021-01-03,87.96
Ireland,IRL,2021-01-04,87.96
Ireland,IRL,2021-01-05,87.96
Ireland,IRL,2021-01-06,87.96
Ireland,IRL,2021-01-07,87.96
Ireland,IRL,2021-01-08,87.96
Ireland,IRL,2021-01-09,85.19
Ireland,IRL,2021-01-10,85.19
Ireland,IRL,2021-01-11,85.19
Ireland,IRL,2021-01-12,85.19
Ireland,IRL,2021-01-13,85.19
Ireland,IRL,2021-01-14,85.19
Ireland,IRL,2021-01-15,85.19
Ireland,IRL,2021-01-16,85.19
Ireland,IRL,2021-01-17,85.19
Ireland,IRL,2021-01-18,85.19
Ireland,IRL,2021-01-19,85.19
Ireland,IRL,2021-01-20,85.19
Ireland,IRL,2021-01-21,85.19
Ireland,IRL,2021-01-22,85.19
Ireland,IRL,2021-01-23,85.19
Ireland,IRL,2021-01-24,85.19
Ireland,IRL,2021-01-25,85.19
Ireland,IRL,2021-01-26,87.96
Ireland,IRL,2021-01-27,87.96
Ireland,IRL,2021-01-28,87.96
Ireland,IRL,2021-01-29,87.96
Ireland,IRL,2021-01-30,87.96
Ireland,IRL,2021-01-31,87.96
Ireland,IRL,2021-02-01,87.96
Ireland,IRL,2021-02-02,87.96
Ireland,IRL,2021-02-03,87.96
Ireland,IRL,2021-02-04,87.96
Ireland,IRL,2021-02-05,87.96
Ireland,IRL,2021-02-06,87.96
Ireland,IRL,2021-02-07,87.96
Ireland,IRL,2021-02-08,87.96
Ireland,IRL,2021-02-09,87.96
Ireland,IRL,2021-02-10,87.96
Ireland,IRL,2021-02-11,87.96
Ireland,IRL,2021-02-12,87.96
Ireland,IRL,2021-02-13,87.96
Ireland,IRL,2021-02-14,87.96
Ireland,IRL,2021-02-15,87.96
Ireland,IRL,2021-02-16,87.96
Ireland,IRL,2021-02-17,87.96
Ireland,IRL,2021-02-18,87.96
Ireland,IRL,2021-02-19,87.96
Ireland,IRL,2021-02-20,87.96
Ireland,IRL,2021-02-21,87.96
Ireland,IRL,2021-02-22,87.96
Ireland,IRL,2021-02-23,87.96
Ireland,IRL,2021-02-24,87.96
Ireland,IRL,2021-02-25,87.96
Ireland,IRL,2021-02-26,87.96
Ireland,IRL,2021-02-27,87.96
Ireland,IRL,2021-02-28,87.96
Ireland,IRL,2021-03-01,84.26
Ireland,IRL,2021-03-02,84.26
Ireland,IRL,2021-03-03,84.26
Ireland,IRL,2021-03-04,84.26
Ireland,IRL,2021-03-05,84.26
Ireland,IRL,2021-03-06,84.26
Ireland,IRL,2021-03-07,84.26
Ireland,IRL,2021-03-08,84.26
Ireland,IRL,2021-03-09,84.26
Israel,ISR,2020-01-01,0
Israel,ISR,2020-01-02,0
Israel,ISR,2020-01-03,0
Israel,ISR,2020-01-04,0
Israel,ISR,2020-01-05,0
Israel,ISR,2020-01-06,0
Israel,ISR,2020-01-07,0
Israel,ISR,2020-01-08,0
Israel,ISR,2020-01-09,0
Israel,ISR,2020-01-10,0
Israel,ISR,2020-01-11,0
Israel,ISR,2020-01-12,0
Israel,ISR,2020-01-13,0
Israel,ISR,2020-01-14,0
Israel,ISR,2020-01-15,0
Israel,ISR,2020-01-16,0
Israel,ISR,2020-01-17,0
Israel,ISR,2020-01-18,0
Israel,ISR,2020-01-19,0
Israel,ISR,2020-01-20,0
Israel,ISR,2020-01-21,0
Israel,ISR,2020-01-22,0
Israel,ISR,2020-01-23,0
Israel,ISR,2020-01-24,0
Israel,ISR,2020-01-25,0
Israel,ISR,2020-01-26,0
Israel,ISR,2020-01-27,2.78
Israel,ISR,2020-01-28,2.78
Israel,ISR,2020-01-29,2.78
Israel,ISR,2020-01-30,2.78
Israel,ISR,2020-01-31,2.78
Israel,ISR,2020-02-01,2.78
Israel,ISR,2020-02-02,13.89
Israel,ISR,2020-02-03,13.89
Israel,ISR,2020-02-04,13.89
Israel,ISR,2020-02-05,13.89
Israel,ISR,2020-02-06,13.89
Israel,ISR,2020-02-07,13.89
Israel,ISR,2020-02-08,13.89
Israel,ISR,2020-02-09,19.44
Israel,ISR,2020-02-10,19.44
Israel,ISR,2020-02-11,19.44
Israel,ISR,2020-02-12,19.44
Israel,ISR,2020-02-13,19.44
Israel,ISR,2020-02-14,19.44
Israel,ISR,2020-02-15,19.44
Israel,ISR,2020-02-16,19.44
Israel,ISR,2020-02-17,19.44
Israel,ISR,2020-02-18,19.44
Israel,ISR,2020-02-19,19.44
Israel,ISR,2020-02-20,19.44
Israel,ISR,2020-02-21,19.44
Israel,ISR,2020-02-22,19.44
Israel,ISR,2020-02-23,19.44
Israel,ISR,2020-02-24,19.44
Israel,ISR,2020-02-25,19.44
Israel,ISR,2020-02-26,19.44
Israel,ISR,2020-02-27,19.44
Israel,ISR,2020-02-28,19.44
Israel,ISR,2020-02-29,19.44
Israel,ISR,2020-03-01,19.44
Israel,ISR,2020-03-02,19.44
Israel,ISR,2020-03-03,19.44
Israel,ISR,2020-03-04,33.33
Israel,ISR,2020-03-05,33.33
Israel,ISR,2020-03-06,33.33
Israel,ISR,2020-03-07,33.33
Israel,ISR,2020-03-08,33.33
Israel,ISR,2020-03-09,33.33
Israel,ISR,2020-03-10,33.33
Israel,ISR,2020-03-11,33.33
Israel,ISR,2020-03-12,41.67
Israel,ISR,2020-03-13,52.78
Israel,ISR,2020-03-14,52.78
Israel,ISR,2020-03-15,62.96
Israel,ISR,2020-03-16,68.52
Israel,ISR,2020-03-17,77.78
Israel,ISR,2020-03-18,77.78
Israel,ISR,2020-03-19,77.78
Israel,ISR,2020-03-20,81.48
Israel,ISR,2020-03-21,81.48
Israel,ISR,2020-03-22,81.48
Israel,ISR,2020-03-23,81.48
Israel,ISR,2020-03-24,81.48
Israel,ISR,2020-03-25,81.48
Israel,ISR,2020-03-26,81.48
Israel,ISR,2020-03-27,81.48
Israel,ISR,2020-03-28,81.48
Israel,ISR,2020-03-29,81.48
Israel,ISR,2020-03-30,81.48
Israel,ISR,2020-03-31,81.48
Israel,ISR,2020-04-01,85.19
Israel,ISR,2020-04-02,85.19
Israel,ISR,2020-04-03,87.96
Israel,ISR,2020-04-04,87.96
Israel,ISR,2020-04-05,87.96
Israel,ISR,2020-04-06,87.96
Israel,ISR,2020-04-07,90.74
Israel,ISR,2020-04-08,94.44
Israel,ISR,2020-04-09,94.44
Israel,ISR,2020-04-10,94.44
Israel,ISR,2020-04-11,91.67
Israel,ISR,2020-04-12,91.67
Israel,ISR,2020-04-13,91.67
Israel,ISR,2020-04-14,94.44
Israel,ISR,2020-04-15,94.44
Israel,ISR,2020-04-16,94.44
Israel,ISR,2020-04-17,91.67
Israel,ISR,2020-04-18,91.67
Israel,ISR,2020-04-19,87.96
Israel,ISR,2020-04-20,87.96
Israel,ISR,2020-04-21,87.96
Israel,ISR,2020-04-22,87.96
Israel,ISR,2020-04-23,87.96
Israel,ISR,2020-04-24,87.96
Israel,ISR,2020-04-25,87.96
Israel,ISR,2020-04-26,84.26
Israel,ISR,2020-04-27,84.26
Israel,ISR,2020-04-28,87.04
Israel,ISR,2020-04-29,87.04
Israel,ISR,2020-04-30,84.26
Israel,ISR,2020-05-01,84.26
Israel,ISR,2020-05-02,84.26
Israel,ISR,2020-05-03,80.56
Israel,ISR,2020-05-04,80.56
Israel,ISR,2020-05-05,77.78
Israel,ISR,2020-05-06,77.78
Israel,ISR,2020-05-07,77.78
Israel,ISR,2020-05-08,77.78
Israel,ISR,2020-05-09,77.78
Israel,ISR,2020-05-10,77.78
Israel,ISR,2020-05-11,77.78
Israel,ISR,2020-05-12,77.78
Israel,ISR,2020-05-13,77.78
Israel,ISR,2020-05-14,77.78
Israel,ISR,2020-05-15,77.78
Israel,ISR,2020-05-16,77.78
Israel,ISR,2020-05-17,77.78
Israel,ISR,2020-05-18,77.78
Israel,ISR,2020-05-19,77.78
Israel,ISR,2020-05-20,75
Israel,ISR,2020-05-21,75
Israel,ISR,2020-05-22,75
Israel,ISR,2020-05-23,75
Israel,ISR,2020-05-24,75
Israel,ISR,2020-05-25,75
Israel,ISR,2020-05-26,75
Israel,ISR,2020-05-27,75
Israel,ISR,2020-05-28,75
Israel,ISR,2020-05-29,75
Israel,ISR,2020-05-30,75
Israel,ISR,2020-05-31,75
Israel,ISR,2020-06-01,75
Israel,ISR,2020-06-02,75
Israel,ISR,2020-06-03,75
Israel,ISR,2020-06-04,75
Israel,ISR,2020-06-05,75
Israel,ISR,2020-06-06,75
Israel,ISR,2020-06-07,75
Israel,ISR,2020-06-08,75
Israel,ISR,2020-06-09,75
Israel,ISR,2020-06-10,75
Israel,ISR,2020-06-11,75
Israel,ISR,2020-06-12,75
Israel,ISR,2020-06-13,75
Israel,ISR,2020-06-14,75
Israel,ISR,2020-06-15,75
Israel,ISR,2020-06-16,75
Israel,ISR,2020-06-17,75
Israel,ISR,2020-06-18,75
Israel,ISR,2020-06-19,75
Israel,ISR,2020-06-20,75
Israel,ISR,2020-06-21,75
Israel,ISR,2020-06-22,75
Israel,ISR,2020-06-23,75
Israel,ISR,2020-06-24,75
Israel,ISR,2020-06-25,75
Israel,ISR,2020-06-26,75
Israel,ISR,2020-06-27,75
Israel,ISR,2020-06-28,75
Israel,ISR,2020-06-29,75
Israel,ISR,2020-06-30,69.44
Israel,ISR,2020-07-01,69.44
Israel,ISR,2020-07-02,69.44
Israel,ISR,2020-07-03,69.44
Israel,ISR,2020-07-04,69.44
Israel,ISR,2020-07-05,69.44
Israel,ISR,2020-07-06,75.93
Israel,ISR,2020-07-07,75.93
Israel,ISR,2020-07-08,75.93
Israel,ISR,2020-07-09,75.93
Israel,ISR,2020-07-10,75.93
Israel,ISR,2020-07-11,75.93
Israel,ISR,2020-07-12,75.93
Israel,ISR,2020-07-13,68.52
Israel,ISR,2020-07-14,68.52
Israel,ISR,2020-07-15,68.52
Israel,ISR,2020-07-16,68.52
Israel,ISR,2020-07-17,68.52
Israel,ISR,2020-07-18,54.63
Israel,ISR,2020-07-19,54.63
Israel,ISR,2020-07-20,54.63
Israel,ISR,2020-07-21,54.63
Israel,ISR,2020-07-22,54.63
Israel,ISR,2020-07-23,54.63
Israel,ISR,2020-07-24,54.63
Israel,ISR,2020-07-25,54.63
Israel,ISR,2020-07-26,54.63
Israel,ISR,2020-07-27,52.78
Israel,ISR,2020-07-28,52.78
Israel,ISR,2020-07-29,52.78
Israel,ISR,2020-07-30,52.78
Israel,ISR,2020-07-31,52.78
Israel,ISR,2020-08-01,52.78
Israel,ISR,2020-08-02,52.78
Israel,ISR,2020-08-03,52.78
Israel,ISR,2020-08-04,52.78
Israel,ISR,2020-08-05,52.78
Israel,ISR,2020-08-06,52.78
Israel,ISR,2020-08-07,43.52
Israel,ISR,2020-08-08,43.52
Israel,ISR,2020-08-09,43.52
Israel,ISR,2020-08-10,43.52
Israel,ISR,2020-08-11,43.52
Israel,ISR,2020-08-12,43.52
Israel,ISR,2020-08-13,43.52
Israel,ISR,2020-08-14,43.52
Israel,ISR,2020-08-15,43.52
Israel,ISR,2020-08-16,37.96
Israel,ISR,2020-08-17,37.96
Israel,ISR,2020-08-18,37.96
Israel,ISR,2020-08-19,37.96
Israel,ISR,2020-08-20,37.96
Israel,ISR,2020-08-21,37.96
Israel,ISR,2020-08-22,37.96
Israel,ISR,2020-08-23,37.96
Israel,ISR,2020-08-24,37.96
Israel,ISR,2020-08-25,37.96
Israel,ISR,2020-08-26,37.96
Israel,ISR,2020-08-27,37.96
Israel,ISR,2020-08-28,37.96
Israel,ISR,2020-08-29,37.96
Israel,ISR,2020-08-30,37.96
Israel,ISR,2020-08-31,37.96
Israel,ISR,2020-09-01,37.96
Israel,ISR,2020-09-02,37.96
Israel,ISR,2020-09-03,37.96
Israel,ISR,2020-09-04,37.96
Israel,ISR,2020-09-05,37.96
Israel,ISR,2020-09-06,37.96
Israel,ISR,2020-09-07,37.96
Israel,ISR,2020-09-08,37.96
Israel,ISR,2020-09-09,37.96
Israel,ISR,2020-09-10,37.96
Israel,ISR,2020-09-11,37.96
Israel,ISR,2020-09-12,37.96
Israel,ISR,2020-09-13,37.96
Israel,ISR,2020-09-14,37.96
Israel,ISR,2020-09-15,37.96
Israel,ISR,2020-09-16,37.96
Israel,ISR,2020-09-17,37.96
Israel,ISR,2020-09-18,81.48
Israel,ISR,2020-09-19,81.48
Israel,ISR,2020-09-20,81.48
Israel,ISR,2020-09-21,81.48
Israel,ISR,2020-09-22,81.48
Israel,ISR,2020-09-23,81.48
Israel,ISR,2020-09-24,81.48
Israel,ISR,2020-09-25,85.19
Israel,ISR,2020-09-26,85.19
Israel,ISR,2020-09-27,85.19
Israel,ISR,2020-09-28,85.19
Israel,ISR,2020-09-29,85.19
Israel,ISR,2020-09-30,85.19
Israel,ISR,2020-10-01,85.19
Israel,ISR,2020-10-02,85.19
Israel,ISR,2020-10-03,85.19
Israel,ISR,2020-10-04,85.19
Israel,ISR,2020-10-05,85.19
Israel,ISR,2020-10-06,85.19
Israel,ISR,2020-10-07,85.19
Israel,ISR,2020-10-08,85.19
Israel,ISR,2020-10-09,85.19
Israel,ISR,2020-10-10,85.19
Israel,ISR,2020-10-11,85.19
Israel,ISR,2020-10-12,85.19
Israel,ISR,2020-10-13,85.19
Israel,ISR,2020-10-14,85.19
Israel,ISR,2020-10-15,85.19
Israel,ISR,2020-10-16,85.19
Israel,ISR,2020-10-17,85.19
Israel,ISR,2020-10-18,85.19
Israel,ISR,2020-10-19,85.19
Israel,ISR,2020-10-20,85.19
Israel,ISR,2020-10-21,85.19
Israel,ISR,2020-10-22,85.19
Israel,ISR,2020-10-23,85.19
Israel,ISR,2020-10-24,85.19
Israel,ISR,2020-10-25,85.19
Israel,ISR,2020-10-26,85.19
Israel,ISR,2020-10-27,85.19
Israel,ISR,2020-10-28,46.3
Israel,ISR,2020-10-29,40.74
Israel,ISR,2020-10-30,40.74
Israel,ISR,2020-10-31,40.74
Israel,ISR,2020-11-01,40.74
Israel,ISR,2020-11-02,40.74
Israel,ISR,2020-11-03,40.74
Israel,ISR,2020-11-04,65.74
Israel,ISR,2020-11-05,65.74
Israel,ISR,2020-11-06,65.74
Israel,ISR,2020-11-07,65.74
Israel,ISR,2020-11-08,65.74
Israel,ISR,2020-11-09,65.74
Israel,ISR,2020-11-10,65.74
Israel,ISR,2020-11-11,65.74
Israel,ISR,2020-11-12,65.74
Israel,ISR,2020-11-13,65.74
Israel,ISR,2020-11-14,65.74
Israel,ISR,2020-11-15,65.74
Israel,ISR,2020-11-16,65.74
Israel,ISR,2020-11-17,65.74
Israel,ISR,2020-11-18,65.74
Israel,ISR,2020-11-19,65.74
Israel,ISR,2020-11-20,65.74
Israel,ISR,2020-11-21,65.74
Israel,ISR,2020-11-22,65.74
Israel,ISR,2020-11-23,65.74
Israel,ISR,2020-11-24,65.74
Israel,ISR,2020-11-25,65.74
Israel,ISR,2020-11-26,65.74
Israel,ISR,2020-11-27,65.74
Israel,ISR,2020-11-28,65.74
Israel,ISR,2020-11-29,65.74
Israel,ISR,2020-11-30,65.74
Israel,ISR,2020-12-01,65.74
Israel,ISR,2020-12-02,65.74
Israel,ISR,2020-12-03,65.74
Israel,ISR,2020-12-04,65.74
Israel,ISR,2020-12-05,65.74
Israel,ISR,2020-12-06,65.74
Israel,ISR,2020-12-07,65.74
Israel,ISR,2020-12-08,65.74
Israel,ISR,2020-12-09,65.74
Israel,ISR,2020-12-10,65.74
Israel,ISR,2020-12-11,65.74
Israel,ISR,2020-12-12,65.74
Israel,ISR,2020-12-13,65.74
Israel,ISR,2020-12-14,65.74
Israel,ISR,2020-12-15,71.3
Israel,ISR,2020-12-16,71.3
Israel,ISR,2020-12-17,71.3
Israel,ISR,2020-12-18,71.3
Israel,ISR,2020-12-19,71.3
Israel,ISR,2020-12-20,71.3
Israel,ISR,2020-12-21,71.3
Israel,ISR,2020-12-22,74.07
Israel,ISR,2020-12-23,74.07
Israel,ISR,2020-12-24,74.07
Israel,ISR,2020-12-25,74.07
Israel,ISR,2020-12-26,74.07
Israel,ISR,2020-12-27,82.41
Israel,ISR,2020-12-28,82.41
Israel,ISR,2020-12-29,82.41
Israel,ISR,2020-12-30,82.41
Israel,ISR,2020-12-31,82.41
Israel,ISR,2021-01-01,82.41
Israel,ISR,2021-01-02,82.41
Israel,ISR,2021-01-03,82.41
Israel,ISR,2021-01-04,82.41
Israel,ISR,2021-01-05,82.41
Israel,ISR,2021-01-06,82.41
Israel,ISR,2021-01-07,85.19
Israel,ISR,2021-01-08,85.19
Israel,ISR,2021-01-09,85.19
Israel,ISR,2021-01-10,85.19
Israel,ISR,2021-01-11,85.19
Israel,ISR,2021-01-12,85.19
Israel,ISR,2021-01-13,85.19
Israel,ISR,2021-01-14,85.19
Israel,ISR,2021-01-15,85.19
Israel,ISR,2021-01-16,85.19
Israel,ISR,2021-01-17,85.19
Israel,ISR,2021-01-18,85.19
Israel,ISR,2021-01-19,85.19
Israel,ISR,2021-01-20,85.19
Israel,ISR,2021-01-21,85.19
Israel,ISR,2021-01-22,85.19
Israel,ISR,2021-01-23,85.19
Israel,ISR,2021-01-24,85.19
Israel,ISR,2021-01-25,85.19
Israel,ISR,2021-01-26,85.19
Israel,ISR,2021-01-27,85.19
Israel,ISR,2021-01-28,85.19
Israel,ISR,2021-01-29,85.19
Israel,ISR,2021-01-30,85.19
Israel,ISR,2021-01-31,87.04
Israel,ISR,2021-02-01,87.04
Israel,ISR,2021-02-02,87.04
Israel,ISR,2021-02-03,87.04
Israel,ISR,2021-02-04,87.04
Israel,ISR,2021-02-05,87.04
Israel,ISR,2021-02-06,87.04
Israel,ISR,2021-02-07,64.81
Israel,ISR,2021-02-08,64.81
Israel,ISR,2021-02-09,64.81
Israel,ISR,2021-02-10,64.81
Israel,ISR,2021-02-11,62.96
Israel,ISR,2021-02-12,62.96
Israel,ISR,2021-02-13,62.96
Israel,ISR,2021-02-14,62.96
Israel,ISR,2021-02-15,62.96
Israel,ISR,2021-02-16,62.96
Israel,ISR,2021-02-17,62.96
Israel,ISR,2021-02-18,62.96
Israel,ISR,2021-02-19,62.96
Israel,ISR,2021-02-20,62.96
Israel,ISR,2021-02-21,57.41
Israel,ISR,2021-02-22,57.41
Israel,ISR,2021-02-23,57.41
Israel,ISR,2021-02-24,57.41
Israel,ISR,2021-02-25,73.15
Israel,ISR,2021-02-26,73.15
Israel,ISR,2021-02-27,73.15
Israel,ISR,2021-02-28,57.41
Israel,ISR,2021-03-01,57.41
Israel,ISR,2021-03-02,57.41
Israel,ISR,2021-03-03,57.41
Israel,ISR,2021-03-04,57.41
Israel,ISR,2021-03-05,57.41
Israel,ISR,2021-03-06,57.41
Israel,ISR,2021-03-07,54.63
Israel,ISR,2021-03-08,54.63
Israel,ISR,2021-03-09,54.63
Israel,ISR,2021-03-10,54.63
Israel,ISR,2021-03-11,54.63
Italy,ITA,2020-01-01,0
Italy,ITA,2020-01-02,0
Italy,ITA,2020-01-03,0
Italy,ITA,2020-01-04,0
Italy,ITA,2020-01-05,0
Italy,ITA,2020-01-06,0
Italy,ITA,2020-01-07,0
Italy,ITA,2020-01-08,0
Italy,ITA,2020-01-09,0
Italy,ITA,2020-01-10,0
Italy,ITA,2020-01-11,0
Italy,ITA,2020-01-12,0
Italy,ITA,2020-01-13,0
Italy,ITA,2020-01-14,0
Italy,ITA,2020-01-15,0
Italy,ITA,2020-01-16,0
Italy,ITA,2020-01-17,0
Italy,ITA,2020-01-18,0
Italy,ITA,2020-01-19,0
Italy,ITA,2020-01-20,0
Italy,ITA,2020-01-21,0
Italy,ITA,2020-01-22,0
Italy,ITA,2020-01-23,2.78
Italy,ITA,2020-01-24,2.78
Italy,ITA,2020-01-25,2.78
Italy,ITA,2020-01-26,2.78
Italy,ITA,2020-01-27,2.78
Italy,ITA,2020-01-28,2.78
Italy,ITA,2020-01-29,2.78
Italy,ITA,2020-01-30,8.33
Italy,ITA,2020-01-31,19.44
Italy,ITA,2020-02-01,19.44
Italy,ITA,2020-02-02,19.44
Italy,ITA,2020-02-03,19.44
Italy,ITA,2020-02-04,19.44
Italy,ITA,2020-02-05,19.44
Italy,ITA,2020-02-06,19.44
Italy,ITA,2020-02-07,19.44
Italy,ITA,2020-02-08,19.44
Italy,ITA,2020-02-09,19.44
Italy,ITA,2020-02-10,19.44
Italy,ITA,2020-02-11,19.44
Italy,ITA,2020-02-12,19.44
Italy,ITA,2020-02-13,19.44
Italy,ITA,2020-02-14,19.44
Italy,ITA,2020-02-15,19.44
Italy,ITA,2020-02-16,19.44
Italy,ITA,2020-02-17,19.44
Italy,ITA,2020-02-18,19.44
Italy,ITA,2020-02-19,19.44
Italy,ITA,2020-02-20,19.44
Italy,ITA,2020-02-21,27.78
Italy,ITA,2020-02-22,37.04
Italy,ITA,2020-02-23,69.91
Italy,ITA,2020-02-24,69.91
Italy,ITA,2020-02-25,69.91
Italy,ITA,2020-02-26,69.91
Italy,ITA,2020-02-27,69.91
Italy,ITA,2020-02-28,69.91
Italy,ITA,2020-02-29,69.91
Italy,ITA,2020-03-01,69.91
Italy,ITA,2020-03-02,69.91
Italy,ITA,2020-03-03,69.91
Italy,ITA,2020-03-04,74.54
Italy,ITA,2020-03-05,74.54
Italy,ITA,2020-03-06,74.54
Italy,ITA,2020-03-07,74.54
Italy,ITA,2020-03-08,74.54
Italy,ITA,2020-03-09,74.54
Italy,ITA,2020-03-10,82.41
Italy,ITA,2020-03-11,85.19
Italy,ITA,2020-03-12,85.19
Italy,ITA,2020-03-13,85.19
Italy,ITA,2020-03-14,85.19
Italy,ITA,2020-03-15,85.19
Italy,ITA,2020-03-16,85.19
Italy,ITA,2020-03-17,85.19
Italy,ITA,2020-03-18,85.19
Italy,ITA,2020-03-19,85.19
Italy,ITA,2020-03-20,91.67
Italy,ITA,2020-03-21,91.67
Italy,ITA,2020-03-22,91.67
Italy,ITA,2020-03-23,91.67
Italy,ITA,2020-03-24,91.67
Italy,ITA,2020-03-25,91.67
Italy,ITA,2020-03-26,91.67
Italy,ITA,2020-03-27,91.67
Italy,ITA,2020-03-28,91.67
Italy,ITA,2020-03-29,91.67
Italy,ITA,2020-03-30,91.67
Italy,ITA,2020-03-31,91.67
Italy,ITA,2020-04-01,91.67
Italy,ITA,2020-04-02,91.67
Italy,ITA,2020-04-03,91.67
Italy,ITA,2020-04-04,91.67
Italy,ITA,2020-04-05,91.67
Italy,ITA,2020-04-06,91.67
Italy,ITA,2020-04-07,91.67
Italy,ITA,2020-04-08,91.67
Italy,ITA,2020-04-09,91.67
Italy,ITA,2020-04-10,87.96
Italy,ITA,2020-04-11,87.96
Italy,ITA,2020-04-12,93.52
Italy,ITA,2020-04-13,93.52
Italy,ITA,2020-04-14,93.52
Italy,ITA,2020-04-15,93.52
Italy,ITA,2020-04-16,93.52
Italy,ITA,2020-04-17,93.52
Italy,ITA,2020-04-18,93.52
Italy,ITA,2020-04-19,93.52
Italy,ITA,2020-04-20,93.52
Italy,ITA,2020-04-21,93.52
Italy,ITA,2020-04-22,93.52
Italy,ITA,2020-04-23,93.52
Italy,ITA,2020-04-24,93.52
Italy,ITA,2020-04-25,93.52
Italy,ITA,2020-04-26,93.52
Italy,ITA,2020-04-27,93.52
Italy,ITA,2020-04-28,93.52
Italy,ITA,2020-04-29,93.52
Italy,ITA,2020-04-30,93.52
Italy,ITA,2020-05-01,93.52
Italy,ITA,2020-05-02,93.52
Italy,ITA,2020-05-03,93.52
Italy,ITA,2020-05-04,62.96
Italy,ITA,2020-05-05,62.96
Italy,ITA,2020-05-06,62.96
Italy,ITA,2020-05-07,62.96
Italy,ITA,2020-05-08,62.96
Italy,ITA,2020-05-09,62.96
Italy,ITA,2020-05-10,62.96
Italy,ITA,2020-05-11,62.96
Italy,ITA,2020-05-12,62.96
Italy,ITA,2020-05-13,62.96
Italy,ITA,2020-05-14,62.96
Italy,ITA,2020-05-15,62.96
Italy,ITA,2020-05-16,66.67
Italy,ITA,2020-05-17,66.67
Italy,ITA,2020-05-18,63.89
Italy,ITA,2020-05-19,63.89
Italy,ITA,2020-05-20,63.89
Italy,ITA,2020-05-21,63.89
Italy,ITA,2020-05-22,63.89
Italy,ITA,2020-05-23,63.89
Italy,ITA,2020-05-24,63.89
Italy,ITA,2020-05-25,63.89
Italy,ITA,2020-05-26,63.89
Italy,ITA,2020-05-27,63.89
Italy,ITA,2020-05-28,63.89
Italy,ITA,2020-05-29,63.89
Italy,ITA,2020-05-30,63.89
Italy,ITA,2020-05-31,63.89
Italy,ITA,2020-06-01,63.89
Italy,ITA,2020-06-02,52.78
Italy,ITA,2020-06-03,44.44
Italy,ITA,2020-06-04,44.44
Italy,ITA,2020-06-05,44.44
Italy,ITA,2020-06-06,44.44
Italy,ITA,2020-06-07,44.44
Italy,ITA,2020-06-08,44.44
Italy,ITA,2020-06-09,44.44
Italy,ITA,2020-06-10,44.44
Italy,ITA,2020-06-11,50
Italy,ITA,2020-06-12,50
Italy,ITA,2020-06-13,50
Italy,ITA,2020-06-14,50
Italy,ITA,2020-06-15,55.56
Italy,ITA,2020-06-16,55.56
Italy,ITA,2020-06-17,55.56
Italy,ITA,2020-06-18,55.56
Italy,ITA,2020-06-19,55.56
Italy,ITA,2020-06-20,55.56
Italy,ITA,2020-06-21,55.56
Italy,ITA,2020-06-22,55.56
Italy,ITA,2020-06-23,55.56
Italy,ITA,2020-06-24,55.56
Italy,ITA,2020-06-25,55.56
Italy,ITA,2020-06-26,55.56
Italy,ITA,2020-06-27,55.56
Italy,ITA,2020-06-28,55.56
Italy,ITA,2020-06-29,55.56
Italy,ITA,2020-06-30,55.56
Italy,ITA,2020-07-01,55.56
Italy,ITA,2020-07-02,55.56
Italy,ITA,2020-07-03,55.56
Italy,ITA,2020-07-04,55.56
Italy,ITA,2020-07-05,55.56
Italy,ITA,2020-07-06,55.56
Italy,ITA,2020-07-07,55.56
Italy,ITA,2020-07-08,55.56
Italy,ITA,2020-07-09,58.33
Italy,ITA,2020-07-10,58.33
Italy,ITA,2020-07-11,58.33
Italy,ITA,2020-07-12,58.33
Italy,ITA,2020-07-13,58.33
Italy,ITA,2020-07-14,58.33
Italy,ITA,2020-07-15,58.33
Italy,ITA,2020-07-16,58.33
Italy,ITA,2020-07-17,58.33
Italy,ITA,2020-07-18,58.33
Italy,ITA,2020-07-19,58.33
Italy,ITA,2020-07-20,58.33
Italy,ITA,2020-07-21,58.33
Italy,ITA,2020-07-22,58.33
Italy,ITA,2020-07-23,58.33
Italy,ITA,2020-07-24,58.33
Italy,ITA,2020-07-25,58.33
Italy,ITA,2020-07-26,58.33
Italy,ITA,2020-07-27,48.15
Italy,ITA,2020-07-28,48.15
Italy,ITA,2020-07-29,48.15
Italy,ITA,2020-07-30,48.15
Italy,ITA,2020-07-31,48.15
Italy,ITA,2020-08-01,48.15
Italy,ITA,2020-08-02,48.15
Italy,ITA,2020-08-03,48.15
Italy,ITA,2020-08-04,48.15
Italy,ITA,2020-08-05,48.15
Italy,ITA,2020-08-06,48.15
Italy,ITA,2020-08-07,48.15
Italy,ITA,2020-08-08,50.93
Italy,ITA,2020-08-09,50.93
Italy,ITA,2020-08-10,50.93
Italy,ITA,2020-08-11,50.93
Italy,ITA,2020-08-12,50.93
Italy,ITA,2020-08-13,50.93
Italy,ITA,2020-08-14,50.93
Italy,ITA,2020-08-15,50.93
Italy,ITA,2020-08-16,50.93
Italy,ITA,2020-08-17,54.63
Italy,ITA,2020-08-18,54.63
Italy,ITA,2020-08-19,54.63
Italy,ITA,2020-08-20,54.63
Italy,ITA,2020-08-21,54.63
Italy,ITA,2020-08-22,54.63
Italy,ITA,2020-08-23,54.63
Italy,ITA,2020-08-24,54.63
Italy,ITA,2020-08-25,54.63
Italy,ITA,2020-08-26,54.63
Italy,ITA,2020-08-27,54.63
Italy,ITA,2020-08-28,54.63
Italy,ITA,2020-08-29,54.63
Italy,ITA,2020-08-30,54.63
Italy,ITA,2020-08-31,54.63
Italy,ITA,2020-09-01,54.63
Italy,ITA,2020-09-02,54.63
Italy,ITA,2020-09-03,54.63
Italy,ITA,2020-09-04,54.63
Italy,ITA,2020-09-05,54.63
Italy,ITA,2020-09-06,54.63
Italy,ITA,2020-09-07,54.63
Italy,ITA,2020-09-08,54.63
Italy,ITA,2020-09-09,54.63
Italy,ITA,2020-09-10,54.63
Italy,ITA,2020-09-11,54.63
Italy,ITA,2020-09-12,54.63
Italy,ITA,2020-09-13,54.63
Italy,ITA,2020-09-14,47.22
Italy,ITA,2020-09-15,47.22
Italy,ITA,2020-09-16,47.22
Italy,ITA,2020-09-17,47.22
Italy,ITA,2020-09-18,47.22
Italy,ITA,2020-09-19,47.22
Italy,ITA,2020-09-20,47.22
Italy,ITA,2020-09-21,47.22
Italy,ITA,2020-09-22,47.22
Italy,ITA,2020-09-23,47.22
Italy,ITA,2020-09-24,47.22
Italy,ITA,2020-09-25,47.22
Italy,ITA,2020-09-26,47.22
Italy,ITA,2020-09-27,47.22
Italy,ITA,2020-09-28,47.22
Italy,ITA,2020-09-29,47.22
Italy,ITA,2020-09-30,47.22
Italy,ITA,2020-10-01,47.22
Italy,ITA,2020-10-02,47.22
Italy,ITA,2020-10-03,47.22
Italy,ITA,2020-10-04,47.22
Italy,ITA,2020-10-05,47.22
Italy,ITA,2020-10-06,55.56
Italy,ITA,2020-10-07,55.56
Italy,ITA,2020-10-08,55.56
Italy,ITA,2020-10-09,55.56
Italy,ITA,2020-10-10,55.56
Italy,ITA,2020-10-11,55.56
Italy,ITA,2020-10-12,55.56
Italy,ITA,2020-10-13,55.56
Italy,ITA,2020-10-14,50
Italy,ITA,2020-10-15,50
Italy,ITA,2020-10-16,50
Italy,ITA,2020-10-17,50
Italy,ITA,2020-10-18,50
Italy,ITA,2020-10-19,50
Italy,ITA,2020-10-20,50
Italy,ITA,2020-10-21,50
Italy,ITA,2020-10-22,50
Italy,ITA,2020-10-23,68.52
Italy,ITA,2020-10-24,66.67
Italy,ITA,2020-10-25,66.67
Italy,ITA,2020-10-26,66.67
Italy,ITA,2020-10-27,66.67
Italy,ITA,2020-10-28,66.67
Italy,ITA,2020-10-29,66.67
Italy,ITA,2020-10-30,66.67
Italy,ITA,2020-10-31,66.67
Italy,ITA,2020-11-01,66.67
Italy,ITA,2020-11-02,66.67
Italy,ITA,2020-11-03,66.67
Italy,ITA,2020-11-04,66.67
Italy,ITA,2020-11-05,66.67
Italy,ITA,2020-11-06,76.85
Italy,ITA,2020-11-07,76.85
Italy,ITA,2020-11-08,76.85
Italy,ITA,2020-11-09,76.85
Italy,ITA,2020-11-10,79.63
Italy,ITA,2020-11-11,79.63
Italy,ITA,2020-11-12,79.63
Italy,ITA,2020-11-13,79.63
Italy,ITA,2020-11-14,79.63
Italy,ITA,2020-11-15,79.63
Italy,ITA,2020-11-16,79.63
Italy,ITA,2020-11-17,79.63
Italy,ITA,2020-11-18,79.63
Italy,ITA,2020-11-19,79.63
Italy,ITA,2020-11-20,79.63
Italy,ITA,2020-11-21,79.63
Italy,ITA,2020-11-22,79.63
Italy,ITA,2020-11-23,79.63
Italy,ITA,2020-11-24,79.63
Italy,ITA,2020-11-25,79.63
Italy,ITA,2020-11-26,79.63
Italy,ITA,2020-11-27,79.63
Italy,ITA,2020-11-28,79.63
Italy,ITA,2020-11-29,79.63
Italy,ITA,2020-11-30,79.63
Italy,ITA,2020-12-01,79.63
Italy,ITA,2020-12-02,79.63
Italy,ITA,2020-12-03,79.63
Italy,ITA,2020-12-04,79.63
Italy,ITA,2020-12-05,79.63
Italy,ITA,2020-12-06,79.63
Italy,ITA,2020-12-07,79.63
Italy,ITA,2020-12-08,79.63
Italy,ITA,2020-12-09,79.63
Italy,ITA,2020-12-10,79.63
Italy,ITA,2020-12-11,79.63
Italy,ITA,2020-12-12,79.63
Italy,ITA,2020-12-13,79.63
Italy,ITA,2020-12-14,79.63
Italy,ITA,2020-12-15,79.63
Italy,ITA,2020-12-16,79.63
Italy,ITA,2020-12-17,79.63
Italy,ITA,2020-12-18,79.63
Italy,ITA,2020-12-19,79.63
Italy,ITA,2020-12-20,79.63
Italy,ITA,2020-12-21,79.63
Italy,ITA,2020-12-22,79.63
Italy,ITA,2020-12-23,79.63
Italy,ITA,2020-12-24,84.26
Italy,ITA,2020-12-25,84.26
Italy,ITA,2020-12-26,84.26
Italy,ITA,2020-12-27,84.26
Italy,ITA,2020-12-28,80.56
Italy,ITA,2020-12-29,80.56
Italy,ITA,2020-12-30,80.56
Italy,ITA,2020-12-31,84.26
Italy,ITA,2021-01-01,84.26
Italy,ITA,2021-01-02,84.26
Italy,ITA,2021-01-03,84.26
Italy,ITA,2021-01-04,84.26
Italy,ITA,2021-01-05,84.26
Italy,ITA,2021-01-06,84.26
Italy,ITA,2021-01-07,80.56
Italy,ITA,2021-01-08,80.56
Italy,ITA,2021-01-09,80.56
Italy,ITA,2021-01-10,80.56
Italy,ITA,2021-01-11,78.7
Italy,ITA,2021-01-12,78.7
Italy,ITA,2021-01-13,78.7
Italy,ITA,2021-01-14,78.7
Italy,ITA,2021-01-15,78.7
Italy,ITA,2021-01-16,78.7
Italy,ITA,2021-01-17,78.7
Italy,ITA,2021-01-18,78.7
Italy,ITA,2021-01-19,78.7
Italy,ITA,2021-01-20,78.7
Italy,ITA,2021-01-21,78.7
Italy,ITA,2021-01-22,78.7
Italy,ITA,2021-01-23,78.7
Italy,ITA,2021-01-24,78.7
Italy,ITA,2021-01-25,78.7
Italy,ITA,2021-01-26,78.7
Italy,ITA,2021-01-27,78.7
Italy,ITA,2021-01-28,78.7
Italy,ITA,2021-01-29,78.7
Italy,ITA,2021-01-30,78.7
Italy,ITA,2021-01-31,78.7
Italy,ITA,2021-02-01,78.7
Italy,ITA,2021-02-02,78.7
Italy,ITA,2021-02-03,78.7
Italy,ITA,2021-02-04,78.7
Italy,ITA,2021-02-05,78.7
Italy,ITA,2021-02-06,78.7
Italy,ITA,2021-02-07,78.7
Italy,ITA,2021-02-08,78.7
Italy,ITA,2021-02-09,78.7
Italy,ITA,2021-02-10,78.7
Italy,ITA,2021-02-11,78.7
Italy,ITA,2021-02-12,78.7
Italy,ITA,2021-02-13,78.7
Italy,ITA,2021-02-14,78.7
Italy,ITA,2021-02-15,82.41
Italy,ITA,2021-02-16,82.41
Italy,ITA,2021-02-17,82.41
Italy,ITA,2021-02-18,82.41
Italy,ITA,2021-02-19,82.41
Italy,ITA,2021-02-20,82.41
Italy,ITA,2021-02-21,82.41
Italy,ITA,2021-02-22,82.41
Italy,ITA,2021-02-23,82.41
Italy,ITA,2021-02-24,82.41
Italy,ITA,2021-02-25,82.41
Italy,ITA,2021-02-26,82.41
Italy,ITA,2021-02-27,82.41
Italy,ITA,2021-02-28,82.41
Italy,ITA,2021-03-01,82.41
Italy,ITA,2021-03-02,82.41
Italy,ITA,2021-03-03,82.41
Italy,ITA,2021-03-04,82.41
Italy,ITA,2021-03-05,82.41
Italy,ITA,2021-03-06,84.26
Italy,ITA,2021-03-07,84.26
Italy,ITA,2021-03-08,84.26
Jamaica,JAM,2020-01-01,0
Jamaica,JAM,2020-01-02,0
Jamaica,JAM,2020-01-03,0
Jamaica,JAM,2020-01-04,0
Jamaica,JAM,2020-01-05,0
Jamaica,JAM,2020-01-06,0
Jamaica,JAM,2020-01-07,0
Jamaica,JAM,2020-01-08,0
Jamaica,JAM,2020-01-09,0
Jamaica,JAM,2020-01-10,0
Jamaica,JAM,2020-01-11,0
Jamaica,JAM,2020-01-12,0
Jamaica,JAM,2020-01-13,0
Jamaica,JAM,2020-01-14,0
Jamaica,JAM,2020-01-15,0
Jamaica,JAM,2020-01-16,0
Jamaica,JAM,2020-01-17,0
Jamaica,JAM,2020-01-18,0
Jamaica,JAM,2020-01-19,0
Jamaica,JAM,2020-01-20,0
Jamaica,JAM,2020-01-21,0
Jamaica,JAM,2020-01-22,0
Jamaica,JAM,2020-01-23,0
Jamaica,JAM,2020-01-24,0
Jamaica,JAM,2020-01-25,0
Jamaica,JAM,2020-01-26,0
Jamaica,JAM,2020-01-27,0
Jamaica,JAM,2020-01-28,0
Jamaica,JAM,2020-01-29,0
Jamaica,JAM,2020-01-30,0
Jamaica,JAM,2020-01-31,8.33
Jamaica,JAM,2020-02-01,8.33
Jamaica,JAM,2020-02-02,8.33
Jamaica,JAM,2020-02-03,8.33
Jamaica,JAM,2020-02-04,8.33
Jamaica,JAM,2020-02-05,19.44
Jamaica,JAM,2020-02-06,19.44
Jamaica,JAM,2020-02-07,19.44
Jamaica,JAM,2020-02-08,19.44
Jamaica,JAM,2020-02-09,19.44
Jamaica,JAM,2020-02-10,19.44
Jamaica,JAM,2020-02-11,19.44
Jamaica,JAM,2020-02-12,19.44
Jamaica,JAM,2020-02-13,19.44
Jamaica,JAM,2020-02-14,19.44
Jamaica,JAM,2020-02-15,19.44
Jamaica,JAM,2020-02-16,19.44
Jamaica,JAM,2020-02-17,19.44
Jamaica,JAM,2020-02-18,19.44
Jamaica,JAM,2020-02-19,19.44
Jamaica,JAM,2020-02-20,19.44
Jamaica,JAM,2020-02-21,19.44
Jamaica,JAM,2020-02-22,19.44
Jamaica,JAM,2020-02-23,19.44
Jamaica,JAM,2020-02-24,19.44
Jamaica,JAM,2020-02-25,19.44
Jamaica,JAM,2020-02-26,19.44
Jamaica,JAM,2020-02-27,19.44
Jamaica,JAM,2020-02-28,19.44
Jamaica,JAM,2020-02-29,19.44
Jamaica,JAM,2020-03-01,19.44
Jamaica,JAM,2020-03-02,19.44
Jamaica,JAM,2020-03-03,19.44
Jamaica,JAM,2020-03-04,19.44
Jamaica,JAM,2020-03-05,19.44
Jamaica,JAM,2020-03-06,19.44
Jamaica,JAM,2020-03-07,19.44
Jamaica,JAM,2020-03-08,19.44
Jamaica,JAM,2020-03-09,19.44
Jamaica,JAM,2020-03-10,25
Jamaica,JAM,2020-03-11,30.56
Jamaica,JAM,2020-03-12,30.56
Jamaica,JAM,2020-03-13,59.26
Jamaica,JAM,2020-03-14,59.26
Jamaica,JAM,2020-03-15,59.26
Jamaica,JAM,2020-03-16,59.26
Jamaica,JAM,2020-03-17,59.26
Jamaica,JAM,2020-03-18,71.3
Jamaica,JAM,2020-03-19,71.3
Jamaica,JAM,2020-03-20,71.3
Jamaica,JAM,2020-03-21,74.07
Jamaica,JAM,2020-03-22,74.07
Jamaica,JAM,2020-03-23,74.07
Jamaica,JAM,2020-03-24,74.07
Jamaica,JAM,2020-03-25,75
Jamaica,JAM,2020-03-26,75
Jamaica,JAM,2020-03-27,75
Jamaica,JAM,2020-03-28,75
Jamaica,JAM,2020-03-29,75
Jamaica,JAM,2020-03-30,75
Jamaica,JAM,2020-03-31,75
Jamaica,JAM,2020-04-01,78.7
Jamaica,JAM,2020-04-02,78.7
Jamaica,JAM,2020-04-03,78.7
Jamaica,JAM,2020-04-04,78.7
Jamaica,JAM,2020-04-05,78.7
Jamaica,JAM,2020-04-06,78.7
Jamaica,JAM,2020-04-07,78.7
Jamaica,JAM,2020-04-08,78.7
Jamaica,JAM,2020-04-09,78.7
Jamaica,JAM,2020-04-10,78.7
Jamaica,JAM,2020-04-11,78.7
Jamaica,JAM,2020-04-12,78.7
Jamaica,JAM,2020-04-13,78.7
Jamaica,JAM,2020-04-14,78.7
Jamaica,JAM,2020-04-15,80.56
Jamaica,JAM,2020-04-16,80.56
Jamaica,JAM,2020-04-17,80.56
Jamaica,JAM,2020-04-18,80.56
Jamaica,JAM,2020-04-19,80.56
Jamaica,JAM,2020-04-20,80.56
Jamaica,JAM,2020-04-21,80.56
Jamaica,JAM,2020-04-22,87.04
Jamaica,JAM,2020-04-23,87.04
Jamaica,JAM,2020-04-24,87.04
Jamaica,JAM,2020-04-25,87.04
Jamaica,JAM,2020-04-26,87.04
Jamaica,JAM,2020-04-27,87.04
Jamaica,JAM,2020-04-28,87.04
Jamaica,JAM,2020-04-29,87.04
Jamaica,JAM,2020-04-30,87.04
Jamaica,JAM,2020-05-01,87.04
Jamaica,JAM,2020-05-02,87.04
Jamaica,JAM,2020-05-03,87.04
Jamaica,JAM,2020-05-04,87.04
Jamaica,JAM,2020-05-05,87.04
Jamaica,JAM,2020-05-06,87.04
Jamaica,JAM,2020-05-07,87.04
Jamaica,JAM,2020-05-08,87.04
Jamaica,JAM,2020-05-09,87.04
Jamaica,JAM,2020-05-10,87.04
Jamaica,JAM,2020-05-11,87.04
Jamaica,JAM,2020-05-12,87.04
Jamaica,JAM,2020-05-13,87.04
Jamaica,JAM,2020-05-14,87.04
Jamaica,JAM,2020-05-15,87.04
Jamaica,JAM,2020-05-16,87.04
Jamaica,JAM,2020-05-17,87.04
Jamaica,JAM,2020-05-18,87.04
Jamaica,JAM,2020-05-19,87.04
Jamaica,JAM,2020-05-20,87.04
Jamaica,JAM,2020-05-21,87.04
Jamaica,JAM,2020-05-22,87.04
Jamaica,JAM,2020-05-23,87.04
Jamaica,JAM,2020-05-24,87.04
Jamaica,JAM,2020-05-25,87.04
Jamaica,JAM,2020-05-26,87.04
Jamaica,JAM,2020-05-27,87.04
Jamaica,JAM,2020-05-28,87.04
Jamaica,JAM,2020-05-29,87.04
Jamaica,JAM,2020-05-30,87.04
Jamaica,JAM,2020-05-31,84.26
Jamaica,JAM,2020-06-01,80.56
Jamaica,JAM,2020-06-02,76.85
Jamaica,JAM,2020-06-03,76.85
Jamaica,JAM,2020-06-04,76.85
Jamaica,JAM,2020-06-05,76.85
Jamaica,JAM,2020-06-06,76.85
Jamaica,JAM,2020-06-07,76.85
Jamaica,JAM,2020-06-08,73.15
Jamaica,JAM,2020-06-09,73.15
Jamaica,JAM,2020-06-10,73.15
Jamaica,JAM,2020-06-11,73.15
Jamaica,JAM,2020-06-12,73.15
Jamaica,JAM,2020-06-13,73.15
Jamaica,JAM,2020-06-14,73.15
Jamaica,JAM,2020-06-15,64.81
Jamaica,JAM,2020-06-16,64.81
Jamaica,JAM,2020-06-17,64.81
Jamaica,JAM,2020-06-18,64.81
Jamaica,JAM,2020-06-19,64.81
Jamaica,JAM,2020-06-20,64.81
Jamaica,JAM,2020-06-21,64.81
Jamaica,JAM,2020-06-22,64.81
Jamaica,JAM,2020-06-23,64.81
Jamaica,JAM,2020-06-24,64.81
Jamaica,JAM,2020-06-25,64.81
Jamaica,JAM,2020-06-26,64.81
Jamaica,JAM,2020-06-27,64.81
Jamaica,JAM,2020-06-28,64.81
Jamaica,JAM,2020-06-29,64.81
Jamaica,JAM,2020-06-30,64.81
Jamaica,JAM,2020-07-01,64.81
Jamaica,JAM,2020-07-02,64.81
Jamaica,JAM,2020-07-03,68.52
Jamaica,JAM,2020-07-04,68.52
Jamaica,JAM,2020-07-05,68.52
Jamaica,JAM,2020-07-06,68.52
Jamaica,JAM,2020-07-07,68.52
Jamaica,JAM,2020-07-08,68.52
Jamaica,JAM,2020-07-09,68.52
Jamaica,JAM,2020-07-10,68.52
Jamaica,JAM,2020-07-11,68.52
Jamaica,JAM,2020-07-12,68.52
Jamaica,JAM,2020-07-13,68.52
Jamaica,JAM,2020-07-14,68.52
Jamaica,JAM,2020-07-15,68.52
Jamaica,JAM,2020-07-16,68.52
Jamaica,JAM,2020-07-17,68.52
Jamaica,JAM,2020-07-18,68.52
Jamaica,JAM,2020-07-19,68.52
Jamaica,JAM,2020-07-20,68.52
Jamaica,JAM,2020-07-21,68.52
Jamaica,JAM,2020-07-22,68.52
Jamaica,JAM,2020-07-23,68.52
Jamaica,JAM,2020-07-24,68.52
Jamaica,JAM,2020-07-25,68.52
Jamaica,JAM,2020-07-26,68.52
Jamaica,JAM,2020-07-27,68.52
Jamaica,JAM,2020-07-28,68.52
Jamaica,JAM,2020-07-29,68.52
Jamaica,JAM,2020-07-30,68.52
Jamaica,JAM,2020-07-31,68.52
Jamaica,JAM,2020-08-01,68.52
Jamaica,JAM,2020-08-02,68.52
Jamaica,JAM,2020-08-03,68.52
Jamaica,JAM,2020-08-04,68.52
Jamaica,JAM,2020-08-05,68.52
Jamaica,JAM,2020-08-06,68.52
Jamaica,JAM,2020-08-07,71.3
Jamaica,JAM,2020-08-08,71.3
Jamaica,JAM,2020-08-09,71.3
Jamaica,JAM,2020-08-10,71.3
Jamaica,JAM,2020-08-11,71.3
Jamaica,JAM,2020-08-12,71.3
Jamaica,JAM,2020-08-13,73.15
Jamaica,JAM,2020-08-14,73.15
Jamaica,JAM,2020-08-15,73.15
Jamaica,JAM,2020-08-16,73.15
Jamaica,JAM,2020-08-17,73.15
Jamaica,JAM,2020-08-18,73.15
Jamaica,JAM,2020-08-19,73.15
Jamaica,JAM,2020-08-20,73.15
Jamaica,JAM,2020-08-21,73.15
Jamaica,JAM,2020-08-22,73.15
Jamaica,JAM,2020-08-23,73.15
Jamaica,JAM,2020-08-24,73.15
Jamaica,JAM,2020-08-25,78.7
Jamaica,JAM,2020-08-26,78.7
Jamaica,JAM,2020-08-27,78.7
Jamaica,JAM,2020-08-28,78.7
Jamaica,JAM,2020-08-29,78.7
Jamaica,JAM,2020-08-30,78.7
Jamaica,JAM,2020-08-31,78.7
Jamaica,JAM,2020-09-01,78.7
Jamaica,JAM,2020-09-02,78.7
Jamaica,JAM,2020-09-03,78.7
Jamaica,JAM,2020-09-04,78.7
Jamaica,JAM,2020-09-05,78.7
Jamaica,JAM,2020-09-06,78.7
Jamaica,JAM,2020-09-07,75
Jamaica,JAM,2020-09-08,75
Jamaica,JAM,2020-09-09,75
Jamaica,JAM,2020-09-10,75
Jamaica,JAM,2020-09-11,75
Jamaica,JAM,2020-09-12,75
Jamaica,JAM,2020-09-13,75
Jamaica,JAM,2020-09-14,75
Jamaica,JAM,2020-09-15,75
Jamaica,JAM,2020-09-16,75
Jamaica,JAM,2020-09-17,75
Jamaica,JAM,2020-09-18,75
Jamaica,JAM,2020-09-19,75
Jamaica,JAM,2020-09-20,75
Jamaica,JAM,2020-09-21,75
Jamaica,JAM,2020-09-22,75
Jamaica,JAM,2020-09-23,75
Jamaica,JAM,2020-09-24,75
Jamaica,JAM,2020-09-25,75
Jamaica,JAM,2020-09-26,75
Jamaica,JAM,2020-09-27,75
Jamaica,JAM,2020-09-28,75
Jamaica,JAM,2020-09-29,75
Jamaica,JAM,2020-09-30,75
Jamaica,JAM,2020-10-01,75
Jamaica,JAM,2020-10-02,75
Jamaica,JAM,2020-10-03,75
Jamaica,JAM,2020-10-04,75
Jamaica,JAM,2020-10-05,75
Jamaica,JAM,2020-10-06,75
Jamaica,JAM,2020-10-07,75
Jamaica,JAM,2020-10-08,75
Jamaica,JAM,2020-10-09,75
Jamaica,JAM,2020-10-10,75
Jamaica,JAM,2020-10-11,75
Jamaica,JAM,2020-10-12,75
Jamaica,JAM,2020-10-13,71.3
Jamaica,JAM,2020-10-14,71.3
Jamaica,JAM,2020-10-15,71.3
Jamaica,JAM,2020-10-16,71.3
Jamaica,JAM,2020-10-17,71.3
Jamaica,JAM,2020-10-18,71.3
Jamaica,JAM,2020-10-19,71.3
Jamaica,JAM,2020-10-20,71.3
Jamaica,JAM,2020-10-21,71.3
Jamaica,JAM,2020-10-22,60.19
Jamaica,JAM,2020-10-23,71.3
Jamaica,JAM,2020-10-24,71.3
Jamaica,JAM,2020-10-25,71.3
Jamaica,JAM,2020-10-26,71.3
Jamaica,JAM,2020-10-27,71.3
Jamaica,JAM,2020-10-28,71.3
Jamaica,JAM,2020-10-29,71.3
Jamaica,JAM,2020-10-30,71.3
Jamaica,JAM,2020-10-31,71.3
Jamaica,JAM,2020-11-01,71.3
Jamaica,JAM,2020-11-02,71.3
Jamaica,JAM,2020-11-03,71.3
Jamaica,JAM,2020-11-04,71.3
Jamaica,JAM,2020-11-05,71.3
Jamaica,JAM,2020-11-06,71.3
Jamaica,JAM,2020-11-07,71.3
Jamaica,JAM,2020-11-08,71.3
Jamaica,JAM,2020-11-09,71.3
Jamaica,JAM,2020-11-10,71.3
Jamaica,JAM,2020-11-11,71.3
Jamaica,JAM,2020-11-12,71.3
Jamaica,JAM,2020-11-13,71.3
Jamaica,JAM,2020-11-14,71.3
Jamaica,JAM,2020-11-15,71.3
Jamaica,JAM,2020-11-16,71.3
Jamaica,JAM,2020-11-17,71.3
Jamaica,JAM,2020-11-18,71.3
Jamaica,JAM,2020-11-19,71.3
Jamaica,JAM,2020-11-20,71.3
Jamaica,JAM,2020-11-21,71.3
Jamaica,JAM,2020-11-22,71.3
Jamaica,JAM,2020-11-23,71.3
Jamaica,JAM,2020-11-24,71.3
Jamaica,JAM,2020-11-25,71.3
Jamaica,JAM,2020-11-26,71.3
Jamaica,JAM,2020-11-27,71.3
Jamaica,JAM,2020-11-28,71.3
Jamaica,JAM,2020-11-29,71.3
Jamaica,JAM,2020-11-30,71.3
Jamaica,JAM,2020-12-01,71.3
Jamaica,JAM,2020-12-02,71.3
Jamaica,JAM,2020-12-03,71.3
Jamaica,JAM,2020-12-04,71.3
Jamaica,JAM,2020-12-05,71.3
Jamaica,JAM,2020-12-06,71.3
Jamaica,JAM,2020-12-07,71.3
Jamaica,JAM,2020-12-08,71.3
Jamaica,JAM,2020-12-09,71.3
Jamaica,JAM,2020-12-10,71.3
Jamaica,JAM,2020-12-11,71.3
Jamaica,JAM,2020-12-12,71.3
Jamaica,JAM,2020-12-13,71.3
Jamaica,JAM,2020-12-14,71.3
Jamaica,JAM,2020-12-15,71.3
Jamaica,JAM,2020-12-16,71.3
Jamaica,JAM,2020-12-17,71.3
Jamaica,JAM,2020-12-18,71.3
Jamaica,JAM,2020-12-19,71.3
Jamaica,JAM,2020-12-20,71.3
Jamaica,JAM,2020-12-21,71.3
Jamaica,JAM,2020-12-22,71.3
Jamaica,JAM,2020-12-23,71.3
Jamaica,JAM,2020-12-24,71.3
Jamaica,JAM,2020-12-25,71.3
Jamaica,JAM,2020-12-26,71.3
Jamaica,JAM,2020-12-27,71.3
Jamaica,JAM,2020-12-28,71.3
Jamaica,JAM,2020-12-29,71.3
Jamaica,JAM,2020-12-30,71.3
Jamaica,JAM,2020-12-31,71.3
Jamaica,JAM,2021-01-01,71.3
Jamaica,JAM,2021-01-02,71.3
Jamaica,JAM,2021-01-03,71.3
Jamaica,JAM,2021-01-04,67.59
Jamaica,JAM,2021-01-05,71.3
Jamaica,JAM,2021-01-06,71.3
Jamaica,JAM,2021-01-07,71.3
Jamaica,JAM,2021-01-08,71.3
Jamaica,JAM,2021-01-09,71.3
Jamaica,JAM,2021-01-10,71.3
Jamaica,JAM,2021-01-11,71.3
Jamaica,JAM,2021-01-12,71.3
Jamaica,JAM,2021-01-13,71.3
Jamaica,JAM,2021-01-14,71.3
Jamaica,JAM,2021-01-15,71.3
Jamaica,JAM,2021-01-16,71.3
Jamaica,JAM,2021-01-17,71.3
Jamaica,JAM,2021-01-18,71.3
Jamaica,JAM,2021-01-19,71.3
Jamaica,JAM,2021-01-20,71.3
Jamaica,JAM,2021-01-21,71.3
Jamaica,JAM,2021-01-22,71.3
Jamaica,JAM,2021-01-23,71.3
Jamaica,JAM,2021-01-24,71.3
Jamaica,JAM,2021-01-25,71.3
Jamaica,JAM,2021-01-26,71.3
Jamaica,JAM,2021-01-27,71.3
Jamaica,JAM,2021-01-28,71.3
Jamaica,JAM,2021-01-29,71.3
Jamaica,JAM,2021-01-30,71.3
Jamaica,JAM,2021-01-31,71.3
Jamaica,JAM,2021-02-01,56.48
Jamaica,JAM,2021-02-02,56.48
Jamaica,JAM,2021-02-03,56.48
Jamaica,JAM,2021-02-04,56.48
Jamaica,JAM,2021-02-05,56.48
Jamaica,JAM,2021-02-06,74.07
Jamaica,JAM,2021-02-07,74.07
Jamaica,JAM,2021-02-08,74.07
Jamaica,JAM,2021-02-09,74.07
Jamaica,JAM,2021-02-10,74.07
Jamaica,JAM,2021-02-11,74.07
Jamaica,JAM,2021-02-12,74.07
Jamaica,JAM,2021-02-13,74.07
Jamaica,JAM,2021-02-14,74.07
Jamaica,JAM,2021-02-15,74.07
Jamaica,JAM,2021-02-16,74.07
Jamaica,JAM,2021-02-17,74.07
Jamaica,JAM,2021-02-18,74.07
Jamaica,JAM,2021-02-19,74.07
Jamaica,JAM,2021-02-20,74.07
Jamaica,JAM,2021-02-21,74.07
Jamaica,JAM,2021-02-22,74.07
Jamaica,JAM,2021-02-23,74.07
Jamaica,JAM,2021-02-24,74.07
Jamaica,JAM,2021-02-25,74.07
Jamaica,JAM,2021-02-26,74.07
Jamaica,JAM,2021-02-27,74.07
Jamaica,JAM,2021-02-28,74.07
Jamaica,JAM,2021-03-01,74.07
Jamaica,JAM,2021-03-02,74.07
Jamaica,JAM,2021-03-03,74.07
Jamaica,JAM,2021-03-04,74.07
Jamaica,JAM,2021-03-05,74.07
Japan,JPN,2020-01-01,0
Japan,JPN,2020-01-02,0
Japan,JPN,2020-01-03,0
Japan,JPN,2020-01-04,0
Japan,JPN,2020-01-05,0
Japan,JPN,2020-01-06,0
Japan,JPN,2020-01-07,2.78
Japan,JPN,2020-01-08,2.78
Japan,JPN,2020-01-09,2.78
Japan,JPN,2020-01-10,2.78
Japan,JPN,2020-01-11,2.78
Japan,JPN,2020-01-12,2.78
Japan,JPN,2020-01-13,2.78
Japan,JPN,2020-01-14,2.78
Japan,JPN,2020-01-15,2.78
Japan,JPN,2020-01-16,2.78
Japan,JPN,2020-01-17,2.78
Japan,JPN,2020-01-18,2.78
Japan,JPN,2020-01-19,2.78
Japan,JPN,2020-01-20,2.78
Japan,JPN,2020-01-21,2.78
Japan,JPN,2020-01-22,2.78
Japan,JPN,2020-01-23,2.78
Japan,JPN,2020-01-24,2.78
Japan,JPN,2020-01-25,2.78
Japan,JPN,2020-01-26,2.78
Japan,JPN,2020-01-27,2.78
Japan,JPN,2020-01-28,2.78
Japan,JPN,2020-01-29,2.78
Japan,JPN,2020-01-30,2.78
Japan,JPN,2020-01-31,2.78
Japan,JPN,2020-02-01,8.33
Japan,JPN,2020-02-02,8.33
Japan,JPN,2020-02-03,8.33
Japan,JPN,2020-02-04,19.44
Japan,JPN,2020-02-05,19.44
Japan,JPN,2020-02-06,19.44
Japan,JPN,2020-02-07,19.44
Japan,JPN,2020-02-08,19.44
Japan,JPN,2020-02-09,19.44
Japan,JPN,2020-02-10,19.44
Japan,JPN,2020-02-11,19.44
Japan,JPN,2020-02-12,19.44
Japan,JPN,2020-02-13,19.44
Japan,JPN,2020-02-14,19.44
Japan,JPN,2020-02-15,19.44
Japan,JPN,2020-02-16,19.44
Japan,JPN,2020-02-17,19.44
Japan,JPN,2020-02-18,19.44
Japan,JPN,2020-02-19,19.44
Japan,JPN,2020-02-20,25
Japan,JPN,2020-02-21,25
Japan,JPN,2020-02-22,25
Japan,JPN,2020-02-23,25
Japan,JPN,2020-02-24,25
Japan,JPN,2020-02-25,34.26
Japan,JPN,2020-02-26,34.26
Japan,JPN,2020-02-27,34.26
Japan,JPN,2020-02-28,34.26
Japan,JPN,2020-02-29,34.26
Japan,JPN,2020-03-01,34.26
Japan,JPN,2020-03-02,43.52
Japan,JPN,2020-03-03,43.52
Japan,JPN,2020-03-04,43.52
Japan,JPN,2020-03-05,43.52
Japan,JPN,2020-03-06,43.52
Japan,JPN,2020-03-07,43.52
Japan,JPN,2020-03-08,43.52
Japan,JPN,2020-03-09,40.74
Japan,JPN,2020-03-10,40.74
Japan,JPN,2020-03-11,40.74
Japan,JPN,2020-03-12,40.74
Japan,JPN,2020-03-13,40.74
Japan,JPN,2020-03-14,40.74
Japan,JPN,2020-03-15,40.74
Japan,JPN,2020-03-16,40.74
Japan,JPN,2020-03-17,40.74
Japan,JPN,2020-03-18,40.74
Japan,JPN,2020-03-19,40.74
Japan,JPN,2020-03-20,40.74
Japan,JPN,2020-03-21,40.74
Japan,JPN,2020-03-22,40.74
Japan,JPN,2020-03-23,40.74
Japan,JPN,2020-03-24,40.74
Japan,JPN,2020-03-25,40.74
Japan,JPN,2020-03-26,40.74
Japan,JPN,2020-03-27,40.74
Japan,JPN,2020-03-28,40.74
Japan,JPN,2020-03-29,40.74
Japan,JPN,2020-03-30,40.74
Japan,JPN,2020-03-31,40.74
Japan,JPN,2020-04-01,40.74
Japan,JPN,2020-04-02,40.74
Japan,JPN,2020-04-03,43.52
Japan,JPN,2020-04-04,43.52
Japan,JPN,2020-04-05,43.52
Japan,JPN,2020-04-06,43.52
Japan,JPN,2020-04-07,45.37
Japan,JPN,2020-04-08,45.37
Japan,JPN,2020-04-09,45.37
Japan,JPN,2020-04-10,45.37
Japan,JPN,2020-04-11,45.37
Japan,JPN,2020-04-12,45.37
Japan,JPN,2020-04-13,45.37
Japan,JPN,2020-04-14,45.37
Japan,JPN,2020-04-15,45.37
Japan,JPN,2020-04-16,47.22
Japan,JPN,2020-04-17,47.22
Japan,JPN,2020-04-18,47.22
Japan,JPN,2020-04-19,47.22
Japan,JPN,2020-04-20,47.22
Japan,JPN,2020-04-21,47.22
Japan,JPN,2020-04-22,47.22
Japan,JPN,2020-04-23,47.22
Japan,JPN,2020-04-24,47.22
Japan,JPN,2020-04-25,47.22
Japan,JPN,2020-04-26,47.22
Japan,JPN,2020-04-27,47.22
Japan,JPN,2020-04-28,47.22
Japan,JPN,2020-04-29,47.22
Japan,JPN,2020-04-30,47.22
Japan,JPN,2020-05-01,47.22
Japan,JPN,2020-05-02,47.22
Japan,JPN,2020-05-03,47.22
Japan,JPN,2020-05-04,47.22
Japan,JPN,2020-05-05,47.22
Japan,JPN,2020-05-06,47.22
Japan,JPN,2020-05-07,47.22
Japan,JPN,2020-05-08,47.22
Japan,JPN,2020-05-09,47.22
Japan,JPN,2020-05-10,47.22
Japan,JPN,2020-05-11,47.22
Japan,JPN,2020-05-12,47.22
Japan,JPN,2020-05-13,47.22
Japan,JPN,2020-05-14,40.74
Japan,JPN,2020-05-15,40.74
Japan,JPN,2020-05-16,40.74
Japan,JPN,2020-05-17,40.74
Japan,JPN,2020-05-18,40.74
Japan,JPN,2020-05-19,40.74
Japan,JPN,2020-05-20,40.74
Japan,JPN,2020-05-21,40.74
Japan,JPN,2020-05-22,40.74
Japan,JPN,2020-05-23,40.74
Japan,JPN,2020-05-24,40.74
Japan,JPN,2020-05-25,31.48
Japan,JPN,2020-05-26,34.26
Japan,JPN,2020-05-27,34.26
Japan,JPN,2020-05-28,34.26
Japan,JPN,2020-05-29,34.26
Japan,JPN,2020-05-30,34.26
Japan,JPN,2020-05-31,34.26
Japan,JPN,2020-06-01,28.7
Japan,JPN,2020-06-02,28.7
Japan,JPN,2020-06-03,28.7
Japan,JPN,2020-06-04,28.7
Japan,JPN,2020-06-05,28.7
Japan,JPN,2020-06-06,28.7
Japan,JPN,2020-06-07,28.7
Japan,JPN,2020-06-08,28.7
Japan,JPN,2020-06-09,28.7
Japan,JPN,2020-06-10,28.7
Japan,JPN,2020-06-11,28.7
Japan,JPN,2020-06-12,28.7
Japan,JPN,2020-06-13,28.7
Japan,JPN,2020-06-14,28.7
Japan,JPN,2020-06-15,28.7
Japan,JPN,2020-06-16,28.7
Japan,JPN,2020-06-17,28.7
Japan,JPN,2020-06-18,28.7
Japan,JPN,2020-06-19,28.7
Japan,JPN,2020-06-20,28.7
Japan,JPN,2020-06-21,25.93
Japan,JPN,2020-06-22,25.93
Japan,JPN,2020-06-23,25.93
Japan,JPN,2020-06-24,25.93
Japan,JPN,2020-06-25,25.93
Japan,JPN,2020-06-26,25.93
Japan,JPN,2020-06-27,25.93
Japan,JPN,2020-06-28,25.93
Japan,JPN,2020-06-29,25.93
Japan,JPN,2020-06-30,25.93
Japan,JPN,2020-07-01,25.93
Japan,JPN,2020-07-02,25.93
Japan,JPN,2020-07-03,25.93
Japan,JPN,2020-07-04,25.93
Japan,JPN,2020-07-05,25.93
Japan,JPN,2020-07-06,25.93
Japan,JPN,2020-07-07,25.93
Japan,JPN,2020-07-08,25.93
Japan,JPN,2020-07-09,25.93
Japan,JPN,2020-07-10,25.93
Japan,JPN,2020-07-11,25.93
Japan,JPN,2020-07-12,25.93
Japan,JPN,2020-07-13,25.93
Japan,JPN,2020-07-14,25.93
Japan,JPN,2020-07-15,25.93
Japan,JPN,2020-07-16,25.93
Japan,JPN,2020-07-17,25.93
Japan,JPN,2020-07-18,25.93
Japan,JPN,2020-07-19,25.93
Japan,JPN,2020-07-20,25.93
Japan,JPN,2020-07-21,25.93
Japan,JPN,2020-07-22,25.93
Japan,JPN,2020-07-23,30.56
Japan,JPN,2020-07-24,30.56
Japan,JPN,2020-07-25,30.56
Japan,JPN,2020-07-26,34.26
Japan,JPN,2020-07-27,34.26
Japan,JPN,2020-07-28,34.26
Japan,JPN,2020-07-29,34.26
Japan,JPN,2020-07-30,34.26
Japan,JPN,2020-07-31,34.26
Japan,JPN,2020-08-01,34.26
Japan,JPN,2020-08-02,34.26
Japan,JPN,2020-08-03,34.26
Japan,JPN,2020-08-04,34.26
Japan,JPN,2020-08-05,34.26
Japan,JPN,2020-08-06,32.41
Japan,JPN,2020-08-07,32.41
Japan,JPN,2020-08-08,32.41
Japan,JPN,2020-08-09,32.41
Japan,JPN,2020-08-10,32.41
Japan,JPN,2020-08-11,32.41
Japan,JPN,2020-08-12,32.41
Japan,JPN,2020-08-13,32.41
Japan,JPN,2020-08-14,32.41
Japan,JPN,2020-08-15,32.41
Japan,JPN,2020-08-16,32.41
Japan,JPN,2020-08-17,32.41
Japan,JPN,2020-08-18,32.41
Japan,JPN,2020-08-19,32.41
Japan,JPN,2020-08-20,32.41
Japan,JPN,2020-08-21,32.41
Japan,JPN,2020-08-22,32.41
Japan,JPN,2020-08-23,32.41
Japan,JPN,2020-08-24,32.41
Japan,JPN,2020-08-25,32.41
Japan,JPN,2020-08-26,32.41
Japan,JPN,2020-08-27,32.41
Japan,JPN,2020-08-28,32.41
Japan,JPN,2020-08-29,32.41
Japan,JPN,2020-08-30,32.41
Japan,JPN,2020-08-31,32.41
Japan,JPN,2020-09-01,32.41
Japan,JPN,2020-09-02,32.41
Japan,JPN,2020-09-03,32.41
Japan,JPN,2020-09-04,32.41
Japan,JPN,2020-09-05,32.41
Japan,JPN,2020-09-06,32.41
Japan,JPN,2020-09-07,32.41
Japan,JPN,2020-09-08,32.41
Japan,JPN,2020-09-09,32.41
Japan,JPN,2020-09-10,35.19
Japan,JPN,2020-09-11,35.19
Japan,JPN,2020-09-12,35.19
Japan,JPN,2020-09-13,35.19
Japan,JPN,2020-09-14,35.19
Japan,JPN,2020-09-15,35.19
Japan,JPN,2020-09-16,35.19
Japan,JPN,2020-09-17,35.19
Japan,JPN,2020-09-18,35.19
Japan,JPN,2020-09-19,35.19
Japan,JPN,2020-09-20,35.19
Japan,JPN,2020-09-21,35.19
Japan,JPN,2020-09-22,35.19
Japan,JPN,2020-09-23,35.19
Japan,JPN,2020-09-24,29.63
Japan,JPN,2020-09-25,29.63
Japan,JPN,2020-09-26,29.63
Japan,JPN,2020-09-27,29.63
Japan,JPN,2020-09-28,29.63
Japan,JPN,2020-09-29,29.63
Japan,JPN,2020-09-30,29.63
Japan,JPN,2020-10-01,29.63
Japan,JPN,2020-10-02,29.63
Japan,JPN,2020-10-03,29.63
Japan,JPN,2020-10-04,29.63
Japan,JPN,2020-10-05,29.63
Japan,JPN,2020-10-06,29.63
Japan,JPN,2020-10-07,29.63
Japan,JPN,2020-10-08,29.63
Japan,JPN,2020-10-09,29.63
Japan,JPN,2020-10-10,29.63
Japan,JPN,2020-10-11,29.63
Japan,JPN,2020-10-12,29.63
Japan,JPN,2020-10-13,35.19
Japan,JPN,2020-10-14,35.19
Japan,JPN,2020-10-15,35.19
Japan,JPN,2020-10-16,35.19
Japan,JPN,2020-10-17,35.19
Japan,JPN,2020-10-18,35.19
Japan,JPN,2020-10-19,35.19
Japan,JPN,2020-10-20,35.19
Japan,JPN,2020-10-21,35.19
Japan,JPN,2020-10-22,35.19
Japan,JPN,2020-10-23,35.19
Japan,JPN,2020-10-24,35.19
Japan,JPN,2020-10-25,35.19
Japan,JPN,2020-10-26,35.19
Japan,JPN,2020-10-27,35.19
Japan,JPN,2020-10-28,35.19
Japan,JPN,2020-10-29,35.19
Japan,JPN,2020-10-30,35.19
Japan,JPN,2020-10-31,35.19
Japan,JPN,2020-11-01,35.19
Japan,JPN,2020-11-02,35.19
Japan,JPN,2020-11-03,35.19
Japan,JPN,2020-11-04,35.19
Japan,JPN,2020-11-05,35.19
Japan,JPN,2020-11-06,35.19
Japan,JPN,2020-11-07,37.04
Japan,JPN,2020-11-08,37.04
Japan,JPN,2020-11-09,37.04
Japan,JPN,2020-11-10,37.04
Japan,JPN,2020-11-11,37.04
Japan,JPN,2020-11-12,37.04
Japan,JPN,2020-11-13,37.04
Japan,JPN,2020-11-14,37.04
Japan,JPN,2020-11-15,37.04
Japan,JPN,2020-11-16,37.04
Japan,JPN,2020-11-17,37.04
Japan,JPN,2020-11-18,37.04
Japan,JPN,2020-11-19,37.04
Japan,JPN,2020-11-20,37.04
Japan,JPN,2020-11-21,37.04
Japan,JPN,2020-11-22,37.04
Japan,JPN,2020-11-23,37.04
Japan,JPN,2020-11-24,37.04
Japan,JPN,2020-11-25,37.04
Japan,JPN,2020-11-26,37.04
Japan,JPN,2020-11-27,37.04
Japan,JPN,2020-11-28,37.04
Japan,JPN,2020-11-29,37.04
Japan,JPN,2020-11-30,37.04
Japan,JPN,2020-12-01,42.59
Japan,JPN,2020-12-02,42.59
Japan,JPN,2020-12-03,42.59
Japan,JPN,2020-12-04,42.59
Japan,JPN,2020-12-05,42.59
Japan,JPN,2020-12-06,42.59
Japan,JPN,2020-12-07,42.59
Japan,JPN,2020-12-08,48.15
Japan,JPN,2020-12-09,48.15
Japan,JPN,2020-12-10,48.15
Japan,JPN,2020-12-11,48.15
Japan,JPN,2020-12-12,48.15
Japan,JPN,2020-12-13,48.15
Japan,JPN,2020-12-14,48.15
Japan,JPN,2020-12-15,48.15
Japan,JPN,2020-12-16,48.15
Japan,JPN,2020-12-17,48.15
Japan,JPN,2020-12-18,48.15
Japan,JPN,2020-12-19,48.15
Japan,JPN,2020-12-20,48.15
Japan,JPN,2020-12-21,48.15
Japan,JPN,2020-12-22,48.15
Japan,JPN,2020-12-23,48.15
Japan,JPN,2020-12-24,48.15
Japan,JPN,2020-12-25,48.15
Japan,JPN,2020-12-26,48.15
Japan,JPN,2020-12-27,48.15
Japan,JPN,2020-12-28,48.15
Japan,JPN,2020-12-29,48.15
Japan,JPN,2020-12-30,48.15
Japan,JPN,2020-12-31,48.15
Japan,JPN,2021-01-01,48.15
Japan,JPN,2021-01-02,48.15
Japan,JPN,2021-01-03,48.15
Japan,JPN,2021-01-04,48.15
Japan,JPN,2021-01-05,49.54
Japan,JPN,2021-01-06,49.54
Japan,JPN,2021-01-07,49.54
Japan,JPN,2021-01-08,49.54
Japan,JPN,2021-01-09,49.54
Japan,JPN,2021-01-10,49.54
Japan,JPN,2021-01-11,49.54
Japan,JPN,2021-01-12,49.54
Japan,JPN,2021-01-13,49.54
Japan,JPN,2021-01-14,49.54
Japan,JPN,2021-01-15,49.54
Japan,JPN,2021-01-16,49.54
Japan,JPN,2021-01-17,49.54
Japan,JPN,2021-01-18,49.54
Japan,JPN,2021-01-19,49.54
Japan,JPN,2021-01-20,49.54
Japan,JPN,2021-01-21,49.54
Japan,JPN,2021-01-22,49.54
Japan,JPN,2021-01-23,49.54
Japan,JPN,2021-01-24,49.54
Japan,JPN,2021-01-25,49.54
Japan,JPN,2021-01-26,49.54
Japan,JPN,2021-01-27,49.54
Japan,JPN,2021-01-28,49.54
Japan,JPN,2021-01-29,49.54
Japan,JPN,2021-01-30,49.54
Japan,JPN,2021-01-31,49.54
Japan,JPN,2021-02-01,49.54
Japan,JPN,2021-02-02,49.54
Japan,JPN,2021-02-03,49.54
Japan,JPN,2021-02-04,49.54
Japan,JPN,2021-02-05,49.54
Japan,JPN,2021-02-06,49.54
Japan,JPN,2021-02-07,49.54
Japan,JPN,2021-02-08,49.54
Japan,JPN,2021-02-09,49.54
Japan,JPN,2021-02-10,49.54
Japan,JPN,2021-02-11,49.54
Japan,JPN,2021-02-12,49.54
Japan,JPN,2021-02-13,49.54
Japan,JPN,2021-02-14,49.54
Japan,JPN,2021-02-15,49.54
Japan,JPN,2021-02-16,49.54
Japan,JPN,2021-02-17,49.54
Japan,JPN,2021-02-18,49.54
Japan,JPN,2021-02-19,49.54
Japan,JPN,2021-02-20,49.54
Japan,JPN,2021-02-21,49.54
Japan,JPN,2021-02-22,49.54
Japan,JPN,2021-02-23,49.54
Japan,JPN,2021-02-24,49.54
Japan,JPN,2021-02-25,49.54
Japan,JPN,2021-02-26,49.54
Japan,JPN,2021-02-27,50.93
Japan,JPN,2021-02-28,50.93
Japan,JPN,2021-03-01,48.15
Japan,JPN,2021-03-02,48.15
Japan,JPN,2021-03-03,48.15
Japan,JPN,2021-03-04,48.15
Japan,JPN,2021-03-05,48.15
Jordan,JOR,2020-01-01,0
Jordan,JOR,2020-01-02,0
Jordan,JOR,2020-01-03,0
Jordan,JOR,2020-01-04,0
Jordan,JOR,2020-01-05,0
Jordan,JOR,2020-01-06,0
Jordan,JOR,2020-01-07,0
Jordan,JOR,2020-01-08,0
Jordan,JOR,2020-01-09,0
Jordan,JOR,2020-01-10,0
Jordan,JOR,2020-01-11,0
Jordan,JOR,2020-01-12,0
Jordan,JOR,2020-01-13,0
Jordan,JOR,2020-01-14,0
Jordan,JOR,2020-01-15,0
Jordan,JOR,2020-01-16,0
Jordan,JOR,2020-01-17,0
Jordan,JOR,2020-01-18,0
Jordan,JOR,2020-01-19,0
Jordan,JOR,2020-01-20,0
Jordan,JOR,2020-01-21,0
Jordan,JOR,2020-01-22,0
Jordan,JOR,2020-01-23,0
Jordan,JOR,2020-01-24,0
Jordan,JOR,2020-01-25,0
Jordan,JOR,2020-01-26,0
Jordan,JOR,2020-01-27,0
Jordan,JOR,2020-01-28,0
Jordan,JOR,2020-01-29,0
Jordan,JOR,2020-01-30,0
Jordan,JOR,2020-01-31,0
Jordan,JOR,2020-02-01,0
Jordan,JOR,2020-02-02,0
Jordan,JOR,2020-02-03,0
Jordan,JOR,2020-02-04,0
Jordan,JOR,2020-02-05,0
Jordan,JOR,2020-02-06,0
Jordan,JOR,2020-02-07,0
Jordan,JOR,2020-02-08,0
Jordan,JOR,2020-02-09,0
Jordan,JOR,2020-02-10,0
Jordan,JOR,2020-02-11,0
Jordan,JOR,2020-02-12,0
Jordan,JOR,2020-02-13,0
Jordan,JOR,2020-02-14,0
Jordan,JOR,2020-02-15,0
Jordan,JOR,2020-02-16,0
Jordan,JOR,2020-02-17,0
Jordan,JOR,2020-02-18,0
Jordan,JOR,2020-02-19,0
Jordan,JOR,2020-02-20,0
Jordan,JOR,2020-02-21,0
Jordan,JOR,2020-02-22,0
Jordan,JOR,2020-02-23,0
Jordan,JOR,2020-02-24,0
Jordan,JOR,2020-02-25,0
Jordan,JOR,2020-02-26,0
Jordan,JOR,2020-02-27,0
Jordan,JOR,2020-02-28,0
Jordan,JOR,2020-02-29,0
Jordan,JOR,2020-03-01,0
Jordan,JOR,2020-03-02,0
Jordan,JOR,2020-03-03,0
Jordan,JOR,2020-03-04,0
Jordan,JOR,2020-03-05,11.11
Jordan,JOR,2020-03-06,11.11
Jordan,JOR,2020-03-07,11.11
Jordan,JOR,2020-03-08,11.11
Jordan,JOR,2020-03-09,11.11
Jordan,JOR,2020-03-10,11.11
Jordan,JOR,2020-03-11,11.11
Jordan,JOR,2020-03-12,11.11
Jordan,JOR,2020-03-13,11.11
Jordan,JOR,2020-03-14,11.11
Jordan,JOR,2020-03-15,33.33
Jordan,JOR,2020-03-16,33.33
Jordan,JOR,2020-03-17,33.33
Jordan,JOR,2020-03-18,100
Jordan,JOR,2020-03-19,100
Jordan,JOR,2020-03-20,100
Jordan,JOR,2020-03-21,100
Jordan,JOR,2020-03-22,100
Jordan,JOR,2020-03-23,100
Jordan,JOR,2020-03-24,100
Jordan,JOR,2020-03-25,100
Jordan,JOR,2020-03-26,100
Jordan,JOR,2020-03-27,100
Jordan,JOR,2020-03-28,100
Jordan,JOR,2020-03-29,100
Jordan,JOR,2020-03-30,100
Jordan,JOR,2020-03-31,100
Jordan,JOR,2020-04-01,100
Jordan,JOR,2020-04-02,100
Jordan,JOR,2020-04-03,100
Jordan,JOR,2020-04-04,100
Jordan,JOR,2020-04-05,100
Jordan,JOR,2020-04-06,100
Jordan,JOR,2020-04-07,100
Jordan,JOR,2020-04-08,100
Jordan,JOR,2020-04-09,100
Jordan,JOR,2020-04-10,100
Jordan,JOR,2020-04-11,100
Jordan,JOR,2020-04-12,100
Jordan,JOR,2020-04-13,100
Jordan,JOR,2020-04-14,100
Jordan,JOR,2020-04-15,100
Jordan,JOR,2020-04-16,100
Jordan,JOR,2020-04-17,100
Jordan,JOR,2020-04-18,100
Jordan,JOR,2020-04-19,100
Jordan,JOR,2020-04-20,100
Jordan,JOR,2020-04-21,96.3
Jordan,JOR,2020-04-22,96.3
Jordan,JOR,2020-04-23,96.3
Jordan,JOR,2020-04-24,96.3
Jordan,JOR,2020-04-25,96.3
Jordan,JOR,2020-04-26,96.3
Jordan,JOR,2020-04-27,89.81
Jordan,JOR,2020-04-28,89.81
Jordan,JOR,2020-04-29,89.81
Jordan,JOR,2020-04-30,89.81
Jordan,JOR,2020-05-01,89.81
Jordan,JOR,2020-05-02,89.81
Jordan,JOR,2020-05-03,89.81
Jordan,JOR,2020-05-04,87.04
Jordan,JOR,2020-05-05,87.04
Jordan,JOR,2020-05-06,87.04
Jordan,JOR,2020-05-07,87.04
Jordan,JOR,2020-05-08,87.04
Jordan,JOR,2020-05-09,87.04
Jordan,JOR,2020-05-10,87.04
Jordan,JOR,2020-05-11,87.04
Jordan,JOR,2020-05-12,77.78
Jordan,JOR,2020-05-13,77.78
Jordan,JOR,2020-05-14,77.78
Jordan,JOR,2020-05-15,77.78
Jordan,JOR,2020-05-16,77.78
Jordan,JOR,2020-05-17,77.78
Jordan,JOR,2020-05-18,77.78
Jordan,JOR,2020-05-19,77.78
Jordan,JOR,2020-05-20,77.78
Jordan,JOR,2020-05-21,77.78
Jordan,JOR,2020-05-22,77.78
Jordan,JOR,2020-05-23,77.78
Jordan,JOR,2020-05-24,77.78
Jordan,JOR,2020-05-25,77.78
Jordan,JOR,2020-05-26,77.78
Jordan,JOR,2020-05-27,77.78
Jordan,JOR,2020-05-28,77.78
Jordan,JOR,2020-05-29,77.78
Jordan,JOR,2020-05-30,77.78
Jordan,JOR,2020-05-31,77.78
Jordan,JOR,2020-06-01,77.78
Jordan,JOR,2020-06-02,77.78
Jordan,JOR,2020-06-03,77.78
Jordan,JOR,2020-06-04,77.78
Jordan,JOR,2020-06-05,77.78
Jordan,JOR,2020-06-06,48.15
Jordan,JOR,2020-06-07,48.15
Jordan,JOR,2020-06-08,48.15
Jordan,JOR,2020-06-09,48.15
Jordan,JOR,2020-06-10,48.15
Jordan,JOR,2020-06-11,48.15
Jordan,JOR,2020-06-12,48.15
Jordan,JOR,2020-06-13,48.15
Jordan,JOR,2020-06-14,48.15
Jordan,JOR,2020-06-15,48.15
Jordan,JOR,2020-06-16,48.15
Jordan,JOR,2020-06-17,48.15
Jordan,JOR,2020-06-18,48.15
Jordan,JOR,2020-06-19,48.15
Jordan,JOR,2020-06-20,48.15
Jordan,JOR,2020-06-21,48.15
Jordan,JOR,2020-06-22,48.15
Jordan,JOR,2020-06-23,48.15
Jordan,JOR,2020-06-24,48.15
Jordan,JOR,2020-06-25,48.15
Jordan,JOR,2020-06-26,48.15
Jordan,JOR,2020-06-27,48.15
Jordan,JOR,2020-06-28,48.15
Jordan,JOR,2020-06-29,48.15
Jordan,JOR,2020-06-30,48.15
Jordan,JOR,2020-07-01,48.15
Jordan,JOR,2020-07-02,48.15
Jordan,JOR,2020-07-03,48.15
Jordan,JOR,2020-07-04,48.15
Jordan,JOR,2020-07-05,48.15
Jordan,JOR,2020-07-06,48.15
Jordan,JOR,2020-07-07,48.15
Jordan,JOR,2020-07-08,48.15
Jordan,JOR,2020-07-09,48.15
Jordan,JOR,2020-07-10,48.15
Jordan,JOR,2020-07-11,48.15
Jordan,JOR,2020-07-12,48.15
Jordan,JOR,2020-07-13,48.15
Jordan,JOR,2020-07-14,48.15
Jordan,JOR,2020-07-15,48.15
Jordan,JOR,2020-07-16,48.15
Jordan,JOR,2020-07-17,48.15
Jordan,JOR,2020-07-18,48.15
Jordan,JOR,2020-07-19,48.15
Jordan,JOR,2020-07-20,48.15
Jordan,JOR,2020-07-21,48.15
Jordan,JOR,2020-07-22,48.15
Jordan,JOR,2020-07-23,48.15
Jordan,JOR,2020-07-24,48.15
Jordan,JOR,2020-07-25,48.15
Jordan,JOR,2020-07-26,48.15
Jordan,JOR,2020-07-27,48.15
Jordan,JOR,2020-07-28,48.15
Jordan,JOR,2020-07-29,48.15
Jordan,JOR,2020-07-30,48.15
Jordan,JOR,2020-07-31,48.15
Jordan,JOR,2020-08-01,48.15
Jordan,JOR,2020-08-02,48.15
Jordan,JOR,2020-08-03,48.15
Jordan,JOR,2020-08-04,48.15
Jordan,JOR,2020-08-05,48.15
Jordan,JOR,2020-08-06,48.15
Jordan,JOR,2020-08-07,56.48
Jordan,JOR,2020-08-08,56.48
Jordan,JOR,2020-08-09,56.48
Jordan,JOR,2020-08-10,56.48
Jordan,JOR,2020-08-11,56.48
Jordan,JOR,2020-08-12,56.48
Jordan,JOR,2020-08-13,56.48
Jordan,JOR,2020-08-14,56.48
Jordan,JOR,2020-08-15,56.48
Jordan,JOR,2020-08-16,56.48
Jordan,JOR,2020-08-17,56.48
Jordan,JOR,2020-08-18,56.48
Jordan,JOR,2020-08-19,56.48
Jordan,JOR,2020-08-20,56.48
Jordan,JOR,2020-08-21,56.48
Jordan,JOR,2020-08-22,56.48
Jordan,JOR,2020-08-23,56.48
Jordan,JOR,2020-08-24,56.48
Jordan,JOR,2020-08-25,56.48
Jordan,JOR,2020-08-26,56.48
Jordan,JOR,2020-08-27,50.93
Jordan,JOR,2020-08-28,50.93
Jordan,JOR,2020-08-29,50.93
Jordan,JOR,2020-08-30,50.93
Jordan,JOR,2020-08-31,50.93
Jordan,JOR,2020-09-01,63.89
Jordan,JOR,2020-09-02,63.89
Jordan,JOR,2020-09-03,63.89
Jordan,JOR,2020-09-04,63.89
Jordan,JOR,2020-09-05,63.89
Jordan,JOR,2020-09-06,63.89
Jordan,JOR,2020-09-07,63.89
Jordan,JOR,2020-09-08,61.11
Jordan,JOR,2020-09-09,61.11
Jordan,JOR,2020-09-10,61.11
Jordan,JOR,2020-09-11,61.11
Jordan,JOR,2020-09-12,61.11
Jordan,JOR,2020-09-13,61.11
Jordan,JOR,2020-09-14,61.11
Jordan,JOR,2020-09-15,61.11
Jordan,JOR,2020-09-16,61.11
Jordan,JOR,2020-09-17,66.67
Jordan,JOR,2020-09-18,66.67
Jordan,JOR,2020-09-19,66.67
Jordan,JOR,2020-09-20,66.67
Jordan,JOR,2020-09-21,66.67
Jordan,JOR,2020-09-22,66.67
Jordan,JOR,2020-09-23,66.67
Jordan,JOR,2020-09-24,66.67
Jordan,JOR,2020-09-25,63.89
Jordan,JOR,2020-09-26,63.89
Jordan,JOR,2020-09-27,63.89
Jordan,JOR,2020-09-28,63.89
Jordan,JOR,2020-09-29,63.89
Jordan,JOR,2020-09-30,63.89
Jordan,JOR,2020-10-01,63.89
Jordan,JOR,2020-10-02,65.74
Jordan,JOR,2020-10-03,65.74
Jordan,JOR,2020-10-04,65.74
Jordan,JOR,2020-10-05,65.74
Jordan,JOR,2020-10-06,78.7
Jordan,JOR,2020-10-07,78.7
Jordan,JOR,2020-10-08,78.7
Jordan,JOR,2020-10-09,78.7
Jordan,JOR,2020-10-10,78.7
Jordan,JOR,2020-10-11,78.7
Jordan,JOR,2020-10-12,78.7
Jordan,JOR,2020-10-13,78.7
Jordan,JOR,2020-10-14,78.7
Jordan,JOR,2020-10-15,78.7
Jordan,JOR,2020-10-16,78.7
Jordan,JOR,2020-10-17,78.7
Jordan,JOR,2020-10-18,78.7
Jordan,JOR,2020-10-19,78.7
Jordan,JOR,2020-10-20,78.7
Jordan,JOR,2020-10-21,78.7
Jordan,JOR,2020-10-22,78.7
Jordan,JOR,2020-10-23,78.7
Jordan,JOR,2020-10-24,78.7
Jordan,JOR,2020-10-25,78.7
Jordan,JOR,2020-10-26,78.7
Jordan,JOR,2020-10-27,78.7
Jordan,JOR,2020-10-28,78.7
Jordan,JOR,2020-10-29,75.93
Jordan,JOR,2020-10-30,75.93
Jordan,JOR,2020-10-31,75.93
Jordan,JOR,2020-11-01,75.93
Jordan,JOR,2020-11-02,75.93
Jordan,JOR,2020-11-03,75.93
Jordan,JOR,2020-11-04,75.93
Jordan,JOR,2020-11-05,75.93
Jordan,JOR,2020-11-06,75.93
Jordan,JOR,2020-11-07,75.93
Jordan,JOR,2020-11-08,75.93
Jordan,JOR,2020-11-09,78.7
Jordan,JOR,2020-11-10,78.7
Jordan,JOR,2020-11-11,78.7
Jordan,JOR,2020-11-12,78.7
Jordan,JOR,2020-11-13,78.7
Jordan,JOR,2020-11-14,78.7
Jordan,JOR,2020-11-15,78.7
Jordan,JOR,2020-11-16,78.7
Jordan,JOR,2020-11-17,78.7
Jordan,JOR,2020-11-18,78.7
Jordan,JOR,2020-11-19,78.7
Jordan,JOR,2020-11-20,78.7
Jordan,JOR,2020-11-21,78.7
Jordan,JOR,2020-11-22,78.7
Jordan,JOR,2020-11-23,78.7
Jordan,JOR,2020-11-24,78.7
Jordan,JOR,2020-11-25,78.7
Jordan,JOR,2020-11-26,78.7
Jordan,JOR,2020-11-27,78.7
Jordan,JOR,2020-11-28,78.7
Jordan,JOR,2020-11-29,78.7
Jordan,JOR,2020-11-30,78.7
Jordan,JOR,2020-12-01,78.7
Jordan,JOR,2020-12-02,78.7
Jordan,JOR,2020-12-03,78.7
Jordan,JOR,2020-12-04,78.7
Jordan,JOR,2020-12-05,78.7
Jordan,JOR,2020-12-06,78.7
Jordan,JOR,2020-12-07,78.7
Jordan,JOR,2020-12-08,78.7
Jordan,JOR,2020-12-09,78.7
Jordan,JOR,2020-12-10,78.7
Jordan,JOR,2020-12-11,78.7
Jordan,JOR,2020-12-12,78.7
Jordan,JOR,2020-12-13,78.7
Jordan,JOR,2020-12-14,78.7
Jordan,JOR,2020-12-15,78.7
Jordan,JOR,2020-12-16,78.7
Jordan,JOR,2020-12-17,78.7
Jordan,JOR,2020-12-18,78.7
Jordan,JOR,2020-12-19,78.7
Jordan,JOR,2020-12-20,78.7
Jordan,JOR,2020-12-21,78.7
Jordan,JOR,2020-12-22,81.48
Jordan,JOR,2020-12-23,81.48
Jordan,JOR,2020-12-24,81.48
Jordan,JOR,2020-12-25,81.48
Jordan,JOR,2020-12-26,81.48
Jordan,JOR,2020-12-27,81.48
Jordan,JOR,2020-12-28,81.48
Jordan,JOR,2020-12-29,81.48
Jordan,JOR,2020-12-30,81.48
Jordan,JOR,2020-12-31,81.48
Jordan,JOR,2021-01-01,81.48
Jordan,JOR,2021-01-02,81.48
Jordan,JOR,2021-01-03,81.48
Jordan,JOR,2021-01-04,81.48
Jordan,JOR,2021-01-05,81.48
Jordan,JOR,2021-01-06,81.48
Jordan,JOR,2021-01-07,81.48
Jordan,JOR,2021-01-08,81.48
Jordan,JOR,2021-01-09,81.48
Jordan,JOR,2021-01-10,81.48
Jordan,JOR,2021-01-11,81.48
Jordan,JOR,2021-01-12,81.48
Jordan,JOR,2021-01-13,81.48
Jordan,JOR,2021-01-14,81.48
Jordan,JOR,2021-01-15,81.48
Jordan,JOR,2021-01-16,81.48
Jordan,JOR,2021-01-17,81.48
Jordan,JOR,2021-01-18,81.48
Jordan,JOR,2021-01-19,75.93
Jordan,JOR,2021-01-20,75.93
Jordan,JOR,2021-01-21,75.93
Jordan,JOR,2021-01-22,75.93
Jordan,JOR,2021-01-23,75.93
Jordan,JOR,2021-01-24,75.93
Jordan,JOR,2021-01-25,75.93
Jordan,JOR,2021-01-26,75.93
Jordan,JOR,2021-01-27,75.93
Jordan,JOR,2021-01-28,75.93
Jordan,JOR,2021-01-29,75.93
Jordan,JOR,2021-01-30,75.93
Jordan,JOR,2021-01-31,75.93
Jordan,JOR,2021-02-01,75.93
Jordan,JOR,2021-02-02,61.11
Jordan,JOR,2021-02-03,61.11
Jordan,JOR,2021-02-04,61.11
Jordan,JOR,2021-02-05,61.11
Jordan,JOR,2021-02-06,61.11
Jordan,JOR,2021-02-07,57.41
Jordan,JOR,2021-02-08,57.41
Jordan,JOR,2021-02-09,57.41
Jordan,JOR,2021-02-10,57.41
Jordan,JOR,2021-02-11,57.41
Jordan,JOR,2021-02-12,57.41
Jordan,JOR,2021-02-13,57.41
Jordan,JOR,2021-02-14,57.41
Jordan,JOR,2021-02-15,57.41
Jordan,JOR,2021-02-16,57.41
Jordan,JOR,2021-02-17,57.41
Jordan,JOR,2021-02-18,57.41
Jordan,JOR,2021-02-19,57.41
Jordan,JOR,2021-02-20,57.41
Jordan,JOR,2021-02-21,57.41
Jordan,JOR,2021-02-22,57.41
Jordan,JOR,2021-02-23,57.41
Jordan,JOR,2021-02-24,57.41
Jordan,JOR,2021-02-25,57.41
Jordan,JOR,2021-02-26,57.41
Jordan,JOR,2021-02-27,57.41
Jordan,JOR,2021-02-28,57.41
Jordan,JOR,2021-03-01,57.41
Jordan,JOR,2021-03-02,57.41
Jordan,JOR,2021-03-03,57.41
Jordan,JOR,2021-03-04,57.41
Jordan,JOR,2021-03-05,57.41
Jordan,JOR,2021-03-06,57.41
Jordan,JOR,2021-03-07,57.41
Jordan,JOR,2021-03-08,57.41
Kazakhstan,KAZ,2020-01-01,0
Kazakhstan,KAZ,2020-01-02,0
Kazakhstan,KAZ,2020-01-03,0
Kazakhstan,KAZ,2020-01-04,0
Kazakhstan,KAZ,2020-01-05,0
Kazakhstan,KAZ,2020-01-06,0
Kazakhstan,KAZ,2020-01-07,0
Kazakhstan,KAZ,2020-01-08,0
Kazakhstan,KAZ,2020-01-09,0
Kazakhstan,KAZ,2020-01-10,0
Kazakhstan,KAZ,2020-01-11,0
Kazakhstan,KAZ,2020-01-12,0
Kazakhstan,KAZ,2020-01-13,0
Kazakhstan,KAZ,2020-01-14,0
Kazakhstan,KAZ,2020-01-15,0
Kazakhstan,KAZ,2020-01-16,0
Kazakhstan,KAZ,2020-01-17,0
Kazakhstan,KAZ,2020-01-18,0
Kazakhstan,KAZ,2020-01-19,0
Kazakhstan,KAZ,2020-01-20,0
Kazakhstan,KAZ,2020-01-21,0
Kazakhstan,KAZ,2020-01-22,0
Kazakhstan,KAZ,2020-01-23,0
Kazakhstan,KAZ,2020-01-24,0
Kazakhstan,KAZ,2020-01-25,0
Kazakhstan,KAZ,2020-01-26,0
Kazakhstan,KAZ,2020-01-27,0
Kazakhstan,KAZ,2020-01-28,0
Kazakhstan,KAZ,2020-01-29,8.33
Kazakhstan,KAZ,2020-01-30,8.33
Kazakhstan,KAZ,2020-01-31,8.33
Kazakhstan,KAZ,2020-02-01,8.33
Kazakhstan,KAZ,2020-02-02,8.33
Kazakhstan,KAZ,2020-02-03,8.33
Kazakhstan,KAZ,2020-02-04,8.33
Kazakhstan,KAZ,2020-02-05,8.33
Kazakhstan,KAZ,2020-02-06,8.33
Kazakhstan,KAZ,2020-02-07,8.33
Kazakhstan,KAZ,2020-02-08,8.33
Kazakhstan,KAZ,2020-02-09,8.33
Kazakhstan,KAZ,2020-02-10,8.33
Kazakhstan,KAZ,2020-02-11,8.33
Kazakhstan,KAZ,2020-02-12,8.33
Kazakhstan,KAZ,2020-02-13,8.33
Kazakhstan,KAZ,2020-02-14,8.33
Kazakhstan,KAZ,2020-02-15,8.33
Kazakhstan,KAZ,2020-02-16,8.33
Kazakhstan,KAZ,2020-02-17,8.33
Kazakhstan,KAZ,2020-02-18,8.33
Kazakhstan,KAZ,2020-02-19,8.33
Kazakhstan,KAZ,2020-02-20,8.33
Kazakhstan,KAZ,2020-02-21,8.33
Kazakhstan,KAZ,2020-02-22,8.33
Kazakhstan,KAZ,2020-02-23,8.33
Kazakhstan,KAZ,2020-02-24,8.33
Kazakhstan,KAZ,2020-02-25,8.33
Kazakhstan,KAZ,2020-02-26,8.33
Kazakhstan,KAZ,2020-02-27,8.33
Kazakhstan,KAZ,2020-02-28,8.33
Kazakhstan,KAZ,2020-02-29,8.33
Kazakhstan,KAZ,2020-03-01,8.33
Kazakhstan,KAZ,2020-03-02,8.33
Kazakhstan,KAZ,2020-03-03,8.33
Kazakhstan,KAZ,2020-03-04,8.33
Kazakhstan,KAZ,2020-03-05,8.33
Kazakhstan,KAZ,2020-03-06,8.33
Kazakhstan,KAZ,2020-03-07,8.33
Kazakhstan,KAZ,2020-03-08,8.33
Kazakhstan,KAZ,2020-03-09,8.33
Kazakhstan,KAZ,2020-03-10,8.33
Kazakhstan,KAZ,2020-03-11,8.33
Kazakhstan,KAZ,2020-03-12,22.22
Kazakhstan,KAZ,2020-03-13,22.22
Kazakhstan,KAZ,2020-03-14,22.22
Kazakhstan,KAZ,2020-03-15,22.22
Kazakhstan,KAZ,2020-03-16,47.22
Kazakhstan,KAZ,2020-03-17,47.22
Kazakhstan,KAZ,2020-03-18,55.56
Kazakhstan,KAZ,2020-03-19,80.09
Kazakhstan,KAZ,2020-03-20,80.09
Kazakhstan,KAZ,2020-03-21,80.09
Kazakhstan,KAZ,2020-03-22,80.09
Kazakhstan,KAZ,2020-03-23,80.09
Kazakhstan,KAZ,2020-03-24,80.09
Kazakhstan,KAZ,2020-03-25,80.09
Kazakhstan,KAZ,2020-03-26,80.09
Kazakhstan,KAZ,2020-03-27,80.09
Kazakhstan,KAZ,2020-03-28,80.09
Kazakhstan,KAZ,2020-03-29,82.87
Kazakhstan,KAZ,2020-03-30,92.13
Kazakhstan,KAZ,2020-03-31,92.13
Kazakhstan,KAZ,2020-04-01,92.13
Kazakhstan,KAZ,2020-04-02,92.13
Kazakhstan,KAZ,2020-04-03,92.13
Kazakhstan,KAZ,2020-04-04,92.13
Kazakhstan,KAZ,2020-04-05,92.13
Kazakhstan,KAZ,2020-04-06,92.13
Kazakhstan,KAZ,2020-04-07,92.13
Kazakhstan,KAZ,2020-04-08,92.13
Kazakhstan,KAZ,2020-04-09,92.13
Kazakhstan,KAZ,2020-04-10,92.13
Kazakhstan,KAZ,2020-04-11,92.13
Kazakhstan,KAZ,2020-04-12,92.13
Kazakhstan,KAZ,2020-04-13,92.13
Kazakhstan,KAZ,2020-04-14,92.13
Kazakhstan,KAZ,2020-04-15,92.13
Kazakhstan,KAZ,2020-04-16,92.13
Kazakhstan,KAZ,2020-04-17,92.13
Kazakhstan,KAZ,2020-04-18,92.13
Kazakhstan,KAZ,2020-04-19,92.13
Kazakhstan,KAZ,2020-04-20,92.13
Kazakhstan,KAZ,2020-04-21,92.13
Kazakhstan,KAZ,2020-04-22,92.13
Kazakhstan,KAZ,2020-04-23,92.13
Kazakhstan,KAZ,2020-04-24,92.13
Kazakhstan,KAZ,2020-04-25,92.13
Kazakhstan,KAZ,2020-04-26,92.13
Kazakhstan,KAZ,2020-04-27,92.13
Kazakhstan,KAZ,2020-04-28,92.13
Kazakhstan,KAZ,2020-04-29,92.13
Kazakhstan,KAZ,2020-04-30,92.13
Kazakhstan,KAZ,2020-05-01,89.35
Kazakhstan,KAZ,2020-05-02,89.35
Kazakhstan,KAZ,2020-05-03,89.35
Kazakhstan,KAZ,2020-05-04,89.35
Kazakhstan,KAZ,2020-05-05,89.35
Kazakhstan,KAZ,2020-05-06,89.35
Kazakhstan,KAZ,2020-05-07,89.35
Kazakhstan,KAZ,2020-05-08,89.35
Kazakhstan,KAZ,2020-05-09,89.35
Kazakhstan,KAZ,2020-05-10,89.35
Kazakhstan,KAZ,2020-05-11,81.94
Kazakhstan,KAZ,2020-05-12,81.94
Kazakhstan,KAZ,2020-05-13,81.94
Kazakhstan,KAZ,2020-05-14,81.94
Kazakhstan,KAZ,2020-05-15,81.94
Kazakhstan,KAZ,2020-05-16,81.94
Kazakhstan,KAZ,2020-05-17,81.94
Kazakhstan,KAZ,2020-05-18,83.8
Kazakhstan,KAZ,2020-05-19,83.8
Kazakhstan,KAZ,2020-05-20,83.8
Kazakhstan,KAZ,2020-05-21,83.8
Kazakhstan,KAZ,2020-05-22,83.8
Kazakhstan,KAZ,2020-05-23,83.8
Kazakhstan,KAZ,2020-05-24,83.8
Kazakhstan,KAZ,2020-05-25,83.8
Kazakhstan,KAZ,2020-05-26,83.8
Kazakhstan,KAZ,2020-05-27,83.8
Kazakhstan,KAZ,2020-05-28,83.8
Kazakhstan,KAZ,2020-05-29,83.8
Kazakhstan,KAZ,2020-05-30,83.8
Kazakhstan,KAZ,2020-05-31,83.8
Kazakhstan,KAZ,2020-06-01,81.02
Kazakhstan,KAZ,2020-06-02,81.02
Kazakhstan,KAZ,2020-06-03,81.02
Kazakhstan,KAZ,2020-06-04,81.02
Kazakhstan,KAZ,2020-06-05,81.02
Kazakhstan,KAZ,2020-06-06,81.02
Kazakhstan,KAZ,2020-06-07,81.02
Kazakhstan,KAZ,2020-06-08,81.02
Kazakhstan,KAZ,2020-06-09,81.02
Kazakhstan,KAZ,2020-06-10,81.02
Kazakhstan,KAZ,2020-06-11,81.02
Kazakhstan,KAZ,2020-06-12,81.02
Kazakhstan,KAZ,2020-06-13,81.02
Kazakhstan,KAZ,2020-06-14,81.02
Kazakhstan,KAZ,2020-06-15,81.02
Kazakhstan,KAZ,2020-06-16,81.02
Kazakhstan,KAZ,2020-06-17,81.02
Kazakhstan,KAZ,2020-06-18,81.02
Kazakhstan,KAZ,2020-06-19,81.02
Kazakhstan,KAZ,2020-06-20,81.02
Kazakhstan,KAZ,2020-06-21,81.02
Kazakhstan,KAZ,2020-06-22,81.02
Kazakhstan,KAZ,2020-06-23,81.02
Kazakhstan,KAZ,2020-06-24,81.02
Kazakhstan,KAZ,2020-06-25,81.02
Kazakhstan,KAZ,2020-06-26,81.02
Kazakhstan,KAZ,2020-06-27,81.02
Kazakhstan,KAZ,2020-06-28,81.02
Kazakhstan,KAZ,2020-06-29,81.02
Kazakhstan,KAZ,2020-06-30,81.02
Kazakhstan,KAZ,2020-07-01,81.02
Kazakhstan,KAZ,2020-07-02,81.02
Kazakhstan,KAZ,2020-07-03,81.02
Kazakhstan,KAZ,2020-07-04,81.02
Kazakhstan,KAZ,2020-07-05,83.33
Kazakhstan,KAZ,2020-07-06,83.33
Kazakhstan,KAZ,2020-07-07,83.33
Kazakhstan,KAZ,2020-07-08,83.33
Kazakhstan,KAZ,2020-07-09,83.33
Kazakhstan,KAZ,2020-07-10,83.33
Kazakhstan,KAZ,2020-07-11,83.33
Kazakhstan,KAZ,2020-07-12,83.33
Kazakhstan,KAZ,2020-07-13,83.33
Kazakhstan,KAZ,2020-07-14,83.33
Kazakhstan,KAZ,2020-07-15,83.33
Kazakhstan,KAZ,2020-07-16,83.33
Kazakhstan,KAZ,2020-07-17,83.33
Kazakhstan,KAZ,2020-07-18,83.33
Kazakhstan,KAZ,2020-07-19,83.33
Kazakhstan,KAZ,2020-07-20,83.33
Kazakhstan,KAZ,2020-07-21,83.33
Kazakhstan,KAZ,2020-07-22,83.33
Kazakhstan,KAZ,2020-07-23,83.33
Kazakhstan,KAZ,2020-07-24,83.33
Kazakhstan,KAZ,2020-07-25,83.33
Kazakhstan,KAZ,2020-07-26,83.33
Kazakhstan,KAZ,2020-07-27,83.33
Kazakhstan,KAZ,2020-07-28,83.33
Kazakhstan,KAZ,2020-07-29,83.33
Kazakhstan,KAZ,2020-07-30,83.33
Kazakhstan,KAZ,2020-07-31,80.56
Kazakhstan,KAZ,2020-08-01,80.56
Kazakhstan,KAZ,2020-08-02,80.56
Kazakhstan,KAZ,2020-08-03,80.56
Kazakhstan,KAZ,2020-08-04,80.56
Kazakhstan,KAZ,2020-08-05,80.56
Kazakhstan,KAZ,2020-08-06,80.56
Kazakhstan,KAZ,2020-08-07,80.56
Kazakhstan,KAZ,2020-08-08,80.56
Kazakhstan,KAZ,2020-08-09,80.56
Kazakhstan,KAZ,2020-08-10,80.56
Kazakhstan,KAZ,2020-08-11,80.56
Kazakhstan,KAZ,2020-08-12,80.56
Kazakhstan,KAZ,2020-08-13,80.56
Kazakhstan,KAZ,2020-08-14,80.56
Kazakhstan,KAZ,2020-08-15,80.56
Kazakhstan,KAZ,2020-08-16,80.56
Kazakhstan,KAZ,2020-08-17,79.63
Kazakhstan,KAZ,2020-08-18,79.63
Kazakhstan,KAZ,2020-08-19,79.63
Kazakhstan,KAZ,2020-08-20,79.63
Kazakhstan,KAZ,2020-08-21,79.63
Kazakhstan,KAZ,2020-08-22,79.63
Kazakhstan,KAZ,2020-08-23,79.63
Kazakhstan,KAZ,2020-08-24,79.63
Kazakhstan,KAZ,2020-08-25,79.63
Kazakhstan,KAZ,2020-08-26,79.63
Kazakhstan,KAZ,2020-08-27,79.63
Kazakhstan,KAZ,2020-08-28,79.63
Kazakhstan,KAZ,2020-08-29,79.63
Kazakhstan,KAZ,2020-08-30,79.63
Kazakhstan,KAZ,2020-08-31,79.63
Kazakhstan,KAZ,2020-09-01,75.93
Kazakhstan,KAZ,2020-09-02,75.93
Kazakhstan,KAZ,2020-09-03,75.93
Kazakhstan,KAZ,2020-09-04,75.93
Kazakhstan,KAZ,2020-09-05,80.56
Kazakhstan,KAZ,2020-09-06,80.56
Kazakhstan,KAZ,2020-09-07,80.56
Kazakhstan,KAZ,2020-09-08,80.56
Kazakhstan,KAZ,2020-09-09,80.56
Kazakhstan,KAZ,2020-09-10,80.56
Kazakhstan,KAZ,2020-09-11,80.56
Kazakhstan,KAZ,2020-09-12,80.56
Kazakhstan,KAZ,2020-09-13,80.56
Kazakhstan,KAZ,2020-09-14,78.7
Kazakhstan,KAZ,2020-09-15,78.7
Kazakhstan,KAZ,2020-09-16,78.7
Kazakhstan,KAZ,2020-09-17,78.7
Kazakhstan,KAZ,2020-09-18,78.7
Kazakhstan,KAZ,2020-09-19,78.7
Kazakhstan,KAZ,2020-09-20,78.7
Kazakhstan,KAZ,2020-09-21,78.7
Kazakhstan,KAZ,2020-09-22,78.7
Kazakhstan,KAZ,2020-09-23,78.7
Kazakhstan,KAZ,2020-09-24,78.7
Kazakhstan,KAZ,2020-09-25,78.7
Kazakhstan,KAZ,2020-09-26,78.7
Kazakhstan,KAZ,2020-09-27,78.7
Kazakhstan,KAZ,2020-09-28,78.7
Kazakhstan,KAZ,2020-09-29,78.7
Kazakhstan,KAZ,2020-09-30,78.7
Kazakhstan,KAZ,2020-10-01,78.7
Kazakhstan,KAZ,2020-10-02,78.7
Kazakhstan,KAZ,2020-10-03,78.7
Kazakhstan,KAZ,2020-10-04,78.7
Kazakhstan,KAZ,2020-10-05,78.7
Kazakhstan,KAZ,2020-10-06,78.7
Kazakhstan,KAZ,2020-10-07,78.7
Kazakhstan,KAZ,2020-10-08,78.7
Kazakhstan,KAZ,2020-10-09,78.7
Kazakhstan,KAZ,2020-10-10,78.7
Kazakhstan,KAZ,2020-10-11,78.7
Kazakhstan,KAZ,2020-10-12,78.7
Kazakhstan,KAZ,2020-10-13,74.07
Kazakhstan,KAZ,2020-10-14,74.07
Kazakhstan,KAZ,2020-10-15,74.07
Kazakhstan,KAZ,2020-10-16,74.07
Kazakhstan,KAZ,2020-10-17,74.07
Kazakhstan,KAZ,2020-10-18,74.07
Kazakhstan,KAZ,2020-10-19,74.07
Kazakhstan,KAZ,2020-10-20,74.07
Kazakhstan,KAZ,2020-10-21,74.07
Kazakhstan,KAZ,2020-10-22,74.07
Kazakhstan,KAZ,2020-10-23,74.07
Kazakhstan,KAZ,2020-10-24,74.07
Kazakhstan,KAZ,2020-10-25,74.07
Kazakhstan,KAZ,2020-10-26,74.07
Kazakhstan,KAZ,2020-10-27,74.07
Kazakhstan,KAZ,2020-10-28,68.06
Kazakhstan,KAZ,2020-10-29,68.06
Kazakhstan,KAZ,2020-10-30,68.06
Kazakhstan,KAZ,2020-10-31,68.06
Kazakhstan,KAZ,2020-11-01,68.06
Kazakhstan,KAZ,2020-11-02,68.06
Kazakhstan,KAZ,2020-11-03,68.06
Kazakhstan,KAZ,2020-11-04,68.06
Kazakhstan,KAZ,2020-11-05,68.06
Kazakhstan,KAZ,2020-11-06,68.06
Kazakhstan,KAZ,2020-11-07,68.06
Kazakhstan,KAZ,2020-11-08,68.06
Kazakhstan,KAZ,2020-11-09,68.06
Kazakhstan,KAZ,2020-11-10,68.06
Kazakhstan,KAZ,2020-11-11,66.2
Kazakhstan,KAZ,2020-11-12,66.2
Kazakhstan,KAZ,2020-11-13,66.2
Kazakhstan,KAZ,2020-11-14,66.2
Kazakhstan,KAZ,2020-11-15,66.2
Kazakhstan,KAZ,2020-11-16,66.2
Kazakhstan,KAZ,2020-11-17,66.2
Kazakhstan,KAZ,2020-11-18,66.2
Kazakhstan,KAZ,2020-11-19,66.2
Kazakhstan,KAZ,2020-11-20,66.2
Kazakhstan,KAZ,2020-11-21,66.2
Kazakhstan,KAZ,2020-11-22,66.2
Kazakhstan,KAZ,2020-11-23,66.2
Kazakhstan,KAZ,2020-11-24,66.2
Kazakhstan,KAZ,2020-11-25,66.2
Kazakhstan,KAZ,2020-11-26,66.2
Kazakhstan,KAZ,2020-11-27,66.2
Kazakhstan,KAZ,2020-11-28,69.91
Kazakhstan,KAZ,2020-11-29,69.91
Kazakhstan,KAZ,2020-11-30,69.91
Kazakhstan,KAZ,2020-12-01,69.91
Kazakhstan,KAZ,2020-12-02,69.91
Kazakhstan,KAZ,2020-12-03,69.91
Kazakhstan,KAZ,2020-12-04,71.76
Kazakhstan,KAZ,2020-12-05,71.76
Kazakhstan,KAZ,2020-12-06,71.76
Kazakhstan,KAZ,2020-12-07,71.76
Kazakhstan,KAZ,2020-12-08,71.76
Kazakhstan,KAZ,2020-12-09,71.76
Kazakhstan,KAZ,2020-12-10,71.76
Kazakhstan,KAZ,2020-12-11,71.76
Kazakhstan,KAZ,2020-12-12,71.76
Kazakhstan,KAZ,2020-12-13,71.76
Kazakhstan,KAZ,2020-12-14,71.76
Kazakhstan,KAZ,2020-12-15,71.76
Kazakhstan,KAZ,2020-12-16,71.76
Kazakhstan,KAZ,2020-12-17,71.76
Kazakhstan,KAZ,2020-12-18,71.76
Kazakhstan,KAZ,2020-12-19,71.76
Kazakhstan,KAZ,2020-12-20,71.76
Kazakhstan,KAZ,2020-12-21,71.76
Kazakhstan,KAZ,2020-12-22,71.76
Kazakhstan,KAZ,2020-12-23,71.76
Kazakhstan,KAZ,2020-12-24,71.76
Kazakhstan,KAZ,2020-12-25,75
Kazakhstan,KAZ,2020-12-26,75
Kazakhstan,KAZ,2020-12-27,75
Kazakhstan,KAZ,2020-12-28,75
Kazakhstan,KAZ,2020-12-29,75
Kazakhstan,KAZ,2020-12-30,75
Kazakhstan,KAZ,2020-12-31,70.37
Kazakhstan,KAZ,2021-01-01,68.52
Kazakhstan,KAZ,2021-01-02,68.52
Kazakhstan,KAZ,2021-01-03,68.52
Kazakhstan,KAZ,2021-01-04,68.52
Kazakhstan,KAZ,2021-01-05,68.52
Kazakhstan,KAZ,2021-01-06,68.52
Kazakhstan,KAZ,2021-01-07,68.52
Kazakhstan,KAZ,2021-01-08,68.52
Kazakhstan,KAZ,2021-01-09,68.52
Kazakhstan,KAZ,2021-01-10,68.52
Kazakhstan,KAZ,2021-01-11,68.52
Kazakhstan,KAZ,2021-01-12,68.52
Kazakhstan,KAZ,2021-01-13,68.52
Kazakhstan,KAZ,2021-01-14,68.52
Kazakhstan,KAZ,2021-01-15,68.52
Kazakhstan,KAZ,2021-01-16,68.52
Kazakhstan,KAZ,2021-01-17,68.52
Kazakhstan,KAZ,2021-01-18,68.52
Kazakhstan,KAZ,2021-01-19,68.52
Kazakhstan,KAZ,2021-01-20,68.52
Kazakhstan,KAZ,2021-01-21,68.52
Kazakhstan,KAZ,2021-01-22,68.52
Kazakhstan,KAZ,2021-01-23,68.52
Kazakhstan,KAZ,2021-01-24,68.52
Kazakhstan,KAZ,2021-01-25,68.52
Kazakhstan,KAZ,2021-01-26,68.52
Kazakhstan,KAZ,2021-01-27,68.52
Kazakhstan,KAZ,2021-01-28,68.52
Kazakhstan,KAZ,2021-01-29,68.52
Kazakhstan,KAZ,2021-01-30,68.52
Kazakhstan,KAZ,2021-01-31,68.52
Kazakhstan,KAZ,2021-02-01,68.52
Kazakhstan,KAZ,2021-02-02,71.3
Kazakhstan,KAZ,2021-02-03,71.3
Kazakhstan,KAZ,2021-02-04,71.3
Kazakhstan,KAZ,2021-02-05,71.3
Kazakhstan,KAZ,2021-02-06,71.3
Kazakhstan,KAZ,2021-02-07,71.3
Kazakhstan,KAZ,2021-02-08,71.3
Kazakhstan,KAZ,2021-02-09,71.3
Kazakhstan,KAZ,2021-02-10,71.3
Kazakhstan,KAZ,2021-02-11,71.3
Kazakhstan,KAZ,2021-02-12,71.3
Kazakhstan,KAZ,2021-02-13,71.3
Kazakhstan,KAZ,2021-02-14,71.3
Kazakhstan,KAZ,2021-02-15,71.3
Kazakhstan,KAZ,2021-02-16,59.26
Kazakhstan,KAZ,2021-02-17,59.26
Kazakhstan,KAZ,2021-02-18,59.26
Kazakhstan,KAZ,2021-02-19,59.26
Kazakhstan,KAZ,2021-02-20,59.26
Kazakhstan,KAZ,2021-02-21,59.26
Kazakhstan,KAZ,2021-02-22,59.26
Kazakhstan,KAZ,2021-02-23,59.26
Kazakhstan,KAZ,2021-02-24,59.26
Kazakhstan,KAZ,2021-02-25,59.26
Kazakhstan,KAZ,2021-02-26,59.26
Kazakhstan,KAZ,2021-02-27,59.26
Kazakhstan,KAZ,2021-02-28,59.26
Kazakhstan,KAZ,2021-03-01,59.26
Kazakhstan,KAZ,2021-03-02,59.26
Kazakhstan,KAZ,2021-03-03,59.26
Kazakhstan,KAZ,2021-03-04,59.26
Kazakhstan,KAZ,2021-03-05,59.26
Kenya,KEN,2020-01-01,0
Kenya,KEN,2020-01-02,0
Kenya,KEN,2020-01-03,0
Kenya,KEN,2020-01-04,0
Kenya,KEN,2020-01-05,0
Kenya,KEN,2020-01-06,0
Kenya,KEN,2020-01-07,0
Kenya,KEN,2020-01-08,0
Kenya,KEN,2020-01-09,0
Kenya,KEN,2020-01-10,0
Kenya,KEN,2020-01-11,0
Kenya,KEN,2020-01-12,0
Kenya,KEN,2020-01-13,0
Kenya,KEN,2020-01-14,0
Kenya,KEN,2020-01-15,0
Kenya,KEN,2020-01-16,0
Kenya,KEN,2020-01-17,0
Kenya,KEN,2020-01-18,0
Kenya,KEN,2020-01-19,0
Kenya,KEN,2020-01-20,2.78
Kenya,KEN,2020-01-21,2.78
Kenya,KEN,2020-01-22,2.78
Kenya,KEN,2020-01-23,2.78
Kenya,KEN,2020-01-24,2.78
Kenya,KEN,2020-01-25,2.78
Kenya,KEN,2020-01-26,2.78
Kenya,KEN,2020-01-27,2.78
Kenya,KEN,2020-01-28,2.78
Kenya,KEN,2020-01-29,2.78
Kenya,KEN,2020-01-30,2.78
Kenya,KEN,2020-01-31,2.78
Kenya,KEN,2020-02-01,2.78
Kenya,KEN,2020-02-02,2.78
Kenya,KEN,2020-02-03,2.78
Kenya,KEN,2020-02-04,2.78
Kenya,KEN,2020-02-05,2.78
Kenya,KEN,2020-02-06,2.78
Kenya,KEN,2020-02-07,2.78
Kenya,KEN,2020-02-08,2.78
Kenya,KEN,2020-02-09,2.78
Kenya,KEN,2020-02-10,2.78
Kenya,KEN,2020-02-11,2.78
Kenya,KEN,2020-02-12,2.78
Kenya,KEN,2020-02-13,2.78
Kenya,KEN,2020-02-14,2.78
Kenya,KEN,2020-02-15,2.78
Kenya,KEN,2020-02-16,2.78
Kenya,KEN,2020-02-17,2.78
Kenya,KEN,2020-02-18,2.78
Kenya,KEN,2020-02-19,2.78
Kenya,KEN,2020-02-20,2.78
Kenya,KEN,2020-02-21,2.78
Kenya,KEN,2020-02-22,2.78
Kenya,KEN,2020-02-23,2.78
Kenya,KEN,2020-02-24,2.78
Kenya,KEN,2020-02-25,13.89
Kenya,KEN,2020-02-26,13.89
Kenya,KEN,2020-02-27,13.89
Kenya,KEN,2020-02-28,13.89
Kenya,KEN,2020-02-29,13.89
Kenya,KEN,2020-03-01,13.89
Kenya,KEN,2020-03-02,13.89
Kenya,KEN,2020-03-03,13.89
Kenya,KEN,2020-03-04,13.89
Kenya,KEN,2020-03-05,13.89
Kenya,KEN,2020-03-06,13.89
Kenya,KEN,2020-03-07,13.89
Kenya,KEN,2020-03-08,13.89
Kenya,KEN,2020-03-09,13.89
Kenya,KEN,2020-03-10,13.89
Kenya,KEN,2020-03-11,13.89
Kenya,KEN,2020-03-12,13.89
Kenya,KEN,2020-03-13,36.11
Kenya,KEN,2020-03-14,36.11
Kenya,KEN,2020-03-15,50.93
Kenya,KEN,2020-03-16,50.93
Kenya,KEN,2020-03-17,59.26
Kenya,KEN,2020-03-18,59.26
Kenya,KEN,2020-03-19,59.26
Kenya,KEN,2020-03-20,68.52
Kenya,KEN,2020-03-21,68.52
Kenya,KEN,2020-03-22,68.52
Kenya,KEN,2020-03-23,68.52
Kenya,KEN,2020-03-24,72.22
Kenya,KEN,2020-03-25,72.22
Kenya,KEN,2020-03-26,72.22
Kenya,KEN,2020-03-27,87.04
Kenya,KEN,2020-03-28,87.04
Kenya,KEN,2020-03-29,87.04
Kenya,KEN,2020-03-30,87.04
Kenya,KEN,2020-03-31,87.04
Kenya,KEN,2020-04-01,87.04
Kenya,KEN,2020-04-02,87.04
Kenya,KEN,2020-04-03,87.04
Kenya,KEN,2020-04-04,87.04
Kenya,KEN,2020-04-05,87.04
Kenya,KEN,2020-04-06,88.89
Kenya,KEN,2020-04-07,88.89
Kenya,KEN,2020-04-08,88.89
Kenya,KEN,2020-04-09,88.89
Kenya,KEN,2020-04-10,88.89
Kenya,KEN,2020-04-11,88.89
Kenya,KEN,2020-04-12,88.89
Kenya,KEN,2020-04-13,88.89
Kenya,KEN,2020-04-14,88.89
Kenya,KEN,2020-04-15,88.89
Kenya,KEN,2020-04-16,88.89
Kenya,KEN,2020-04-17,88.89
Kenya,KEN,2020-04-18,88.89
Kenya,KEN,2020-04-19,88.89
Kenya,KEN,2020-04-20,88.89
Kenya,KEN,2020-04-21,88.89
Kenya,KEN,2020-04-22,88.89
Kenya,KEN,2020-04-23,88.89
Kenya,KEN,2020-04-24,88.89
Kenya,KEN,2020-04-25,88.89
Kenya,KEN,2020-04-26,88.89
Kenya,KEN,2020-04-27,88.89
Kenya,KEN,2020-04-28,88.89
Kenya,KEN,2020-04-29,88.89
Kenya,KEN,2020-04-30,88.89
Kenya,KEN,2020-05-01,88.89
Kenya,KEN,2020-05-02,88.89
Kenya,KEN,2020-05-03,88.89
Kenya,KEN,2020-05-04,88.89
Kenya,KEN,2020-05-05,88.89
Kenya,KEN,2020-05-06,88.89
Kenya,KEN,2020-05-07,88.89
Kenya,KEN,2020-05-08,88.89
Kenya,KEN,2020-05-09,88.89
Kenya,KEN,2020-05-10,88.89
Kenya,KEN,2020-05-11,88.89
Kenya,KEN,2020-05-12,88.89
Kenya,KEN,2020-05-13,88.89
Kenya,KEN,2020-05-14,88.89
Kenya,KEN,2020-05-15,88.89
Kenya,KEN,2020-05-16,88.89
Kenya,KEN,2020-05-17,88.89
Kenya,KEN,2020-05-18,88.89
Kenya,KEN,2020-05-19,88.89
Kenya,KEN,2020-05-20,88.89
Kenya,KEN,2020-05-21,88.89
Kenya,KEN,2020-05-22,88.89
Kenya,KEN,2020-05-23,88.89
Kenya,KEN,2020-05-24,88.89
Kenya,KEN,2020-05-25,88.89
Kenya,KEN,2020-05-26,88.89
Kenya,KEN,2020-05-27,88.89
Kenya,KEN,2020-05-28,88.89
Kenya,KEN,2020-05-29,88.89
Kenya,KEN,2020-05-30,88.89
Kenya,KEN,2020-05-31,88.89
Kenya,KEN,2020-06-01,88.89
Kenya,KEN,2020-06-02,88.89
Kenya,KEN,2020-06-03,88.89
Kenya,KEN,2020-06-04,88.89
Kenya,KEN,2020-06-05,88.89
Kenya,KEN,2020-06-06,88.89
Kenya,KEN,2020-06-07,88.89
Kenya,KEN,2020-06-08,88.89
Kenya,KEN,2020-06-09,88.89
Kenya,KEN,2020-06-10,88.89
Kenya,KEN,2020-06-11,88.89
Kenya,KEN,2020-06-12,88.89
Kenya,KEN,2020-06-13,88.89
Kenya,KEN,2020-06-14,88.89
Kenya,KEN,2020-06-15,88.89
Kenya,KEN,2020-06-16,88.89
Kenya,KEN,2020-06-17,88.89
Kenya,KEN,2020-06-18,88.89
Kenya,KEN,2020-06-19,88.89
Kenya,KEN,2020-06-20,88.89
Kenya,KEN,2020-06-21,88.89
Kenya,KEN,2020-06-22,88.89
Kenya,KEN,2020-06-23,84.26
Kenya,KEN,2020-06-24,84.26
Kenya,KEN,2020-06-25,84.26
Kenya,KEN,2020-06-26,84.26
Kenya,KEN,2020-06-27,84.26
Kenya,KEN,2020-06-28,84.26
Kenya,KEN,2020-06-29,84.26
Kenya,KEN,2020-06-30,84.26
Kenya,KEN,2020-07-01,84.26
Kenya,KEN,2020-07-02,84.26
Kenya,KEN,2020-07-03,84.26
Kenya,KEN,2020-07-04,84.26
Kenya,KEN,2020-07-05,84.26
Kenya,KEN,2020-07-06,84.26
Kenya,KEN,2020-07-07,81.48
Kenya,KEN,2020-07-08,81.48
Kenya,KEN,2020-07-09,81.48
Kenya,KEN,2020-07-10,81.48
Kenya,KEN,2020-07-11,81.48
Kenya,KEN,2020-07-12,81.48
Kenya,KEN,2020-07-13,81.48
Kenya,KEN,2020-07-14,81.48
Kenya,KEN,2020-07-15,81.48
Kenya,KEN,2020-07-16,81.48
Kenya,KEN,2020-07-17,81.48
Kenya,KEN,2020-07-18,81.48
Kenya,KEN,2020-07-19,81.48
Kenya,KEN,2020-07-20,81.48
Kenya,KEN,2020-07-21,81.48
Kenya,KEN,2020-07-22,81.48
Kenya,KEN,2020-07-23,81.48
Kenya,KEN,2020-07-24,78.7
Kenya,KEN,2020-07-25,78.7
Kenya,KEN,2020-07-26,78.7
Kenya,KEN,2020-07-27,78.7
Kenya,KEN,2020-07-28,78.7
Kenya,KEN,2020-07-29,78.7
Kenya,KEN,2020-07-30,78.7
Kenya,KEN,2020-07-31,78.7
Kenya,KEN,2020-08-01,73.15
Kenya,KEN,2020-08-02,73.15
Kenya,KEN,2020-08-03,73.15
Kenya,KEN,2020-08-04,73.15
Kenya,KEN,2020-08-05,73.15
Kenya,KEN,2020-08-06,73.15
Kenya,KEN,2020-08-07,73.15
Kenya,KEN,2020-08-08,73.15
Kenya,KEN,2020-08-09,73.15
Kenya,KEN,2020-08-10,73.15
Kenya,KEN,2020-08-11,73.15
Kenya,KEN,2020-08-12,73.15
Kenya,KEN,2020-08-13,70.37
Kenya,KEN,2020-08-14,70.37
Kenya,KEN,2020-08-15,70.37
Kenya,KEN,2020-08-16,70.37
Kenya,KEN,2020-08-17,70.37
Kenya,KEN,2020-08-18,70.37
Kenya,KEN,2020-08-19,70.37
Kenya,KEN,2020-08-20,70.37
Kenya,KEN,2020-08-21,70.37
Kenya,KEN,2020-08-22,70.37
Kenya,KEN,2020-08-23,70.37
Kenya,KEN,2020-08-24,70.37
Kenya,KEN,2020-08-25,70.37
Kenya,KEN,2020-08-26,70.37
Kenya,KEN,2020-08-27,70.37
Kenya,KEN,2020-08-28,70.37
Kenya,KEN,2020-08-29,70.37
Kenya,KEN,2020-08-30,70.37
Kenya,KEN,2020-08-31,70.37
Kenya,KEN,2020-09-01,71.3
Kenya,KEN,2020-09-02,71.3
Kenya,KEN,2020-09-03,71.3
Kenya,KEN,2020-09-04,71.3
Kenya,KEN,2020-09-05,71.3
Kenya,KEN,2020-09-06,71.3
Kenya,KEN,2020-09-07,71.3
Kenya,KEN,2020-09-08,71.3
Kenya,KEN,2020-09-09,71.3
Kenya,KEN,2020-09-10,71.3
Kenya,KEN,2020-09-11,71.3
Kenya,KEN,2020-09-12,71.3
Kenya,KEN,2020-09-13,71.3
Kenya,KEN,2020-09-14,71.3
Kenya,KEN,2020-09-15,71.3
Kenya,KEN,2020-09-16,71.3
Kenya,KEN,2020-09-17,71.3
Kenya,KEN,2020-09-18,71.3
Kenya,KEN,2020-09-19,71.3
Kenya,KEN,2020-09-20,71.3
Kenya,KEN,2020-09-21,71.3
Kenya,KEN,2020-09-22,71.3
Kenya,KEN,2020-09-23,71.3
Kenya,KEN,2020-09-24,71.3
Kenya,KEN,2020-09-25,71.3
Kenya,KEN,2020-09-26,71.3
Kenya,KEN,2020-09-27,71.3
Kenya,KEN,2020-09-28,71.3
Kenya,KEN,2020-09-29,71.3
Kenya,KEN,2020-09-30,71.3
Kenya,KEN,2020-10-01,71.3
Kenya,KEN,2020-10-02,71.3
Kenya,KEN,2020-10-03,71.3
Kenya,KEN,2020-10-04,71.3
Kenya,KEN,2020-10-05,67.59
Kenya,KEN,2020-10-06,67.59
Kenya,KEN,2020-10-07,67.59
Kenya,KEN,2020-10-08,67.59
Kenya,KEN,2020-10-09,64.81
Kenya,KEN,2020-10-10,64.81
Kenya,KEN,2020-10-11,64.81
Kenya,KEN,2020-10-12,64.81
Kenya,KEN,2020-10-13,64.81
Kenya,KEN,2020-10-14,64.81
Kenya,KEN,2020-10-15,64.81
Kenya,KEN,2020-10-16,64.81
Kenya,KEN,2020-10-17,64.81
Kenya,KEN,2020-10-18,64.81
Kenya,KEN,2020-10-19,64.81
Kenya,KEN,2020-10-20,68.52
Kenya,KEN,2020-10-21,68.52
Kenya,KEN,2020-10-22,68.52
Kenya,KEN,2020-10-23,68.52
Kenya,KEN,2020-10-24,68.52
Kenya,KEN,2020-10-25,68.52
Kenya,KEN,2020-10-26,68.52
Kenya,KEN,2020-10-27,68.52
Kenya,KEN,2020-10-28,68.52
Kenya,KEN,2020-10-29,68.52
Kenya,KEN,2020-10-30,68.52
Kenya,KEN,2020-10-31,68.52
Kenya,KEN,2020-11-01,62.96
Kenya,KEN,2020-11-02,62.96
Kenya,KEN,2020-11-03,62.96
Kenya,KEN,2020-11-04,62.96
Kenya,KEN,2020-11-05,62.96
Kenya,KEN,2020-11-06,62.96
Kenya,KEN,2020-11-07,62.96
Kenya,KEN,2020-11-08,62.96
Kenya,KEN,2020-11-09,62.96
Kenya,KEN,2020-11-10,62.96
Kenya,KEN,2020-11-11,62.96
Kenya,KEN,2020-11-12,62.96
Kenya,KEN,2020-11-13,62.96
Kenya,KEN,2020-11-14,62.96
Kenya,KEN,2020-11-15,62.96
Kenya,KEN,2020-11-16,62.96
Kenya,KEN,2020-11-17,62.96
Kenya,KEN,2020-11-18,62.96
Kenya,KEN,2020-11-19,62.96
Kenya,KEN,2020-11-20,62.96
Kenya,KEN,2020-11-21,62.96
Kenya,KEN,2020-11-22,62.96
Kenya,KEN,2020-11-23,62.96
Kenya,KEN,2020-11-24,62.96
Kenya,KEN,2020-11-25,62.96
Kenya,KEN,2020-11-26,62.96
Kenya,KEN,2020-11-27,62.96
Kenya,KEN,2020-11-28,62.96
Kenya,KEN,2020-11-29,62.96
Kenya,KEN,2020-11-30,62.96
Kenya,KEN,2020-12-01,62.96
Kenya,KEN,2020-12-02,62.96
Kenya,KEN,2020-12-03,62.96
Kenya,KEN,2020-12-04,62.96
Kenya,KEN,2020-12-05,62.96
Kenya,KEN,2020-12-06,62.96
Kenya,KEN,2020-12-07,62.96
Kenya,KEN,2020-12-08,62.96
Kenya,KEN,2020-12-09,62.96
Kenya,KEN,2020-12-10,62.96
Kenya,KEN,2020-12-11,62.96
Kenya,KEN,2020-12-12,62.96
Kenya,KEN,2020-12-13,62.96
Kenya,KEN,2020-12-14,62.96
Kenya,KEN,2020-12-15,62.96
Kenya,KEN,2020-12-16,62.96
Kenya,KEN,2020-12-17,62.96
Kenya,KEN,2020-12-18,62.96
Kenya,KEN,2020-12-19,62.96
Kenya,KEN,2020-12-20,62.96
Kenya,KEN,2020-12-21,62.96
Kenya,KEN,2020-12-22,62.96
Kenya,KEN,2020-12-23,62.96
Kenya,KEN,2020-12-24,62.96
Kenya,KEN,2020-12-25,62.96
Kenya,KEN,2020-12-26,62.96
Kenya,KEN,2020-12-27,62.96
Kenya,KEN,2020-12-28,62.96
Kenya,KEN,2020-12-29,62.96
Kenya,KEN,2020-12-30,62.96
Kenya,KEN,2020-12-31,62.96
Kenya,KEN,2021-01-01,62.96
Kenya,KEN,2021-01-02,62.96
Kenya,KEN,2021-01-03,62.96
Kenya,KEN,2021-01-04,59.26
Kenya,KEN,2021-01-05,59.26
Kenya,KEN,2021-01-06,59.26
Kenya,KEN,2021-01-07,59.26
Kenya,KEN,2021-01-08,59.26
Kenya,KEN,2021-01-09,59.26
Kenya,KEN,2021-01-10,59.26
Kenya,KEN,2021-01-11,59.26
Kenya,KEN,2021-01-12,59.26
Kenya,KEN,2021-01-13,59.26
Kenya,KEN,2021-01-14,59.26
Kenya,KEN,2021-01-15,59.26
Kenya,KEN,2021-01-16,59.26
Kenya,KEN,2021-01-17,59.26
Kenya,KEN,2021-01-18,59.26
Kenya,KEN,2021-01-19,59.26
Kenya,KEN,2021-01-20,59.26
Kenya,KEN,2021-01-21,59.26
Kenya,KEN,2021-01-22,59.26
Kenya,KEN,2021-01-23,59.26
Kenya,KEN,2021-01-24,59.26
Kenya,KEN,2021-01-25,59.26
Kenya,KEN,2021-01-26,50.93
Kenya,KEN,2021-01-27,50.93
Kenya,KEN,2021-01-28,50.93
Kenya,KEN,2021-01-29,50.93
Kenya,KEN,2021-01-30,50.93
Kenya,KEN,2021-01-31,50.93
Kenya,KEN,2021-02-01,50.93
Kenya,KEN,2021-02-02,50.93
Kenya,KEN,2021-02-03,50.93
Kenya,KEN,2021-02-04,50.93
Kenya,KEN,2021-02-05,50.93
Kenya,KEN,2021-02-06,50.93
Kenya,KEN,2021-02-07,50.93
Kenya,KEN,2021-02-08,50.93
Kenya,KEN,2021-02-09,50.93
Kenya,KEN,2021-02-10,50.93
Kenya,KEN,2021-02-11,50.93
Kenya,KEN,2021-02-12,50.93
Kenya,KEN,2021-02-13,50.93
Kenya,KEN,2021-02-14,50.93
Kenya,KEN,2021-02-15,50.93
Kenya,KEN,2021-02-16,50.93
Kenya,KEN,2021-02-17,50.93
Kenya,KEN,2021-02-18,50.93
Kenya,KEN,2021-02-19,50.93
Kenya,KEN,2021-02-20,50.93
Kenya,KEN,2021-02-21,50.93
Kenya,KEN,2021-02-22,50.93
Kenya,KEN,2021-02-23,50.93
Kenya,KEN,2021-02-24,50.93
Kenya,KEN,2021-02-25,50.93
Kenya,KEN,2021-02-26,50.93
Kenya,KEN,2021-02-27,50.93
Kenya,KEN,2021-02-28,50.93
Kenya,KEN,2021-03-01,50.93
Kenya,KEN,2021-03-02,50.93
Kenya,KEN,2021-03-03,50.93
Kenya,KEN,2021-03-04,50.93
Kenya,KEN,2021-03-05,50.93
Kenya,KEN,2021-03-06,50.93
Kenya,KEN,2021-03-07,50.93
Kenya,KEN,2021-03-08,50.93
Kiribati,KIR,2020-01-01,0
Kiribati,KIR,2020-01-02,0
Kiribati,KIR,2020-01-03,0
Kiribati,KIR,2020-01-04,0
Kiribati,KIR,2020-01-05,0
Kiribati,KIR,2020-01-06,0
Kiribati,KIR,2020-01-07,0
Kiribati,KIR,2020-01-08,0
Kiribati,KIR,2020-01-09,0
Kiribati,KIR,2020-01-10,0
Kiribati,KIR,2020-01-11,0
Kiribati,KIR,2020-01-12,0
Kiribati,KIR,2020-01-13,0
Kiribati,KIR,2020-01-14,0
Kiribati,KIR,2020-01-15,0
Kiribati,KIR,2020-01-16,0
Kiribati,KIR,2020-01-17,0
Kiribati,KIR,2020-01-18,0
Kiribati,KIR,2020-01-19,0
Kiribati,KIR,2020-01-20,0
Kiribati,KIR,2020-01-21,0
Kiribati,KIR,2020-01-22,0
Kiribati,KIR,2020-01-23,0
Kiribati,KIR,2020-01-24,0
Kiribati,KIR,2020-01-25,0
Kiribati,KIR,2020-01-26,0
Kiribati,KIR,2020-01-27,0
Kiribati,KIR,2020-01-28,0
Kiribati,KIR,2020-01-29,0
Kiribati,KIR,2020-01-30,0
Kiribati,KIR,2020-01-31,0
Kiribati,KIR,2020-02-01,8.33
Kiribati,KIR,2020-02-02,8.33
Kiribati,KIR,2020-02-03,8.33
Kiribati,KIR,2020-02-04,8.33
Kiribati,KIR,2020-02-05,8.33
Kiribati,KIR,2020-02-06,8.33
Kiribati,KIR,2020-02-07,8.33
Kiribati,KIR,2020-02-08,8.33
Kiribati,KIR,2020-02-09,8.33
Kiribati,KIR,2020-02-10,8.33
Kiribati,KIR,2020-02-11,8.33
Kiribati,KIR,2020-02-12,8.33
Kiribati,KIR,2020-02-13,8.33
Kiribati,KIR,2020-02-14,8.33
Kiribati,KIR,2020-02-15,8.33
Kiribati,KIR,2020-02-16,8.33
Kiribati,KIR,2020-02-17,8.33
Kiribati,KIR,2020-02-18,8.33
Kiribati,KIR,2020-02-19,8.33
Kiribati,KIR,2020-02-20,8.33
Kiribati,KIR,2020-02-21,8.33
Kiribati,KIR,2020-02-22,8.33
Kiribati,KIR,2020-02-23,8.33
Kiribati,KIR,2020-02-24,8.33
Kiribati,KIR,2020-02-25,8.33
Kiribati,KIR,2020-02-26,8.33
Kiribati,KIR,2020-02-27,8.33
Kiribati,KIR,2020-02-28,8.33
Kiribati,KIR,2020-02-29,8.33
Kiribati,KIR,2020-03-01,8.33
Kiribati,KIR,2020-03-02,8.33
Kiribati,KIR,2020-03-03,8.33
Kiribati,KIR,2020-03-04,8.33
Kiribati,KIR,2020-03-05,8.33
Kiribati,KIR,2020-03-06,8.33
Kiribati,KIR,2020-03-07,8.33
Kiribati,KIR,2020-03-08,8.33
Kiribati,KIR,2020-03-09,8.33
Kiribati,KIR,2020-03-10,8.33
Kiribati,KIR,2020-03-11,8.33
Kiribati,KIR,2020-03-12,8.33
Kiribati,KIR,2020-03-13,8.33
Kiribati,KIR,2020-03-14,8.33
Kiribati,KIR,2020-03-15,8.33
Kiribati,KIR,2020-03-16,8.33
Kiribati,KIR,2020-03-17,8.33
Kiribati,KIR,2020-03-18,8.33
Kiribati,KIR,2020-03-19,8.33
Kiribati,KIR,2020-03-20,8.33
Kiribati,KIR,2020-03-21,11.11
Kiribati,KIR,2020-03-22,11.11
Kiribati,KIR,2020-03-23,11.11
Kiribati,KIR,2020-03-24,22.22
Kiribati,KIR,2020-03-25,22.22
Kiribati,KIR,2020-03-26,22.22
Kiribati,KIR,2020-03-27,22.22
Kiribati,KIR,2020-03-28,22.22
Kiribati,KIR,2020-03-29,22.22
Kiribati,KIR,2020-03-30,33.33
Kiribati,KIR,2020-03-31,33.33
Kiribati,KIR,2020-04-01,40.74
Kiribati,KIR,2020-04-02,40.74
Kiribati,KIR,2020-04-03,40.74
Kiribati,KIR,2020-04-04,40.74
Kiribati,KIR,2020-04-05,40.74
Kiribati,KIR,2020-04-06,40.74
Kiribati,KIR,2020-04-07,40.74
Kiribati,KIR,2020-04-08,40.74
Kiribati,KIR,2020-04-09,40.74
Kiribati,KIR,2020-04-10,40.74
Kiribati,KIR,2020-04-11,40.74
Kiribati,KIR,2020-04-12,40.74
Kiribati,KIR,2020-04-13,40.74
Kiribati,KIR,2020-04-14,40.74
Kiribati,KIR,2020-04-15,40.74
Kiribati,KIR,2020-04-16,40.74
Kiribati,KIR,2020-04-17,33.33
Kiribati,KIR,2020-04-18,33.33
Kiribati,KIR,2020-04-19,33.33
Kiribati,KIR,2020-04-20,22.22
Kiribati,KIR,2020-04-21,22.22
Kiribati,KIR,2020-04-22,22.22
Kiribati,KIR,2020-04-23,22.22
Kiribati,KIR,2020-04-24,22.22
Kiribati,KIR,2020-04-25,22.22
Kiribati,KIR,2020-04-26,22.22
Kiribati,KIR,2020-04-27,22.22
Kiribati,KIR,2020-04-28,22.22
Kiribati,KIR,2020-04-29,22.22
Kiribati,KIR,2020-04-30,22.22
Kiribati,KIR,2020-05-01,22.22
Kiribati,KIR,2020-05-02,22.22
Kiribati,KIR,2020-05-03,22.22
Kiribati,KIR,2020-05-04,22.22
Kiribati,KIR,2020-05-05,22.22
Kiribati,KIR,2020-05-06,22.22
Kiribati,KIR,2020-05-07,22.22
Kiribati,KIR,2020-05-08,22.22
Kiribati,KIR,2020-05-09,22.22
Kiribati,KIR,2020-05-10,22.22
Kiribati,KIR,2020-05-11,22.22
Kiribati,KIR,2020-05-12,22.22
Kiribati,KIR,2020-05-13,22.22
Kiribati,KIR,2020-05-14,22.22
Kiribati,KIR,2020-05-15,22.22
Kiribati,KIR,2020-05-16,22.22
Kiribati,KIR,2020-05-17,22.22
Kiribati,KIR,2020-05-18,22.22
Kiribati,KIR,2020-05-19,22.22
Kiribati,KIR,2020-05-20,22.22
Kiribati,KIR,2020-05-21,22.22
Kiribati,KIR,2020-05-22,22.22
Kiribati,KIR,2020-05-23,22.22
Kiribati,KIR,2020-05-24,22.22
Kiribati,KIR,2020-05-25,22.22
Kiribati,KIR,2020-05-26,22.22
Kiribati,KIR,2020-05-27,22.22
Kiribati,KIR,2020-05-28,22.22
Kiribati,KIR,2020-05-29,22.22
Kiribati,KIR,2020-05-30,22.22
Kiribati,KIR,2020-05-31,22.22
Kiribati,KIR,2020-06-01,22.22
Kiribati,KIR,2020-06-02,22.22
Kiribati,KIR,2020-06-03,22.22
Kiribati,KIR,2020-06-04,22.22
Kiribati,KIR,2020-06-05,22.22
Kiribati,KIR,2020-06-06,22.22
Kiribati,KIR,2020-06-07,22.22
Kiribati,KIR,2020-06-08,22.22
Kiribati,KIR,2020-06-09,22.22
Kiribati,KIR,2020-06-10,22.22
Kiribati,KIR,2020-06-11,22.22
Kiribati,KIR,2020-06-12,22.22
Kiribati,KIR,2020-06-13,22.22
Kiribati,KIR,2020-06-14,22.22
Kiribati,KIR,2020-06-15,22.22
Kiribati,KIR,2020-06-16,22.22
Kiribati,KIR,2020-06-17,22.22
Kiribati,KIR,2020-06-18,22.22
Kiribati,KIR,2020-06-19,22.22
Kiribati,KIR,2020-06-20,22.22
Kiribati,KIR,2020-06-21,22.22
Kiribati,KIR,2020-06-22,22.22
Kiribati,KIR,2020-06-23,22.22
Kiribati,KIR,2020-06-24,22.22
Kiribati,KIR,2020-06-25,22.22
Kiribati,KIR,2020-06-26,22.22
Kiribati,KIR,2020-06-27,22.22
Kiribati,KIR,2020-06-28,22.22
Kiribati,KIR,2020-06-29,22.22
Kiribati,KIR,2020-06-30,22.22
Kiribati,KIR,2020-07-01,22.22
Kiribati,KIR,2020-07-02,22.22
Kiribati,KIR,2020-07-03,22.22
Kiribati,KIR,2020-07-04,22.22
Kiribati,KIR,2020-07-05,22.22
Kiribati,KIR,2020-07-06,22.22
Kiribati,KIR,2020-07-07,22.22
Kiribati,KIR,2020-07-08,22.22
Kiribati,KIR,2020-07-09,22.22
Kiribati,KIR,2020-07-10,22.22
Kiribati,KIR,2020-07-11,22.22
Kiribati,KIR,2020-07-12,22.22
Kiribati,KIR,2020-07-13,22.22
Kiribati,KIR,2020-07-14,22.22
Kiribati,KIR,2020-07-15,22.22
Kiribati,KIR,2020-07-16,22.22
Kiribati,KIR,2020-07-17,22.22
Kiribati,KIR,2020-07-18,22.22
Kiribati,KIR,2020-07-19,22.22
Kiribati,KIR,2020-07-20,22.22
Kiribati,KIR,2020-07-21,22.22
Kiribati,KIR,2020-07-22,22.22
Kiribati,KIR,2020-07-23,22.22
Kiribati,KIR,2020-07-24,22.22
Kiribati,KIR,2020-07-25,22.22
Kiribati,KIR,2020-07-26,22.22
Kiribati,KIR,2020-07-27,22.22
Kiribati,KIR,2020-07-28,22.22
Kiribati,KIR,2020-07-29,22.22
Kiribati,KIR,2020-07-30,22.22
Kiribati,KIR,2020-07-31,22.22
Kiribati,KIR,2020-08-01,22.22
Kiribati,KIR,2020-08-02,22.22
Kiribati,KIR,2020-08-03,22.22
Kiribati,KIR,2020-08-04,22.22
Kiribati,KIR,2020-08-05,22.22
Kiribati,KIR,2020-08-06,22.22
Kiribati,KIR,2020-08-07,22.22
Kiribati,KIR,2020-08-08,22.22
Kiribati,KIR,2020-08-09,22.22
Kiribati,KIR,2020-08-10,22.22
Kiribati,KIR,2020-08-11,22.22
Kiribati,KIR,2020-08-12,22.22
Kiribati,KIR,2020-08-13,22.22
Kiribati,KIR,2020-08-14,22.22
Kiribati,KIR,2020-08-15,22.22
Kiribati,KIR,2020-08-16,22.22
Kiribati,KIR,2020-08-17,22.22
Kiribati,KIR,2020-08-18,22.22
Kiribati,KIR,2020-08-19,22.22
Kiribati,KIR,2020-08-20,22.22
Kiribati,KIR,2020-08-21,22.22
Kiribati,KIR,2020-08-22,22.22
Kiribati,KIR,2020-08-23,22.22
Kiribati,KIR,2020-08-24,22.22
Kiribati,KIR,2020-08-25,22.22
Kiribati,KIR,2020-08-26,22.22
Kiribati,KIR,2020-08-27,22.22
Kiribati,KIR,2020-08-28,22.22
Kiribati,KIR,2020-08-29,22.22
Kiribati,KIR,2020-08-30,22.22
Kiribati,KIR,2020-08-31,22.22
Kiribati,KIR,2020-09-01,22.22
Kiribati,KIR,2020-09-02,22.22
Kiribati,KIR,2020-09-03,22.22
Kiribati,KIR,2020-09-04,22.22
Kiribati,KIR,2020-09-05,22.22
Kiribati,KIR,2020-09-06,22.22
Kiribati,KIR,2020-09-07,22.22
Kiribati,KIR,2020-09-08,22.22
Kiribati,KIR,2020-09-09,22.22
Kiribati,KIR,2020-09-10,22.22
Kiribati,KIR,2020-09-11,22.22
Kiribati,KIR,2020-09-12,22.22
Kiribati,KIR,2020-09-13,22.22
Kiribati,KIR,2020-09-14,22.22
Kiribati,KIR,2020-09-15,22.22
Kiribati,KIR,2020-09-16,22.22
Kiribati,KIR,2020-09-17,22.22
Kiribati,KIR,2020-09-18,22.22
Kiribati,KIR,2020-09-19,22.22
Kiribati,KIR,2020-09-20,22.22
Kiribati,KIR,2020-09-21,22.22
Kiribati,KIR,2020-09-22,22.22
Kiribati,KIR,2020-09-23,22.22
Kiribati,KIR,2020-09-24,22.22
Kiribati,KIR,2020-09-25,22.22
Kiribati,KIR,2020-09-26,22.22
Kiribati,KIR,2020-09-27,22.22
Kiribati,KIR,2020-09-28,22.22
Kiribati,KIR,2020-09-29,22.22
Kiribati,KIR,2020-09-30,22.22
Kiribati,KIR,2020-10-01,22.22
Kiribati,KIR,2020-10-02,22.22
Kiribati,KIR,2020-10-03,22.22
Kiribati,KIR,2020-10-04,22.22
Kiribati,KIR,2020-10-05,22.22
Kiribati,KIR,2020-10-06,22.22
Kiribati,KIR,2020-10-07,22.22
Kiribati,KIR,2020-10-08,22.22
Kiribati,KIR,2020-10-09,22.22
Kiribati,KIR,2020-10-10,22.22
Kiribati,KIR,2020-10-11,22.22
Kiribati,KIR,2020-10-12,22.22
Kiribati,KIR,2020-10-13,22.22
Kiribati,KIR,2020-10-14,22.22
Kiribati,KIR,2020-10-15,22.22
Kiribati,KIR,2020-10-16,22.22
Kiribati,KIR,2020-10-17,22.22
Kiribati,KIR,2020-10-18,22.22
Kiribati,KIR,2020-10-19,22.22
Kiribati,KIR,2020-10-20,22.22
Kiribati,KIR,2020-10-21,22.22
Kiribati,KIR,2020-10-22,22.22
Kiribati,KIR,2020-10-23,22.22
Kiribati,KIR,2020-10-24,22.22
Kiribati,KIR,2020-10-25,22.22
Kiribati,KIR,2020-10-26,22.22
Kiribati,KIR,2020-10-27,22.22
Kiribati,KIR,2020-10-28,22.22
Kiribati,KIR,2020-10-29,22.22
Kiribati,KIR,2020-10-30,22.22
Kiribati,KIR,2020-10-31,22.22
Kiribati,KIR,2020-11-01,22.22
Kiribati,KIR,2020-11-02,22.22
Kiribati,KIR,2020-11-03,22.22
Kiribati,KIR,2020-11-04,22.22
Kiribati,KIR,2020-11-05,22.22
Kiribati,KIR,2020-11-06,22.22
Kiribati,KIR,2020-11-07,22.22
Kiribati,KIR,2020-11-08,22.22
Kiribati,KIR,2020-11-09,22.22
Kiribati,KIR,2020-11-10,22.22
Kiribati,KIR,2020-11-11,22.22
Kiribati,KIR,2020-11-12,22.22
Kiribati,KIR,2020-11-13,22.22
Kiribati,KIR,2020-11-14,22.22
Kiribati,KIR,2020-11-15,22.22
Kiribati,KIR,2020-11-16,22.22
Kiribati,KIR,2020-11-17,22.22
Kiribati,KIR,2020-11-18,22.22
Kiribati,KIR,2020-11-19,22.22
Kiribati,KIR,2020-11-20,22.22
Kiribati,KIR,2020-11-21,22.22
Kiribati,KIR,2020-11-22,22.22
Kiribati,KIR,2020-11-23,22.22
Kiribati,KIR,2020-11-24,22.22
Kiribati,KIR,2020-11-25,22.22
Kiribati,KIR,2020-11-26,22.22
Kiribati,KIR,2020-11-27,22.22
Kiribati,KIR,2020-11-28,22.22
Kiribati,KIR,2020-11-29,22.22
Kiribati,KIR,2020-11-30,22.22
Kiribati,KIR,2020-12-01,22.22
Kiribati,KIR,2020-12-02,22.22
Kiribati,KIR,2020-12-03,22.22
Kiribati,KIR,2020-12-04,22.22
Kiribati,KIR,2020-12-05,22.22
Kiribati,KIR,2020-12-06,22.22
Kiribati,KIR,2020-12-07,22.22
Kiribati,KIR,2020-12-08,22.22
Kiribati,KIR,2020-12-09,22.22
Kiribati,KIR,2020-12-10,22.22
Kiribati,KIR,2020-12-11,22.22
Kiribati,KIR,2020-12-12,22.22
Kiribati,KIR,2020-12-13,22.22
Kiribati,KIR,2020-12-14,22.22
Kiribati,KIR,2020-12-15,22.22
Kiribati,KIR,2020-12-16,22.22
Kiribati,KIR,2020-12-17,22.22
Kiribati,KIR,2020-12-18,22.22
Kiribati,KIR,2020-12-19,22.22
Kiribati,KIR,2020-12-20,22.22
Kiribati,KIR,2020-12-21,22.22
Kiribati,KIR,2020-12-22,22.22
Kiribati,KIR,2020-12-23,22.22
Kiribati,KIR,2020-12-24,22.22
Kiribati,KIR,2020-12-25,22.22
Kiribati,KIR,2020-12-26,22.22
Kiribati,KIR,2020-12-27,22.22
Kiribati,KIR,2020-12-28,22.22
Kiribati,KIR,2020-12-29,22.22
Kiribati,KIR,2020-12-30,22.22
Kiribati,KIR,2020-12-31,22.22
Kiribati,KIR,2021-01-01,22.22
Kiribati,KIR,2021-01-02,22.22
Kiribati,KIR,2021-01-03,22.22
Kiribati,KIR,2021-01-04,22.22
Kiribati,KIR,2021-01-05,22.22
Kiribati,KIR,2021-01-06,22.22
Kiribati,KIR,2021-01-07,22.22
Kiribati,KIR,2021-01-08,22.22
Kiribati,KIR,2021-01-09,22.22
Kiribati,KIR,2021-01-10,22.22
Kiribati,KIR,2021-01-11,22.22
Kiribati,KIR,2021-01-12,22.22
Kiribati,KIR,2021-01-13,22.22
Kiribati,KIR,2021-01-14,22.22
Kiribati,KIR,2021-01-15,22.22
Kiribati,KIR,2021-01-16,22.22
Kiribati,KIR,2021-01-17,22.22
Kiribati,KIR,2021-01-18,22.22
Kiribati,KIR,2021-01-19,22.22
Kiribati,KIR,2021-01-20,22.22
Kiribati,KIR,2021-01-21,22.22
Kiribati,KIR,2021-01-22,22.22
Kiribati,KIR,2021-01-23,22.22
Kiribati,KIR,2021-01-24,22.22
Kiribati,KIR,2021-01-25,22.22
Kiribati,KIR,2021-01-26,22.22
Kiribati,KIR,2021-01-27,22.22
Kiribati,KIR,2021-01-28,22.22
Kiribati,KIR,2021-01-29,22.22
Kiribati,KIR,2021-01-30,22.22
Kiribati,KIR,2021-01-31,22.22
Kiribati,KIR,2021-02-01,22.22
Kiribati,KIR,2021-02-02,22.22
Kiribati,KIR,2021-02-03,22.22
Kiribati,KIR,2021-02-04,22.22
Kiribati,KIR,2021-02-05,22.22
Kiribati,KIR,2021-02-06,22.22
Kiribati,KIR,2021-02-07,22.22
Kiribati,KIR,2021-02-08,22.22
Kiribati,KIR,2021-02-09,22.22
Kiribati,KIR,2021-02-10,22.22
Kiribati,KIR,2021-02-11,22.22
Kiribati,KIR,2021-02-12,22.22
Kiribati,KIR,2021-02-13,22.22
Kiribati,KIR,2021-02-14,22.22
Kiribati,KIR,2021-02-15,22.22
Kiribati,KIR,2021-02-16,22.22
Kiribati,KIR,2021-02-17,22.22
Kiribati,KIR,2021-02-18,22.22
Kiribati,KIR,2021-02-19,22.22
Kiribati,KIR,2021-02-20,22.22
Kiribati,KIR,2021-02-21,22.22
Kiribati,KIR,2021-02-22,22.22
Kiribati,KIR,2021-02-23,22.22
Kiribati,KIR,2021-02-24,22.22
Kiribati,KIR,2021-02-25,22.22
Kiribati,KIR,2021-02-26,22.22
Kiribati,KIR,2021-02-27,22.22
Kiribati,KIR,2021-02-28,22.22
Kiribati,KIR,2021-03-01,22.22
Kosovo,OWID_KOS,2020-01-01,0
Kosovo,OWID_KOS,2020-01-02,0
Kosovo,OWID_KOS,2020-01-03,0
Kosovo,OWID_KOS,2020-01-04,0
Kosovo,OWID_KOS,2020-01-05,0
Kosovo,OWID_KOS,2020-01-06,0
Kosovo,OWID_KOS,2020-01-07,0
Kosovo,OWID_KOS,2020-01-08,0
Kosovo,OWID_KOS,2020-01-09,0
Kosovo,OWID_KOS,2020-01-10,0
Kosovo,OWID_KOS,2020-01-11,0
Kosovo,OWID_KOS,2020-01-12,0
Kosovo,OWID_KOS,2020-01-13,0
Kosovo,OWID_KOS,2020-01-14,0
Kosovo,OWID_KOS,2020-01-15,0
Kosovo,OWID_KOS,2020-01-16,0
Kosovo,OWID_KOS,2020-01-17,0
Kosovo,OWID_KOS,2020-01-18,0
Kosovo,OWID_KOS,2020-01-19,0
Kosovo,OWID_KOS,2020-01-20,0
Kosovo,OWID_KOS,2020-01-21,0
Kosovo,OWID_KOS,2020-01-22,0
Kosovo,OWID_KOS,2020-01-23,0
Kosovo,OWID_KOS,2020-01-24,0
Kosovo,OWID_KOS,2020-01-25,0
Kosovo,OWID_KOS,2020-01-26,0
Kosovo,OWID_KOS,2020-01-27,0
Kosovo,OWID_KOS,2020-01-28,0
Kosovo,OWID_KOS,2020-01-29,0
Kosovo,OWID_KOS,2020-01-30,0
Kosovo,OWID_KOS,2020-01-31,0
Kosovo,OWID_KOS,2020-02-01,0
Kosovo,OWID_KOS,2020-02-02,0
Kosovo,OWID_KOS,2020-02-03,0
Kosovo,OWID_KOS,2020-02-04,0
Kosovo,OWID_KOS,2020-02-05,0
Kosovo,OWID_KOS,2020-02-06,0
Kosovo,OWID_KOS,2020-02-07,0
Kosovo,OWID_KOS,2020-02-08,0
Kosovo,OWID_KOS,2020-02-09,0
Kosovo,OWID_KOS,2020-02-10,0
Kosovo,OWID_KOS,2020-02-11,0
Kosovo,OWID_KOS,2020-02-12,0
Kosovo,OWID_KOS,2020-02-13,0
Kosovo,OWID_KOS,2020-02-14,0
Kosovo,OWID_KOS,2020-02-15,0
Kosovo,OWID_KOS,2020-02-16,0
Kosovo,OWID_KOS,2020-02-17,0
Kosovo,OWID_KOS,2020-02-18,0
Kosovo,OWID_KOS,2020-02-19,0
Kosovo,OWID_KOS,2020-02-20,0
Kosovo,OWID_KOS,2020-02-21,0
Kosovo,OWID_KOS,2020-02-22,0
Kosovo,OWID_KOS,2020-02-23,0
Kosovo,OWID_KOS,2020-02-24,0
Kosovo,OWID_KOS,2020-02-25,0
Kosovo,OWID_KOS,2020-02-26,0
Kosovo,OWID_KOS,2020-02-27,0
Kosovo,OWID_KOS,2020-02-28,0
Kosovo,OWID_KOS,2020-02-29,0
Kosovo,OWID_KOS,2020-03-01,0
Kosovo,OWID_KOS,2020-03-02,0
Kosovo,OWID_KOS,2020-03-03,0
Kosovo,OWID_KOS,2020-03-04,0
Kosovo,OWID_KOS,2020-03-05,0
Kosovo,OWID_KOS,2020-03-06,0
Kosovo,OWID_KOS,2020-03-07,0
Kosovo,OWID_KOS,2020-03-08,5.56
Kosovo,OWID_KOS,2020-03-09,5.56
Kosovo,OWID_KOS,2020-03-10,5.56
Kosovo,OWID_KOS,2020-03-11,25
Kosovo,OWID_KOS,2020-03-12,41.67
Kosovo,OWID_KOS,2020-03-13,72.22
Kosovo,OWID_KOS,2020-03-14,72.22
Kosovo,OWID_KOS,2020-03-15,85.19
Kosovo,OWID_KOS,2020-03-16,85.19
Kosovo,OWID_KOS,2020-03-17,85.19
Kosovo,OWID_KOS,2020-03-18,85.19
Kosovo,OWID_KOS,2020-03-19,85.19
Kosovo,OWID_KOS,2020-03-20,85.19
Kosovo,OWID_KOS,2020-03-21,85.19
Kosovo,OWID_KOS,2020-03-22,85.19
Kosovo,OWID_KOS,2020-03-23,87.96
Kosovo,OWID_KOS,2020-03-24,92.59
Kosovo,OWID_KOS,2020-03-25,92.59
Kosovo,OWID_KOS,2020-03-26,92.59
Kosovo,OWID_KOS,2020-03-27,92.59
Kosovo,OWID_KOS,2020-03-28,92.59
Kosovo,OWID_KOS,2020-03-29,92.59
Kosovo,OWID_KOS,2020-03-30,92.59
Kosovo,OWID_KOS,2020-03-31,92.59
Kosovo,OWID_KOS,2020-04-01,92.59
Kosovo,OWID_KOS,2020-04-02,92.59
Kosovo,OWID_KOS,2020-04-03,92.59
Kosovo,OWID_KOS,2020-04-04,92.59
Kosovo,OWID_KOS,2020-04-05,92.59
Kosovo,OWID_KOS,2020-04-06,92.59
Kosovo,OWID_KOS,2020-04-07,92.59
Kosovo,OWID_KOS,2020-04-08,92.59
Kosovo,OWID_KOS,2020-04-09,92.59
Kosovo,OWID_KOS,2020-04-10,92.59
Kosovo,OWID_KOS,2020-04-11,92.59
Kosovo,OWID_KOS,2020-04-12,92.59
Kosovo,OWID_KOS,2020-04-13,92.59
Kosovo,OWID_KOS,2020-04-14,92.59
Kosovo,OWID_KOS,2020-04-15,92.59
Kosovo,OWID_KOS,2020-04-16,92.59
Kosovo,OWID_KOS,2020-04-17,92.59
Kosovo,OWID_KOS,2020-04-18,92.59
Kosovo,OWID_KOS,2020-04-19,92.59
Kosovo,OWID_KOS,2020-04-20,92.59
Kosovo,OWID_KOS,2020-04-21,92.59
Kosovo,OWID_KOS,2020-04-22,92.59
Kosovo,OWID_KOS,2020-04-23,92.59
Kosovo,OWID_KOS,2020-04-24,92.59
Kosovo,OWID_KOS,2020-04-25,92.59
Kosovo,OWID_KOS,2020-04-26,92.59
Kosovo,OWID_KOS,2020-04-27,92.59
Kosovo,OWID_KOS,2020-04-28,92.59
Kosovo,OWID_KOS,2020-04-29,92.59
Kosovo,OWID_KOS,2020-04-30,92.59
Kosovo,OWID_KOS,2020-05-01,92.59
Kosovo,OWID_KOS,2020-05-02,92.59
Kosovo,OWID_KOS,2020-05-03,92.59
Kosovo,OWID_KOS,2020-05-04,92.59
Kosovo,OWID_KOS,2020-05-05,92.59
Kosovo,OWID_KOS,2020-05-06,92.59
Kosovo,OWID_KOS,2020-05-07,92.59
Kosovo,OWID_KOS,2020-05-08,92.59
Kosovo,OWID_KOS,2020-05-09,92.59
Kosovo,OWID_KOS,2020-05-10,92.59
Kosovo,OWID_KOS,2020-05-11,92.59
Kosovo,OWID_KOS,2020-05-12,92.59
Kosovo,OWID_KOS,2020-05-13,92.59
Kosovo,OWID_KOS,2020-05-14,92.59
Kosovo,OWID_KOS,2020-05-15,92.59
Kosovo,OWID_KOS,2020-05-16,92.59
Kosovo,OWID_KOS,2020-05-17,92.59
Kosovo,OWID_KOS,2020-05-18,87.04
Kosovo,OWID_KOS,2020-05-19,87.04
Kosovo,OWID_KOS,2020-05-20,87.04
Kosovo,OWID_KOS,2020-05-21,87.04
Kosovo,OWID_KOS,2020-05-22,87.04
Kosovo,OWID_KOS,2020-05-23,87.04
Kosovo,OWID_KOS,2020-05-24,87.04
Kosovo,OWID_KOS,2020-05-25,87.04
Kosovo,OWID_KOS,2020-05-26,87.04
Kosovo,OWID_KOS,2020-05-27,87.04
Kosovo,OWID_KOS,2020-05-28,87.04
Kosovo,OWID_KOS,2020-05-29,87.04
Kosovo,OWID_KOS,2020-05-30,87.04
Kosovo,OWID_KOS,2020-05-31,87.04
Kosovo,OWID_KOS,2020-06-01,73.15
Kosovo,OWID_KOS,2020-06-02,73.15
Kosovo,OWID_KOS,2020-06-03,73.15
Kosovo,OWID_KOS,2020-06-04,73.15
Kosovo,OWID_KOS,2020-06-05,73.15
Kosovo,OWID_KOS,2020-06-06,73.15
Kosovo,OWID_KOS,2020-06-07,73.15
Kosovo,OWID_KOS,2020-06-08,59.26
Kosovo,OWID_KOS,2020-06-09,59.26
Kosovo,OWID_KOS,2020-06-10,59.26
Kosovo,OWID_KOS,2020-06-11,59.26
Kosovo,OWID_KOS,2020-06-12,59.26
Kosovo,OWID_KOS,2020-06-13,59.26
Kosovo,OWID_KOS,2020-06-14,59.26
Kosovo,OWID_KOS,2020-06-15,59.26
Kosovo,OWID_KOS,2020-06-16,59.26
Kosovo,OWID_KOS,2020-06-17,59.26
Kosovo,OWID_KOS,2020-06-18,59.26
Kosovo,OWID_KOS,2020-06-19,59.26
Kosovo,OWID_KOS,2020-06-20,59.26
Kosovo,OWID_KOS,2020-06-21,59.26
Kosovo,OWID_KOS,2020-06-22,59.26
Kosovo,OWID_KOS,2020-06-23,59.26
Kosovo,OWID_KOS,2020-06-24,59.26
Kosovo,OWID_KOS,2020-06-25,59.26
Kosovo,OWID_KOS,2020-06-26,59.26
Kosovo,OWID_KOS,2020-06-27,59.26
Kosovo,OWID_KOS,2020-06-28,59.26
Kosovo,OWID_KOS,2020-06-29,59.26
Kosovo,OWID_KOS,2020-06-30,59.26
Kosovo,OWID_KOS,2020-07-01,59.26
Kosovo,OWID_KOS,2020-07-02,59.26
Kosovo,OWID_KOS,2020-07-03,59.26
Kosovo,OWID_KOS,2020-07-04,59.26
Kosovo,OWID_KOS,2020-07-05,59.26
Kosovo,OWID_KOS,2020-07-06,54.63
Kosovo,OWID_KOS,2020-07-07,54.63
Kosovo,OWID_KOS,2020-07-08,54.63
Kosovo,OWID_KOS,2020-07-09,54.63
Kosovo,OWID_KOS,2020-07-10,54.63
Kosovo,OWID_KOS,2020-07-11,54.63
Kosovo,OWID_KOS,2020-07-12,54.63
Kosovo,OWID_KOS,2020-07-13,54.63
Kosovo,OWID_KOS,2020-07-14,54.63
Kosovo,OWID_KOS,2020-07-15,54.63
Kosovo,OWID_KOS,2020-07-16,54.63
Kosovo,OWID_KOS,2020-07-17,54.63
Kosovo,OWID_KOS,2020-07-18,54.63
Kosovo,OWID_KOS,2020-07-19,54.63
Kosovo,OWID_KOS,2020-07-20,54.63
Kosovo,OWID_KOS,2020-07-21,54.63
Kosovo,OWID_KOS,2020-07-22,54.63
Kosovo,OWID_KOS,2020-07-23,54.63
Kosovo,OWID_KOS,2020-07-24,54.63
Kosovo,OWID_KOS,2020-07-25,54.63
Kosovo,OWID_KOS,2020-07-26,54.63
Kosovo,OWID_KOS,2020-07-27,54.63
Kosovo,OWID_KOS,2020-07-28,64.81
Kosovo,OWID_KOS,2020-07-29,67.59
Kosovo,OWID_KOS,2020-07-30,70.37
Kosovo,OWID_KOS,2020-07-31,75
Kosovo,OWID_KOS,2020-08-01,75
Kosovo,OWID_KOS,2020-08-02,75
Kosovo,OWID_KOS,2020-08-03,75
Kosovo,OWID_KOS,2020-08-04,75
Kosovo,OWID_KOS,2020-08-05,75
Kosovo,OWID_KOS,2020-08-06,75
Kosovo,OWID_KOS,2020-08-07,75
Kosovo,OWID_KOS,2020-08-08,75
Kosovo,OWID_KOS,2020-08-09,75
Kosovo,OWID_KOS,2020-08-10,75
Kosovo,OWID_KOS,2020-08-11,75
Kosovo,OWID_KOS,2020-08-12,75
Kosovo,OWID_KOS,2020-08-13,75
Kosovo,OWID_KOS,2020-08-14,75
Kosovo,OWID_KOS,2020-08-15,75
Kosovo,OWID_KOS,2020-08-16,75
Kosovo,OWID_KOS,2020-08-17,75
Kosovo,OWID_KOS,2020-08-18,75
Kosovo,OWID_KOS,2020-08-19,75
Kosovo,OWID_KOS,2020-08-20,75
Kosovo,OWID_KOS,2020-08-21,75
Kosovo,OWID_KOS,2020-08-22,75
Kosovo,OWID_KOS,2020-08-23,75
Kosovo,OWID_KOS,2020-08-24,75
Kosovo,OWID_KOS,2020-08-25,75
Kosovo,OWID_KOS,2020-08-26,75
Kosovo,OWID_KOS,2020-08-27,75
Kosovo,OWID_KOS,2020-08-28,63.89
Kosovo,OWID_KOS,2020-08-29,63.89
Kosovo,OWID_KOS,2020-08-30,63.89
Kosovo,OWID_KOS,2020-08-31,63.89
Kosovo,OWID_KOS,2020-09-01,63.89
Kosovo,OWID_KOS,2020-09-02,63.89
Kosovo,OWID_KOS,2020-09-03,63.89
Kosovo,OWID_KOS,2020-09-04,63.89
Kosovo,OWID_KOS,2020-09-05,63.89
Kosovo,OWID_KOS,2020-09-06,63.89
Kosovo,OWID_KOS,2020-09-07,63.89
Kosovo,OWID_KOS,2020-09-08,65.74
Kosovo,OWID_KOS,2020-09-09,65.74
Kosovo,OWID_KOS,2020-09-10,65.74
Kosovo,OWID_KOS,2020-09-11,65.74
Kosovo,OWID_KOS,2020-09-12,65.74
Kosovo,OWID_KOS,2020-09-13,65.74
Kosovo,OWID_KOS,2020-09-14,58.33
Kosovo,OWID_KOS,2020-09-15,58.33
Kosovo,OWID_KOS,2020-09-16,58.33
Kosovo,OWID_KOS,2020-09-17,58.33
Kosovo,OWID_KOS,2020-09-18,58.33
Kosovo,OWID_KOS,2020-09-19,58.33
Kosovo,OWID_KOS,2020-09-20,58.33
Kosovo,OWID_KOS,2020-09-21,58.33
Kosovo,OWID_KOS,2020-09-22,58.33
Kosovo,OWID_KOS,2020-09-23,58.33
Kosovo,OWID_KOS,2020-09-24,58.33
Kosovo,OWID_KOS,2020-09-25,58.33
Kosovo,OWID_KOS,2020-09-26,58.33
Kosovo,OWID_KOS,2020-09-27,58.33
Kosovo,OWID_KOS,2020-09-28,58.33
Kosovo,OWID_KOS,2020-09-29,58.33
Kosovo,OWID_KOS,2020-09-30,58.33
Kosovo,OWID_KOS,2020-10-01,58.33
Kosovo,OWID_KOS,2020-10-02,58.33
Kosovo,OWID_KOS,2020-10-03,58.33
Kosovo,OWID_KOS,2020-10-04,58.33
Kosovo,OWID_KOS,2020-10-05,58.33
Kosovo,OWID_KOS,2020-10-06,58.33
Kosovo,OWID_KOS,2020-10-07,58.33
Kosovo,OWID_KOS,2020-10-08,52.78
Kosovo,OWID_KOS,2020-10-09,52.78
Kosovo,OWID_KOS,2020-10-10,52.78
Kosovo,OWID_KOS,2020-10-11,52.78
Kosovo,OWID_KOS,2020-10-12,52.78
Kosovo,OWID_KOS,2020-10-13,52.78
Kosovo,OWID_KOS,2020-10-14,52.78
Kosovo,OWID_KOS,2020-10-15,52.78
Kosovo,OWID_KOS,2020-10-16,52.78
Kosovo,OWID_KOS,2020-10-17,52.78
Kosovo,OWID_KOS,2020-10-18,52.78
Kosovo,OWID_KOS,2020-10-19,52.78
Kosovo,OWID_KOS,2020-10-20,52.78
Kosovo,OWID_KOS,2020-10-21,52.78
Kosovo,OWID_KOS,2020-10-22,52.78
Kosovo,OWID_KOS,2020-10-23,52.78
Kosovo,OWID_KOS,2020-10-24,52.78
Kosovo,OWID_KOS,2020-10-25,52.78
Kosovo,OWID_KOS,2020-10-26,52.78
Kosovo,OWID_KOS,2020-10-27,52.78
Kosovo,OWID_KOS,2020-10-28,52.78
Kosovo,OWID_KOS,2020-10-29,52.78
Kosovo,OWID_KOS,2020-10-30,60.19
Kosovo,OWID_KOS,2020-10-31,60.19
Kosovo,OWID_KOS,2020-11-01,60.19
Kosovo,OWID_KOS,2020-11-02,60.19
Kosovo,OWID_KOS,2020-11-03,60.19
Kosovo,OWID_KOS,2020-11-04,60.19
Kosovo,OWID_KOS,2020-11-05,60.19
Kosovo,OWID_KOS,2020-11-06,60.19
Kosovo,OWID_KOS,2020-11-07,60.19
Kosovo,OWID_KOS,2020-11-08,71.3
Kosovo,OWID_KOS,2020-11-09,71.3
Kosovo,OWID_KOS,2020-11-10,71.3
Kosovo,OWID_KOS,2020-11-11,71.3
Kosovo,OWID_KOS,2020-11-12,71.3
Kosovo,OWID_KOS,2020-11-13,71.3
Kosovo,OWID_KOS,2020-11-14,71.3
Kosovo,OWID_KOS,2020-11-15,71.3
Kosovo,OWID_KOS,2020-11-16,71.3
Kosovo,OWID_KOS,2020-11-17,71.3
Kosovo,OWID_KOS,2020-11-18,71.3
Kosovo,OWID_KOS,2020-11-19,71.3
Kosovo,OWID_KOS,2020-11-20,71.3
Kosovo,OWID_KOS,2020-11-21,71.3
Kosovo,OWID_KOS,2020-11-22,71.3
Kosovo,OWID_KOS,2020-11-23,71.3
Kosovo,OWID_KOS,2020-11-24,71.3
Kosovo,OWID_KOS,2020-11-25,71.3
Kosovo,OWID_KOS,2020-11-26,71.3
Kosovo,OWID_KOS,2020-11-27,71.3
Kosovo,OWID_KOS,2020-11-28,71.3
Kosovo,OWID_KOS,2020-11-29,71.3
Kosovo,OWID_KOS,2020-11-30,71.3
Kosovo,OWID_KOS,2020-12-01,71.3
Kosovo,OWID_KOS,2020-12-02,71.3
Kosovo,OWID_KOS,2020-12-03,71.3
Kosovo,OWID_KOS,2020-12-04,71.3
Kosovo,OWID_KOS,2020-12-05,71.3
Kosovo,OWID_KOS,2020-12-06,71.3
Kosovo,OWID_KOS,2020-12-07,71.3
Kosovo,OWID_KOS,2020-12-08,71.3
Kosovo,OWID_KOS,2020-12-09,71.3
Kosovo,OWID_KOS,2020-12-10,71.3
Kosovo,OWID_KOS,2020-12-11,71.3
Kosovo,OWID_KOS,2020-12-12,71.3
Kosovo,OWID_KOS,2020-12-13,71.3
Kosovo,OWID_KOS,2020-12-14,71.3
Kosovo,OWID_KOS,2020-12-15,71.3
Kosovo,OWID_KOS,2020-12-16,71.3
Kosovo,OWID_KOS,2020-12-17,71.3
Kosovo,OWID_KOS,2020-12-18,71.3
Kosovo,OWID_KOS,2020-12-19,71.3
Kosovo,OWID_KOS,2020-12-20,71.3
Kosovo,OWID_KOS,2020-12-21,71.3
Kosovo,OWID_KOS,2020-12-22,71.3
Kosovo,OWID_KOS,2020-12-23,71.3
Kosovo,OWID_KOS,2020-12-24,71.3
Kosovo,OWID_KOS,2020-12-25,71.3
Kosovo,OWID_KOS,2020-12-26,71.3
Kosovo,OWID_KOS,2020-12-27,71.3
Kosovo,OWID_KOS,2020-12-28,71.3
Kosovo,OWID_KOS,2020-12-29,71.3
Kosovo,OWID_KOS,2020-12-30,71.3
Kosovo,OWID_KOS,2020-12-31,71.3
Kosovo,OWID_KOS,2021-01-01,71.3
Kosovo,OWID_KOS,2021-01-02,71.3
Kosovo,OWID_KOS,2021-01-03,71.3
Kosovo,OWID_KOS,2021-01-04,71.3
Kosovo,OWID_KOS,2021-01-05,71.3
Kosovo,OWID_KOS,2021-01-06,71.3
Kosovo,OWID_KOS,2021-01-07,71.3
Kosovo,OWID_KOS,2021-01-08,71.3
Kosovo,OWID_KOS,2021-01-09,71.3
Kosovo,OWID_KOS,2021-01-10,71.3
Kosovo,OWID_KOS,2021-01-11,71.3
Kosovo,OWID_KOS,2021-01-12,71.3
Kosovo,OWID_KOS,2021-01-13,71.3
Kosovo,OWID_KOS,2021-01-14,71.3
Kosovo,OWID_KOS,2021-01-15,71.3
Kosovo,OWID_KOS,2021-01-16,71.3
Kosovo,OWID_KOS,2021-01-17,71.3
Kosovo,OWID_KOS,2021-01-18,75
Kosovo,OWID_KOS,2021-01-19,75
Kosovo,OWID_KOS,2021-01-20,75
Kosovo,OWID_KOS,2021-01-21,75
Kosovo,OWID_KOS,2021-01-22,75
Kosovo,OWID_KOS,2021-01-23,75
Kosovo,OWID_KOS,2021-01-24,75
Kosovo,OWID_KOS,2021-01-25,75
Kosovo,OWID_KOS,2021-01-26,75
Kosovo,OWID_KOS,2021-01-27,75
Kosovo,OWID_KOS,2021-01-28,75
Kosovo,OWID_KOS,2021-01-29,75
Kosovo,OWID_KOS,2021-01-30,75
Kosovo,OWID_KOS,2021-01-31,69.44
Kosovo,OWID_KOS,2021-02-01,69.44
Kosovo,OWID_KOS,2021-02-02,69.44
Kosovo,OWID_KOS,2021-02-03,69.44
Kosovo,OWID_KOS,2021-02-04,69.44
Kosovo,OWID_KOS,2021-02-05,69.44
Kosovo,OWID_KOS,2021-02-06,69.44
Kosovo,OWID_KOS,2021-02-07,69.44
Kosovo,OWID_KOS,2021-02-08,69.44
Kosovo,OWID_KOS,2021-02-09,69.44
Kosovo,OWID_KOS,2021-02-10,69.44
Kosovo,OWID_KOS,2021-02-11,65.74
Kosovo,OWID_KOS,2021-02-12,65.74
Kosovo,OWID_KOS,2021-02-13,65.74
Kosovo,OWID_KOS,2021-02-14,65.74
Kosovo,OWID_KOS,2021-02-15,65.74
Kosovo,OWID_KOS,2021-02-16,65.74
Kosovo,OWID_KOS,2021-02-17,65.74
Kosovo,OWID_KOS,2021-02-18,65.74
Kosovo,OWID_KOS,2021-02-19,65.74
Kosovo,OWID_KOS,2021-02-20,65.74
Kosovo,OWID_KOS,2021-02-21,65.74
Kosovo,OWID_KOS,2021-02-22,65.74
Kosovo,OWID_KOS,2021-02-23,65.74
Kosovo,OWID_KOS,2021-02-24,65.74
Kosovo,OWID_KOS,2021-02-25,65.74
Kosovo,OWID_KOS,2021-02-26,65.74
Kosovo,OWID_KOS,2021-02-27,65.74
Kosovo,OWID_KOS,2021-02-28,65.74
Kosovo,OWID_KOS,2021-03-01,65.74
Kosovo,OWID_KOS,2021-03-02,65.74
Kosovo,OWID_KOS,2021-03-03,65.74
Kosovo,OWID_KOS,2021-03-04,65.74
Kosovo,OWID_KOS,2021-03-05,65.74
Kosovo,OWID_KOS,2021-03-06,65.74
Kosovo,OWID_KOS,2021-03-07,65.74
Kosovo,OWID_KOS,2021-03-08,65.74
Kosovo,OWID_KOS,2021-03-09,65.74
Kosovo,OWID_KOS,2021-03-10,65.74
Kosovo,OWID_KOS,2021-03-11,65.74
Kuwait,KWT,2020-01-01,0
Kuwait,KWT,2020-01-02,0
Kuwait,KWT,2020-01-03,0
Kuwait,KWT,2020-01-04,0
Kuwait,KWT,2020-01-05,0
Kuwait,KWT,2020-01-06,0
Kuwait,KWT,2020-01-07,0
Kuwait,KWT,2020-01-08,0
Kuwait,KWT,2020-01-09,0
Kuwait,KWT,2020-01-10,0
Kuwait,KWT,2020-01-11,0
Kuwait,KWT,2020-01-12,0
Kuwait,KWT,2020-01-13,0
Kuwait,KWT,2020-01-14,0
Kuwait,KWT,2020-01-15,0
Kuwait,KWT,2020-01-16,0
Kuwait,KWT,2020-01-17,0
Kuwait,KWT,2020-01-18,0
Kuwait,KWT,2020-01-19,0
Kuwait,KWT,2020-01-20,0
Kuwait,KWT,2020-01-21,0
Kuwait,KWT,2020-01-22,0
Kuwait,KWT,2020-01-23,5.56
Kuwait,KWT,2020-01-24,5.56
Kuwait,KWT,2020-01-25,5.56
Kuwait,KWT,2020-01-26,5.56
Kuwait,KWT,2020-01-27,5.56
Kuwait,KWT,2020-01-28,5.56
Kuwait,KWT,2020-01-29,5.56
Kuwait,KWT,2020-01-30,5.56
Kuwait,KWT,2020-01-31,5.56
Kuwait,KWT,2020-02-01,5.56
Kuwait,KWT,2020-02-02,5.56
Kuwait,KWT,2020-02-03,5.56
Kuwait,KWT,2020-02-04,5.56
Kuwait,KWT,2020-02-05,5.56
Kuwait,KWT,2020-02-06,5.56
Kuwait,KWT,2020-02-07,5.56
Kuwait,KWT,2020-02-08,5.56
Kuwait,KWT,2020-02-09,5.56
Kuwait,KWT,2020-02-10,5.56
Kuwait,KWT,2020-02-11,5.56
Kuwait,KWT,2020-02-12,5.56
Kuwait,KWT,2020-02-13,5.56
Kuwait,KWT,2020-02-14,5.56
Kuwait,KWT,2020-02-15,5.56
Kuwait,KWT,2020-02-16,5.56
Kuwait,KWT,2020-02-17,5.56
Kuwait,KWT,2020-02-18,11.11
Kuwait,KWT,2020-02-19,11.11
Kuwait,KWT,2020-02-20,11.11
Kuwait,KWT,2020-02-21,13.89
Kuwait,KWT,2020-02-22,13.89
Kuwait,KWT,2020-02-23,13.89
Kuwait,KWT,2020-02-24,13.89
Kuwait,KWT,2020-02-25,13.89
Kuwait,KWT,2020-02-26,13.89
Kuwait,KWT,2020-02-27,13.89
Kuwait,KWT,2020-02-28,13.89
Kuwait,KWT,2020-02-29,13.89
Kuwait,KWT,2020-03-01,27.78
Kuwait,KWT,2020-03-02,27.78
Kuwait,KWT,2020-03-03,27.78
Kuwait,KWT,2020-03-04,27.78
Kuwait,KWT,2020-03-05,27.78
Kuwait,KWT,2020-03-06,27.78
Kuwait,KWT,2020-03-07,36.11
Kuwait,KWT,2020-03-08,36.11
Kuwait,KWT,2020-03-09,36.11
Kuwait,KWT,2020-03-10,41.67
Kuwait,KWT,2020-03-11,60.19
Kuwait,KWT,2020-03-12,71.3
Kuwait,KWT,2020-03-13,74.07
Kuwait,KWT,2020-03-14,74.07
Kuwait,KWT,2020-03-15,74.07
Kuwait,KWT,2020-03-16,74.07
Kuwait,KWT,2020-03-17,74.07
Kuwait,KWT,2020-03-18,74.07
Kuwait,KWT,2020-03-19,74.07
Kuwait,KWT,2020-03-20,74.07
Kuwait,KWT,2020-03-21,74.07
Kuwait,KWT,2020-03-22,81.48
Kuwait,KWT,2020-03-23,81.48
Kuwait,KWT,2020-03-24,81.48
Kuwait,KWT,2020-03-25,81.48
Kuwait,KWT,2020-03-26,81.48
Kuwait,KWT,2020-03-27,81.48
Kuwait,KWT,2020-03-28,81.48
Kuwait,KWT,2020-03-29,81.48
Kuwait,KWT,2020-03-30,81.48
Kuwait,KWT,2020-03-31,81.48
Kuwait,KWT,2020-04-01,81.48
Kuwait,KWT,2020-04-02,81.48
Kuwait,KWT,2020-04-03,81.48
Kuwait,KWT,2020-04-04,81.48
Kuwait,KWT,2020-04-05,81.48
Kuwait,KWT,2020-04-06,93.52
Kuwait,KWT,2020-04-07,93.52
Kuwait,KWT,2020-04-08,93.52
Kuwait,KWT,2020-04-09,93.52
Kuwait,KWT,2020-04-10,93.52
Kuwait,KWT,2020-04-11,93.52
Kuwait,KWT,2020-04-12,93.52
Kuwait,KWT,2020-04-13,93.52
Kuwait,KWT,2020-04-14,93.52
Kuwait,KWT,2020-04-15,93.52
Kuwait,KWT,2020-04-16,93.52
Kuwait,KWT,2020-04-17,93.52
Kuwait,KWT,2020-04-18,93.52
Kuwait,KWT,2020-04-19,93.52
Kuwait,KWT,2020-04-20,93.52
Kuwait,KWT,2020-04-21,88.89
Kuwait,KWT,2020-04-22,88.89
Kuwait,KWT,2020-04-23,88.89
Kuwait,KWT,2020-04-24,88.89
Kuwait,KWT,2020-04-25,88.89
Kuwait,KWT,2020-04-26,88.89
Kuwait,KWT,2020-04-27,88.89
Kuwait,KWT,2020-04-28,88.89
Kuwait,KWT,2020-04-29,88.89
Kuwait,KWT,2020-04-30,88.89
Kuwait,KWT,2020-05-01,88.89
Kuwait,KWT,2020-05-02,88.89
Kuwait,KWT,2020-05-03,88.89
Kuwait,KWT,2020-05-04,88.89
Kuwait,KWT,2020-05-05,88.89
Kuwait,KWT,2020-05-06,88.89
Kuwait,KWT,2020-05-07,88.89
Kuwait,KWT,2020-05-08,88.89
Kuwait,KWT,2020-05-09,88.89
Kuwait,KWT,2020-05-10,100
Kuwait,KWT,2020-05-11,100
Kuwait,KWT,2020-05-12,100
Kuwait,KWT,2020-05-13,100
Kuwait,KWT,2020-05-14,100
Kuwait,KWT,2020-05-15,100
Kuwait,KWT,2020-05-16,100
Kuwait,KWT,2020-05-17,100
Kuwait,KWT,2020-05-18,100
Kuwait,KWT,2020-05-19,100
Kuwait,KWT,2020-05-20,100
Kuwait,KWT,2020-05-21,100
Kuwait,KWT,2020-05-22,100
Kuwait,KWT,2020-05-23,100
Kuwait,KWT,2020-05-24,100
Kuwait,KWT,2020-05-25,100
Kuwait,KWT,2020-05-26,100
Kuwait,KWT,2020-05-27,100
Kuwait,KWT,2020-05-28,100
Kuwait,KWT,2020-05-29,100
Kuwait,KWT,2020-05-30,100
Kuwait,KWT,2020-05-31,84.26
Kuwait,KWT,2020-06-01,84.26
Kuwait,KWT,2020-06-02,84.26
Kuwait,KWT,2020-06-03,84.26
Kuwait,KWT,2020-06-04,84.26
Kuwait,KWT,2020-06-05,84.26
Kuwait,KWT,2020-06-06,84.26
Kuwait,KWT,2020-06-07,84.26
Kuwait,KWT,2020-06-08,84.26
Kuwait,KWT,2020-06-09,85.19
Kuwait,KWT,2020-06-10,85.19
Kuwait,KWT,2020-06-11,85.19
Kuwait,KWT,2020-06-12,85.19
Kuwait,KWT,2020-06-13,85.19
Kuwait,KWT,2020-06-14,85.19
Kuwait,KWT,2020-06-15,85.19
Kuwait,KWT,2020-06-16,85.19
Kuwait,KWT,2020-06-17,85.19
Kuwait,KWT,2020-06-18,85.19
Kuwait,KWT,2020-06-19,85.19
Kuwait,KWT,2020-06-20,85.19
Kuwait,KWT,2020-06-21,85.19
Kuwait,KWT,2020-06-22,85.19
Kuwait,KWT,2020-06-23,85.19
Kuwait,KWT,2020-06-24,85.19
Kuwait,KWT,2020-06-25,85.19
Kuwait,KWT,2020-06-26,85.19
Kuwait,KWT,2020-06-27,85.19
Kuwait,KWT,2020-06-28,85.19
Kuwait,KWT,2020-06-29,85.19
Kuwait,KWT,2020-06-30,85.19
Kuwait,KWT,2020-07-01,83.33
Kuwait,KWT,2020-07-02,83.33
Kuwait,KWT,2020-07-03,83.33
Kuwait,KWT,2020-07-04,83.33
Kuwait,KWT,2020-07-05,83.33
Kuwait,KWT,2020-07-06,83.33
Kuwait,KWT,2020-07-07,83.33
Kuwait,KWT,2020-07-08,83.33
Kuwait,KWT,2020-07-09,83.33
Kuwait,KWT,2020-07-10,83.33
Kuwait,KWT,2020-07-11,83.33
Kuwait,KWT,2020-07-12,83.33
Kuwait,KWT,2020-07-13,83.33
Kuwait,KWT,2020-07-14,83.33
Kuwait,KWT,2020-07-15,83.33
Kuwait,KWT,2020-07-16,83.33
Kuwait,KWT,2020-07-17,77.78
Kuwait,KWT,2020-07-18,77.78
Kuwait,KWT,2020-07-19,77.78
Kuwait,KWT,2020-07-20,77.78
Kuwait,KWT,2020-07-21,77.78
Kuwait,KWT,2020-07-22,77.78
Kuwait,KWT,2020-07-23,77.78
Kuwait,KWT,2020-07-24,77.78
Kuwait,KWT,2020-07-25,77.78
Kuwait,KWT,2020-07-26,77.78
Kuwait,KWT,2020-07-27,77.78
Kuwait,KWT,2020-07-28,71.3
Kuwait,KWT,2020-07-29,71.3
Kuwait,KWT,2020-07-30,71.3
Kuwait,KWT,2020-07-31,71.3
Kuwait,KWT,2020-08-01,65.74
Kuwait,KWT,2020-08-02,65.74
Kuwait,KWT,2020-08-03,65.74
Kuwait,KWT,2020-08-04,65.74
Kuwait,KWT,2020-08-05,65.74
Kuwait,KWT,2020-08-06,65.74
Kuwait,KWT,2020-08-07,65.74
Kuwait,KWT,2020-08-08,65.74
Kuwait,KWT,2020-08-09,65.74
Kuwait,KWT,2020-08-10,65.74
Kuwait,KWT,2020-08-11,65.74
Kuwait,KWT,2020-08-12,65.74
Kuwait,KWT,2020-08-13,65.74
Kuwait,KWT,2020-08-14,65.74
Kuwait,KWT,2020-08-15,65.74
Kuwait,KWT,2020-08-16,65.74
Kuwait,KWT,2020-08-17,65.74
Kuwait,KWT,2020-08-18,65.74
Kuwait,KWT,2020-08-19,65.74
Kuwait,KWT,2020-08-20,65.74
Kuwait,KWT,2020-08-21,65.74
Kuwait,KWT,2020-08-22,65.74
Kuwait,KWT,2020-08-23,65.74
Kuwait,KWT,2020-08-24,65.74
Kuwait,KWT,2020-08-25,65.74
Kuwait,KWT,2020-08-26,65.74
Kuwait,KWT,2020-08-27,65.74
Kuwait,KWT,2020-08-28,65.74
Kuwait,KWT,2020-08-29,65.74
Kuwait,KWT,2020-08-30,65.74
Kuwait,KWT,2020-08-31,65.74
Kuwait,KWT,2020-09-01,65.74
Kuwait,KWT,2020-09-02,65.74
Kuwait,KWT,2020-09-03,65.74
Kuwait,KWT,2020-09-04,65.74
Kuwait,KWT,2020-09-05,65.74
Kuwait,KWT,2020-09-06,65.74
Kuwait,KWT,2020-09-07,65.74
Kuwait,KWT,2020-09-08,65.74
Kuwait,KWT,2020-09-09,65.74
Kuwait,KWT,2020-09-10,65.74
Kuwait,KWT,2020-09-11,65.74
Kuwait,KWT,2020-09-12,65.74
Kuwait,KWT,2020-09-13,65.74
Kuwait,KWT,2020-09-14,65.74
Kuwait,KWT,2020-09-15,65.74
Kuwait,KWT,2020-09-16,65.74
Kuwait,KWT,2020-09-17,65.74
Kuwait,KWT,2020-09-18,65.74
Kuwait,KWT,2020-09-19,65.74
Kuwait,KWT,2020-09-20,65.74
Kuwait,KWT,2020-09-21,65.74
Kuwait,KWT,2020-09-22,65.74
Kuwait,KWT,2020-09-23,65.74
Kuwait,KWT,2020-09-24,65.74
Kuwait,KWT,2020-09-25,65.74
Kuwait,KWT,2020-09-26,65.74
Kuwait,KWT,2020-09-27,65.74
Kuwait,KWT,2020-09-28,65.74
Kuwait,KWT,2020-09-29,65.74
Kuwait,KWT,2020-09-30,65.74
Kuwait,KWT,2020-10-01,65.74
Kuwait,KWT,2020-10-02,65.74
Kuwait,KWT,2020-10-03,62.96
Kuwait,KWT,2020-10-04,62.96
Kuwait,KWT,2020-10-05,62.96
Kuwait,KWT,2020-10-06,62.96
Kuwait,KWT,2020-10-07,62.96
Kuwait,KWT,2020-10-08,62.96
Kuwait,KWT,2020-10-09,62.96
Kuwait,KWT,2020-10-10,62.96
Kuwait,KWT,2020-10-11,62.96
Kuwait,KWT,2020-10-12,62.96
Kuwait,KWT,2020-10-13,62.96
Kuwait,KWT,2020-10-14,62.96
Kuwait,KWT,2020-10-15,62.96
Kuwait,KWT,2020-10-16,62.96
Kuwait,KWT,2020-10-17,62.96
Kuwait,KWT,2020-10-18,62.96
Kuwait,KWT,2020-10-19,62.96
Kuwait,KWT,2020-10-20,62.96
Kuwait,KWT,2020-10-21,62.96
Kuwait,KWT,2020-10-22,62.96
Kuwait,KWT,2020-10-23,62.96
Kuwait,KWT,2020-10-24,62.96
Kuwait,KWT,2020-10-25,62.96
Kuwait,KWT,2020-10-26,62.96
Kuwait,KWT,2020-10-27,62.96
Kuwait,KWT,2020-10-28,62.96
Kuwait,KWT,2020-10-29,62.96
Kuwait,KWT,2020-10-30,62.96
Kuwait,KWT,2020-10-31,62.96
Kuwait,KWT,2020-11-01,62.96
Kuwait,KWT,2020-11-02,62.96
Kuwait,KWT,2020-11-03,62.96
Kuwait,KWT,2020-11-04,62.96
Kuwait,KWT,2020-11-05,62.96
Kuwait,KWT,2020-11-06,62.96
Kuwait,KWT,2020-11-07,62.96
Kuwait,KWT,2020-11-08,62.96
Kuwait,KWT,2020-11-09,62.96
Kuwait,KWT,2020-11-10,62.96
Kuwait,KWT,2020-11-11,62.96
Kuwait,KWT,2020-11-12,62.96
Kuwait,KWT,2020-11-13,62.96
Kuwait,KWT,2020-11-14,62.96
Kuwait,KWT,2020-11-15,62.96
Kuwait,KWT,2020-11-16,62.96
Kuwait,KWT,2020-11-17,62.96
Kuwait,KWT,2020-11-18,62.96
Kuwait,KWT,2020-11-19,62.96
Kuwait,KWT,2020-11-20,62.96
Kuwait,KWT,2020-11-21,62.96
Kuwait,KWT,2020-11-22,62.96
Kuwait,KWT,2020-11-23,62.96
Kuwait,KWT,2020-11-24,62.96
Kuwait,KWT,2020-11-25,62.96
Kuwait,KWT,2020-11-26,62.96
Kuwait,KWT,2020-11-27,62.96
Kuwait,KWT,2020-11-28,62.96
Kuwait,KWT,2020-11-29,62.96
Kuwait,KWT,2020-11-30,62.96
Kuwait,KWT,2020-12-01,62.96
Kuwait,KWT,2020-12-02,62.96
Kuwait,KWT,2020-12-03,62.96
Kuwait,KWT,2020-12-04,62.96
Kuwait,KWT,2020-12-05,62.96
Kuwait,KWT,2020-12-06,62.96
Kuwait,KWT,2020-12-07,62.96
Kuwait,KWT,2020-12-08,62.96
Kuwait,KWT,2020-12-09,62.96
Kuwait,KWT,2020-12-10,62.96
Kuwait,KWT,2020-12-11,62.96
Kuwait,KWT,2020-12-12,62.96
Kuwait,KWT,2020-12-13,62.96
Kuwait,KWT,2020-12-14,62.96
Kuwait,KWT,2020-12-15,62.96
Kuwait,KWT,2020-12-16,62.96
Kuwait,KWT,2020-12-17,62.96
Kuwait,KWT,2020-12-18,62.96
Kuwait,KWT,2020-12-19,62.96
Kuwait,KWT,2020-12-20,62.96
Kuwait,KWT,2020-12-21,62.96
Kuwait,KWT,2020-12-22,62.96
Kuwait,KWT,2020-12-23,62.96
Kuwait,KWT,2020-12-24,62.96
Kuwait,KWT,2020-12-25,62.96
Kuwait,KWT,2020-12-26,62.96
Kuwait,KWT,2020-12-27,62.96
Kuwait,KWT,2020-12-28,62.96
Kuwait,KWT,2020-12-29,62.96
Kuwait,KWT,2020-12-30,62.96
Kuwait,KWT,2020-12-31,62.96
Kuwait,KWT,2021-01-01,62.96
Kuwait,KWT,2021-01-02,62.96
Kuwait,KWT,2021-01-03,62.96
Kuwait,KWT,2021-01-04,62.96
Kuwait,KWT,2021-01-05,62.96
Kuwait,KWT,2021-01-06,65.74
Kuwait,KWT,2021-01-07,65.74
Kuwait,KWT,2021-01-08,65.74
Kuwait,KWT,2021-01-09,65.74
Kuwait,KWT,2021-01-10,65.74
Kuwait,KWT,2021-01-11,65.74
Kuwait,KWT,2021-01-12,65.74
Kuwait,KWT,2021-01-13,65.74
Kuwait,KWT,2021-01-14,65.74
Kuwait,KWT,2021-01-15,65.74
Kuwait,KWT,2021-01-16,65.74
Kuwait,KWT,2021-01-17,65.74
Kuwait,KWT,2021-01-18,65.74
Kuwait,KWT,2021-01-19,65.74
Kuwait,KWT,2021-01-20,65.74
Kuwait,KWT,2021-01-21,65.74
Kuwait,KWT,2021-01-22,65.74
Kuwait,KWT,2021-01-23,65.74
Kuwait,KWT,2021-01-24,65.74
Kuwait,KWT,2021-01-25,65.74
Kuwait,KWT,2021-01-26,65.74
Kuwait,KWT,2021-01-27,65.74
Kuwait,KWT,2021-01-28,65.74
Kuwait,KWT,2021-01-29,65.74
Kuwait,KWT,2021-01-30,65.74
Kuwait,KWT,2021-01-31,65.74
Kuwait,KWT,2021-02-01,65.74
Kuwait,KWT,2021-02-02,68.52
Kuwait,KWT,2021-02-03,68.52
Kuwait,KWT,2021-02-04,68.52
Kuwait,KWT,2021-02-05,68.52
Kuwait,KWT,2021-02-06,68.52
Kuwait,KWT,2021-02-07,72.22
Kuwait,KWT,2021-02-08,72.22
Kuwait,KWT,2021-02-09,72.22
Kuwait,KWT,2021-02-10,72.22
Kuwait,KWT,2021-02-11,72.22
Kuwait,KWT,2021-02-12,72.22
Kuwait,KWT,2021-02-13,72.22
Kuwait,KWT,2021-02-14,72.22
Kuwait,KWT,2021-02-15,72.22
Kuwait,KWT,2021-02-16,72.22
Kuwait,KWT,2021-02-17,72.22
Kuwait,KWT,2021-02-18,72.22
Kuwait,KWT,2021-02-19,72.22
Kuwait,KWT,2021-02-20,72.22
Kuwait,KWT,2021-02-21,72.22
Kuwait,KWT,2021-02-22,72.22
Kuwait,KWT,2021-02-23,72.22
Kuwait,KWT,2021-02-24,72.22
Kuwait,KWT,2021-02-25,72.22
Kuwait,KWT,2021-02-26,72.22
Kuwait,KWT,2021-02-27,72.22
Kuwait,KWT,2021-02-28,72.22
Kuwait,KWT,2021-03-01,72.22
Kyrgyzstan,KGZ,2020-01-01,0
Kyrgyzstan,KGZ,2020-01-02,0
Kyrgyzstan,KGZ,2020-01-03,0
Kyrgyzstan,KGZ,2020-01-04,0
Kyrgyzstan,KGZ,2020-01-05,0
Kyrgyzstan,KGZ,2020-01-06,0
Kyrgyzstan,KGZ,2020-01-07,0
Kyrgyzstan,KGZ,2020-01-08,0
Kyrgyzstan,KGZ,2020-01-09,0
Kyrgyzstan,KGZ,2020-01-10,0
Kyrgyzstan,KGZ,2020-01-11,0
Kyrgyzstan,KGZ,2020-01-12,0
Kyrgyzstan,KGZ,2020-01-13,0
Kyrgyzstan,KGZ,2020-01-14,0
Kyrgyzstan,KGZ,2020-01-15,0
Kyrgyzstan,KGZ,2020-01-16,0
Kyrgyzstan,KGZ,2020-01-17,0
Kyrgyzstan,KGZ,2020-01-18,0
Kyrgyzstan,KGZ,2020-01-19,0
Kyrgyzstan,KGZ,2020-01-20,0
Kyrgyzstan,KGZ,2020-01-21,0
Kyrgyzstan,KGZ,2020-01-22,2.78
Kyrgyzstan,KGZ,2020-01-23,2.78
Kyrgyzstan,KGZ,2020-01-24,2.78
Kyrgyzstan,KGZ,2020-01-25,2.78
Kyrgyzstan,KGZ,2020-01-26,2.78
Kyrgyzstan,KGZ,2020-01-27,2.78
Kyrgyzstan,KGZ,2020-01-28,11.11
Kyrgyzstan,KGZ,2020-01-29,11.11
Kyrgyzstan,KGZ,2020-01-30,11.11
Kyrgyzstan,KGZ,2020-01-31,11.11
Kyrgyzstan,KGZ,2020-02-01,13.89
Kyrgyzstan,KGZ,2020-02-02,13.89
Kyrgyzstan,KGZ,2020-02-03,13.89
Kyrgyzstan,KGZ,2020-02-04,13.89
Kyrgyzstan,KGZ,2020-02-05,13.89
Kyrgyzstan,KGZ,2020-02-06,13.89
Kyrgyzstan,KGZ,2020-02-07,13.89
Kyrgyzstan,KGZ,2020-02-08,13.89
Kyrgyzstan,KGZ,2020-02-09,13.89
Kyrgyzstan,KGZ,2020-02-10,13.89
Kyrgyzstan,KGZ,2020-02-11,13.89
Kyrgyzstan,KGZ,2020-02-12,13.89
Kyrgyzstan,KGZ,2020-02-13,13.89
Kyrgyzstan,KGZ,2020-02-14,13.89
Kyrgyzstan,KGZ,2020-02-15,13.89
Kyrgyzstan,KGZ,2020-02-16,13.89
Kyrgyzstan,KGZ,2020-02-17,13.89
Kyrgyzstan,KGZ,2020-02-18,13.89
Kyrgyzstan,KGZ,2020-02-19,13.89
Kyrgyzstan,KGZ,2020-02-20,13.89
Kyrgyzstan,KGZ,2020-02-21,13.89
Kyrgyzstan,KGZ,2020-02-22,13.89
Kyrgyzstan,KGZ,2020-02-23,13.89
Kyrgyzstan,KGZ,2020-02-24,13.89
Kyrgyzstan,KGZ,2020-02-25,13.89
Kyrgyzstan,KGZ,2020-02-26,13.89
Kyrgyzstan,KGZ,2020-02-27,19.44
Kyrgyzstan,KGZ,2020-02-28,19.44
Kyrgyzstan,KGZ,2020-02-29,19.44
Kyrgyzstan,KGZ,2020-03-01,22.22
Kyrgyzstan,KGZ,2020-03-02,22.22
Kyrgyzstan,KGZ,2020-03-03,22.22
Kyrgyzstan,KGZ,2020-03-04,22.22
Kyrgyzstan,KGZ,2020-03-05,22.22
Kyrgyzstan,KGZ,2020-03-06,22.22
Kyrgyzstan,KGZ,2020-03-07,22.22
Kyrgyzstan,KGZ,2020-03-08,22.22
Kyrgyzstan,KGZ,2020-03-09,22.22
Kyrgyzstan,KGZ,2020-03-10,22.22
Kyrgyzstan,KGZ,2020-03-11,22.22
Kyrgyzstan,KGZ,2020-03-12,27.78
Kyrgyzstan,KGZ,2020-03-13,27.78
Kyrgyzstan,KGZ,2020-03-14,34.26
Kyrgyzstan,KGZ,2020-03-15,34.26
Kyrgyzstan,KGZ,2020-03-16,45.37
Kyrgyzstan,KGZ,2020-03-17,63.89
Kyrgyzstan,KGZ,2020-03-18,63.89
Kyrgyzstan,KGZ,2020-03-19,63.89
Kyrgyzstan,KGZ,2020-03-20,63.89
Kyrgyzstan,KGZ,2020-03-21,63.89
Kyrgyzstan,KGZ,2020-03-22,69.44
Kyrgyzstan,KGZ,2020-03-23,69.44
Kyrgyzstan,KGZ,2020-03-24,69.44
Kyrgyzstan,KGZ,2020-03-25,92.13
Kyrgyzstan,KGZ,2020-03-26,92.13
Kyrgyzstan,KGZ,2020-03-27,92.13
Kyrgyzstan,KGZ,2020-03-28,92.13
Kyrgyzstan,KGZ,2020-03-29,92.13
Kyrgyzstan,KGZ,2020-03-30,92.13
Kyrgyzstan,KGZ,2020-03-31,92.13
Kyrgyzstan,KGZ,2020-04-01,92.13
Kyrgyzstan,KGZ,2020-04-02,92.13
Kyrgyzstan,KGZ,2020-04-03,92.13
Kyrgyzstan,KGZ,2020-04-04,92.13
Kyrgyzstan,KGZ,2020-04-05,92.13
Kyrgyzstan,KGZ,2020-04-06,92.13
Kyrgyzstan,KGZ,2020-04-07,92.13
Kyrgyzstan,KGZ,2020-04-08,92.13
Kyrgyzstan,KGZ,2020-04-09,92.13
Kyrgyzstan,KGZ,2020-04-10,92.13
Kyrgyzstan,KGZ,2020-04-11,92.13
Kyrgyzstan,KGZ,2020-04-12,92.13
Kyrgyzstan,KGZ,2020-04-13,92.13
Kyrgyzstan,KGZ,2020-04-14,92.13
Kyrgyzstan,KGZ,2020-04-15,92.13
Kyrgyzstan,KGZ,2020-04-16,92.13
Kyrgyzstan,KGZ,2020-04-17,92.13
Kyrgyzstan,KGZ,2020-04-18,92.13
Kyrgyzstan,KGZ,2020-04-19,92.13
Kyrgyzstan,KGZ,2020-04-20,92.13
Kyrgyzstan,KGZ,2020-04-21,92.13
Kyrgyzstan,KGZ,2020-04-22,92.13
Kyrgyzstan,KGZ,2020-04-23,92.13
Kyrgyzstan,KGZ,2020-04-24,92.13
Kyrgyzstan,KGZ,2020-04-25,92.13
Kyrgyzstan,KGZ,2020-04-26,92.13
Kyrgyzstan,KGZ,2020-04-27,92.13
Kyrgyzstan,KGZ,2020-04-28,92.13
Kyrgyzstan,KGZ,2020-04-29,92.13
Kyrgyzstan,KGZ,2020-04-30,88.43
Kyrgyzstan,KGZ,2020-05-01,88.43
Kyrgyzstan,KGZ,2020-05-02,88.43
Kyrgyzstan,KGZ,2020-05-03,88.43
Kyrgyzstan,KGZ,2020-05-04,85.65
Kyrgyzstan,KGZ,2020-05-05,85.65
Kyrgyzstan,KGZ,2020-05-06,85.65
Kyrgyzstan,KGZ,2020-05-07,85.65
Kyrgyzstan,KGZ,2020-05-08,85.65
Kyrgyzstan,KGZ,2020-05-09,85.65
Kyrgyzstan,KGZ,2020-05-10,85.65
Kyrgyzstan,KGZ,2020-05-11,81.94
Kyrgyzstan,KGZ,2020-05-12,81.94
Kyrgyzstan,KGZ,2020-05-13,81.94
Kyrgyzstan,KGZ,2020-05-14,81.94
Kyrgyzstan,KGZ,2020-05-15,81.94
Kyrgyzstan,KGZ,2020-05-16,84.72
Kyrgyzstan,KGZ,2020-05-17,84.72
Kyrgyzstan,KGZ,2020-05-18,84.72
Kyrgyzstan,KGZ,2020-05-19,84.72
Kyrgyzstan,KGZ,2020-05-20,84.72
Kyrgyzstan,KGZ,2020-05-21,84.72
Kyrgyzstan,KGZ,2020-05-22,84.72
Kyrgyzstan,KGZ,2020-05-23,84.72
Kyrgyzstan,KGZ,2020-05-24,79.17
Kyrgyzstan,KGZ,2020-05-25,79.17
Kyrgyzstan,KGZ,2020-05-26,79.17
Kyrgyzstan,KGZ,2020-05-27,79.17
Kyrgyzstan,KGZ,2020-05-28,79.17
Kyrgyzstan,KGZ,2020-05-29,79.17
Kyrgyzstan,KGZ,2020-05-30,79.17
Kyrgyzstan,KGZ,2020-05-31,79.17
Kyrgyzstan,KGZ,2020-06-01,79.17
Kyrgyzstan,KGZ,2020-06-02,79.17
Kyrgyzstan,KGZ,2020-06-03,76.39
Kyrgyzstan,KGZ,2020-06-04,76.39
Kyrgyzstan,KGZ,2020-06-05,76.39
Kyrgyzstan,KGZ,2020-06-06,76.39
Kyrgyzstan,KGZ,2020-06-07,76.39
Kyrgyzstan,KGZ,2020-06-08,76.39
Kyrgyzstan,KGZ,2020-06-09,76.39
Kyrgyzstan,KGZ,2020-06-10,76.39
Kyrgyzstan,KGZ,2020-06-11,76.39
Kyrgyzstan,KGZ,2020-06-12,76.39
Kyrgyzstan,KGZ,2020-06-13,76.39
Kyrgyzstan,KGZ,2020-06-14,76.39
Kyrgyzstan,KGZ,2020-06-15,76.39
Kyrgyzstan,KGZ,2020-06-16,76.39
Kyrgyzstan,KGZ,2020-06-17,76.39
Kyrgyzstan,KGZ,2020-06-18,76.39
Kyrgyzstan,KGZ,2020-06-19,76.39
Kyrgyzstan,KGZ,2020-06-20,73.61
Kyrgyzstan,KGZ,2020-06-21,73.61
Kyrgyzstan,KGZ,2020-06-22,73.61
Kyrgyzstan,KGZ,2020-06-23,73.61
Kyrgyzstan,KGZ,2020-06-24,73.61
Kyrgyzstan,KGZ,2020-06-25,73.61
Kyrgyzstan,KGZ,2020-06-26,73.61
Kyrgyzstan,KGZ,2020-06-27,76.39
Kyrgyzstan,KGZ,2020-06-28,76.39
Kyrgyzstan,KGZ,2020-06-29,76.39
Kyrgyzstan,KGZ,2020-06-30,76.39
Kyrgyzstan,KGZ,2020-07-01,76.39
Kyrgyzstan,KGZ,2020-07-02,76.39
Kyrgyzstan,KGZ,2020-07-03,76.39
Kyrgyzstan,KGZ,2020-07-04,76.39
Kyrgyzstan,KGZ,2020-07-05,76.39
Kyrgyzstan,KGZ,2020-07-06,76.39
Kyrgyzstan,KGZ,2020-07-07,76.39
Kyrgyzstan,KGZ,2020-07-08,76.39
Kyrgyzstan,KGZ,2020-07-09,76.39
Kyrgyzstan,KGZ,2020-07-10,76.39
Kyrgyzstan,KGZ,2020-07-11,76.39
Kyrgyzstan,KGZ,2020-07-12,76.39
Kyrgyzstan,KGZ,2020-07-13,76.39
Kyrgyzstan,KGZ,2020-07-14,76.39
Kyrgyzstan,KGZ,2020-07-15,76.39
Kyrgyzstan,KGZ,2020-07-16,76.39
Kyrgyzstan,KGZ,2020-07-17,76.39
Kyrgyzstan,KGZ,2020-07-18,76.39
Kyrgyzstan,KGZ,2020-07-19,76.39
Kyrgyzstan,KGZ,2020-07-20,76.39
Kyrgyzstan,KGZ,2020-07-21,76.39
Kyrgyzstan,KGZ,2020-07-22,76.39
Kyrgyzstan,KGZ,2020-07-23,76.39
Kyrgyzstan,KGZ,2020-07-24,76.39
Kyrgyzstan,KGZ,2020-07-25,76.39
Kyrgyzstan,KGZ,2020-07-26,76.39
Kyrgyzstan,KGZ,2020-07-27,76.39
Kyrgyzstan,KGZ,2020-07-28,76.39
Kyrgyzstan,KGZ,2020-07-29,76.39
Kyrgyzstan,KGZ,2020-07-30,76.39
Kyrgyzstan,KGZ,2020-07-31,79.17
Kyrgyzstan,KGZ,2020-08-01,79.17
Kyrgyzstan,KGZ,2020-08-02,79.17
Kyrgyzstan,KGZ,2020-08-03,79.17
Kyrgyzstan,KGZ,2020-08-04,79.17
Kyrgyzstan,KGZ,2020-08-05,79.17
Kyrgyzstan,KGZ,2020-08-06,79.17
Kyrgyzstan,KGZ,2020-08-07,79.17
Kyrgyzstan,KGZ,2020-08-08,79.17
Kyrgyzstan,KGZ,2020-08-09,79.17
Kyrgyzstan,KGZ,2020-08-10,79.17
Kyrgyzstan,KGZ,2020-08-11,79.17
Kyrgyzstan,KGZ,2020-08-12,79.17
Kyrgyzstan,KGZ,2020-08-13,79.17
Kyrgyzstan,KGZ,2020-08-14,79.17
Kyrgyzstan,KGZ,2020-08-15,79.17
Kyrgyzstan,KGZ,2020-08-16,79.17
Kyrgyzstan,KGZ,2020-08-17,79.17
Kyrgyzstan,KGZ,2020-08-18,79.17
Kyrgyzstan,KGZ,2020-08-19,79.17
Kyrgyzstan,KGZ,2020-08-20,79.17
Kyrgyzstan,KGZ,2020-08-21,79.17
Kyrgyzstan,KGZ,2020-08-22,79.17
Kyrgyzstan,KGZ,2020-08-23,79.17
Kyrgyzstan,KGZ,2020-08-24,76.39
Kyrgyzstan,KGZ,2020-08-25,73.61
Kyrgyzstan,KGZ,2020-08-26,73.61
Kyrgyzstan,KGZ,2020-08-27,73.61
Kyrgyzstan,KGZ,2020-08-28,73.61
Kyrgyzstan,KGZ,2020-08-29,73.61
Kyrgyzstan,KGZ,2020-08-30,73.61
Kyrgyzstan,KGZ,2020-08-31,73.61
Kyrgyzstan,KGZ,2020-09-01,69.91
Kyrgyzstan,KGZ,2020-09-02,69.91
Kyrgyzstan,KGZ,2020-09-03,69.91
Kyrgyzstan,KGZ,2020-09-04,69.91
Kyrgyzstan,KGZ,2020-09-05,69.91
Kyrgyzstan,KGZ,2020-09-06,69.91
Kyrgyzstan,KGZ,2020-09-07,69.91
Kyrgyzstan,KGZ,2020-09-08,69.91
Kyrgyzstan,KGZ,2020-09-09,69.91
Kyrgyzstan,KGZ,2020-09-10,69.91
Kyrgyzstan,KGZ,2020-09-11,69.91
Kyrgyzstan,KGZ,2020-09-12,69.91
Kyrgyzstan,KGZ,2020-09-13,69.91
Kyrgyzstan,KGZ,2020-09-14,69.91
Kyrgyzstan,KGZ,2020-09-15,69.91
Kyrgyzstan,KGZ,2020-09-16,69.91
Kyrgyzstan,KGZ,2020-09-17,69.91
Kyrgyzstan,KGZ,2020-09-18,69.91
Kyrgyzstan,KGZ,2020-09-19,69.91
Kyrgyzstan,KGZ,2020-09-20,69.91
Kyrgyzstan,KGZ,2020-09-21,69.91
Kyrgyzstan,KGZ,2020-09-22,67.13
Kyrgyzstan,KGZ,2020-09-23,67.13
Kyrgyzstan,KGZ,2020-09-24,67.13
Kyrgyzstan,KGZ,2020-09-25,67.13
Kyrgyzstan,KGZ,2020-09-26,67.13
Kyrgyzstan,KGZ,2020-09-27,67.13
Kyrgyzstan,KGZ,2020-09-28,64.35
Kyrgyzstan,KGZ,2020-09-29,64.35
Kyrgyzstan,KGZ,2020-09-30,64.35
Kyrgyzstan,KGZ,2020-10-01,64.35
Kyrgyzstan,KGZ,2020-10-02,64.35
Kyrgyzstan,KGZ,2020-10-03,64.35
Kyrgyzstan,KGZ,2020-10-04,64.35
Kyrgyzstan,KGZ,2020-10-05,64.35
Kyrgyzstan,KGZ,2020-10-06,64.35
Kyrgyzstan,KGZ,2020-10-07,64.35
Kyrgyzstan,KGZ,2020-10-08,64.35
Kyrgyzstan,KGZ,2020-10-09,64.35
Kyrgyzstan,KGZ,2020-10-10,64.35
Kyrgyzstan,KGZ,2020-10-11,64.35
Kyrgyzstan,KGZ,2020-10-12,62.5
Kyrgyzstan,KGZ,2020-10-13,62.5
Kyrgyzstan,KGZ,2020-10-14,62.5
Kyrgyzstan,KGZ,2020-10-15,62.5
Kyrgyzstan,KGZ,2020-10-16,60.65
Kyrgyzstan,KGZ,2020-10-17,55.09
Kyrgyzstan,KGZ,2020-10-18,55.09
Kyrgyzstan,KGZ,2020-10-19,55.09
Kyrgyzstan,KGZ,2020-10-20,55.09
Kyrgyzstan,KGZ,2020-10-21,55.09
Kyrgyzstan,KGZ,2020-10-22,55.09
Kyrgyzstan,KGZ,2020-10-23,55.09
Kyrgyzstan,KGZ,2020-10-24,55.09
Kyrgyzstan,KGZ,2020-10-25,55.09
Kyrgyzstan,KGZ,2020-10-26,55.09
Kyrgyzstan,KGZ,2020-10-27,55.09
Kyrgyzstan,KGZ,2020-10-28,55.09
Kyrgyzstan,KGZ,2020-10-29,55.09
Kyrgyzstan,KGZ,2020-10-30,55.09
Kyrgyzstan,KGZ,2020-10-31,55.09
Kyrgyzstan,KGZ,2020-11-01,55.09
Kyrgyzstan,KGZ,2020-11-02,55.09
Kyrgyzstan,KGZ,2020-11-03,55.09
Kyrgyzstan,KGZ,2020-11-04,55.09
Kyrgyzstan,KGZ,2020-11-05,55.09
Kyrgyzstan,KGZ,2020-11-06,55.09
Kyrgyzstan,KGZ,2020-11-07,55.09
Kyrgyzstan,KGZ,2020-11-08,55.09
Kyrgyzstan,KGZ,2020-11-09,55.09
Kyrgyzstan,KGZ,2020-11-10,55.09
Kyrgyzstan,KGZ,2020-11-11,53.24
Kyrgyzstan,KGZ,2020-11-12,53.24
Kyrgyzstan,KGZ,2020-11-13,53.24
Kyrgyzstan,KGZ,2020-11-14,53.24
Kyrgyzstan,KGZ,2020-11-15,53.24
Kyrgyzstan,KGZ,2020-11-16,53.24
Kyrgyzstan,KGZ,2020-11-17,53.24
Kyrgyzstan,KGZ,2020-11-18,53.24
Kyrgyzstan,KGZ,2020-11-19,53.24
Kyrgyzstan,KGZ,2020-11-20,53.24
Kyrgyzstan,KGZ,2020-11-21,53.24
Kyrgyzstan,KGZ,2020-11-22,53.24
Kyrgyzstan,KGZ,2020-11-23,53.24
Kyrgyzstan,KGZ,2020-11-24,53.24
Kyrgyzstan,KGZ,2020-11-25,53.24
Kyrgyzstan,KGZ,2020-11-26,50.46
Kyrgyzstan,KGZ,2020-11-27,50.46
Kyrgyzstan,KGZ,2020-11-28,50.46
Kyrgyzstan,KGZ,2020-11-29,50.46
Kyrgyzstan,KGZ,2020-11-30,50.46
Kyrgyzstan,KGZ,2020-12-01,48.61
Kyrgyzstan,KGZ,2020-12-02,48.61
Kyrgyzstan,KGZ,2020-12-03,48.61
Kyrgyzstan,KGZ,2020-12-04,48.61
Kyrgyzstan,KGZ,2020-12-05,48.61
Kyrgyzstan,KGZ,2020-12-06,48.61
Kyrgyzstan,KGZ,2020-12-07,48.61
Kyrgyzstan,KGZ,2020-12-08,48.61
Kyrgyzstan,KGZ,2020-12-09,48.61
Kyrgyzstan,KGZ,2020-12-10,50.46
Kyrgyzstan,KGZ,2020-12-11,49.07
Kyrgyzstan,KGZ,2020-12-12,49.07
Kyrgyzstan,KGZ,2020-12-13,49.07
Kyrgyzstan,KGZ,2020-12-14,49.07
Kyrgyzstan,KGZ,2020-12-15,49.07
Kyrgyzstan,KGZ,2020-12-16,49.07
Kyrgyzstan,KGZ,2020-12-17,49.07
Kyrgyzstan,KGZ,2020-12-18,49.07
Kyrgyzstan,KGZ,2020-12-19,49.07
Kyrgyzstan,KGZ,2020-12-20,49.07
Kyrgyzstan,KGZ,2020-12-21,49.07
Kyrgyzstan,KGZ,2020-12-22,49.07
Kyrgyzstan,KGZ,2020-12-23,49.07
Kyrgyzstan,KGZ,2020-12-24,49.07
Kyrgyzstan,KGZ,2020-12-25,49.07
Kyrgyzstan,KGZ,2020-12-26,49.07
Kyrgyzstan,KGZ,2020-12-27,49.07
Kyrgyzstan,KGZ,2020-12-28,49.07
Kyrgyzstan,KGZ,2020-12-29,49.07
Kyrgyzstan,KGZ,2020-12-30,49.07
Kyrgyzstan,KGZ,2020-12-31,40.74
Kyrgyzstan,KGZ,2021-01-01,40.74
Kyrgyzstan,KGZ,2021-01-02,40.74
Kyrgyzstan,KGZ,2021-01-03,40.74
Kyrgyzstan,KGZ,2021-01-04,41.67
Kyrgyzstan,KGZ,2021-01-05,41.67
Kyrgyzstan,KGZ,2021-01-06,41.67
Kyrgyzstan,KGZ,2021-01-07,41.67
Kyrgyzstan,KGZ,2021-01-08,41.67
Kyrgyzstan,KGZ,2021-01-09,41.67
Kyrgyzstan,KGZ,2021-01-10,41.67
Kyrgyzstan,KGZ,2021-01-11,41.67
Kyrgyzstan,KGZ,2021-01-12,41.67
Kyrgyzstan,KGZ,2021-01-13,41.67
Kyrgyzstan,KGZ,2021-01-14,41.67
Kyrgyzstan,KGZ,2021-01-15,41.67
Kyrgyzstan,KGZ,2021-01-16,41.67
Kyrgyzstan,KGZ,2021-01-17,41.67
Kyrgyzstan,KGZ,2021-01-18,41.67
Kyrgyzstan,KGZ,2021-01-19,41.67
Kyrgyzstan,KGZ,2021-01-20,41.67
Kyrgyzstan,KGZ,2021-01-21,41.67
Kyrgyzstan,KGZ,2021-01-22,41.67
Kyrgyzstan,KGZ,2021-01-23,41.67
Kyrgyzstan,KGZ,2021-01-24,41.67
Kyrgyzstan,KGZ,2021-01-25,41.67
Kyrgyzstan,KGZ,2021-01-26,41.67
Kyrgyzstan,KGZ,2021-01-27,41.67
Kyrgyzstan,KGZ,2021-01-28,41.67
Kyrgyzstan,KGZ,2021-01-29,41.67
Kyrgyzstan,KGZ,2021-01-30,41.67
Kyrgyzstan,KGZ,2021-01-31,41.67
Kyrgyzstan,KGZ,2021-02-01,41.67
Kyrgyzstan,KGZ,2021-02-02,41.67
Kyrgyzstan,KGZ,2021-02-03,41.67
Kyrgyzstan,KGZ,2021-02-04,36.11
Kyrgyzstan,KGZ,2021-02-05,36.11
Kyrgyzstan,KGZ,2021-02-06,36.11
Kyrgyzstan,KGZ,2021-02-07,36.11
Kyrgyzstan,KGZ,2021-02-08,36.11
Kyrgyzstan,KGZ,2021-02-09,36.11
Kyrgyzstan,KGZ,2021-02-10,36.11
Kyrgyzstan,KGZ,2021-02-11,36.11
Kyrgyzstan,KGZ,2021-02-12,36.11
Kyrgyzstan,KGZ,2021-02-13,36.11
Kyrgyzstan,KGZ,2021-02-14,36.11
Kyrgyzstan,KGZ,2021-02-15,36.11
Kyrgyzstan,KGZ,2021-02-16,36.11
Kyrgyzstan,KGZ,2021-02-17,36.11
Kyrgyzstan,KGZ,2021-02-18,36.11
Kyrgyzstan,KGZ,2021-02-19,36.11
Kyrgyzstan,KGZ,2021-02-20,36.11
Kyrgyzstan,KGZ,2021-02-21,36.11
Kyrgyzstan,KGZ,2021-02-22,36.11
Kyrgyzstan,KGZ,2021-02-23,36.11
Kyrgyzstan,KGZ,2021-02-24,36.11
Kyrgyzstan,KGZ,2021-02-25,36.11
Kyrgyzstan,KGZ,2021-02-26,36.11
Kyrgyzstan,KGZ,2021-02-27,36.11
Kyrgyzstan,KGZ,2021-02-28,36.11
Kyrgyzstan,KGZ,2021-03-01,46.76
Kyrgyzstan,KGZ,2021-03-02,46.76
Kyrgyzstan,KGZ,2021-03-03,46.76
Kyrgyzstan,KGZ,2021-03-04,46.76
Kyrgyzstan,KGZ,2021-03-05,46.76
Kyrgyzstan,KGZ,2021-03-06,46.76
Kyrgyzstan,KGZ,2021-03-07,46.76
Laos,LAO,2020-01-01,0
Laos,LAO,2020-01-02,0
Laos,LAO,2020-01-03,0
Laos,LAO,2020-01-04,0
Laos,LAO,2020-01-05,0
Laos,LAO,2020-01-06,0
Laos,LAO,2020-01-07,0
Laos,LAO,2020-01-08,0
Laos,LAO,2020-01-09,0
Laos,LAO,2020-01-10,0
Laos,LAO,2020-01-11,0
Laos,LAO,2020-01-12,0
Laos,LAO,2020-01-13,0
Laos,LAO,2020-01-14,0
Laos,LAO,2020-01-15,0
Laos,LAO,2020-01-16,0
Laos,LAO,2020-01-17,0
Laos,LAO,2020-01-18,0
Laos,LAO,2020-01-19,0
Laos,LAO,2020-01-20,0
Laos,LAO,2020-01-21,0
Laos,LAO,2020-01-22,0
Laos,LAO,2020-01-23,0
Laos,LAO,2020-01-24,0
Laos,LAO,2020-01-25,0
Laos,LAO,2020-01-26,0
Laos,LAO,2020-01-27,0
Laos,LAO,2020-01-28,0
Laos,LAO,2020-01-29,0
Laos,LAO,2020-01-30,0
Laos,LAO,2020-01-31,0
Laos,LAO,2020-02-01,0
Laos,LAO,2020-02-02,0
Laos,LAO,2020-02-03,0
Laos,LAO,2020-02-04,0
Laos,LAO,2020-02-05,0
Laos,LAO,2020-02-06,0
Laos,LAO,2020-02-07,0
Laos,LAO,2020-02-08,0
Laos,LAO,2020-02-09,0
Laos,LAO,2020-02-10,0
Laos,LAO,2020-02-11,0
Laos,LAO,2020-02-12,0
Laos,LAO,2020-02-13,0
Laos,LAO,2020-02-14,0
Laos,LAO,2020-02-15,0
Laos,LAO,2020-02-16,0
Laos,LAO,2020-02-17,0
Laos,LAO,2020-02-18,0
Laos,LAO,2020-02-19,0
Laos,LAO,2020-02-20,0
Laos,LAO,2020-02-21,0
Laos,LAO,2020-02-22,0
Laos,LAO,2020-02-23,0
Laos,LAO,2020-02-24,0
Laos,LAO,2020-02-25,0
Laos,LAO,2020-02-26,0
Laos,LAO,2020-02-27,0
Laos,LAO,2020-02-28,0
Laos,LAO,2020-02-29,0
Laos,LAO,2020-03-01,0
Laos,LAO,2020-03-02,0
Laos,LAO,2020-03-03,0
Laos,LAO,2020-03-04,0
Laos,LAO,2020-03-05,0
Laos,LAO,2020-03-06,0
Laos,LAO,2020-03-07,0
Laos,LAO,2020-03-08,0
Laos,LAO,2020-03-09,0
Laos,LAO,2020-03-10,0
Laos,LAO,2020-03-11,9.26
Laos,LAO,2020-03-12,9.26
Laos,LAO,2020-03-13,9.26
Laos,LAO,2020-03-14,9.26
Laos,LAO,2020-03-15,14.81
Laos,LAO,2020-03-16,14.81
Laos,LAO,2020-03-17,14.81
Laos,LAO,2020-03-18,14.81
Laos,LAO,2020-03-19,25.93
Laos,LAO,2020-03-20,25.93
Laos,LAO,2020-03-21,25.93
Laos,LAO,2020-03-22,25.93
Laos,LAO,2020-03-23,25.93
Laos,LAO,2020-03-24,25.93
Laos,LAO,2020-03-25,25.93
Laos,LAO,2020-03-26,28.7
Laos,LAO,2020-03-27,28.7
Laos,LAO,2020-03-28,28.7
Laos,LAO,2020-03-29,28.7
Laos,LAO,2020-03-30,96.3
Laos,LAO,2020-03-31,96.3
Laos,LAO,2020-04-01,96.3
Laos,LAO,2020-04-02,96.3
Laos,LAO,2020-04-03,96.3
Laos,LAO,2020-04-04,96.3
Laos,LAO,2020-04-05,96.3
Laos,LAO,2020-04-06,96.3
Laos,LAO,2020-04-07,96.3
Laos,LAO,2020-04-08,96.3
Laos,LAO,2020-04-09,96.3
Laos,LAO,2020-04-10,96.3
Laos,LAO,2020-04-11,96.3
Laos,LAO,2020-04-12,96.3
Laos,LAO,2020-04-13,96.3
Laos,LAO,2020-04-14,96.3
Laos,LAO,2020-04-15,96.3
Laos,LAO,2020-04-16,96.3
Laos,LAO,2020-04-17,96.3
Laos,LAO,2020-04-18,96.3
Laos,LAO,2020-04-19,96.3
Laos,LAO,2020-04-20,96.3
Laos,LAO,2020-04-21,96.3
Laos,LAO,2020-04-22,96.3
Laos,LAO,2020-04-23,96.3
Laos,LAO,2020-04-24,96.3
Laos,LAO,2020-04-25,96.3
Laos,LAO,2020-04-26,96.3
Laos,LAO,2020-04-27,96.3
Laos,LAO,2020-04-28,96.3
Laos,LAO,2020-04-29,96.3
Laos,LAO,2020-04-30,96.3
Laos,LAO,2020-05-01,96.3
Laos,LAO,2020-05-02,96.3
Laos,LAO,2020-05-03,96.3
Laos,LAO,2020-05-04,82.41
Laos,LAO,2020-05-05,82.41
Laos,LAO,2020-05-06,82.41
Laos,LAO,2020-05-07,82.41
Laos,LAO,2020-05-08,82.41
Laos,LAO,2020-05-09,82.41
Laos,LAO,2020-05-10,82.41
Laos,LAO,2020-05-11,82.41
Laos,LAO,2020-05-12,82.41
Laos,LAO,2020-05-13,82.41
Laos,LAO,2020-05-14,82.41
Laos,LAO,2020-05-15,82.41
Laos,LAO,2020-05-16,82.41
Laos,LAO,2020-05-17,82.41
Laos,LAO,2020-05-18,56.48
Laos,LAO,2020-05-19,56.48
Laos,LAO,2020-05-20,56.48
Laos,LAO,2020-05-21,56.48
Laos,LAO,2020-05-22,56.48
Laos,LAO,2020-05-23,56.48
Laos,LAO,2020-05-24,56.48
Laos,LAO,2020-05-25,56.48
Laos,LAO,2020-05-26,56.48
Laos,LAO,2020-05-27,56.48
Laos,LAO,2020-05-28,56.48
Laos,LAO,2020-05-29,56.48
Laos,LAO,2020-05-30,56.48
Laos,LAO,2020-05-31,56.48
Laos,LAO,2020-06-01,43.52
Laos,LAO,2020-06-02,39.81
Laos,LAO,2020-06-03,39.81
Laos,LAO,2020-06-04,39.81
Laos,LAO,2020-06-05,39.81
Laos,LAO,2020-06-06,39.81
Laos,LAO,2020-06-07,39.81
Laos,LAO,2020-06-08,39.81
Laos,LAO,2020-06-09,39.81
Laos,LAO,2020-06-10,39.81
Laos,LAO,2020-06-11,39.81
Laos,LAO,2020-06-12,39.81
Laos,LAO,2020-06-13,39.81
Laos,LAO,2020-06-14,39.81
Laos,LAO,2020-06-15,39.81
Laos,LAO,2020-06-16,39.81
Laos,LAO,2020-06-17,39.81
Laos,LAO,2020-06-18,39.81
Laos,LAO,2020-06-19,39.81
Laos,LAO,2020-06-20,39.81
Laos,LAO,2020-06-21,39.81
Laos,LAO,2020-06-22,39.81
Laos,LAO,2020-06-23,39.81
Laos,LAO,2020-06-24,39.81
Laos,LAO,2020-06-25,39.81
Laos,LAO,2020-06-26,39.81
Laos,LAO,2020-06-27,39.81
Laos,LAO,2020-06-28,37.04
Laos,LAO,2020-06-29,37.04
Laos,LAO,2020-06-30,37.04
Laos,LAO,2020-07-01,20.37
Laos,LAO,2020-07-02,20.37
Laos,LAO,2020-07-03,20.37
Laos,LAO,2020-07-04,20.37
Laos,LAO,2020-07-05,20.37
Laos,LAO,2020-07-06,20.37
Laos,LAO,2020-07-07,20.37
Laos,LAO,2020-07-08,20.37
Laos,LAO,2020-07-09,20.37
Laos,LAO,2020-07-10,20.37
Laos,LAO,2020-07-11,20.37
Laos,LAO,2020-07-12,20.37
Laos,LAO,2020-07-13,20.37
Laos,LAO,2020-07-14,20.37
Laos,LAO,2020-07-15,20.37
Laos,LAO,2020-07-16,20.37
Laos,LAO,2020-07-17,20.37
Laos,LAO,2020-07-18,20.37
Laos,LAO,2020-07-19,20.37
Laos,LAO,2020-07-20,20.37
Laos,LAO,2020-07-21,20.37
Laos,LAO,2020-07-22,20.37
Laos,LAO,2020-07-23,20.37
Laos,LAO,2020-07-24,20.37
Laos,LAO,2020-07-25,20.37
Laos,LAO,2020-07-26,20.37
Laos,LAO,2020-07-27,20.37
Laos,LAO,2020-07-28,20.37
Laos,LAO,2020-07-29,20.37
Laos,LAO,2020-07-30,20.37
Laos,LAO,2020-07-31,20.37
Laos,LAO,2020-08-01,36.11
Laos,LAO,2020-08-02,36.11
Laos,LAO,2020-08-03,36.11
Laos,LAO,2020-08-04,36.11
Laos,LAO,2020-08-05,36.11
Laos,LAO,2020-08-06,36.11
Laos,LAO,2020-08-07,36.11
Laos,LAO,2020-08-08,36.11
Laos,LAO,2020-08-09,36.11
Laos,LAO,2020-08-10,36.11
Laos,LAO,2020-08-11,36.11
Laos,LAO,2020-08-12,36.11
Laos,LAO,2020-08-13,36.11
Laos,LAO,2020-08-14,36.11
Laos,LAO,2020-08-15,36.11
Laos,LAO,2020-08-16,36.11
Laos,LAO,2020-08-17,36.11
Laos,LAO,2020-08-18,36.11
Laos,LAO,2020-08-19,36.11
Laos,LAO,2020-08-20,36.11
Laos,LAO,2020-08-21,36.11
Laos,LAO,2020-08-22,36.11
Laos,LAO,2020-08-23,36.11
Laos,LAO,2020-08-24,36.11
Laos,LAO,2020-08-25,36.11
Laos,LAO,2020-08-26,36.11
Laos,LAO,2020-08-27,36.11
Laos,LAO,2020-08-28,36.11
Laos,LAO,2020-08-29,36.11
Laos,LAO,2020-08-30,36.11
Laos,LAO,2020-08-31,36.11
Laos,LAO,2020-09-01,36.11
Laos,LAO,2020-09-02,36.11
Laos,LAO,2020-09-03,36.11
Laos,LAO,2020-09-04,36.11
Laos,LAO,2020-09-05,36.11
Laos,LAO,2020-09-06,36.11
Laos,LAO,2020-09-07,36.11
Laos,LAO,2020-09-08,36.11
Laos,LAO,2020-09-09,36.11
Laos,LAO,2020-09-10,36.11
Laos,LAO,2020-09-11,36.11
Laos,LAO,2020-09-12,36.11
Laos,LAO,2020-09-13,36.11
Laos,LAO,2020-09-14,36.11
Laos,LAO,2020-09-15,36.11
Laos,LAO,2020-09-16,36.11
Laos,LAO,2020-09-17,36.11
Laos,LAO,2020-09-18,36.11
Laos,LAO,2020-09-19,36.11
Laos,LAO,2020-09-20,36.11
Laos,LAO,2020-09-21,36.11
Laos,LAO,2020-09-22,36.11
Laos,LAO,2020-09-23,36.11
Laos,LAO,2020-09-24,36.11
Laos,LAO,2020-09-25,36.11
Laos,LAO,2020-09-26,36.11
Laos,LAO,2020-09-27,36.11
Laos,LAO,2020-09-28,36.11
Laos,LAO,2020-09-29,36.11
Laos,LAO,2020-09-30,36.11
Laos,LAO,2020-10-01,36.11
Laos,LAO,2020-10-02,36.11
Laos,LAO,2020-10-03,36.11
Laos,LAO,2020-10-04,36.11
Laos,LAO,2020-10-05,36.11
Laos,LAO,2020-10-06,36.11
Laos,LAO,2020-10-07,36.11
Laos,LAO,2020-10-08,36.11
Laos,LAO,2020-10-09,36.11
Laos,LAO,2020-10-10,36.11
Laos,LAO,2020-10-11,36.11
Laos,LAO,2020-10-12,36.11
Laos,LAO,2020-10-13,36.11
Laos,LAO,2020-10-14,36.11
Laos,LAO,2020-10-15,36.11
Laos,LAO,2020-10-16,36.11
Laos,LAO,2020-10-17,36.11
Laos,LAO,2020-10-18,36.11
Laos,LAO,2020-10-19,36.11
Laos,LAO,2020-10-20,36.11
Laos,LAO,2020-10-21,36.11
Laos,LAO,2020-10-22,36.11
Laos,LAO,2020-10-23,36.11
Laos,LAO,2020-10-24,36.11
Laos,LAO,2020-10-25,36.11
Laos,LAO,2020-10-26,36.11
Laos,LAO,2020-10-27,36.11
Laos,LAO,2020-10-28,36.11
Laos,LAO,2020-10-29,36.11
Laos,LAO,2020-10-30,36.11
Laos,LAO,2020-10-31,36.11
Laos,LAO,2020-11-01,33.33
Laos,LAO,2020-11-02,33.33
Laos,LAO,2020-11-03,33.33
Laos,LAO,2020-11-04,33.33
Laos,LAO,2020-11-05,33.33
Laos,LAO,2020-11-06,33.33
Laos,LAO,2020-11-07,33.33
Laos,LAO,2020-11-08,33.33
Laos,LAO,2020-11-09,33.33
Laos,LAO,2020-11-10,33.33
Laos,LAO,2020-11-11,33.33
Laos,LAO,2020-11-12,33.33
Laos,LAO,2020-11-13,33.33
Laos,LAO,2020-11-14,33.33
Laos,LAO,2020-11-15,33.33
Laos,LAO,2020-11-16,33.33
Laos,LAO,2020-11-17,33.33
Laos,LAO,2020-11-18,33.33
Laos,LAO,2020-11-19,33.33
Laos,LAO,2020-11-20,33.33
Laos,LAO,2020-11-21,33.33
Laos,LAO,2020-11-22,33.33
Laos,LAO,2020-11-23,33.33
Laos,LAO,2020-11-24,33.33
Laos,LAO,2020-11-25,33.33
Laos,LAO,2020-11-26,33.33
Laos,LAO,2020-11-27,33.33
Laos,LAO,2020-11-28,33.33
Laos,LAO,2020-11-29,33.33
Laos,LAO,2020-11-30,29.63
Laos,LAO,2020-12-01,29.63
Laos,LAO,2020-12-02,29.63
Laos,LAO,2020-12-03,29.63
Laos,LAO,2020-12-04,29.63
Laos,LAO,2020-12-05,29.63
Laos,LAO,2020-12-06,29.63
Laos,LAO,2020-12-07,29.63
Laos,LAO,2020-12-08,29.63
Laos,LAO,2020-12-09,29.63
Laos,LAO,2020-12-10,29.63
Laos,LAO,2020-12-11,29.63
Laos,LAO,2020-12-12,29.63
Laos,LAO,2020-12-13,29.63
Laos,LAO,2020-12-14,29.63
Laos,LAO,2020-12-15,29.63
Laos,LAO,2020-12-16,29.63
Laos,LAO,2020-12-17,29.63
Laos,LAO,2020-12-18,29.63
Laos,LAO,2020-12-19,29.63
Laos,LAO,2020-12-20,29.63
Laos,LAO,2020-12-21,29.63
Laos,LAO,2020-12-22,29.63
Laos,LAO,2020-12-23,29.63
Laos,LAO,2020-12-24,29.63
Laos,LAO,2020-12-25,29.63
Laos,LAO,2020-12-26,29.63
Laos,LAO,2020-12-27,29.63
Laos,LAO,2020-12-28,29.63
Laos,LAO,2020-12-29,29.63
Laos,LAO,2020-12-30,29.63
Laos,LAO,2020-12-31,29.63
Laos,LAO,2021-01-01,29.63
Laos,LAO,2021-01-02,29.63
Laos,LAO,2021-01-03,29.63
Laos,LAO,2021-01-04,29.63
Laos,LAO,2021-01-05,29.63
Laos,LAO,2021-01-06,29.63
Laos,LAO,2021-01-07,29.63
Laos,LAO,2021-01-08,29.63
Laos,LAO,2021-01-09,29.63
Laos,LAO,2021-01-10,29.63
Laos,LAO,2021-01-11,29.63
Laos,LAO,2021-01-12,29.63
Laos,LAO,2021-01-13,29.63
Laos,LAO,2021-01-14,29.63
Laos,LAO,2021-01-15,29.63
Laos,LAO,2021-01-16,29.63
Laos,LAO,2021-01-17,29.63
Laos,LAO,2021-01-18,22.22
Laos,LAO,2021-01-19,22.22
Laos,LAO,2021-01-20,22.22
Laos,LAO,2021-01-21,22.22
Laos,LAO,2021-01-22,22.22
Laos,LAO,2021-01-23,22.22
Laos,LAO,2021-01-24,22.22
Laos,LAO,2021-01-25,22.22
Laos,LAO,2021-01-26,22.22
Laos,LAO,2021-01-27,22.22
Laos,LAO,2021-01-28,22.22
Laos,LAO,2021-01-29,22.22
Laos,LAO,2021-01-30,22.22
Laos,LAO,2021-01-31,22.22
Laos,LAO,2021-02-01,22.22
Laos,LAO,2021-02-02,22.22
Laos,LAO,2021-02-03,22.22
Laos,LAO,2021-02-04,22.22
Laos,LAO,2021-02-05,22.22
Laos,LAO,2021-02-06,22.22
Laos,LAO,2021-02-07,22.22
Laos,LAO,2021-02-08,22.22
Laos,LAO,2021-02-09,22.22
Laos,LAO,2021-02-10,22.22
Laos,LAO,2021-02-11,22.22
Laos,LAO,2021-02-12,22.22
Laos,LAO,2021-02-13,22.22
Laos,LAO,2021-02-14,22.22
Laos,LAO,2021-02-15,22.22
Laos,LAO,2021-02-16,16.67
Laos,LAO,2021-02-17,16.67
Laos,LAO,2021-02-18,16.67
Laos,LAO,2021-02-19,16.67
Laos,LAO,2021-02-20,16.67
Laos,LAO,2021-02-21,16.67
Laos,LAO,2021-02-22,16.67
Laos,LAO,2021-02-23,16.67
Laos,LAO,2021-02-24,16.67
Laos,LAO,2021-02-25,16.67
Laos,LAO,2021-02-26,16.67
Laos,LAO,2021-02-27,16.67
Laos,LAO,2021-02-28,16.67
Laos,LAO,2021-03-01,16.67
Laos,LAO,2021-03-02,16.67
Laos,LAO,2021-03-03,16.67
Laos,LAO,2021-03-04,16.67
Laos,LAO,2021-03-05,16.67
Laos,LAO,2021-03-06,16.67
Laos,LAO,2021-03-07,16.67
Laos,LAO,2021-03-08,16.67
Latvia,LVA,2020-01-01,0
Latvia,LVA,2020-01-02,0
Latvia,LVA,2020-01-03,0
Latvia,LVA,2020-01-04,0
Latvia,LVA,2020-01-05,0
Latvia,LVA,2020-01-06,0
Latvia,LVA,2020-01-07,0
Latvia,LVA,2020-01-08,0
Latvia,LVA,2020-01-09,0
Latvia,LVA,2020-01-10,0
Latvia,LVA,2020-01-11,0
Latvia,LVA,2020-01-12,0
Latvia,LVA,2020-01-13,0
Latvia,LVA,2020-01-14,0
Latvia,LVA,2020-01-15,0
Latvia,LVA,2020-01-16,0
Latvia,LVA,2020-01-17,0
Latvia,LVA,2020-01-18,0
Latvia,LVA,2020-01-19,0
Latvia,LVA,2020-01-20,0
Latvia,LVA,2020-01-21,0
Latvia,LVA,2020-01-22,0
Latvia,LVA,2020-01-23,0
Latvia,LVA,2020-01-24,0
Latvia,LVA,2020-01-25,0
Latvia,LVA,2020-01-26,0
Latvia,LVA,2020-01-27,0
Latvia,LVA,2020-01-28,0
Latvia,LVA,2020-01-29,0
Latvia,LVA,2020-01-30,0
Latvia,LVA,2020-01-31,2.78
Latvia,LVA,2020-02-01,2.78
Latvia,LVA,2020-02-02,2.78
Latvia,LVA,2020-02-03,2.78
Latvia,LVA,2020-02-04,2.78
Latvia,LVA,2020-02-05,2.78
Latvia,LVA,2020-02-06,2.78
Latvia,LVA,2020-02-07,2.78
Latvia,LVA,2020-02-08,2.78
Latvia,LVA,2020-02-09,2.78
Latvia,LVA,2020-02-10,2.78
Latvia,LVA,2020-02-11,2.78
Latvia,LVA,2020-02-12,2.78
Latvia,LVA,2020-02-13,2.78
Latvia,LVA,2020-02-14,2.78
Latvia,LVA,2020-02-15,2.78
Latvia,LVA,2020-02-16,2.78
Latvia,LVA,2020-02-17,2.78
Latvia,LVA,2020-02-18,2.78
Latvia,LVA,2020-02-19,2.78
Latvia,LVA,2020-02-20,2.78
Latvia,LVA,2020-02-21,2.78
Latvia,LVA,2020-02-22,2.78
Latvia,LVA,2020-02-23,2.78
Latvia,LVA,2020-02-24,2.78
Latvia,LVA,2020-02-25,2.78
Latvia,LVA,2020-02-26,2.78
Latvia,LVA,2020-02-27,8.33
Latvia,LVA,2020-02-28,8.33
Latvia,LVA,2020-02-29,8.33
Latvia,LVA,2020-03-01,8.33
Latvia,LVA,2020-03-02,8.33
Latvia,LVA,2020-03-03,8.33
Latvia,LVA,2020-03-04,8.33
Latvia,LVA,2020-03-05,8.33
Latvia,LVA,2020-03-06,8.33
Latvia,LVA,2020-03-07,8.33
Latvia,LVA,2020-03-08,8.33
Latvia,LVA,2020-03-09,8.33
Latvia,LVA,2020-03-10,8.33
Latvia,LVA,2020-03-11,11.11
Latvia,LVA,2020-03-12,11.11
Latvia,LVA,2020-03-13,51.85
Latvia,LVA,2020-03-14,54.63
Latvia,LVA,2020-03-15,54.63
Latvia,LVA,2020-03-16,54.63
Latvia,LVA,2020-03-17,60.19
Latvia,LVA,2020-03-18,60.19
Latvia,LVA,2020-03-19,60.19
Latvia,LVA,2020-03-20,60.19
Latvia,LVA,2020-03-21,60.19
Latvia,LVA,2020-03-22,60.19
Latvia,LVA,2020-03-23,60.19
Latvia,LVA,2020-03-24,63.89
Latvia,LVA,2020-03-25,63.89
Latvia,LVA,2020-03-26,63.89
Latvia,LVA,2020-03-27,69.44
Latvia,LVA,2020-03-28,69.44
Latvia,LVA,2020-03-29,69.44
Latvia,LVA,2020-03-30,69.44
Latvia,LVA,2020-03-31,69.44
Latvia,LVA,2020-04-01,69.44
Latvia,LVA,2020-04-02,69.44
Latvia,LVA,2020-04-03,69.44
Latvia,LVA,2020-04-04,69.44
Latvia,LVA,2020-04-05,69.44
Latvia,LVA,2020-04-06,69.44
Latvia,LVA,2020-04-07,69.44
Latvia,LVA,2020-04-08,69.44
Latvia,LVA,2020-04-09,69.44
Latvia,LVA,2020-04-10,69.44
Latvia,LVA,2020-04-11,69.44
Latvia,LVA,2020-04-12,69.44
Latvia,LVA,2020-04-13,69.44
Latvia,LVA,2020-04-14,69.44
Latvia,LVA,2020-04-15,69.44
Latvia,LVA,2020-04-16,69.44
Latvia,LVA,2020-04-17,69.44
Latvia,LVA,2020-04-18,69.44
Latvia,LVA,2020-04-19,69.44
Latvia,LVA,2020-04-20,69.44
Latvia,LVA,2020-04-21,69.44
Latvia,LVA,2020-04-22,69.44
Latvia,LVA,2020-04-23,69.44
Latvia,LVA,2020-04-24,69.44
Latvia,LVA,2020-04-25,69.44
Latvia,LVA,2020-04-26,69.44
Latvia,LVA,2020-04-27,69.44
Latvia,LVA,2020-04-28,69.44
Latvia,LVA,2020-04-29,69.44
Latvia,LVA,2020-04-30,69.44
Latvia,LVA,2020-05-01,69.44
Latvia,LVA,2020-05-02,69.44
Latvia,LVA,2020-05-03,69.44
Latvia,LVA,2020-05-04,69.44
Latvia,LVA,2020-05-05,69.44
Latvia,LVA,2020-05-06,69.44
Latvia,LVA,2020-05-07,69.44
Latvia,LVA,2020-05-08,69.44
Latvia,LVA,2020-05-09,69.44
Latvia,LVA,2020-05-10,69.44
Latvia,LVA,2020-05-11,69.44
Latvia,LVA,2020-05-12,63.89
Latvia,LVA,2020-05-13,63.89
Latvia,LVA,2020-05-14,63.89
Latvia,LVA,2020-05-15,61.11
Latvia,LVA,2020-05-16,61.11
Latvia,LVA,2020-05-17,61.11
Latvia,LVA,2020-05-18,61.11
Latvia,LVA,2020-05-19,61.11
Latvia,LVA,2020-05-20,61.11
Latvia,LVA,2020-05-21,61.11
Latvia,LVA,2020-05-22,61.11
Latvia,LVA,2020-05-23,61.11
Latvia,LVA,2020-05-24,61.11
Latvia,LVA,2020-05-25,61.11
Latvia,LVA,2020-05-26,61.11
Latvia,LVA,2020-05-27,61.11
Latvia,LVA,2020-05-28,61.11
Latvia,LVA,2020-05-29,61.11
Latvia,LVA,2020-05-30,61.11
Latvia,LVA,2020-05-31,61.11
Latvia,LVA,2020-06-01,61.11
Latvia,LVA,2020-06-02,61.11
Latvia,LVA,2020-06-03,61.11
Latvia,LVA,2020-06-04,61.11
Latvia,LVA,2020-06-05,61.11
Latvia,LVA,2020-06-06,61.11
Latvia,LVA,2020-06-07,61.11
Latvia,LVA,2020-06-08,61.11
Latvia,LVA,2020-06-09,61.11
Latvia,LVA,2020-06-10,50
Latvia,LVA,2020-06-11,50
Latvia,LVA,2020-06-12,50
Latvia,LVA,2020-06-13,50
Latvia,LVA,2020-06-14,50
Latvia,LVA,2020-06-15,50
Latvia,LVA,2020-06-16,50
Latvia,LVA,2020-06-17,50
Latvia,LVA,2020-06-18,50
Latvia,LVA,2020-06-19,50
Latvia,LVA,2020-06-20,50
Latvia,LVA,2020-06-21,50
Latvia,LVA,2020-06-22,50
Latvia,LVA,2020-06-23,50
Latvia,LVA,2020-06-24,50
Latvia,LVA,2020-06-25,50
Latvia,LVA,2020-06-26,50
Latvia,LVA,2020-06-27,50
Latvia,LVA,2020-06-28,50
Latvia,LVA,2020-06-29,50
Latvia,LVA,2020-06-30,50
Latvia,LVA,2020-07-01,50
Latvia,LVA,2020-07-02,50
Latvia,LVA,2020-07-03,50
Latvia,LVA,2020-07-04,50
Latvia,LVA,2020-07-05,50
Latvia,LVA,2020-07-06,50
Latvia,LVA,2020-07-07,50
Latvia,LVA,2020-07-08,50
Latvia,LVA,2020-07-09,50
Latvia,LVA,2020-07-10,50
Latvia,LVA,2020-07-11,50
Latvia,LVA,2020-07-12,50
Latvia,LVA,2020-07-13,50
Latvia,LVA,2020-07-14,50
Latvia,LVA,2020-07-15,50
Latvia,LVA,2020-07-16,50
Latvia,LVA,2020-07-17,50
Latvia,LVA,2020-07-18,50
Latvia,LVA,2020-07-19,50
Latvia,LVA,2020-07-20,50
Latvia,LVA,2020-07-21,50
Latvia,LVA,2020-07-22,50
Latvia,LVA,2020-07-23,50
Latvia,LVA,2020-07-24,50
Latvia,LVA,2020-07-25,50
Latvia,LVA,2020-07-26,50
Latvia,LVA,2020-07-27,50
Latvia,LVA,2020-07-28,50
Latvia,LVA,2020-07-29,50
Latvia,LVA,2020-07-30,50
Latvia,LVA,2020-07-31,50
Latvia,LVA,2020-08-01,47.22
Latvia,LVA,2020-08-02,47.22
Latvia,LVA,2020-08-03,47.22
Latvia,LVA,2020-08-04,47.22
Latvia,LVA,2020-08-05,47.22
Latvia,LVA,2020-08-06,47.22
Latvia,LVA,2020-08-07,47.22
Latvia,LVA,2020-08-08,47.22
Latvia,LVA,2020-08-09,47.22
Latvia,LVA,2020-08-10,47.22
Latvia,LVA,2020-08-11,47.22
Latvia,LVA,2020-08-12,47.22
Latvia,LVA,2020-08-13,47.22
Latvia,LVA,2020-08-14,47.22
Latvia,LVA,2020-08-15,47.22
Latvia,LVA,2020-08-16,47.22
Latvia,LVA,2020-08-17,41.67
Latvia,LVA,2020-08-18,41.67
Latvia,LVA,2020-08-19,41.67
Latvia,LVA,2020-08-20,41.67
Latvia,LVA,2020-08-21,41.67
Latvia,LVA,2020-08-22,41.67
Latvia,LVA,2020-08-23,41.67
Latvia,LVA,2020-08-24,41.67
Latvia,LVA,2020-08-25,41.67
Latvia,LVA,2020-08-26,41.67
Latvia,LVA,2020-08-27,41.67
Latvia,LVA,2020-08-28,41.67
Latvia,LVA,2020-08-29,41.67
Latvia,LVA,2020-08-30,41.67
Latvia,LVA,2020-08-31,41.67
Latvia,LVA,2020-09-01,41.67
Latvia,LVA,2020-09-02,41.67
Latvia,LVA,2020-09-03,41.67
Latvia,LVA,2020-09-04,41.67
Latvia,LVA,2020-09-05,41.67
Latvia,LVA,2020-09-06,41.67
Latvia,LVA,2020-09-07,41.67
Latvia,LVA,2020-09-08,41.67
Latvia,LVA,2020-09-09,41.67
Latvia,LVA,2020-09-10,41.67
Latvia,LVA,2020-09-11,41.67
Latvia,LVA,2020-09-12,41.67
Latvia,LVA,2020-09-13,41.67
Latvia,LVA,2020-09-14,41.67
Latvia,LVA,2020-09-15,41.67
Latvia,LVA,2020-09-16,41.67
Latvia,LVA,2020-09-17,41.67
Latvia,LVA,2020-09-18,41.67
Latvia,LVA,2020-09-19,41.67
Latvia,LVA,2020-09-20,41.67
Latvia,LVA,2020-09-21,37.04
Latvia,LVA,2020-09-22,37.04
Latvia,LVA,2020-09-23,37.04
Latvia,LVA,2020-09-24,37.04
Latvia,LVA,2020-09-25,37.04
Latvia,LVA,2020-09-26,37.04
Latvia,LVA,2020-09-27,37.04
Latvia,LVA,2020-09-28,37.04
Latvia,LVA,2020-09-29,37.04
Latvia,LVA,2020-09-30,37.04
Latvia,LVA,2020-10-01,37.04
Latvia,LVA,2020-10-02,37.04
Latvia,LVA,2020-10-03,28.7
Latvia,LVA,2020-10-04,28.7
Latvia,LVA,2020-10-05,32.41
Latvia,LVA,2020-10-06,32.41
Latvia,LVA,2020-10-07,32.41
Latvia,LVA,2020-10-08,32.41
Latvia,LVA,2020-10-09,32.41
Latvia,LVA,2020-10-10,32.41
Latvia,LVA,2020-10-11,32.41
Latvia,LVA,2020-10-12,32.41
Latvia,LVA,2020-10-13,32.41
Latvia,LVA,2020-10-14,29.63
Latvia,LVA,2020-10-15,33.33
Latvia,LVA,2020-10-16,33.33
Latvia,LVA,2020-10-17,33.33
Latvia,LVA,2020-10-18,33.33
Latvia,LVA,2020-10-19,33.33
Latvia,LVA,2020-10-20,33.33
Latvia,LVA,2020-10-21,33.33
Latvia,LVA,2020-10-22,33.33
Latvia,LVA,2020-10-23,33.33
Latvia,LVA,2020-10-24,38.89
Latvia,LVA,2020-10-25,38.89
Latvia,LVA,2020-10-26,42.59
Latvia,LVA,2020-10-27,42.59
Latvia,LVA,2020-10-28,42.59
Latvia,LVA,2020-10-29,42.59
Latvia,LVA,2020-10-30,42.59
Latvia,LVA,2020-10-31,42.59
Latvia,LVA,2020-11-01,42.59
Latvia,LVA,2020-11-02,42.59
Latvia,LVA,2020-11-03,45.37
Latvia,LVA,2020-11-04,45.37
Latvia,LVA,2020-11-05,45.37
Latvia,LVA,2020-11-06,45.37
Latvia,LVA,2020-11-07,45.37
Latvia,LVA,2020-11-08,45.37
Latvia,LVA,2020-11-09,53.7
Latvia,LVA,2020-11-10,53.7
Latvia,LVA,2020-11-11,53.7
Latvia,LVA,2020-11-12,53.7
Latvia,LVA,2020-11-13,53.7
Latvia,LVA,2020-11-14,53.7
Latvia,LVA,2020-11-15,53.7
Latvia,LVA,2020-11-16,53.7
Latvia,LVA,2020-11-17,53.7
Latvia,LVA,2020-11-18,53.7
Latvia,LVA,2020-11-19,53.7
Latvia,LVA,2020-11-20,53.7
Latvia,LVA,2020-11-21,53.7
Latvia,LVA,2020-11-22,53.7
Latvia,LVA,2020-11-23,53.7
Latvia,LVA,2020-11-24,53.7
Latvia,LVA,2020-11-25,53.7
Latvia,LVA,2020-11-26,53.7
Latvia,LVA,2020-11-27,53.7
Latvia,LVA,2020-11-28,53.7
Latvia,LVA,2020-11-29,53.7
Latvia,LVA,2020-11-30,53.7
Latvia,LVA,2020-12-01,53.7
Latvia,LVA,2020-12-02,53.7
Latvia,LVA,2020-12-03,53.7
Latvia,LVA,2020-12-04,53.7
Latvia,LVA,2020-12-05,53.7
Latvia,LVA,2020-12-06,53.7
Latvia,LVA,2020-12-07,53.7
Latvia,LVA,2020-12-08,53.7
Latvia,LVA,2020-12-09,53.7
Latvia,LVA,2020-12-10,53.7
Latvia,LVA,2020-12-11,53.7
Latvia,LVA,2020-12-12,53.7
Latvia,LVA,2020-12-13,53.7
Latvia,LVA,2020-12-14,53.7
Latvia,LVA,2020-12-15,53.7
Latvia,LVA,2020-12-16,53.7
Latvia,LVA,2020-12-17,53.7
Latvia,LVA,2020-12-18,53.7
Latvia,LVA,2020-12-19,57.41
Latvia,LVA,2020-12-20,57.41
Latvia,LVA,2020-12-21,60.19
Latvia,LVA,2020-12-22,60.19
Latvia,LVA,2020-12-23,60.19
Latvia,LVA,2020-12-24,60.19
Latvia,LVA,2020-12-25,60.19
Latvia,LVA,2020-12-26,60.19
Latvia,LVA,2020-12-27,60.19
Latvia,LVA,2020-12-28,60.19
Latvia,LVA,2020-12-29,60.19
Latvia,LVA,2020-12-30,63.89
Latvia,LVA,2020-12-31,63.89
Latvia,LVA,2021-01-01,63.89
Latvia,LVA,2021-01-02,61.11
Latvia,LVA,2021-01-03,61.11
Latvia,LVA,2021-01-04,61.11
Latvia,LVA,2021-01-05,57.41
Latvia,LVA,2021-01-06,57.41
Latvia,LVA,2021-01-07,57.41
Latvia,LVA,2021-01-08,61.11
Latvia,LVA,2021-01-09,61.11
Latvia,LVA,2021-01-10,57.41
Latvia,LVA,2021-01-11,57.41
Latvia,LVA,2021-01-12,57.41
Latvia,LVA,2021-01-13,57.41
Latvia,LVA,2021-01-14,57.41
Latvia,LVA,2021-01-15,57.41
Latvia,LVA,2021-01-16,57.41
Latvia,LVA,2021-01-17,57.41
Latvia,LVA,2021-01-18,57.41
Latvia,LVA,2021-01-19,57.41
Latvia,LVA,2021-01-20,57.41
Latvia,LVA,2021-01-21,57.41
Latvia,LVA,2021-01-22,57.41
Latvia,LVA,2021-01-23,57.41
Latvia,LVA,2021-01-24,57.41
Latvia,LVA,2021-01-25,57.41
Latvia,LVA,2021-01-26,57.41
Latvia,LVA,2021-01-27,57.41
Latvia,LVA,2021-01-28,57.41
Latvia,LVA,2021-01-29,57.41
Latvia,LVA,2021-01-30,57.41
Latvia,LVA,2021-01-31,57.41
Latvia,LVA,2021-02-01,57.41
Latvia,LVA,2021-02-02,57.41
Latvia,LVA,2021-02-03,57.41
Latvia,LVA,2021-02-04,57.41
Latvia,LVA,2021-02-05,57.41
Latvia,LVA,2021-02-06,57.41
Latvia,LVA,2021-02-07,57.41
Latvia,LVA,2021-02-08,53.7
Latvia,LVA,2021-02-09,53.7
Latvia,LVA,2021-02-10,53.7
Latvia,LVA,2021-02-11,56.48
Latvia,LVA,2021-02-12,56.48
Latvia,LVA,2021-02-13,56.48
Latvia,LVA,2021-02-14,56.48
Latvia,LVA,2021-02-15,56.48
Latvia,LVA,2021-02-16,56.48
Latvia,LVA,2021-02-17,56.48
Latvia,LVA,2021-02-18,56.48
Latvia,LVA,2021-02-19,56.48
Latvia,LVA,2021-02-20,56.48
Latvia,LVA,2021-02-21,56.48
Latvia,LVA,2021-02-22,56.48
Latvia,LVA,2021-02-23,56.48
Latvia,LVA,2021-02-24,56.48
Latvia,LVA,2021-02-25,56.48
Latvia,LVA,2021-02-26,56.48
Latvia,LVA,2021-02-27,56.48
Latvia,LVA,2021-02-28,56.48
Latvia,LVA,2021-03-01,56.48
Latvia,LVA,2021-03-02,56.48
Latvia,LVA,2021-03-03,56.48
Latvia,LVA,2021-03-04,56.48
Latvia,LVA,2021-03-05,56.48
Latvia,LVA,2021-03-06,56.48
Latvia,LVA,2021-03-07,56.48
Latvia,LVA,2021-03-08,56.48
Lebanon,LBN,2020-01-01,0
Lebanon,LBN,2020-01-02,0
Lebanon,LBN,2020-01-03,0
Lebanon,LBN,2020-01-04,0
Lebanon,LBN,2020-01-05,0
Lebanon,LBN,2020-01-06,0
Lebanon,LBN,2020-01-07,0
Lebanon,LBN,2020-01-08,0
Lebanon,LBN,2020-01-09,0
Lebanon,LBN,2020-01-10,0
Lebanon,LBN,2020-01-11,0
Lebanon,LBN,2020-01-12,0
Lebanon,LBN,2020-01-13,0
Lebanon,LBN,2020-01-14,0
Lebanon,LBN,2020-01-15,0
Lebanon,LBN,2020-01-16,0
Lebanon,LBN,2020-01-17,0
Lebanon,LBN,2020-01-18,0
Lebanon,LBN,2020-01-19,0
Lebanon,LBN,2020-01-20,0
Lebanon,LBN,2020-01-21,0
Lebanon,LBN,2020-01-22,0
Lebanon,LBN,2020-01-23,0
Lebanon,LBN,2020-01-24,0
Lebanon,LBN,2020-01-25,0
Lebanon,LBN,2020-01-26,0
Lebanon,LBN,2020-01-27,0
Lebanon,LBN,2020-01-28,0
Lebanon,LBN,2020-01-29,0
Lebanon,LBN,2020-01-30,0
Lebanon,LBN,2020-01-31,0
Lebanon,LBN,2020-02-01,0
Lebanon,LBN,2020-02-02,0
Lebanon,LBN,2020-02-03,0
Lebanon,LBN,2020-02-04,0
Lebanon,LBN,2020-02-05,0
Lebanon,LBN,2020-02-06,0
Lebanon,LBN,2020-02-07,0
Lebanon,LBN,2020-02-08,2.78
Lebanon,LBN,2020-02-09,2.78
Lebanon,LBN,2020-02-10,2.78
Lebanon,LBN,2020-02-11,2.78
Lebanon,LBN,2020-02-12,2.78
Lebanon,LBN,2020-02-13,2.78
Lebanon,LBN,2020-02-14,2.78
Lebanon,LBN,2020-02-15,2.78
Lebanon,LBN,2020-02-16,2.78
Lebanon,LBN,2020-02-17,2.78
Lebanon,LBN,2020-02-18,2.78
Lebanon,LBN,2020-02-19,2.78
Lebanon,LBN,2020-02-20,2.78
Lebanon,LBN,2020-02-21,8.33
Lebanon,LBN,2020-02-22,8.33
Lebanon,LBN,2020-02-23,8.33
Lebanon,LBN,2020-02-24,8.33
Lebanon,LBN,2020-02-25,8.33
Lebanon,LBN,2020-02-26,8.33
Lebanon,LBN,2020-02-27,8.33
Lebanon,LBN,2020-02-28,13.89
Lebanon,LBN,2020-02-29,25
Lebanon,LBN,2020-03-01,25
Lebanon,LBN,2020-03-02,25
Lebanon,LBN,2020-03-03,25
Lebanon,LBN,2020-03-04,25
Lebanon,LBN,2020-03-05,25
Lebanon,LBN,2020-03-06,37.96
Lebanon,LBN,2020-03-07,37.96
Lebanon,LBN,2020-03-08,37.96
Lebanon,LBN,2020-03-09,37.96
Lebanon,LBN,2020-03-10,37.96
Lebanon,LBN,2020-03-11,37.96
Lebanon,LBN,2020-03-12,37.96
Lebanon,LBN,2020-03-13,37.96
Lebanon,LBN,2020-03-14,37.96
Lebanon,LBN,2020-03-15,37.96
Lebanon,LBN,2020-03-16,52.78
Lebanon,LBN,2020-03-17,52.78
Lebanon,LBN,2020-03-18,85.19
Lebanon,LBN,2020-03-19,85.19
Lebanon,LBN,2020-03-20,85.19
Lebanon,LBN,2020-03-21,85.19
Lebanon,LBN,2020-03-22,85.19
Lebanon,LBN,2020-03-23,85.19
Lebanon,LBN,2020-03-24,85.19
Lebanon,LBN,2020-03-25,85.19
Lebanon,LBN,2020-03-26,85.19
Lebanon,LBN,2020-03-27,85.19
Lebanon,LBN,2020-03-28,85.19
Lebanon,LBN,2020-03-29,85.19
Lebanon,LBN,2020-03-30,85.19
Lebanon,LBN,2020-03-31,85.19
Lebanon,LBN,2020-04-01,85.19
Lebanon,LBN,2020-04-02,85.19
Lebanon,LBN,2020-04-03,85.19
Lebanon,LBN,2020-04-04,85.19
Lebanon,LBN,2020-04-05,85.19
Lebanon,LBN,2020-04-06,85.19
Lebanon,LBN,2020-04-07,85.19
Lebanon,LBN,2020-04-08,85.19
Lebanon,LBN,2020-04-09,85.19
Lebanon,LBN,2020-04-10,85.19
Lebanon,LBN,2020-04-11,85.19
Lebanon,LBN,2020-04-12,85.19
Lebanon,LBN,2020-04-13,85.19
Lebanon,LBN,2020-04-14,85.19
Lebanon,LBN,2020-04-15,85.19
Lebanon,LBN,2020-04-16,85.19
Lebanon,LBN,2020-04-17,85.19
Lebanon,LBN,2020-04-18,85.19
Lebanon,LBN,2020-04-19,85.19
Lebanon,LBN,2020-04-20,85.19
Lebanon,LBN,2020-04-21,85.19
Lebanon,LBN,2020-04-22,85.19
Lebanon,LBN,2020-04-23,85.19
Lebanon,LBN,2020-04-24,85.19
Lebanon,LBN,2020-04-25,85.19
Lebanon,LBN,2020-04-26,85.19
Lebanon,LBN,2020-04-27,81.48
Lebanon,LBN,2020-04-28,81.48
Lebanon,LBN,2020-04-29,81.48
Lebanon,LBN,2020-04-30,81.48
Lebanon,LBN,2020-05-01,81.48
Lebanon,LBN,2020-05-02,81.48
Lebanon,LBN,2020-05-03,77.78
Lebanon,LBN,2020-05-04,77.78
Lebanon,LBN,2020-05-05,77.78
Lebanon,LBN,2020-05-06,77.78
Lebanon,LBN,2020-05-07,77.78
Lebanon,LBN,2020-05-08,77.78
Lebanon,LBN,2020-05-09,77.78
Lebanon,LBN,2020-05-10,77.78
Lebanon,LBN,2020-05-11,77.78
Lebanon,LBN,2020-05-12,77.78
Lebanon,LBN,2020-05-13,85.19
Lebanon,LBN,2020-05-14,85.19
Lebanon,LBN,2020-05-15,85.19
Lebanon,LBN,2020-05-16,85.19
Lebanon,LBN,2020-05-17,85.19
Lebanon,LBN,2020-05-18,77.78
Lebanon,LBN,2020-05-19,77.78
Lebanon,LBN,2020-05-20,77.78
Lebanon,LBN,2020-05-21,77.78
Lebanon,LBN,2020-05-22,77.78
Lebanon,LBN,2020-05-23,77.78
Lebanon,LBN,2020-05-24,77.78
Lebanon,LBN,2020-05-25,77.78
Lebanon,LBN,2020-05-26,77.78
Lebanon,LBN,2020-05-27,77.78
Lebanon,LBN,2020-05-28,77.78
Lebanon,LBN,2020-05-29,74.07
Lebanon,LBN,2020-05-30,74.07
Lebanon,LBN,2020-05-31,74.07
Lebanon,LBN,2020-06-01,74.07
Lebanon,LBN,2020-06-02,74.07
Lebanon,LBN,2020-06-03,74.07
Lebanon,LBN,2020-06-04,74.07
Lebanon,LBN,2020-06-05,74.07
Lebanon,LBN,2020-06-06,74.07
Lebanon,LBN,2020-06-07,74.07
Lebanon,LBN,2020-06-08,74.07
Lebanon,LBN,2020-06-09,74.07
Lebanon,LBN,2020-06-10,74.07
Lebanon,LBN,2020-06-11,74.07
Lebanon,LBN,2020-06-12,74.07
Lebanon,LBN,2020-06-13,74.07
Lebanon,LBN,2020-06-14,74.07
Lebanon,LBN,2020-06-15,74.07
Lebanon,LBN,2020-06-16,74.07
Lebanon,LBN,2020-06-17,74.07
Lebanon,LBN,2020-06-18,74.07
Lebanon,LBN,2020-06-19,74.07
Lebanon,LBN,2020-06-20,74.07
Lebanon,LBN,2020-06-21,74.07
Lebanon,LBN,2020-06-22,74.07
Lebanon,LBN,2020-06-23,74.07
Lebanon,LBN,2020-06-24,74.07
Lebanon,LBN,2020-06-25,74.07
Lebanon,LBN,2020-06-26,74.07
Lebanon,LBN,2020-06-27,74.07
Lebanon,LBN,2020-06-28,74.07
Lebanon,LBN,2020-06-29,74.07
Lebanon,LBN,2020-06-30,74.07
Lebanon,LBN,2020-07-01,68.52
Lebanon,LBN,2020-07-02,68.52
Lebanon,LBN,2020-07-03,68.52
Lebanon,LBN,2020-07-04,68.52
Lebanon,LBN,2020-07-05,68.52
Lebanon,LBN,2020-07-06,68.52
Lebanon,LBN,2020-07-07,68.52
Lebanon,LBN,2020-07-08,68.52
Lebanon,LBN,2020-07-09,68.52
Lebanon,LBN,2020-07-10,68.52
Lebanon,LBN,2020-07-11,68.52
Lebanon,LBN,2020-07-12,68.52
Lebanon,LBN,2020-07-13,68.52
Lebanon,LBN,2020-07-14,68.52
Lebanon,LBN,2020-07-15,68.52
Lebanon,LBN,2020-07-16,68.52
Lebanon,LBN,2020-07-17,68.52
Lebanon,LBN,2020-07-18,68.52
Lebanon,LBN,2020-07-19,68.52
Lebanon,LBN,2020-07-20,42.59
Lebanon,LBN,2020-07-21,42.59
Lebanon,LBN,2020-07-22,42.59
Lebanon,LBN,2020-07-23,42.59
Lebanon,LBN,2020-07-24,41.67
Lebanon,LBN,2020-07-25,41.67
Lebanon,LBN,2020-07-26,41.67
Lebanon,LBN,2020-07-27,41.67
Lebanon,LBN,2020-07-28,41.67
Lebanon,LBN,2020-07-29,41.67
Lebanon,LBN,2020-07-30,61.11
Lebanon,LBN,2020-07-31,61.11
Lebanon,LBN,2020-08-01,61.11
Lebanon,LBN,2020-08-02,61.11
Lebanon,LBN,2020-08-03,61.11
Lebanon,LBN,2020-08-04,57.41
Lebanon,LBN,2020-08-05,57.41
Lebanon,LBN,2020-08-06,61.11
Lebanon,LBN,2020-08-07,61.11
Lebanon,LBN,2020-08-08,61.11
Lebanon,LBN,2020-08-09,61.11
Lebanon,LBN,2020-08-10,61.11
Lebanon,LBN,2020-08-11,24.07
Lebanon,LBN,2020-08-12,24.07
Lebanon,LBN,2020-08-13,24.07
Lebanon,LBN,2020-08-14,24.07
Lebanon,LBN,2020-08-15,24.07
Lebanon,LBN,2020-08-16,24.07
Lebanon,LBN,2020-08-17,24.07
Lebanon,LBN,2020-08-18,24.07
Lebanon,LBN,2020-08-19,24.07
Lebanon,LBN,2020-08-20,24.07
Lebanon,LBN,2020-08-21,64.81
Lebanon,LBN,2020-08-22,64.81
Lebanon,LBN,2020-08-23,64.81
Lebanon,LBN,2020-08-24,64.81
Lebanon,LBN,2020-08-25,64.81
Lebanon,LBN,2020-08-26,64.81
Lebanon,LBN,2020-08-27,64.81
Lebanon,LBN,2020-08-28,64.81
Lebanon,LBN,2020-08-29,64.81
Lebanon,LBN,2020-08-30,64.81
Lebanon,LBN,2020-08-31,64.81
Lebanon,LBN,2020-09-01,64.81
Lebanon,LBN,2020-09-02,64.81
Lebanon,LBN,2020-09-03,64.81
Lebanon,LBN,2020-09-04,64.81
Lebanon,LBN,2020-09-05,64.81
Lebanon,LBN,2020-09-06,64.81
Lebanon,LBN,2020-09-07,64.81
Lebanon,LBN,2020-09-08,61.11
Lebanon,LBN,2020-09-09,61.11
Lebanon,LBN,2020-09-10,61.11
Lebanon,LBN,2020-09-11,61.11
Lebanon,LBN,2020-09-12,61.11
Lebanon,LBN,2020-09-13,61.11
Lebanon,LBN,2020-09-14,61.11
Lebanon,LBN,2020-09-15,61.11
Lebanon,LBN,2020-09-16,61.11
Lebanon,LBN,2020-09-17,61.11
Lebanon,LBN,2020-09-18,61.11
Lebanon,LBN,2020-09-19,61.11
Lebanon,LBN,2020-09-20,61.11
Lebanon,LBN,2020-09-21,61.11
Lebanon,LBN,2020-09-22,61.11
Lebanon,LBN,2020-09-23,61.11
Lebanon,LBN,2020-09-24,61.11
Lebanon,LBN,2020-09-25,61.11
Lebanon,LBN,2020-09-26,61.11
Lebanon,LBN,2020-09-27,61.11
Lebanon,LBN,2020-09-28,59.26
Lebanon,LBN,2020-09-29,59.26
Lebanon,LBN,2020-09-30,59.26
Lebanon,LBN,2020-10-01,59.26
Lebanon,LBN,2020-10-02,59.26
Lebanon,LBN,2020-10-03,59.26
Lebanon,LBN,2020-10-04,59.26
Lebanon,LBN,2020-10-05,59.26
Lebanon,LBN,2020-10-06,59.26
Lebanon,LBN,2020-10-07,59.26
Lebanon,LBN,2020-10-08,59.26
Lebanon,LBN,2020-10-09,59.26
Lebanon,LBN,2020-10-10,59.26
Lebanon,LBN,2020-10-11,59.26
Lebanon,LBN,2020-10-12,59.26
Lebanon,LBN,2020-10-13,59.26
Lebanon,LBN,2020-10-14,59.26
Lebanon,LBN,2020-10-15,59.26
Lebanon,LBN,2020-10-16,59.26
Lebanon,LBN,2020-10-17,59.26
Lebanon,LBN,2020-10-18,59.26
Lebanon,LBN,2020-10-19,59.26
Lebanon,LBN,2020-10-20,59.26
Lebanon,LBN,2020-10-21,59.26
Lebanon,LBN,2020-10-22,59.26
Lebanon,LBN,2020-10-23,59.26
Lebanon,LBN,2020-10-24,59.26
Lebanon,LBN,2020-10-25,59.26
Lebanon,LBN,2020-10-26,59.26
Lebanon,LBN,2020-10-27,59.26
Lebanon,LBN,2020-10-28,57.41
Lebanon,LBN,2020-10-29,57.41
Lebanon,LBN,2020-10-30,57.41
Lebanon,LBN,2020-10-31,57.41
Lebanon,LBN,2020-11-01,57.41
Lebanon,LBN,2020-11-02,57.41
Lebanon,LBN,2020-11-03,57.41
Lebanon,LBN,2020-11-04,57.41
Lebanon,LBN,2020-11-05,57.41
Lebanon,LBN,2020-11-06,57.41
Lebanon,LBN,2020-11-07,57.41
Lebanon,LBN,2020-11-08,57.41
Lebanon,LBN,2020-11-09,57.41
Lebanon,LBN,2020-11-10,57.41
Lebanon,LBN,2020-11-11,57.41
Lebanon,LBN,2020-11-12,57.41
Lebanon,LBN,2020-11-13,57.41
Lebanon,LBN,2020-11-14,87.04
Lebanon,LBN,2020-11-15,87.04
Lebanon,LBN,2020-11-16,87.04
Lebanon,LBN,2020-11-17,87.04
Lebanon,LBN,2020-11-18,87.04
Lebanon,LBN,2020-11-19,87.04
Lebanon,LBN,2020-11-20,87.04
Lebanon,LBN,2020-11-21,87.04
Lebanon,LBN,2020-11-22,87.04
Lebanon,LBN,2020-11-23,87.04
Lebanon,LBN,2020-11-24,87.04
Lebanon,LBN,2020-11-25,87.04
Lebanon,LBN,2020-11-26,87.04
Lebanon,LBN,2020-11-27,87.04
Lebanon,LBN,2020-11-28,87.04
Lebanon,LBN,2020-11-29,87.04
Lebanon,LBN,2020-11-30,87.04
Lebanon,LBN,2020-12-01,87.04
Lebanon,LBN,2020-12-02,87.04
Lebanon,LBN,2020-12-03,87.04
Lebanon,LBN,2020-12-04,87.04
Lebanon,LBN,2020-12-05,87.04
Lebanon,LBN,2020-12-06,87.04
Lebanon,LBN,2020-12-07,87.04
Lebanon,LBN,2020-12-08,87.04
Lebanon,LBN,2020-12-09,87.04
Lebanon,LBN,2020-12-10,87.04
Lebanon,LBN,2020-12-11,87.04
Lebanon,LBN,2020-12-12,87.04
Lebanon,LBN,2020-12-13,87.04
Lebanon,LBN,2020-12-14,87.04
Lebanon,LBN,2020-12-15,87.04
Lebanon,LBN,2020-12-16,87.04
Lebanon,LBN,2020-12-17,87.04
Lebanon,LBN,2020-12-18,87.04
Lebanon,LBN,2020-12-19,87.04
Lebanon,LBN,2020-12-20,87.04
Lebanon,LBN,2020-12-21,87.04
Lebanon,LBN,2020-12-22,87.04
Lebanon,LBN,2020-12-23,87.04
Lebanon,LBN,2020-12-24,87.04
Lebanon,LBN,2020-12-25,87.04
Lebanon,LBN,2020-12-26,87.04
Lebanon,LBN,2020-12-27,87.04
Lebanon,LBN,2020-12-28,87.04
Lebanon,LBN,2020-12-29,87.04
Lebanon,LBN,2020-12-30,87.04
Lebanon,LBN,2020-12-31,87.04
Lebanon,LBN,2021-01-01,87.04
Lebanon,LBN,2021-01-02,87.04
Lebanon,LBN,2021-01-03,87.04
Lebanon,LBN,2021-01-04,87.04
Lebanon,LBN,2021-01-05,78.7
Lebanon,LBN,2021-01-06,78.7
Lebanon,LBN,2021-01-07,87.04
Lebanon,LBN,2021-01-08,87.04
Lebanon,LBN,2021-01-09,87.04
Lebanon,LBN,2021-01-10,87.04
Lebanon,LBN,2021-01-11,87.04
Lebanon,LBN,2021-01-12,87.04
Lebanon,LBN,2021-01-13,87.04
Lebanon,LBN,2021-01-14,90.74
Lebanon,LBN,2021-01-15,90.74
Lebanon,LBN,2021-01-16,90.74
Lebanon,LBN,2021-01-17,90.74
Lebanon,LBN,2021-01-18,90.74
Lebanon,LBN,2021-01-19,90.74
Lebanon,LBN,2021-01-20,90.74
Lebanon,LBN,2021-01-21,90.74
Lebanon,LBN,2021-01-22,90.74
Lebanon,LBN,2021-01-23,90.74
Lebanon,LBN,2021-01-24,90.74
Lebanon,LBN,2021-01-25,90.74
Lebanon,LBN,2021-01-26,90.74
Lebanon,LBN,2021-01-27,90.74
Lebanon,LBN,2021-01-28,90.74
Lebanon,LBN,2021-01-29,90.74
Lebanon,LBN,2021-01-30,90.74
Lebanon,LBN,2021-01-31,90.74
Lebanon,LBN,2021-02-01,90.74
Lebanon,LBN,2021-02-02,90.74
Lebanon,LBN,2021-02-03,90.74
Lebanon,LBN,2021-02-04,90.74
Lebanon,LBN,2021-02-05,90.74
Lebanon,LBN,2021-02-06,90.74
Lebanon,LBN,2021-02-07,90.74
Lebanon,LBN,2021-02-08,87.04
Lebanon,LBN,2021-02-09,92.59
Lebanon,LBN,2021-02-10,92.59
Lebanon,LBN,2021-02-11,92.59
Lebanon,LBN,2021-02-12,92.59
Lebanon,LBN,2021-02-13,92.59
Lebanon,LBN,2021-02-14,92.59
Lebanon,LBN,2021-02-15,92.59
Lebanon,LBN,2021-02-16,92.59
Lebanon,LBN,2021-02-17,92.59
Lebanon,LBN,2021-02-18,92.59
Lebanon,LBN,2021-02-19,92.59
Lebanon,LBN,2021-02-20,92.59
Lebanon,LBN,2021-02-21,92.59
Lebanon,LBN,2021-02-22,92.59
Lebanon,LBN,2021-02-23,92.59
Lebanon,LBN,2021-02-24,92.59
Lebanon,LBN,2021-02-25,92.59
Lebanon,LBN,2021-02-26,92.59
Lebanon,LBN,2021-02-27,92.59
Lebanon,LBN,2021-02-28,92.59
Lebanon,LBN,2021-03-01,92.59
Lebanon,LBN,2021-03-02,92.59
Lebanon,LBN,2021-03-03,92.59
Lebanon,LBN,2021-03-04,92.59
Lebanon,LBN,2021-03-05,92.59
Lebanon,LBN,2021-03-06,92.59
Lebanon,LBN,2021-03-07,92.59
Lebanon,LBN,2021-03-08,92.59
Lesotho,LSO,2020-01-01,0
Lesotho,LSO,2020-01-02,0
Lesotho,LSO,2020-01-03,0
Lesotho,LSO,2020-01-04,0
Lesotho,LSO,2020-01-05,0
Lesotho,LSO,2020-01-06,0
Lesotho,LSO,2020-01-07,0
Lesotho,LSO,2020-01-08,0
Lesotho,LSO,2020-01-09,0
Lesotho,LSO,2020-01-10,0
Lesotho,LSO,2020-01-11,0
Lesotho,LSO,2020-01-12,0
Lesotho,LSO,2020-01-13,0
Lesotho,LSO,2020-01-14,0
Lesotho,LSO,2020-01-15,0
Lesotho,LSO,2020-01-16,0
Lesotho,LSO,2020-01-17,0
Lesotho,LSO,2020-01-18,0
Lesotho,LSO,2020-01-19,0
Lesotho,LSO,2020-01-20,0
Lesotho,LSO,2020-01-21,0
Lesotho,LSO,2020-01-22,0
Lesotho,LSO,2020-01-23,0
Lesotho,LSO,2020-01-24,0
Lesotho,LSO,2020-01-25,0
Lesotho,LSO,2020-01-26,0
Lesotho,LSO,2020-01-27,0
Lesotho,LSO,2020-01-28,0
Lesotho,LSO,2020-01-29,0
Lesotho,LSO,2020-01-30,0
Lesotho,LSO,2020-01-31,0
Lesotho,LSO,2020-02-01,0
Lesotho,LSO,2020-02-02,0
Lesotho,LSO,2020-02-03,0
Lesotho,LSO,2020-02-04,0
Lesotho,LSO,2020-02-05,0
Lesotho,LSO,2020-02-06,0
Lesotho,LSO,2020-02-07,0
Lesotho,LSO,2020-02-08,0
Lesotho,LSO,2020-02-09,0
Lesotho,LSO,2020-02-10,0
Lesotho,LSO,2020-02-11,0
Lesotho,LSO,2020-02-12,0
Lesotho,LSO,2020-02-13,0
Lesotho,LSO,2020-02-14,0
Lesotho,LSO,2020-02-15,0
Lesotho,LSO,2020-02-16,0
Lesotho,LSO,2020-02-17,0
Lesotho,LSO,2020-02-18,0
Lesotho,LSO,2020-02-19,0
Lesotho,LSO,2020-02-20,0
Lesotho,LSO,2020-02-21,0
Lesotho,LSO,2020-02-22,0
Lesotho,LSO,2020-02-23,0
Lesotho,LSO,2020-02-24,0
Lesotho,LSO,2020-02-25,0
Lesotho,LSO,2020-02-26,0
Lesotho,LSO,2020-02-27,0
Lesotho,LSO,2020-02-28,0
Lesotho,LSO,2020-02-29,0
Lesotho,LSO,2020-03-01,0
Lesotho,LSO,2020-03-02,0
Lesotho,LSO,2020-03-03,0
Lesotho,LSO,2020-03-04,5.56
Lesotho,LSO,2020-03-05,5.56
Lesotho,LSO,2020-03-06,11.11
Lesotho,LSO,2020-03-07,11.11
Lesotho,LSO,2020-03-08,11.11
Lesotho,LSO,2020-03-09,11.11
Lesotho,LSO,2020-03-10,11.11
Lesotho,LSO,2020-03-11,11.11
Lesotho,LSO,2020-03-12,11.11
Lesotho,LSO,2020-03-13,11.11
Lesotho,LSO,2020-03-14,11.11
Lesotho,LSO,2020-03-15,11.11
Lesotho,LSO,2020-03-16,11.11
Lesotho,LSO,2020-03-17,11.11
Lesotho,LSO,2020-03-18,70.37
Lesotho,LSO,2020-03-19,75.93
Lesotho,LSO,2020-03-20,75.93
Lesotho,LSO,2020-03-21,75.93
Lesotho,LSO,2020-03-22,75.93
Lesotho,LSO,2020-03-23,75.93
Lesotho,LSO,2020-03-24,75.93
Lesotho,LSO,2020-03-25,75.93
Lesotho,LSO,2020-03-26,75.93
Lesotho,LSO,2020-03-27,75.93
Lesotho,LSO,2020-03-28,75.93
Lesotho,LSO,2020-03-29,90.74
Lesotho,LSO,2020-03-30,90.74
Lesotho,LSO,2020-03-31,90.74
Lesotho,LSO,2020-04-01,90.74
Lesotho,LSO,2020-04-02,90.74
Lesotho,LSO,2020-04-03,90.74
Lesotho,LSO,2020-04-04,90.74
Lesotho,LSO,2020-04-05,90.74
Lesotho,LSO,2020-04-06,90.74
Lesotho,LSO,2020-04-07,90.74
Lesotho,LSO,2020-04-08,90.74
Lesotho,LSO,2020-04-09,90.74
Lesotho,LSO,2020-04-10,90.74
Lesotho,LSO,2020-04-11,90.74
Lesotho,LSO,2020-04-12,90.74
Lesotho,LSO,2020-04-13,90.74
Lesotho,LSO,2020-04-14,90.74
Lesotho,LSO,2020-04-15,90.74
Lesotho,LSO,2020-04-16,90.74
Lesotho,LSO,2020-04-17,90.74
Lesotho,LSO,2020-04-18,90.74
Lesotho,LSO,2020-04-19,90.74
Lesotho,LSO,2020-04-20,90.74
Lesotho,LSO,2020-04-21,90.74
Lesotho,LSO,2020-04-22,90.74
Lesotho,LSO,2020-04-23,90.74
Lesotho,LSO,2020-04-24,90.74
Lesotho,LSO,2020-04-25,90.74
Lesotho,LSO,2020-04-26,90.74
Lesotho,LSO,2020-04-27,90.74
Lesotho,LSO,2020-04-28,90.74
Lesotho,LSO,2020-04-29,90.74
Lesotho,LSO,2020-04-30,90.74
Lesotho,LSO,2020-05-01,90.74
Lesotho,LSO,2020-05-02,90.74
Lesotho,LSO,2020-05-03,90.74
Lesotho,LSO,2020-05-04,90.74
Lesotho,LSO,2020-05-05,90.74
Lesotho,LSO,2020-05-06,62.04
Lesotho,LSO,2020-05-07,62.04
Lesotho,LSO,2020-05-08,62.04
Lesotho,LSO,2020-05-09,62.04
Lesotho,LSO,2020-05-10,62.04
Lesotho,LSO,2020-05-11,62.04
Lesotho,LSO,2020-05-12,62.04
Lesotho,LSO,2020-05-13,62.04
Lesotho,LSO,2020-05-14,62.04
Lesotho,LSO,2020-05-15,62.04
Lesotho,LSO,2020-05-16,62.04
Lesotho,LSO,2020-05-17,62.04
Lesotho,LSO,2020-05-18,62.04
Lesotho,LSO,2020-05-19,62.04
Lesotho,LSO,2020-05-20,62.04
Lesotho,LSO,2020-05-21,62.04
Lesotho,LSO,2020-05-22,62.04
Lesotho,LSO,2020-05-23,62.04
Lesotho,LSO,2020-05-24,62.04
Lesotho,LSO,2020-05-25,62.04
Lesotho,LSO,2020-05-26,62.04
Lesotho,LSO,2020-05-27,62.04
Lesotho,LSO,2020-05-28,62.04
Lesotho,LSO,2020-05-29,62.04
Lesotho,LSO,2020-05-30,62.04
Lesotho,LSO,2020-05-31,62.04
Lesotho,LSO,2020-06-01,62.04
Lesotho,LSO,2020-06-02,62.04
Lesotho,LSO,2020-06-03,62.04
Lesotho,LSO,2020-06-04,62.04
Lesotho,LSO,2020-06-05,62.04
Lesotho,LSO,2020-06-06,62.04
Lesotho,LSO,2020-06-07,62.04
Lesotho,LSO,2020-06-08,62.04
Lesotho,LSO,2020-06-09,62.04
Lesotho,LSO,2020-06-10,62.04
Lesotho,LSO,2020-06-11,62.04
Lesotho,LSO,2020-06-12,62.04
Lesotho,LSO,2020-06-13,62.04
Lesotho,LSO,2020-06-14,62.04
Lesotho,LSO,2020-06-15,62.04
Lesotho,LSO,2020-06-16,62.04
Lesotho,LSO,2020-06-17,62.04
Lesotho,LSO,2020-06-18,62.04
Lesotho,LSO,2020-06-19,62.04
Lesotho,LSO,2020-06-20,62.04
Lesotho,LSO,2020-06-21,54.63
Lesotho,LSO,2020-06-22,54.63
Lesotho,LSO,2020-06-23,54.63
Lesotho,LSO,2020-06-24,54.63
Lesotho,LSO,2020-06-25,54.63
Lesotho,LSO,2020-06-26,54.63
Lesotho,LSO,2020-06-27,54.63
Lesotho,LSO,2020-06-28,54.63
Lesotho,LSO,2020-06-29,54.63
Lesotho,LSO,2020-06-30,54.63
Lesotho,LSO,2020-07-01,54.63
Lesotho,LSO,2020-07-02,54.63
Lesotho,LSO,2020-07-03,54.63
Lesotho,LSO,2020-07-04,54.63
Lesotho,LSO,2020-07-05,54.63
Lesotho,LSO,2020-07-06,54.63
Lesotho,LSO,2020-07-07,54.63
Lesotho,LSO,2020-07-08,54.63
Lesotho,LSO,2020-07-09,54.63
Lesotho,LSO,2020-07-10,54.63
Lesotho,LSO,2020-07-11,54.63
Lesotho,LSO,2020-07-12,54.63
Lesotho,LSO,2020-07-13,54.63
Lesotho,LSO,2020-07-14,54.63
Lesotho,LSO,2020-07-15,58.33
Lesotho,LSO,2020-07-16,58.33
Lesotho,LSO,2020-07-17,58.33
Lesotho,LSO,2020-07-18,58.33
Lesotho,LSO,2020-07-19,71.3
Lesotho,LSO,2020-07-20,71.3
Lesotho,LSO,2020-07-21,71.3
Lesotho,LSO,2020-07-22,71.3
Lesotho,LSO,2020-07-23,71.3
Lesotho,LSO,2020-07-24,71.3
Lesotho,LSO,2020-07-25,71.3
Lesotho,LSO,2020-07-26,71.3
Lesotho,LSO,2020-07-27,71.3
Lesotho,LSO,2020-07-28,71.3
Lesotho,LSO,2020-07-29,71.3
Lesotho,LSO,2020-07-30,71.3
Lesotho,LSO,2020-07-31,71.3
Lesotho,LSO,2020-08-01,71.3
Lesotho,LSO,2020-08-02,71.3
Lesotho,LSO,2020-08-03,71.3
Lesotho,LSO,2020-08-04,71.3
Lesotho,LSO,2020-08-05,71.3
Lesotho,LSO,2020-08-06,71.3
Lesotho,LSO,2020-08-07,71.3
Lesotho,LSO,2020-08-08,71.3
Lesotho,LSO,2020-08-09,71.3
Lesotho,LSO,2020-08-10,71.3
Lesotho,LSO,2020-08-11,71.3
Lesotho,LSO,2020-08-12,71.3
Lesotho,LSO,2020-08-13,71.3
Lesotho,LSO,2020-08-14,71.3
Lesotho,LSO,2020-08-15,71.3
Lesotho,LSO,2020-08-16,71.3
Lesotho,LSO,2020-08-17,71.3
Lesotho,LSO,2020-08-18,71.3
Lesotho,LSO,2020-08-19,71.3
Lesotho,LSO,2020-08-20,71.3
Lesotho,LSO,2020-08-21,71.3
Lesotho,LSO,2020-08-22,71.3
Lesotho,LSO,2020-08-23,71.3
Lesotho,LSO,2020-08-24,71.3
Lesotho,LSO,2020-08-25,71.3
Lesotho,LSO,2020-08-26,71.3
Lesotho,LSO,2020-08-27,71.3
Lesotho,LSO,2020-08-28,71.3
Lesotho,LSO,2020-08-29,71.3
Lesotho,LSO,2020-08-30,71.3
Lesotho,LSO,2020-08-31,71.3
Lesotho,LSO,2020-09-01,71.3
Lesotho,LSO,2020-09-02,71.3
Lesotho,LSO,2020-09-03,71.3
Lesotho,LSO,2020-09-04,71.3
Lesotho,LSO,2020-09-05,71.3
Lesotho,LSO,2020-09-06,71.3
Lesotho,LSO,2020-09-07,65.74
Lesotho,LSO,2020-09-08,65.74
Lesotho,LSO,2020-09-09,65.74
Lesotho,LSO,2020-09-10,65.74
Lesotho,LSO,2020-09-11,65.74
Lesotho,LSO,2020-09-12,65.74
Lesotho,LSO,2020-09-13,65.74
Lesotho,LSO,2020-09-14,65.74
Lesotho,LSO,2020-09-15,65.74
Lesotho,LSO,2020-09-16,65.74
Lesotho,LSO,2020-09-17,65.74
Lesotho,LSO,2020-09-18,65.74
Lesotho,LSO,2020-09-19,65.74
Lesotho,LSO,2020-09-20,65.74
Lesotho,LSO,2020-09-21,65.74
Lesotho,LSO,2020-09-22,59.26
Lesotho,LSO,2020-09-23,59.26
Lesotho,LSO,2020-09-24,59.26
Lesotho,LSO,2020-09-25,59.26
Lesotho,LSO,2020-09-26,59.26
Lesotho,LSO,2020-09-27,59.26
Lesotho,LSO,2020-09-28,59.26
Lesotho,LSO,2020-09-29,59.26
Lesotho,LSO,2020-09-30,59.26
Lesotho,LSO,2020-10-01,56.48
Lesotho,LSO,2020-10-02,50.93
Lesotho,LSO,2020-10-03,50.93
Lesotho,LSO,2020-10-04,50.93
Lesotho,LSO,2020-10-05,50.93
Lesotho,LSO,2020-10-06,47.22
Lesotho,LSO,2020-10-07,47.22
Lesotho,LSO,2020-10-08,47.22
Lesotho,LSO,2020-10-09,47.22
Lesotho,LSO,2020-10-10,47.22
Lesotho,LSO,2020-10-11,47.22
Lesotho,LSO,2020-10-12,47.22
Lesotho,LSO,2020-10-13,47.22
Lesotho,LSO,2020-10-14,47.22
Lesotho,LSO,2020-10-15,47.22
Lesotho,LSO,2020-10-16,47.22
Lesotho,LSO,2020-10-17,47.22
Lesotho,LSO,2020-10-18,47.22
Lesotho,LSO,2020-10-19,47.22
Lesotho,LSO,2020-10-20,47.22
Lesotho,LSO,2020-10-21,47.22
Lesotho,LSO,2020-10-22,47.22
Lesotho,LSO,2020-10-23,47.22
Lesotho,LSO,2020-10-24,47.22
Lesotho,LSO,2020-10-25,47.22
Lesotho,LSO,2020-10-26,47.22
Lesotho,LSO,2020-10-27,47.22
Lesotho,LSO,2020-10-28,47.22
Lesotho,LSO,2020-10-29,47.22
Lesotho,LSO,2020-10-30,47.22
Lesotho,LSO,2020-10-31,47.22
Lesotho,LSO,2020-11-01,47.22
Lesotho,LSO,2020-11-02,47.22
Lesotho,LSO,2020-11-03,47.22
Lesotho,LSO,2020-11-04,47.22
Lesotho,LSO,2020-11-05,47.22
Lesotho,LSO,2020-11-06,47.22
Lesotho,LSO,2020-11-07,47.22
Lesotho,LSO,2020-11-08,47.22
Lesotho,LSO,2020-11-09,47.22
Lesotho,LSO,2020-11-10,47.22
Lesotho,LSO,2020-11-11,47.22
Lesotho,LSO,2020-11-12,47.22
Lesotho,LSO,2020-11-13,47.22
Lesotho,LSO,2020-11-14,47.22
Lesotho,LSO,2020-11-15,47.22
Lesotho,LSO,2020-11-16,47.22
Lesotho,LSO,2020-11-17,47.22
Lesotho,LSO,2020-11-18,47.22
Lesotho,LSO,2020-11-19,47.22
Lesotho,LSO,2020-11-20,47.22
Lesotho,LSO,2020-11-21,47.22
Lesotho,LSO,2020-11-22,47.22
Lesotho,LSO,2020-11-23,47.22
Lesotho,LSO,2020-11-24,47.22
Lesotho,LSO,2020-11-25,47.22
Lesotho,LSO,2020-11-26,47.22
Lesotho,LSO,2020-11-27,47.22
Lesotho,LSO,2020-11-28,47.22
Lesotho,LSO,2020-11-29,47.22
Lesotho,LSO,2020-11-30,47.22
Lesotho,LSO,2020-12-01,36.11
Lesotho,LSO,2020-12-02,36.11
Lesotho,LSO,2020-12-03,36.11
Lesotho,LSO,2020-12-04,36.11
Lesotho,LSO,2020-12-05,36.11
Lesotho,LSO,2020-12-06,36.11
Lesotho,LSO,2020-12-07,36.11
Lesotho,LSO,2020-12-08,36.11
Lesotho,LSO,2020-12-09,36.11
Lesotho,LSO,2020-12-10,36.11
Lesotho,LSO,2020-12-11,36.11
Lesotho,LSO,2020-12-12,36.11
Lesotho,LSO,2020-12-13,36.11
Lesotho,LSO,2020-12-14,36.11
Lesotho,LSO,2020-12-15,36.11
Lesotho,LSO,2020-12-16,36.11
Lesotho,LSO,2020-12-17,36.11
Lesotho,LSO,2020-12-18,36.11
Lesotho,LSO,2020-12-19,36.11
Lesotho,LSO,2020-12-20,36.11
Lesotho,LSO,2020-12-21,36.11
Lesotho,LSO,2020-12-22,36.11
Lesotho,LSO,2020-12-23,36.11
Lesotho,LSO,2020-12-24,36.11
Lesotho,LSO,2020-12-25,36.11
Lesotho,LSO,2020-12-26,36.11
Lesotho,LSO,2020-12-27,36.11
Lesotho,LSO,2020-12-28,36.11
Lesotho,LSO,2020-12-29,36.11
Lesotho,LSO,2020-12-30,36.11
Lesotho,LSO,2020-12-31,36.11
Lesotho,LSO,2021-01-01,36.11
Lesotho,LSO,2021-01-02,36.11
Lesotho,LSO,2021-01-03,36.11
Lesotho,LSO,2021-01-04,42.59
Lesotho,LSO,2021-01-05,42.59
Lesotho,LSO,2021-01-06,70.37
Lesotho,LSO,2021-01-07,70.37
Lesotho,LSO,2021-01-08,70.37
Lesotho,LSO,2021-01-09,70.37
Lesotho,LSO,2021-01-10,70.37
Lesotho,LSO,2021-01-11,70.37
Lesotho,LSO,2021-01-12,81.48
Lesotho,LSO,2021-01-13,81.48
Lesotho,LSO,2021-01-14,81.48
Lesotho,LSO,2021-01-15,81.48
Lesotho,LSO,2021-01-16,81.48
Lesotho,LSO,2021-01-17,81.48
Lesotho,LSO,2021-01-18,81.48
Lesotho,LSO,2021-01-19,81.48
Lesotho,LSO,2021-01-20,81.48
Lesotho,LSO,2021-01-21,81.48
Lesotho,LSO,2021-01-22,81.48
Lesotho,LSO,2021-01-23,81.48
Lesotho,LSO,2021-01-24,81.48
Lesotho,LSO,2021-01-25,81.48
Lesotho,LSO,2021-01-26,77.78
Lesotho,LSO,2021-01-27,77.78
Lesotho,LSO,2021-01-28,77.78
Lesotho,LSO,2021-01-29,77.78
Lesotho,LSO,2021-01-30,77.78
Lesotho,LSO,2021-01-31,77.78
Lesotho,LSO,2021-02-01,77.78
Lesotho,LSO,2021-02-02,74.07
Lesotho,LSO,2021-02-03,74.07
Lesotho,LSO,2021-02-04,74.07
Lesotho,LSO,2021-02-05,74.07
Lesotho,LSO,2021-02-06,74.07
Lesotho,LSO,2021-02-07,74.07
Lesotho,LSO,2021-02-08,85.19
Lesotho,LSO,2021-02-09,85.19
Lesotho,LSO,2021-02-10,85.19
Lesotho,LSO,2021-02-11,85.19
Lesotho,LSO,2021-02-12,85.19
Lesotho,LSO,2021-02-13,85.19
Lesotho,LSO,2021-02-14,85.19
Lesotho,LSO,2021-02-15,85.19
Lesotho,LSO,2021-02-16,85.19
Lesotho,LSO,2021-02-17,85.19
Lesotho,LSO,2021-02-18,85.19
Lesotho,LSO,2021-02-19,85.19
Lesotho,LSO,2021-02-20,85.19
Lesotho,LSO,2021-02-21,85.19
Lesotho,LSO,2021-02-22,85.19
Lesotho,LSO,2021-02-23,85.19
Lesotho,LSO,2021-02-24,85.19
Lesotho,LSO,2021-02-25,85.19
Lesotho,LSO,2021-02-26,85.19
Lesotho,LSO,2021-02-27,85.19
Lesotho,LSO,2021-02-28,85.19
Lesotho,LSO,2021-03-01,85.19
Liberia,LBR,2020-01-01,0
Liberia,LBR,2020-01-02,0
Liberia,LBR,2020-01-03,0
Liberia,LBR,2020-01-04,0
Liberia,LBR,2020-01-05,0
Liberia,LBR,2020-01-06,0
Liberia,LBR,2020-01-07,0
Liberia,LBR,2020-01-08,0
Liberia,LBR,2020-01-09,0
Liberia,LBR,2020-01-10,0
Liberia,LBR,2020-01-11,0
Liberia,LBR,2020-01-12,0
Liberia,LBR,2020-01-13,0
Liberia,LBR,2020-01-14,0
Liberia,LBR,2020-01-15,0
Liberia,LBR,2020-01-16,0
Liberia,LBR,2020-01-17,0
Liberia,LBR,2020-01-18,0
Liberia,LBR,2020-01-19,0
Liberia,LBR,2020-01-20,0
Liberia,LBR,2020-01-21,0
Liberia,LBR,2020-01-22,0
Liberia,LBR,2020-01-23,0
Liberia,LBR,2020-01-24,0
Liberia,LBR,2020-01-25,0
Liberia,LBR,2020-01-26,0
Liberia,LBR,2020-01-27,0
Liberia,LBR,2020-01-28,0
Liberia,LBR,2020-01-29,5.56
Liberia,LBR,2020-01-30,5.56
Liberia,LBR,2020-01-31,5.56
Liberia,LBR,2020-02-01,5.56
Liberia,LBR,2020-02-02,5.56
Liberia,LBR,2020-02-03,5.56
Liberia,LBR,2020-02-04,5.56
Liberia,LBR,2020-02-05,5.56
Liberia,LBR,2020-02-06,5.56
Liberia,LBR,2020-02-07,5.56
Liberia,LBR,2020-02-08,5.56
Liberia,LBR,2020-02-09,5.56
Liberia,LBR,2020-02-10,5.56
Liberia,LBR,2020-02-11,5.56
Liberia,LBR,2020-02-12,5.56
Liberia,LBR,2020-02-13,5.56
Liberia,LBR,2020-02-14,5.56
Liberia,LBR,2020-02-15,5.56
Liberia,LBR,2020-02-16,5.56
Liberia,LBR,2020-02-17,5.56
Liberia,LBR,2020-02-18,5.56
Liberia,LBR,2020-02-19,5.56
Liberia,LBR,2020-02-20,5.56
Liberia,LBR,2020-02-21,5.56
Liberia,LBR,2020-02-22,5.56
Liberia,LBR,2020-02-23,5.56
Liberia,LBR,2020-02-24,5.56
Liberia,LBR,2020-02-25,5.56
Liberia,LBR,2020-02-26,5.56
Liberia,LBR,2020-02-27,5.56
Liberia,LBR,2020-02-28,5.56
Liberia,LBR,2020-02-29,5.56
Liberia,LBR,2020-03-01,5.56
Liberia,LBR,2020-03-02,5.56
Liberia,LBR,2020-03-03,5.56
Liberia,LBR,2020-03-04,5.56
Liberia,LBR,2020-03-05,5.56
Liberia,LBR,2020-03-06,5.56
Liberia,LBR,2020-03-07,5.56
Liberia,LBR,2020-03-08,5.56
Liberia,LBR,2020-03-09,5.56
Liberia,LBR,2020-03-10,11.11
Liberia,LBR,2020-03-11,11.11
Liberia,LBR,2020-03-12,11.11
Liberia,LBR,2020-03-13,11.11
Liberia,LBR,2020-03-14,11.11
Liberia,LBR,2020-03-15,11.11
Liberia,LBR,2020-03-16,13.89
Liberia,LBR,2020-03-17,30.56
Liberia,LBR,2020-03-18,30.56
Liberia,LBR,2020-03-19,30.56
Liberia,LBR,2020-03-20,30.56
Liberia,LBR,2020-03-21,44.44
Liberia,LBR,2020-03-22,74.07
Liberia,LBR,2020-03-23,74.07
Liberia,LBR,2020-03-24,79.63
Liberia,LBR,2020-03-25,79.63
Liberia,LBR,2020-03-26,79.63
Liberia,LBR,2020-03-27,79.63
Liberia,LBR,2020-03-28,79.63
Liberia,LBR,2020-03-29,79.63
Liberia,LBR,2020-03-30,79.63
Liberia,LBR,2020-03-31,79.63
Liberia,LBR,2020-04-01,79.63
Liberia,LBR,2020-04-02,79.63
Liberia,LBR,2020-04-03,79.63
Liberia,LBR,2020-04-04,79.63
Liberia,LBR,2020-04-05,79.63
Liberia,LBR,2020-04-06,79.63
Liberia,LBR,2020-04-07,79.63
Liberia,LBR,2020-04-08,81.48
Liberia,LBR,2020-04-09,81.48
Liberia,LBR,2020-04-10,84.26
Liberia,LBR,2020-04-11,84.26
Liberia,LBR,2020-04-12,87.96
Liberia,LBR,2020-04-13,87.96
Liberia,LBR,2020-04-14,87.96
Liberia,LBR,2020-04-15,87.96
Liberia,LBR,2020-04-16,87.96
Liberia,LBR,2020-04-17,87.96
Liberia,LBR,2020-04-18,87.96
Liberia,LBR,2020-04-19,87.96
Liberia,LBR,2020-04-20,87.96
Liberia,LBR,2020-04-21,87.96
Liberia,LBR,2020-04-22,87.96
Liberia,LBR,2020-04-23,87.96
Liberia,LBR,2020-04-24,87.96
Liberia,LBR,2020-04-25,87.96
Liberia,LBR,2020-04-26,87.96
Liberia,LBR,2020-04-27,87.96
Liberia,LBR,2020-04-28,87.96
Liberia,LBR,2020-04-29,87.96
Liberia,LBR,2020-04-30,87.96
Liberia,LBR,2020-05-01,87.96
Liberia,LBR,2020-05-02,87.96
Liberia,LBR,2020-05-03,87.96
Liberia,LBR,2020-05-04,87.96
Liberia,LBR,2020-05-05,87.96
Liberia,LBR,2020-05-06,87.96
Liberia,LBR,2020-05-07,87.96
Liberia,LBR,2020-05-08,87.96
Liberia,LBR,2020-05-09,87.96
Liberia,LBR,2020-05-10,87.96
Liberia,LBR,2020-05-11,87.96
Liberia,LBR,2020-05-12,87.96
Liberia,LBR,2020-05-13,87.96
Liberia,LBR,2020-05-14,87.96
Liberia,LBR,2020-05-15,87.96
Liberia,LBR,2020-05-16,87.96
Liberia,LBR,2020-05-17,87.96
Liberia,LBR,2020-05-18,87.96
Liberia,LBR,2020-05-19,87.96
Liberia,LBR,2020-05-20,87.96
Liberia,LBR,2020-05-21,87.96
Liberia,LBR,2020-05-22,87.96
Liberia,LBR,2020-05-23,84.26
Liberia,LBR,2020-05-24,84.26
Liberia,LBR,2020-05-25,84.26
Liberia,LBR,2020-05-26,84.26
Liberia,LBR,2020-05-27,84.26
Liberia,LBR,2020-05-28,84.26
Liberia,LBR,2020-05-29,84.26
Liberia,LBR,2020-05-30,84.26
Liberia,LBR,2020-05-31,84.26
Liberia,LBR,2020-06-01,84.26
Liberia,LBR,2020-06-02,84.26
Liberia,LBR,2020-06-03,84.26
Liberia,LBR,2020-06-04,87.04
Liberia,LBR,2020-06-05,79.63
Liberia,LBR,2020-06-06,79.63
Liberia,LBR,2020-06-07,79.63
Liberia,LBR,2020-06-08,79.63
Liberia,LBR,2020-06-09,79.63
Liberia,LBR,2020-06-10,79.63
Liberia,LBR,2020-06-11,79.63
Liberia,LBR,2020-06-12,79.63
Liberia,LBR,2020-06-13,79.63
Liberia,LBR,2020-06-14,79.63
Liberia,LBR,2020-06-15,79.63
Liberia,LBR,2020-06-16,79.63
Liberia,LBR,2020-06-17,79.63
Liberia,LBR,2020-06-18,79.63
Liberia,LBR,2020-06-19,79.63
Liberia,LBR,2020-06-20,79.63
Liberia,LBR,2020-06-21,79.63
Liberia,LBR,2020-06-22,79.63
Liberia,LBR,2020-06-23,79.63
Liberia,LBR,2020-06-24,79.63
Liberia,LBR,2020-06-25,79.63
Liberia,LBR,2020-06-26,79.63
Liberia,LBR,2020-06-27,79.63
Liberia,LBR,2020-06-28,79.63
Liberia,LBR,2020-06-29,75.93
Liberia,LBR,2020-06-30,75.93
Liberia,LBR,2020-07-01,75.93
Liberia,LBR,2020-07-02,75.93
Liberia,LBR,2020-07-03,75.93
Liberia,LBR,2020-07-04,75.93
Liberia,LBR,2020-07-05,75.93
Liberia,LBR,2020-07-06,75.93
Liberia,LBR,2020-07-07,75.93
Liberia,LBR,2020-07-08,75.93
Liberia,LBR,2020-07-09,73.15
Liberia,LBR,2020-07-10,73.15
Liberia,LBR,2020-07-11,73.15
Liberia,LBR,2020-07-12,73.15
Liberia,LBR,2020-07-13,73.15
Liberia,LBR,2020-07-14,73.15
Liberia,LBR,2020-07-15,73.15
Liberia,LBR,2020-07-16,73.15
Liberia,LBR,2020-07-17,67.59
Liberia,LBR,2020-07-18,67.59
Liberia,LBR,2020-07-19,67.59
Liberia,LBR,2020-07-20,67.59
Liberia,LBR,2020-07-21,67.59
Liberia,LBR,2020-07-22,67.59
Liberia,LBR,2020-07-23,64.81
Liberia,LBR,2020-07-24,64.81
Liberia,LBR,2020-07-25,64.81
Liberia,LBR,2020-07-26,64.81
Liberia,LBR,2020-07-27,64.81
Liberia,LBR,2020-07-28,64.81
Liberia,LBR,2020-07-29,64.81
Liberia,LBR,2020-07-30,64.81
Liberia,LBR,2020-07-31,64.81
Liberia,LBR,2020-08-01,64.81
Liberia,LBR,2020-08-02,64.81
Liberia,LBR,2020-08-03,64.81
Liberia,LBR,2020-08-04,64.81
Liberia,LBR,2020-08-05,64.81
Liberia,LBR,2020-08-06,64.81
Liberia,LBR,2020-08-07,64.81
Liberia,LBR,2020-08-08,64.81
Liberia,LBR,2020-08-09,64.81
Liberia,LBR,2020-08-10,64.81
Liberia,LBR,2020-08-11,64.81
Liberia,LBR,2020-08-12,64.81
Liberia,LBR,2020-08-13,64.81
Liberia,LBR,2020-08-14,64.81
Liberia,LBR,2020-08-15,64.81
Liberia,LBR,2020-08-16,64.81
Liberia,LBR,2020-08-17,64.81
Liberia,LBR,2020-08-18,64.81
Liberia,LBR,2020-08-19,64.81
Liberia,LBR,2020-08-20,64.81
Liberia,LBR,2020-08-21,64.81
Liberia,LBR,2020-08-22,64.81
Liberia,LBR,2020-08-23,64.81
Liberia,LBR,2020-08-24,64.81
Liberia,LBR,2020-08-25,64.81
Liberia,LBR,2020-08-26,64.81
Liberia,LBR,2020-08-27,64.81
Liberia,LBR,2020-08-28,64.81
Liberia,LBR,2020-08-29,64.81
Liberia,LBR,2020-08-30,64.81
Liberia,LBR,2020-08-31,60.19
Liberia,LBR,2020-09-01,60.19
Liberia,LBR,2020-09-02,60.19
Liberia,LBR,2020-09-03,60.19
Liberia,LBR,2020-09-04,60.19
Liberia,LBR,2020-09-05,60.19
Liberia,LBR,2020-09-06,60.19
Liberia,LBR,2020-09-07,60.19
Liberia,LBR,2020-09-08,60.19
Liberia,LBR,2020-09-09,60.19
Liberia,LBR,2020-09-10,60.19
Liberia,LBR,2020-09-11,60.19
Liberia,LBR,2020-09-12,60.19
Liberia,LBR,2020-09-13,60.19
Liberia,LBR,2020-09-14,60.19
Liberia,LBR,2020-09-15,60.19
Liberia,LBR,2020-09-16,60.19
Liberia,LBR,2020-09-17,60.19
Liberia,LBR,2020-09-18,60.19
Liberia,LBR,2020-09-19,60.19
Liberia,LBR,2020-09-20,60.19
Liberia,LBR,2020-09-21,60.19
Liberia,LBR,2020-09-22,60.19
Liberia,LBR,2020-09-23,60.19
Liberia,LBR,2020-09-24,60.19
Liberia,LBR,2020-09-25,60.19
Liberia,LBR,2020-09-26,60.19
Liberia,LBR,2020-09-27,60.19
Liberia,LBR,2020-09-28,60.19
Liberia,LBR,2020-09-29,60.19
Liberia,LBR,2020-09-30,60.19
Liberia,LBR,2020-10-01,60.19
Liberia,LBR,2020-10-02,60.19
Liberia,LBR,2020-10-03,60.19
Liberia,LBR,2020-10-04,60.19
Liberia,LBR,2020-10-05,60.19
Liberia,LBR,2020-10-06,60.19
Liberia,LBR,2020-10-07,60.19
Liberia,LBR,2020-10-08,57.41
Liberia,LBR,2020-10-09,57.41
Liberia,LBR,2020-10-10,57.41
Liberia,LBR,2020-10-11,57.41
Liberia,LBR,2020-10-12,57.41
Liberia,LBR,2020-10-13,57.41
Liberia,LBR,2020-10-14,57.41
Liberia,LBR,2020-10-15,57.41
Liberia,LBR,2020-10-16,57.41
Liberia,LBR,2020-10-17,57.41
Liberia,LBR,2020-10-18,57.41
Liberia,LBR,2020-10-19,57.41
Liberia,LBR,2020-10-20,57.41
Liberia,LBR,2020-10-21,57.41
Liberia,LBR,2020-10-22,57.41
Liberia,LBR,2020-10-23,57.41
Liberia,LBR,2020-10-24,57.41
Liberia,LBR,2020-10-25,57.41
Liberia,LBR,2020-10-26,57.41
Liberia,LBR,2020-10-27,57.41
Liberia,LBR,2020-10-28,57.41
Liberia,LBR,2020-10-29,57.41
Liberia,LBR,2020-10-30,57.41
Liberia,LBR,2020-10-31,57.41
Liberia,LBR,2020-11-01,57.41
Liberia,LBR,2020-11-02,57.41
Liberia,LBR,2020-11-03,57.41
Liberia,LBR,2020-11-04,57.41
Liberia,LBR,2020-11-05,57.41
Liberia,LBR,2020-11-06,57.41
Liberia,LBR,2020-11-07,57.41
Liberia,LBR,2020-11-08,57.41
Liberia,LBR,2020-11-09,57.41
Liberia,LBR,2020-11-10,57.41
Liberia,LBR,2020-11-11,57.41
Liberia,LBR,2020-11-12,57.41
Liberia,LBR,2020-11-13,57.41
Liberia,LBR,2020-11-14,57.41
Liberia,LBR,2020-11-15,57.41
Liberia,LBR,2020-11-16,57.41
Liberia,LBR,2020-11-17,57.41
Liberia,LBR,2020-11-18,57.41
Liberia,LBR,2020-11-19,57.41
Liberia,LBR,2020-11-20,57.41
Liberia,LBR,2020-11-21,57.41
Liberia,LBR,2020-11-22,57.41
Liberia,LBR,2020-11-23,57.41
Liberia,LBR,2020-11-24,57.41
Liberia,LBR,2020-11-25,57.41
Liberia,LBR,2020-11-26,57.41
Liberia,LBR,2020-11-27,57.41
Liberia,LBR,2020-11-28,57.41
Liberia,LBR,2020-11-29,57.41
Liberia,LBR,2020-11-30,57.41
Liberia,LBR,2020-12-01,50
Liberia,LBR,2020-12-02,50
Liberia,LBR,2020-12-03,50
Liberia,LBR,2020-12-04,61.11
Liberia,LBR,2020-12-05,61.11
Liberia,LBR,2020-12-06,61.11
Liberia,LBR,2020-12-07,61.11
Liberia,LBR,2020-12-08,61.11
Liberia,LBR,2020-12-09,61.11
Liberia,LBR,2020-12-10,50
Liberia,LBR,2020-12-11,50
Liberia,LBR,2020-12-12,50
Liberia,LBR,2020-12-13,50
Liberia,LBR,2020-12-14,50
Liberia,LBR,2020-12-15,50
Liberia,LBR,2020-12-16,50
Liberia,LBR,2020-12-17,50
Liberia,LBR,2020-12-18,50
Liberia,LBR,2020-12-19,50
Liberia,LBR,2020-12-20,50
Liberia,LBR,2020-12-21,50
Liberia,LBR,2020-12-22,50
Liberia,LBR,2020-12-23,35.19
Liberia,LBR,2020-12-24,35.19
Liberia,LBR,2020-12-25,35.19
Liberia,LBR,2020-12-26,35.19
Liberia,LBR,2020-12-27,35.19
Liberia,LBR,2020-12-28,35.19
Liberia,LBR,2020-12-29,35.19
Liberia,LBR,2020-12-30,35.19
Liberia,LBR,2020-12-31,35.19
Liberia,LBR,2021-01-01,35.19
Liberia,LBR,2021-01-02,35.19
Liberia,LBR,2021-01-03,35.19
Liberia,LBR,2021-01-04,35.19
Liberia,LBR,2021-01-05,35.19
Liberia,LBR,2021-01-06,35.19
Liberia,LBR,2021-01-07,35.19
Liberia,LBR,2021-01-08,35.19
Liberia,LBR,2021-01-09,35.19
Liberia,LBR,2021-01-10,35.19
Liberia,LBR,2021-01-11,35.19
Liberia,LBR,2021-01-12,35.19
Liberia,LBR,2021-01-13,35.19
Liberia,LBR,2021-01-14,35.19
Liberia,LBR,2021-01-15,35.19
Liberia,LBR,2021-01-16,35.19
Liberia,LBR,2021-01-17,35.19
Liberia,LBR,2021-01-18,35.19
Liberia,LBR,2021-01-19,35.19
Liberia,LBR,2021-01-20,35.19
Liberia,LBR,2021-01-21,35.19
Liberia,LBR,2021-01-22,35.19
Liberia,LBR,2021-01-23,35.19
Liberia,LBR,2021-01-24,35.19
Liberia,LBR,2021-01-25,35.19
Liberia,LBR,2021-01-26,40.74
Liberia,LBR,2021-01-27,40.74
Liberia,LBR,2021-01-28,40.74
Liberia,LBR,2021-01-29,40.74
Liberia,LBR,2021-01-30,40.74
Liberia,LBR,2021-01-31,40.74
Liberia,LBR,2021-02-01,40.74
Liberia,LBR,2021-02-02,40.74
Liberia,LBR,2021-02-03,40.74
Liberia,LBR,2021-02-04,40.74
Liberia,LBR,2021-02-05,40.74
Liberia,LBR,2021-02-06,40.74
Liberia,LBR,2021-02-07,40.74
Liberia,LBR,2021-02-08,40.74
Liberia,LBR,2021-02-09,40.74
Liberia,LBR,2021-02-10,40.74
Liberia,LBR,2021-02-11,40.74
Liberia,LBR,2021-02-12,40.74
Liberia,LBR,2021-02-13,40.74
Liberia,LBR,2021-02-14,40.74
Liberia,LBR,2021-02-15,40.74
Liberia,LBR,2021-02-16,40.74
Liberia,LBR,2021-02-17,40.74
Liberia,LBR,2021-02-18,40.74
Liberia,LBR,2021-02-19,40.74
Liberia,LBR,2021-02-20,40.74
Liberia,LBR,2021-02-21,40.74
Liberia,LBR,2021-02-22,40.74
Liberia,LBR,2021-02-23,40.74
Liberia,LBR,2021-02-24,40.74
Liberia,LBR,2021-02-25,44.44
Liberia,LBR,2021-02-26,44.44
Liberia,LBR,2021-02-27,44.44
Liberia,LBR,2021-02-28,44.44
Liberia,LBR,2021-03-01,44.44
Libya,LBY,2020-01-01,0
Libya,LBY,2020-01-02,0
Libya,LBY,2020-01-03,0
Libya,LBY,2020-01-04,0
Libya,LBY,2020-01-05,0
Libya,LBY,2020-01-06,0
Libya,LBY,2020-01-07,0
Libya,LBY,2020-01-08,0
Libya,LBY,2020-01-09,0
Libya,LBY,2020-01-10,0
Libya,LBY,2020-01-11,0
Libya,LBY,2020-01-12,0
Libya,LBY,2020-01-13,0
Libya,LBY,2020-01-14,0
Libya,LBY,2020-01-15,0
Libya,LBY,2020-01-16,0
Libya,LBY,2020-01-17,0
Libya,LBY,2020-01-18,0
Libya,LBY,2020-01-19,0
Libya,LBY,2020-01-20,0
Libya,LBY,2020-01-21,0
Libya,LBY,2020-01-22,0
Libya,LBY,2020-01-23,0
Libya,LBY,2020-01-24,0
Libya,LBY,2020-01-25,0
Libya,LBY,2020-01-26,0
Libya,LBY,2020-01-27,0
Libya,LBY,2020-01-28,0
Libya,LBY,2020-01-29,0
Libya,LBY,2020-01-30,0
Libya,LBY,2020-01-31,0
Libya,LBY,2020-02-01,0
Libya,LBY,2020-02-02,0
Libya,LBY,2020-02-03,0
Libya,LBY,2020-02-04,0
Libya,LBY,2020-02-05,0
Libya,LBY,2020-02-06,0
Libya,LBY,2020-02-07,0
Libya,LBY,2020-02-08,0
Libya,LBY,2020-02-09,0
Libya,LBY,2020-02-10,5.56
Libya,LBY,2020-02-11,5.56
Libya,LBY,2020-02-12,5.56
Libya,LBY,2020-02-13,5.56
Libya,LBY,2020-02-14,5.56
Libya,LBY,2020-02-15,5.56
Libya,LBY,2020-02-16,5.56
Libya,LBY,2020-02-17,5.56
Libya,LBY,2020-02-18,5.56
Libya,LBY,2020-02-19,5.56
Libya,LBY,2020-02-20,5.56
Libya,LBY,2020-02-21,5.56
Libya,LBY,2020-02-22,5.56
Libya,LBY,2020-02-23,5.56
Libya,LBY,2020-02-24,5.56
Libya,LBY,2020-02-25,5.56
Libya,LBY,2020-02-26,5.56
Libya,LBY,2020-02-27,5.56
Libya,LBY,2020-02-28,5.56
Libya,LBY,2020-02-29,5.56
Libya,LBY,2020-03-01,5.56
Libya,LBY,2020-03-02,5.56
Libya,LBY,2020-03-03,5.56
Libya,LBY,2020-03-04,5.56
Libya,LBY,2020-03-05,5.56
Libya,LBY,2020-03-06,5.56
Libya,LBY,2020-03-07,5.56
Libya,LBY,2020-03-08,5.56
Libya,LBY,2020-03-09,5.56
Libya,LBY,2020-03-10,5.56
Libya,LBY,2020-03-11,5.56
Libya,LBY,2020-03-12,5.56
Libya,LBY,2020-03-13,5.56
Libya,LBY,2020-03-14,23.15
Libya,LBY,2020-03-15,34.26
Libya,LBY,2020-03-16,39.81
Libya,LBY,2020-03-17,39.81
Libya,LBY,2020-03-18,39.81
Libya,LBY,2020-03-19,39.81
Libya,LBY,2020-03-20,39.81
Libya,LBY,2020-03-21,39.81
Libya,LBY,2020-03-22,77.78
Libya,LBY,2020-03-23,77.78
Libya,LBY,2020-03-24,90.74
Libya,LBY,2020-03-25,90.74
Libya,LBY,2020-03-26,90.74
Libya,LBY,2020-03-27,90.74
Libya,LBY,2020-03-28,90.74
Libya,LBY,2020-03-29,90.74
Libya,LBY,2020-03-30,90.74
Libya,LBY,2020-03-31,90.74
Libya,LBY,2020-04-01,90.74
Libya,LBY,2020-04-02,90.74
Libya,LBY,2020-04-03,90.74
Libya,LBY,2020-04-04,90.74
Libya,LBY,2020-04-05,90.74
Libya,LBY,2020-04-06,90.74
Libya,LBY,2020-04-07,90.74
Libya,LBY,2020-04-08,88.89
Libya,LBY,2020-04-09,88.89
Libya,LBY,2020-04-10,88.89
Libya,LBY,2020-04-11,88.89
Libya,LBY,2020-04-12,88.89
Libya,LBY,2020-04-13,88.89
Libya,LBY,2020-04-14,88.89
Libya,LBY,2020-04-15,88.89
Libya,LBY,2020-04-16,96.3
Libya,LBY,2020-04-17,100
Libya,LBY,2020-04-18,100
Libya,LBY,2020-04-19,100
Libya,LBY,2020-04-20,100
Libya,LBY,2020-04-21,100
Libya,LBY,2020-04-22,100
Libya,LBY,2020-04-23,100
Libya,LBY,2020-04-24,100
Libya,LBY,2020-04-25,100
Libya,LBY,2020-04-26,100
Libya,LBY,2020-04-27,100
Libya,LBY,2020-04-28,100
Libya,LBY,2020-04-29,100
Libya,LBY,2020-04-30,100
Libya,LBY,2020-05-01,100
Libya,LBY,2020-05-02,100
Libya,LBY,2020-05-03,100
Libya,LBY,2020-05-04,100
Libya,LBY,2020-05-05,100
Libya,LBY,2020-05-06,100
Libya,LBY,2020-05-07,100
Libya,LBY,2020-05-08,100
Libya,LBY,2020-05-09,100
Libya,LBY,2020-05-10,100
Libya,LBY,2020-05-11,100
Libya,LBY,2020-05-12,100
Libya,LBY,2020-05-13,100
Libya,LBY,2020-05-14,100
Libya,LBY,2020-05-15,100
Libya,LBY,2020-05-16,100
Libya,LBY,2020-05-17,100
Libya,LBY,2020-05-18,100
Libya,LBY,2020-05-19,100
Libya,LBY,2020-05-20,100
Libya,LBY,2020-05-21,100
Libya,LBY,2020-05-22,100
Libya,LBY,2020-05-23,100
Libya,LBY,2020-05-24,100
Libya,LBY,2020-05-25,100
Libya,LBY,2020-05-26,100
Libya,LBY,2020-05-27,100
Libya,LBY,2020-05-28,96.3
Libya,LBY,2020-05-29,96.3
Libya,LBY,2020-05-30,96.3
Libya,LBY,2020-05-31,96.3
Libya,LBY,2020-06-01,96.3
Libya,LBY,2020-06-02,96.3
Libya,LBY,2020-06-03,96.3
Libya,LBY,2020-06-04,96.3
Libya,LBY,2020-06-05,96.3
Libya,LBY,2020-06-06,96.3
Libya,LBY,2020-06-07,96.3
Libya,LBY,2020-06-08,96.3
Libya,LBY,2020-06-09,96.3
Libya,LBY,2020-06-10,96.3
Libya,LBY,2020-06-11,96.3
Libya,LBY,2020-06-12,96.3
Libya,LBY,2020-06-13,96.3
Libya,LBY,2020-06-14,96.3
Libya,LBY,2020-06-15,96.3
Libya,LBY,2020-06-16,96.3
Libya,LBY,2020-06-17,96.3
Libya,LBY,2020-06-18,96.3
Libya,LBY,2020-06-19,96.3
Libya,LBY,2020-06-20,96.3
Libya,LBY,2020-06-21,96.3
Libya,LBY,2020-06-22,96.3
Libya,LBY,2020-06-23,96.3
Libya,LBY,2020-06-24,96.3
Libya,LBY,2020-06-25,96.3
Libya,LBY,2020-06-26,96.3
Libya,LBY,2020-06-27,94.44
Libya,LBY,2020-06-28,94.44
Libya,LBY,2020-06-29,94.44
Libya,LBY,2020-06-30,94.44
Libya,LBY,2020-07-01,94.44
Libya,LBY,2020-07-02,94.44
Libya,LBY,2020-07-03,94.44
Libya,LBY,2020-07-04,94.44
Libya,LBY,2020-07-05,94.44
Libya,LBY,2020-07-06,94.44
Libya,LBY,2020-07-07,90.74
Libya,LBY,2020-07-08,90.74
Libya,LBY,2020-07-09,90.74
Libya,LBY,2020-07-10,90.74
Libya,LBY,2020-07-11,90.74
Libya,LBY,2020-07-12,90.74
Libya,LBY,2020-07-13,90.74
Libya,LBY,2020-07-14,90.74
Libya,LBY,2020-07-15,90.74
Libya,LBY,2020-07-16,90.74
Libya,LBY,2020-07-17,90.74
Libya,LBY,2020-07-18,90.74
Libya,LBY,2020-07-19,90.74
Libya,LBY,2020-07-20,90.74
Libya,LBY,2020-07-21,90.74
Libya,LBY,2020-07-22,90.74
Libya,LBY,2020-07-23,90.74
Libya,LBY,2020-07-24,90.74
Libya,LBY,2020-07-25,90.74
Libya,LBY,2020-07-26,90.74
Libya,LBY,2020-07-27,87.96
Libya,LBY,2020-07-28,87.96
Libya,LBY,2020-07-29,87.96
Libya,LBY,2020-07-30,87.96
Libya,LBY,2020-07-31,87.96
Libya,LBY,2020-08-01,87.96
Libya,LBY,2020-08-02,87.96
Libya,LBY,2020-08-03,87.96
Libya,LBY,2020-08-04,87.96
Libya,LBY,2020-08-05,87.96
Libya,LBY,2020-08-06,87.96
Libya,LBY,2020-08-07,87.96
Libya,LBY,2020-08-08,87.96
Libya,LBY,2020-08-09,87.96
Libya,LBY,2020-08-10,87.96
Libya,LBY,2020-08-11,87.96
Libya,LBY,2020-08-12,87.96
Libya,LBY,2020-08-13,87.96
Libya,LBY,2020-08-14,87.96
Libya,LBY,2020-08-15,87.96
Libya,LBY,2020-08-16,87.96
Libya,LBY,2020-08-17,87.96
Libya,LBY,2020-08-18,87.96
Libya,LBY,2020-08-19,87.96
Libya,LBY,2020-08-20,87.96
Libya,LBY,2020-08-21,87.96
Libya,LBY,2020-08-22,87.96
Libya,LBY,2020-08-23,87.96
Libya,LBY,2020-08-24,87.96
Libya,LBY,2020-08-25,87.96
Libya,LBY,2020-08-26,89.81
Libya,LBY,2020-08-27,89.81
Libya,LBY,2020-08-28,89.81
Libya,LBY,2020-08-29,89.81
Libya,LBY,2020-08-30,89.81
Libya,LBY,2020-08-31,89.81
Libya,LBY,2020-09-01,86.11
Libya,LBY,2020-09-02,86.11
Libya,LBY,2020-09-03,86.11
Libya,LBY,2020-09-04,86.11
Libya,LBY,2020-09-05,86.11
Libya,LBY,2020-09-06,86.11
Libya,LBY,2020-09-07,86.11
Libya,LBY,2020-09-08,86.11
Libya,LBY,2020-09-09,86.11
Libya,LBY,2020-09-10,86.11
Libya,LBY,2020-09-11,86.11
Libya,LBY,2020-09-12,86.11
Libya,LBY,2020-09-13,86.11
Libya,LBY,2020-09-14,86.11
Libya,LBY,2020-09-15,86.11
Libya,LBY,2020-09-16,86.11
Libya,LBY,2020-09-17,86.11
Libya,LBY,2020-09-18,86.11
Libya,LBY,2020-09-19,86.11
Libya,LBY,2020-09-20,86.11
Libya,LBY,2020-09-21,86.11
Libya,LBY,2020-09-22,86.11
Libya,LBY,2020-09-23,86.11
Libya,LBY,2020-09-24,86.11
Libya,LBY,2020-09-25,86.11
Libya,LBY,2020-09-26,86.11
Libya,LBY,2020-09-27,86.11
Libya,LBY,2020-09-28,86.11
Libya,LBY,2020-09-29,86.11
Libya,LBY,2020-09-30,86.11
Libya,LBY,2020-10-01,86.11
Libya,LBY,2020-10-02,86.11
Libya,LBY,2020-10-03,86.11
Libya,LBY,2020-10-04,85.19
Libya,LBY,2020-10-05,85.19
Libya,LBY,2020-10-06,85.19
Libya,LBY,2020-10-07,85.19
Libya,LBY,2020-10-08,83.33
Libya,LBY,2020-10-09,83.33
Libya,LBY,2020-10-10,83.33
Libya,LBY,2020-10-11,80.56
Libya,LBY,2020-10-12,80.56
Libya,LBY,2020-10-13,80.56
Libya,LBY,2020-10-14,80.56
Libya,LBY,2020-10-15,80.56
Libya,LBY,2020-10-16,80.56
Libya,LBY,2020-10-17,80.56
Libya,LBY,2020-10-18,80.56
Libya,LBY,2020-10-19,80.56
Libya,LBY,2020-10-20,78.7
Libya,LBY,2020-10-21,78.7
Libya,LBY,2020-10-22,78.7
Libya,LBY,2020-10-23,78.7
Libya,LBY,2020-10-24,78.7
Libya,LBY,2020-10-25,78.7
Libya,LBY,2020-10-26,78.7
Libya,LBY,2020-10-27,78.7
Libya,LBY,2020-10-28,78.7
Libya,LBY,2020-10-29,79.63
Libya,LBY,2020-10-30,79.63
Libya,LBY,2020-10-31,79.63
Libya,LBY,2020-11-01,79.63
Libya,LBY,2020-11-02,79.63
Libya,LBY,2020-11-03,79.63
Libya,LBY,2020-11-04,79.63
Libya,LBY,2020-11-05,79.63
Libya,LBY,2020-11-06,79.63
Libya,LBY,2020-11-07,79.63
Libya,LBY,2020-11-08,79.63
Libya,LBY,2020-11-09,79.63
Libya,LBY,2020-11-10,79.63
Libya,LBY,2020-11-11,79.63
Libya,LBY,2020-11-12,79.63
Libya,LBY,2020-11-13,79.63
Libya,LBY,2020-11-14,79.63
Libya,LBY,2020-11-15,79.63
Libya,LBY,2020-11-16,79.63
Libya,LBY,2020-11-17,79.63
Libya,LBY,2020-11-18,79.63
Libya,LBY,2020-11-19,79.63
Libya,LBY,2020-11-20,79.63
Libya,LBY,2020-11-21,79.63
Libya,LBY,2020-11-22,79.63
Libya,LBY,2020-11-23,79.63
Libya,LBY,2020-11-24,79.63
Libya,LBY,2020-11-25,79.63
Libya,LBY,2020-11-26,79.63
Libya,LBY,2020-11-27,79.63
Libya,LBY,2020-11-28,79.63
Libya,LBY,2020-11-29,79.63
Libya,LBY,2020-11-30,79.63
Libya,LBY,2020-12-01,79.63
Libya,LBY,2020-12-02,79.63
Libya,LBY,2020-12-03,79.63
Libya,LBY,2020-12-04,79.63
Libya,LBY,2020-12-05,79.63
Libya,LBY,2020-12-06,79.63
Libya,LBY,2020-12-07,79.63
Libya,LBY,2020-12-08,79.63
Libya,LBY,2020-12-09,79.63
Libya,LBY,2020-12-10,79.63
Libya,LBY,2020-12-11,83.33
Libya,LBY,2020-12-12,83.33
Libya,LBY,2020-12-13,86.11
Libya,LBY,2020-12-14,86.11
Libya,LBY,2020-12-15,86.11
Libya,LBY,2020-12-16,84.26
Libya,LBY,2020-12-17,84.26
Libya,LBY,2020-12-18,84.26
Libya,LBY,2020-12-19,84.26
Libya,LBY,2020-12-20,84.26
Libya,LBY,2020-12-21,84.26
Libya,LBY,2020-12-22,84.26
Libya,LBY,2020-12-23,84.26
Libya,LBY,2020-12-24,84.26
Libya,LBY,2020-12-25,84.26
Libya,LBY,2020-12-26,84.26
Libya,LBY,2020-12-27,84.26
Libya,LBY,2020-12-28,84.26
Libya,LBY,2020-12-29,84.26
Libya,LBY,2020-12-30,84.26
Libya,LBY,2020-12-31,84.26
Libya,LBY,2021-01-01,84.26
Libya,LBY,2021-01-02,84.26
Libya,LBY,2021-01-03,80.56
Libya,LBY,2021-01-04,80.56
Libya,LBY,2021-01-05,80.56
Libya,LBY,2021-01-06,80.56
Libya,LBY,2021-01-07,80.56
Libya,LBY,2021-01-08,80.56
Libya,LBY,2021-01-09,80.56
Libya,LBY,2021-01-10,80.56
Libya,LBY,2021-01-11,80.56
Libya,LBY,2021-01-12,80.56
Libya,LBY,2021-01-13,80.56
Libya,LBY,2021-01-14,80.56
Libya,LBY,2021-01-15,80.56
Libya,LBY,2021-01-16,80.56
Libya,LBY,2021-01-17,80.56
Libya,LBY,2021-01-18,80.56
Libya,LBY,2021-01-19,76.85
Libya,LBY,2021-01-20,87.96
Libya,LBY,2021-01-21,87.96
Libya,LBY,2021-01-22,87.96
Libya,LBY,2021-01-23,87.96
Libya,LBY,2021-01-24,87.96
Libya,LBY,2021-01-25,87.96
Libya,LBY,2021-01-26,87.96
Libya,LBY,2021-01-27,87.96
Libya,LBY,2021-01-28,87.96
Libya,LBY,2021-01-29,85.19
Libya,LBY,2021-01-30,85.19
Libya,LBY,2021-01-31,85.19
Libya,LBY,2021-02-01,85.19
Libya,LBY,2021-02-02,85.19
Libya,LBY,2021-02-03,85.19
Libya,LBY,2021-02-04,85.19
Libya,LBY,2021-02-05,85.19
Libya,LBY,2021-02-06,85.19
Libya,LBY,2021-02-07,85.19
Libya,LBY,2021-02-08,85.19
Libya,LBY,2021-02-09,76.85
Libya,LBY,2021-02-10,76.85
Libya,LBY,2021-02-11,76.85
Libya,LBY,2021-02-12,76.85
Libya,LBY,2021-02-13,76.85
Libya,LBY,2021-02-14,76.85
Libya,LBY,2021-02-15,76.85
Libya,LBY,2021-02-16,79.63
Libya,LBY,2021-02-17,79.63
Libya,LBY,2021-02-18,79.63
Libya,LBY,2021-02-19,79.63
Libya,LBY,2021-02-20,79.63
Libya,LBY,2021-02-21,79.63
Libya,LBY,2021-02-22,79.63
Lithuania,LTU,2020-01-01,0
Lithuania,LTU,2020-01-02,0
Lithuania,LTU,2020-01-03,0
Lithuania,LTU,2020-01-04,0
Lithuania,LTU,2020-01-05,0
Lithuania,LTU,2020-01-06,0
Lithuania,LTU,2020-01-07,0
Lithuania,LTU,2020-01-08,0
Lithuania,LTU,2020-01-09,0
Lithuania,LTU,2020-01-10,0
Lithuania,LTU,2020-01-11,0
Lithuania,LTU,2020-01-12,0
Lithuania,LTU,2020-01-13,0
Lithuania,LTU,2020-01-14,0
Lithuania,LTU,2020-01-15,0
Lithuania,LTU,2020-01-16,0
Lithuania,LTU,2020-01-17,0
Lithuania,LTU,2020-01-18,0
Lithuania,LTU,2020-01-19,0
Lithuania,LTU,2020-01-20,0
Lithuania,LTU,2020-01-21,0
Lithuania,LTU,2020-01-22,0
Lithuania,LTU,2020-01-23,0
Lithuania,LTU,2020-01-24,0
Lithuania,LTU,2020-01-25,0
Lithuania,LTU,2020-01-26,0
Lithuania,LTU,2020-01-27,0
Lithuania,LTU,2020-01-28,0
Lithuania,LTU,2020-01-29,0
Lithuania,LTU,2020-01-30,0
Lithuania,LTU,2020-01-31,0
Lithuania,LTU,2020-02-01,0
Lithuania,LTU,2020-02-02,0
Lithuania,LTU,2020-02-03,0
Lithuania,LTU,2020-02-04,0
Lithuania,LTU,2020-02-05,0
Lithuania,LTU,2020-02-06,0
Lithuania,LTU,2020-02-07,0
Lithuania,LTU,2020-02-08,0
Lithuania,LTU,2020-02-09,0
Lithuania,LTU,2020-02-10,0
Lithuania,LTU,2020-02-11,0
Lithuania,LTU,2020-02-12,0
Lithuania,LTU,2020-02-13,0
Lithuania,LTU,2020-02-14,0
Lithuania,LTU,2020-02-15,0
Lithuania,LTU,2020-02-16,0
Lithuania,LTU,2020-02-17,0
Lithuania,LTU,2020-02-18,0
Lithuania,LTU,2020-02-19,0
Lithuania,LTU,2020-02-20,0
Lithuania,LTU,2020-02-21,0
Lithuania,LTU,2020-02-22,0
Lithuania,LTU,2020-02-23,0
Lithuania,LTU,2020-02-24,0
Lithuania,LTU,2020-02-25,0
Lithuania,LTU,2020-02-26,5.56
Lithuania,LTU,2020-02-27,5.56
Lithuania,LTU,2020-02-28,11.11
Lithuania,LTU,2020-02-29,11.11
Lithuania,LTU,2020-03-01,11.11
Lithuania,LTU,2020-03-02,11.11
Lithuania,LTU,2020-03-03,11.11
Lithuania,LTU,2020-03-04,11.11
Lithuania,LTU,2020-03-05,11.11
Lithuania,LTU,2020-03-06,11.11
Lithuania,LTU,2020-03-07,11.11
Lithuania,LTU,2020-03-08,11.11
Lithuania,LTU,2020-03-09,11.11
Lithuania,LTU,2020-03-10,11.11
Lithuania,LTU,2020-03-11,11.11
Lithuania,LTU,2020-03-12,30.56
Lithuania,LTU,2020-03-13,39.81
Lithuania,LTU,2020-03-14,39.81
Lithuania,LTU,2020-03-15,39.81
Lithuania,LTU,2020-03-16,81.48
Lithuania,LTU,2020-03-17,81.48
Lithuania,LTU,2020-03-18,81.48
Lithuania,LTU,2020-03-19,81.48
Lithuania,LTU,2020-03-20,81.48
Lithuania,LTU,2020-03-21,81.48
Lithuania,LTU,2020-03-22,81.48
Lithuania,LTU,2020-03-23,81.48
Lithuania,LTU,2020-03-24,81.48
Lithuania,LTU,2020-03-25,81.48
Lithuania,LTU,2020-03-26,81.48
Lithuania,LTU,2020-03-27,81.48
Lithuania,LTU,2020-03-28,81.48
Lithuania,LTU,2020-03-29,81.48
Lithuania,LTU,2020-03-30,81.48
Lithuania,LTU,2020-03-31,81.48
Lithuania,LTU,2020-04-01,81.48
Lithuania,LTU,2020-04-02,81.48
Lithuania,LTU,2020-04-03,81.48
Lithuania,LTU,2020-04-04,81.48
Lithuania,LTU,2020-04-05,81.48
Lithuania,LTU,2020-04-06,81.48
Lithuania,LTU,2020-04-07,81.48
Lithuania,LTU,2020-04-08,81.48
Lithuania,LTU,2020-04-09,81.48
Lithuania,LTU,2020-04-10,87.04
Lithuania,LTU,2020-04-11,87.04
Lithuania,LTU,2020-04-12,87.04
Lithuania,LTU,2020-04-13,87.04
Lithuania,LTU,2020-04-14,81.48
Lithuania,LTU,2020-04-15,81.48
Lithuania,LTU,2020-04-16,81.48
Lithuania,LTU,2020-04-17,81.48
Lithuania,LTU,2020-04-18,81.48
Lithuania,LTU,2020-04-19,81.48
Lithuania,LTU,2020-04-20,81.48
Lithuania,LTU,2020-04-21,81.48
Lithuania,LTU,2020-04-22,81.48
Lithuania,LTU,2020-04-23,81.48
Lithuania,LTU,2020-04-24,81.48
Lithuania,LTU,2020-04-25,81.48
Lithuania,LTU,2020-04-26,81.48
Lithuania,LTU,2020-04-27,77.78
Lithuania,LTU,2020-04-28,77.78
Lithuania,LTU,2020-04-29,77.78
Lithuania,LTU,2020-04-30,77.78
Lithuania,LTU,2020-05-01,77.78
Lithuania,LTU,2020-05-02,77.78
Lithuania,LTU,2020-05-03,77.78
Lithuania,LTU,2020-05-04,77.78
Lithuania,LTU,2020-05-05,77.78
Lithuania,LTU,2020-05-06,77.78
Lithuania,LTU,2020-05-07,77.78
Lithuania,LTU,2020-05-08,77.78
Lithuania,LTU,2020-05-09,77.78
Lithuania,LTU,2020-05-10,77.78
Lithuania,LTU,2020-05-11,75
Lithuania,LTU,2020-05-12,75
Lithuania,LTU,2020-05-13,75
Lithuania,LTU,2020-05-14,75
Lithuania,LTU,2020-05-15,75
Lithuania,LTU,2020-05-16,75
Lithuania,LTU,2020-05-17,75
Lithuania,LTU,2020-05-18,71.3
Lithuania,LTU,2020-05-19,71.3
Lithuania,LTU,2020-05-20,71.3
Lithuania,LTU,2020-05-21,71.3
Lithuania,LTU,2020-05-22,71.3
Lithuania,LTU,2020-05-23,71.3
Lithuania,LTU,2020-05-24,71.3
Lithuania,LTU,2020-05-25,71.3
Lithuania,LTU,2020-05-26,71.3
Lithuania,LTU,2020-05-27,71.3
Lithuania,LTU,2020-05-28,71.3
Lithuania,LTU,2020-05-29,71.3
Lithuania,LTU,2020-05-30,67.59
Lithuania,LTU,2020-05-31,67.59
Lithuania,LTU,2020-06-01,50.93
Lithuania,LTU,2020-06-02,50.93
Lithuania,LTU,2020-06-03,50.93
Lithuania,LTU,2020-06-04,50.93
Lithuania,LTU,2020-06-05,50.93
Lithuania,LTU,2020-06-06,50.93
Lithuania,LTU,2020-06-07,50.93
Lithuania,LTU,2020-06-08,50.93
Lithuania,LTU,2020-06-09,50.93
Lithuania,LTU,2020-06-10,50.93
Lithuania,LTU,2020-06-11,50.93
Lithuania,LTU,2020-06-12,50.93
Lithuania,LTU,2020-06-13,50.93
Lithuania,LTU,2020-06-14,50.93
Lithuania,LTU,2020-06-15,50.93
Lithuania,LTU,2020-06-16,50.93
Lithuania,LTU,2020-06-17,28.7
Lithuania,LTU,2020-06-18,28.7
Lithuania,LTU,2020-06-19,28.7
Lithuania,LTU,2020-06-20,28.7
Lithuania,LTU,2020-06-21,28.7
Lithuania,LTU,2020-06-22,28.7
Lithuania,LTU,2020-06-23,28.7
Lithuania,LTU,2020-06-24,28.7
Lithuania,LTU,2020-06-25,28.7
Lithuania,LTU,2020-06-26,28.7
Lithuania,LTU,2020-06-27,28.7
Lithuania,LTU,2020-06-28,28.7
Lithuania,LTU,2020-06-29,25.93
Lithuania,LTU,2020-06-30,25.93
Lithuania,LTU,2020-07-01,25.93
Lithuania,LTU,2020-07-02,25.93
Lithuania,LTU,2020-07-03,25.93
Lithuania,LTU,2020-07-04,25.93
Lithuania,LTU,2020-07-05,25.93
Lithuania,LTU,2020-07-06,25.93
Lithuania,LTU,2020-07-07,25.93
Lithuania,LTU,2020-07-08,25.93
Lithuania,LTU,2020-07-09,25.93
Lithuania,LTU,2020-07-10,25.93
Lithuania,LTU,2020-07-11,25.93
Lithuania,LTU,2020-07-12,25.93
Lithuania,LTU,2020-07-13,25.93
Lithuania,LTU,2020-07-14,25.93
Lithuania,LTU,2020-07-15,25.93
Lithuania,LTU,2020-07-16,25.93
Lithuania,LTU,2020-07-17,25.93
Lithuania,LTU,2020-07-18,25.93
Lithuania,LTU,2020-07-19,25.93
Lithuania,LTU,2020-07-20,25.93
Lithuania,LTU,2020-07-21,25.93
Lithuania,LTU,2020-07-22,25.93
Lithuania,LTU,2020-07-23,25.93
Lithuania,LTU,2020-07-24,25.93
Lithuania,LTU,2020-07-25,25.93
Lithuania,LTU,2020-07-26,25.93
Lithuania,LTU,2020-07-27,28.7
Lithuania,LTU,2020-07-28,28.7
Lithuania,LTU,2020-07-29,28.7
Lithuania,LTU,2020-07-30,28.7
Lithuania,LTU,2020-07-31,28.7
Lithuania,LTU,2020-08-01,28.7
Lithuania,LTU,2020-08-02,28.7
Lithuania,LTU,2020-08-03,28.7
Lithuania,LTU,2020-08-04,28.7
Lithuania,LTU,2020-08-05,28.7
Lithuania,LTU,2020-08-06,28.7
Lithuania,LTU,2020-08-07,28.7
Lithuania,LTU,2020-08-08,28.7
Lithuania,LTU,2020-08-09,28.7
Lithuania,LTU,2020-08-10,28.7
Lithuania,LTU,2020-08-11,28.7
Lithuania,LTU,2020-08-12,28.7
Lithuania,LTU,2020-08-13,28.7
Lithuania,LTU,2020-08-14,28.7
Lithuania,LTU,2020-08-15,28.7
Lithuania,LTU,2020-08-16,28.7
Lithuania,LTU,2020-08-17,28.7
Lithuania,LTU,2020-08-18,28.7
Lithuania,LTU,2020-08-19,28.7
Lithuania,LTU,2020-08-20,28.7
Lithuania,LTU,2020-08-21,28.7
Lithuania,LTU,2020-08-22,28.7
Lithuania,LTU,2020-08-23,28.7
Lithuania,LTU,2020-08-24,28.7
Lithuania,LTU,2020-08-25,28.7
Lithuania,LTU,2020-08-26,28.7
Lithuania,LTU,2020-08-27,28.7
Lithuania,LTU,2020-08-28,28.7
Lithuania,LTU,2020-08-29,28.7
Lithuania,LTU,2020-08-30,28.7
Lithuania,LTU,2020-08-31,28.7
Lithuania,LTU,2020-09-01,28.7
Lithuania,LTU,2020-09-02,28.7
Lithuania,LTU,2020-09-03,28.7
Lithuania,LTU,2020-09-04,28.7
Lithuania,LTU,2020-09-05,28.7
Lithuania,LTU,2020-09-06,28.7
Lithuania,LTU,2020-09-07,28.7
Lithuania,LTU,2020-09-08,28.7
Lithuania,LTU,2020-09-09,28.7
Lithuania,LTU,2020-09-10,28.7
Lithuania,LTU,2020-09-11,28.7
Lithuania,LTU,2020-09-12,28.7
Lithuania,LTU,2020-09-13,28.7
Lithuania,LTU,2020-09-14,28.7
Lithuania,LTU,2020-09-15,28.7
Lithuania,LTU,2020-09-16,28.7
Lithuania,LTU,2020-09-17,28.7
Lithuania,LTU,2020-09-18,28.7
Lithuania,LTU,2020-09-19,28.7
Lithuania,LTU,2020-09-20,28.7
Lithuania,LTU,2020-09-21,28.7
Lithuania,LTU,2020-09-22,28.7
Lithuania,LTU,2020-09-23,28.7
Lithuania,LTU,2020-09-24,28.7
Lithuania,LTU,2020-09-25,28.7
Lithuania,LTU,2020-09-26,28.7
Lithuania,LTU,2020-09-27,28.7
Lithuania,LTU,2020-09-28,28.7
Lithuania,LTU,2020-09-29,28.7
Lithuania,LTU,2020-09-30,28.7
Lithuania,LTU,2020-10-01,31.48
Lithuania,LTU,2020-10-02,31.48
Lithuania,LTU,2020-10-03,31.48
Lithuania,LTU,2020-10-04,31.48
Lithuania,LTU,2020-10-05,31.48
Lithuania,LTU,2020-10-06,31.48
Lithuania,LTU,2020-10-07,31.48
Lithuania,LTU,2020-10-08,31.48
Lithuania,LTU,2020-10-09,48.61
Lithuania,LTU,2020-10-10,48.61
Lithuania,LTU,2020-10-11,48.61
Lithuania,LTU,2020-10-12,48.61
Lithuania,LTU,2020-10-13,48.61
Lithuania,LTU,2020-10-14,48.61
Lithuania,LTU,2020-10-15,48.61
Lithuania,LTU,2020-10-16,48.61
Lithuania,LTU,2020-10-17,48.61
Lithuania,LTU,2020-10-18,48.61
Lithuania,LTU,2020-10-19,48.61
Lithuania,LTU,2020-10-20,48.61
Lithuania,LTU,2020-10-21,48.61
Lithuania,LTU,2020-10-22,48.61
Lithuania,LTU,2020-10-23,48.61
Lithuania,LTU,2020-10-24,48.61
Lithuania,LTU,2020-10-25,48.61
Lithuania,LTU,2020-10-26,48.61
Lithuania,LTU,2020-10-27,48.61
Lithuania,LTU,2020-10-28,54.17
Lithuania,LTU,2020-10-29,54.17
Lithuania,LTU,2020-10-30,56.94
Lithuania,LTU,2020-10-31,56.94
Lithuania,LTU,2020-11-01,56.94
Lithuania,LTU,2020-11-02,56.94
Lithuania,LTU,2020-11-03,56.94
Lithuania,LTU,2020-11-04,56.94
Lithuania,LTU,2020-11-05,56.94
Lithuania,LTU,2020-11-06,56.94
Lithuania,LTU,2020-11-07,57.41
Lithuania,LTU,2020-11-08,57.41
Lithuania,LTU,2020-11-09,57.41
Lithuania,LTU,2020-11-10,57.41
Lithuania,LTU,2020-11-11,57.41
Lithuania,LTU,2020-11-12,57.41
Lithuania,LTU,2020-11-13,57.41
Lithuania,LTU,2020-11-14,57.41
Lithuania,LTU,2020-11-15,57.41
Lithuania,LTU,2020-11-16,57.41
Lithuania,LTU,2020-11-17,57.41
Lithuania,LTU,2020-11-18,57.41
Lithuania,LTU,2020-11-19,57.41
Lithuania,LTU,2020-11-20,57.41
Lithuania,LTU,2020-11-21,57.41
Lithuania,LTU,2020-11-22,57.41
Lithuania,LTU,2020-11-23,57.41
Lithuania,LTU,2020-11-24,57.41
Lithuania,LTU,2020-11-25,57.41
Lithuania,LTU,2020-11-26,57.41
Lithuania,LTU,2020-11-27,57.41
Lithuania,LTU,2020-11-28,57.41
Lithuania,LTU,2020-11-29,57.41
Lithuania,LTU,2020-11-30,57.41
Lithuania,LTU,2020-12-01,57.41
Lithuania,LTU,2020-12-02,57.41
Lithuania,LTU,2020-12-03,57.41
Lithuania,LTU,2020-12-04,57.41
Lithuania,LTU,2020-12-05,57.41
Lithuania,LTU,2020-12-06,57.41
Lithuania,LTU,2020-12-07,57.41
Lithuania,LTU,2020-12-08,57.41
Lithuania,LTU,2020-12-09,57.41
Lithuania,LTU,2020-12-10,57.41
Lithuania,LTU,2020-12-11,57.41
Lithuania,LTU,2020-12-12,57.41
Lithuania,LTU,2020-12-13,57.41
Lithuania,LTU,2020-12-14,57.41
Lithuania,LTU,2020-12-15,57.41
Lithuania,LTU,2020-12-16,74.07
Lithuania,LTU,2020-12-17,74.07
Lithuania,LTU,2020-12-18,74.07
Lithuania,LTU,2020-12-19,74.07
Lithuania,LTU,2020-12-20,74.07
Lithuania,LTU,2020-12-21,76.85
Lithuania,LTU,2020-12-22,76.85
Lithuania,LTU,2020-12-23,76.85
Lithuania,LTU,2020-12-24,76.85
Lithuania,LTU,2020-12-25,76.85
Lithuania,LTU,2020-12-26,76.85
Lithuania,LTU,2020-12-27,76.85
Lithuania,LTU,2020-12-28,76.85
Lithuania,LTU,2020-12-29,76.85
Lithuania,LTU,2020-12-30,76.85
Lithuania,LTU,2020-12-31,76.85
Lithuania,LTU,2021-01-01,74.07
Lithuania,LTU,2021-01-02,74.07
Lithuania,LTU,2021-01-03,74.07
Lithuania,LTU,2021-01-04,74.07
Lithuania,LTU,2021-01-05,74.07
Lithuania,LTU,2021-01-06,74.07
Lithuania,LTU,2021-01-07,74.07
Lithuania,LTU,2021-01-08,74.07
Lithuania,LTU,2021-01-09,74.07
Lithuania,LTU,2021-01-10,74.07
Lithuania,LTU,2021-01-11,74.07
Lithuania,LTU,2021-01-12,74.07
Lithuania,LTU,2021-01-13,74.07
Lithuania,LTU,2021-01-14,74.07
Lithuania,LTU,2021-01-15,74.07
Lithuania,LTU,2021-01-16,74.07
Lithuania,LTU,2021-01-17,74.07
Lithuania,LTU,2021-01-18,70.37
Lithuania,LTU,2021-01-19,70.37
Lithuania,LTU,2021-01-20,70.37
Lithuania,LTU,2021-01-21,70.37
Lithuania,LTU,2021-01-22,70.37
Lithuania,LTU,2021-01-23,70.37
Lithuania,LTU,2021-01-24,70.37
Lithuania,LTU,2021-01-25,70.37
Lithuania,LTU,2021-01-26,70.37
Lithuania,LTU,2021-01-27,70.37
Lithuania,LTU,2021-01-28,70.37
Lithuania,LTU,2021-01-29,70.37
Lithuania,LTU,2021-01-30,70.37
Lithuania,LTU,2021-01-31,70.37
Lithuania,LTU,2021-02-01,70.37
Lithuania,LTU,2021-02-02,70.37
Lithuania,LTU,2021-02-03,70.37
Lithuania,LTU,2021-02-04,70.37
Lithuania,LTU,2021-02-05,70.37
Lithuania,LTU,2021-02-06,70.37
Lithuania,LTU,2021-02-07,70.37
Lithuania,LTU,2021-02-08,66.67
Lithuania,LTU,2021-02-09,66.67
Lithuania,LTU,2021-02-10,66.67
Lithuania,LTU,2021-02-11,66.67
Lithuania,LTU,2021-02-12,66.67
Lithuania,LTU,2021-02-13,66.67
Lithuania,LTU,2021-02-14,66.67
Lithuania,LTU,2021-02-15,66.67
Lithuania,LTU,2021-02-16,66.67
Lithuania,LTU,2021-02-17,66.67
Lithuania,LTU,2021-02-18,66.67
Lithuania,LTU,2021-02-19,66.67
Lithuania,LTU,2021-02-20,66.67
Lithuania,LTU,2021-02-21,66.67
Lithuania,LTU,2021-02-22,66.67
Lithuania,LTU,2021-02-23,66.67
Lithuania,LTU,2021-02-24,66.67
Lithuania,LTU,2021-02-25,66.67
Lithuania,LTU,2021-02-26,66.67
Lithuania,LTU,2021-02-27,66.67
Lithuania,LTU,2021-02-28,66.67
Lithuania,LTU,2021-03-01,66.67
Lithuania,LTU,2021-03-02,66.67
Lithuania,LTU,2021-03-03,66.67
Lithuania,LTU,2021-03-04,66.67
Lithuania,LTU,2021-03-05,66.67
Lithuania,LTU,2021-03-06,66.67
Lithuania,LTU,2021-03-07,66.67
Luxembourg,LUX,2020-01-01,0
Luxembourg,LUX,2020-01-02,0
Luxembourg,LUX,2020-01-03,0
Luxembourg,LUX,2020-01-04,0
Luxembourg,LUX,2020-01-05,0
Luxembourg,LUX,2020-01-06,0
Luxembourg,LUX,2020-01-07,0
Luxembourg,LUX,2020-01-08,0
Luxembourg,LUX,2020-01-09,0
Luxembourg,LUX,2020-01-10,0
Luxembourg,LUX,2020-01-11,0
Luxembourg,LUX,2020-01-12,0
Luxembourg,LUX,2020-01-13,0
Luxembourg,LUX,2020-01-14,0
Luxembourg,LUX,2020-01-15,0
Luxembourg,LUX,2020-01-16,0
Luxembourg,LUX,2020-01-17,0
Luxembourg,LUX,2020-01-18,0
Luxembourg,LUX,2020-01-19,0
Luxembourg,LUX,2020-01-20,0
Luxembourg,LUX,2020-01-21,0
Luxembourg,LUX,2020-01-22,0
Luxembourg,LUX,2020-01-23,0
Luxembourg,LUX,2020-01-24,0
Luxembourg,LUX,2020-01-25,0
Luxembourg,LUX,2020-01-26,0
Luxembourg,LUX,2020-01-27,0
Luxembourg,LUX,2020-01-28,0
Luxembourg,LUX,2020-01-29,0
Luxembourg,LUX,2020-01-30,0
Luxembourg,LUX,2020-01-31,0
Luxembourg,LUX,2020-02-01,0
Luxembourg,LUX,2020-02-02,0
Luxembourg,LUX,2020-02-03,0
Luxembourg,LUX,2020-02-04,0
Luxembourg,LUX,2020-02-05,0
Luxembourg,LUX,2020-02-06,0
Luxembourg,LUX,2020-02-07,0
Luxembourg,LUX,2020-02-08,0
Luxembourg,LUX,2020-02-09,0
Luxembourg,LUX,2020-02-10,0
Luxembourg,LUX,2020-02-11,0
Luxembourg,LUX,2020-02-12,0
Luxembourg,LUX,2020-02-13,0
Luxembourg,LUX,2020-02-14,0
Luxembourg,LUX,2020-02-15,0
Luxembourg,LUX,2020-02-16,0
Luxembourg,LUX,2020-02-17,0
Luxembourg,LUX,2020-02-18,0
Luxembourg,LUX,2020-02-19,0
Luxembourg,LUX,2020-02-20,0
Luxembourg,LUX,2020-02-21,0
Luxembourg,LUX,2020-02-22,0
Luxembourg,LUX,2020-02-23,0
Luxembourg,LUX,2020-02-24,0
Luxembourg,LUX,2020-02-25,0
Luxembourg,LUX,2020-02-26,0
Luxembourg,LUX,2020-02-27,0
Luxembourg,LUX,2020-02-28,0
Luxembourg,LUX,2020-02-29,0
Luxembourg,LUX,2020-03-01,0
Luxembourg,LUX,2020-03-02,0
Luxembourg,LUX,2020-03-03,0
Luxembourg,LUX,2020-03-04,0
Luxembourg,LUX,2020-03-05,11.11
Luxembourg,LUX,2020-03-06,11.11
Luxembourg,LUX,2020-03-07,11.11
Luxembourg,LUX,2020-03-08,11.11
Luxembourg,LUX,2020-03-09,22.22
Luxembourg,LUX,2020-03-10,22.22
Luxembourg,LUX,2020-03-11,22.22
Luxembourg,LUX,2020-03-12,31.48
Luxembourg,LUX,2020-03-13,42.59
Luxembourg,LUX,2020-03-14,42.59
Luxembourg,LUX,2020-03-15,53.7
Luxembourg,LUX,2020-03-16,72.22
Luxembourg,LUX,2020-03-17,79.63
Luxembourg,LUX,2020-03-18,79.63
Luxembourg,LUX,2020-03-19,79.63
Luxembourg,LUX,2020-03-20,79.63
Luxembourg,LUX,2020-03-21,79.63
Luxembourg,LUX,2020-03-22,79.63
Luxembourg,LUX,2020-03-23,79.63
Luxembourg,LUX,2020-03-24,79.63
Luxembourg,LUX,2020-03-25,79.63
Luxembourg,LUX,2020-03-26,79.63
Luxembourg,LUX,2020-03-27,79.63
Luxembourg,LUX,2020-03-28,79.63
Luxembourg,LUX,2020-03-29,79.63
Luxembourg,LUX,2020-03-30,79.63
Luxembourg,LUX,2020-03-31,79.63
Luxembourg,LUX,2020-04-01,79.63
Luxembourg,LUX,2020-04-02,79.63
Luxembourg,LUX,2020-04-03,79.63
Luxembourg,LUX,2020-04-04,79.63
Luxembourg,LUX,2020-04-05,79.63
Luxembourg,LUX,2020-04-06,79.63
Luxembourg,LUX,2020-04-07,79.63
Luxembourg,LUX,2020-04-08,79.63
Luxembourg,LUX,2020-04-09,79.63
Luxembourg,LUX,2020-04-10,79.63
Luxembourg,LUX,2020-04-11,79.63
Luxembourg,LUX,2020-04-12,79.63
Luxembourg,LUX,2020-04-13,79.63
Luxembourg,LUX,2020-04-14,79.63
Luxembourg,LUX,2020-04-15,79.63
Luxembourg,LUX,2020-04-16,79.63
Luxembourg,LUX,2020-04-17,79.63
Luxembourg,LUX,2020-04-18,79.63
Luxembourg,LUX,2020-04-19,79.63
Luxembourg,LUX,2020-04-20,70.37
Luxembourg,LUX,2020-04-21,70.37
Luxembourg,LUX,2020-04-22,70.37
Luxembourg,LUX,2020-04-23,70.37
Luxembourg,LUX,2020-04-24,70.37
Luxembourg,LUX,2020-04-25,70.37
Luxembourg,LUX,2020-04-26,70.37
Luxembourg,LUX,2020-04-27,70.37
Luxembourg,LUX,2020-04-28,70.37
Luxembourg,LUX,2020-04-29,70.37
Luxembourg,LUX,2020-04-30,70.37
Luxembourg,LUX,2020-05-01,70.37
Luxembourg,LUX,2020-05-02,70.37
Luxembourg,LUX,2020-05-03,70.37
Luxembourg,LUX,2020-05-04,66.67
Luxembourg,LUX,2020-05-05,66.67
Luxembourg,LUX,2020-05-06,66.67
Luxembourg,LUX,2020-05-07,66.67
Luxembourg,LUX,2020-05-08,66.67
Luxembourg,LUX,2020-05-09,66.67
Luxembourg,LUX,2020-05-10,66.67
Luxembourg,LUX,2020-05-11,56.48
Luxembourg,LUX,2020-05-12,56.48
Luxembourg,LUX,2020-05-13,56.48
Luxembourg,LUX,2020-05-14,56.48
Luxembourg,LUX,2020-05-15,56.48
Luxembourg,LUX,2020-05-16,56.48
Luxembourg,LUX,2020-05-17,56.48
Luxembourg,LUX,2020-05-18,56.48
Luxembourg,LUX,2020-05-19,56.48
Luxembourg,LUX,2020-05-20,56.48
Luxembourg,LUX,2020-05-21,56.48
Luxembourg,LUX,2020-05-22,56.48
Luxembourg,LUX,2020-05-23,56.48
Luxembourg,LUX,2020-05-24,56.48
Luxembourg,LUX,2020-05-25,47.22
Luxembourg,LUX,2020-05-26,47.22
Luxembourg,LUX,2020-05-27,47.22
Luxembourg,LUX,2020-05-28,47.22
Luxembourg,LUX,2020-05-29,47.22
Luxembourg,LUX,2020-05-30,47.22
Luxembourg,LUX,2020-05-31,47.22
Luxembourg,LUX,2020-06-01,47.22
Luxembourg,LUX,2020-06-02,47.22
Luxembourg,LUX,2020-06-03,47.22
Luxembourg,LUX,2020-06-04,47.22
Luxembourg,LUX,2020-06-05,47.22
Luxembourg,LUX,2020-06-06,47.22
Luxembourg,LUX,2020-06-07,47.22
Luxembourg,LUX,2020-06-08,47.22
Luxembourg,LUX,2020-06-09,47.22
Luxembourg,LUX,2020-06-10,47.22
Luxembourg,LUX,2020-06-11,41.67
Luxembourg,LUX,2020-06-12,41.67
Luxembourg,LUX,2020-06-13,41.67
Luxembourg,LUX,2020-06-14,41.67
Luxembourg,LUX,2020-06-15,41.67
Luxembourg,LUX,2020-06-16,41.67
Luxembourg,LUX,2020-06-17,41.67
Luxembourg,LUX,2020-06-18,41.67
Luxembourg,LUX,2020-06-19,41.67
Luxembourg,LUX,2020-06-20,41.67
Luxembourg,LUX,2020-06-21,41.67
Luxembourg,LUX,2020-06-22,41.67
Luxembourg,LUX,2020-06-23,41.67
Luxembourg,LUX,2020-06-24,41.67
Luxembourg,LUX,2020-06-25,41.67
Luxembourg,LUX,2020-06-26,27.78
Luxembourg,LUX,2020-06-27,27.78
Luxembourg,LUX,2020-06-28,27.78
Luxembourg,LUX,2020-06-29,27.78
Luxembourg,LUX,2020-06-30,27.78
Luxembourg,LUX,2020-07-01,27.78
Luxembourg,LUX,2020-07-02,27.78
Luxembourg,LUX,2020-07-03,27.78
Luxembourg,LUX,2020-07-04,27.78
Luxembourg,LUX,2020-07-05,27.78
Luxembourg,LUX,2020-07-06,27.78
Luxembourg,LUX,2020-07-07,27.78
Luxembourg,LUX,2020-07-08,27.78
Luxembourg,LUX,2020-07-09,27.78
Luxembourg,LUX,2020-07-10,27.78
Luxembourg,LUX,2020-07-11,27.78
Luxembourg,LUX,2020-07-12,27.78
Luxembourg,LUX,2020-07-13,27.78
Luxembourg,LUX,2020-07-14,27.78
Luxembourg,LUX,2020-07-15,27.78
Luxembourg,LUX,2020-07-16,14.81
Luxembourg,LUX,2020-07-17,14.81
Luxembourg,LUX,2020-07-18,14.81
Luxembourg,LUX,2020-07-19,23.15
Luxembourg,LUX,2020-07-20,23.15
Luxembourg,LUX,2020-07-21,23.15
Luxembourg,LUX,2020-07-22,23.15
Luxembourg,LUX,2020-07-23,23.15
Luxembourg,LUX,2020-07-24,23.15
Luxembourg,LUX,2020-07-25,23.15
Luxembourg,LUX,2020-07-26,23.15
Luxembourg,LUX,2020-07-27,23.15
Luxembourg,LUX,2020-07-28,25.93
Luxembourg,LUX,2020-07-29,25.93
Luxembourg,LUX,2020-07-30,25.93
Luxembourg,LUX,2020-07-31,25.93
Luxembourg,LUX,2020-08-01,25.93
Luxembourg,LUX,2020-08-02,25.93
Luxembourg,LUX,2020-08-03,25.93
Luxembourg,LUX,2020-08-04,25.93
Luxembourg,LUX,2020-08-05,25.93
Luxembourg,LUX,2020-08-06,25.93
Luxembourg,LUX,2020-08-07,35.19
Luxembourg,LUX,2020-08-08,35.19
Luxembourg,LUX,2020-08-09,35.19
Luxembourg,LUX,2020-08-10,35.19
Luxembourg,LUX,2020-08-11,35.19
Luxembourg,LUX,2020-08-12,37.96
Luxembourg,LUX,2020-08-13,37.96
Luxembourg,LUX,2020-08-14,37.96
Luxembourg,LUX,2020-08-15,37.96
Luxembourg,LUX,2020-08-16,37.96
Luxembourg,LUX,2020-08-17,37.96
Luxembourg,LUX,2020-08-18,37.96
Luxembourg,LUX,2020-08-19,37.96
Luxembourg,LUX,2020-08-20,37.96
Luxembourg,LUX,2020-08-21,43.52
Luxembourg,LUX,2020-08-22,43.52
Luxembourg,LUX,2020-08-23,43.52
Luxembourg,LUX,2020-08-24,43.52
Luxembourg,LUX,2020-08-25,47.22
Luxembourg,LUX,2020-08-26,47.22
Luxembourg,LUX,2020-08-27,47.22
Luxembourg,LUX,2020-08-28,47.22
Luxembourg,LUX,2020-08-29,47.22
Luxembourg,LUX,2020-08-30,47.22
Luxembourg,LUX,2020-08-31,47.22
Luxembourg,LUX,2020-09-01,47.22
Luxembourg,LUX,2020-09-02,47.22
Luxembourg,LUX,2020-09-03,47.22
Luxembourg,LUX,2020-09-04,47.22
Luxembourg,LUX,2020-09-05,47.22
Luxembourg,LUX,2020-09-06,47.22
Luxembourg,LUX,2020-09-07,47.22
Luxembourg,LUX,2020-09-08,47.22
Luxembourg,LUX,2020-09-09,47.22
Luxembourg,LUX,2020-09-10,47.22
Luxembourg,LUX,2020-09-11,47.22
Luxembourg,LUX,2020-09-12,47.22
Luxembourg,LUX,2020-09-13,44.44
Luxembourg,LUX,2020-09-14,44.44
Luxembourg,LUX,2020-09-15,44.44
Luxembourg,LUX,2020-09-16,44.44
Luxembourg,LUX,2020-09-17,44.44
Luxembourg,LUX,2020-09-18,44.44
Luxembourg,LUX,2020-09-19,44.44
Luxembourg,LUX,2020-09-20,44.44
Luxembourg,LUX,2020-09-21,44.44
Luxembourg,LUX,2020-09-22,44.44
Luxembourg,LUX,2020-09-23,44.44
Luxembourg,LUX,2020-09-24,44.44
Luxembourg,LUX,2020-09-25,44.44
Luxembourg,LUX,2020-09-26,47.22
Luxembourg,LUX,2020-09-27,47.22
Luxembourg,LUX,2020-09-28,47.22
Luxembourg,LUX,2020-09-29,47.22
Luxembourg,LUX,2020-09-30,47.22
Luxembourg,LUX,2020-10-01,47.22
Luxembourg,LUX,2020-10-02,47.22
Luxembourg,LUX,2020-10-03,47.22
Luxembourg,LUX,2020-10-04,47.22
Luxembourg,LUX,2020-10-05,47.22
Luxembourg,LUX,2020-10-06,47.22
Luxembourg,LUX,2020-10-07,47.22
Luxembourg,LUX,2020-10-08,47.22
Luxembourg,LUX,2020-10-09,47.22
Luxembourg,LUX,2020-10-10,47.22
Luxembourg,LUX,2020-10-11,47.22
Luxembourg,LUX,2020-10-12,47.22
Luxembourg,LUX,2020-10-13,47.22
Luxembourg,LUX,2020-10-14,47.22
Luxembourg,LUX,2020-10-15,47.22
Luxembourg,LUX,2020-10-16,47.22
Luxembourg,LUX,2020-10-17,47.22
Luxembourg,LUX,2020-10-18,47.22
Luxembourg,LUX,2020-10-19,47.22
Luxembourg,LUX,2020-10-20,52.78
Luxembourg,LUX,2020-10-21,52.78
Luxembourg,LUX,2020-10-22,52.78
Luxembourg,LUX,2020-10-23,52.78
Luxembourg,LUX,2020-10-24,52.78
Luxembourg,LUX,2020-10-25,52.78
Luxembourg,LUX,2020-10-26,52.78
Luxembourg,LUX,2020-10-27,52.78
Luxembourg,LUX,2020-10-28,52.78
Luxembourg,LUX,2020-10-29,52.78
Luxembourg,LUX,2020-10-30,56.48
Luxembourg,LUX,2020-10-31,56.48
Luxembourg,LUX,2020-11-01,56.48
Luxembourg,LUX,2020-11-02,56.48
Luxembourg,LUX,2020-11-03,56.48
Luxembourg,LUX,2020-11-04,56.48
Luxembourg,LUX,2020-11-05,56.48
Luxembourg,LUX,2020-11-06,56.48
Luxembourg,LUX,2020-11-07,56.48
Luxembourg,LUX,2020-11-08,56.48
Luxembourg,LUX,2020-11-09,56.48
Luxembourg,LUX,2020-11-10,56.48
Luxembourg,LUX,2020-11-11,56.48
Luxembourg,LUX,2020-11-12,56.48
Luxembourg,LUX,2020-11-13,56.48
Luxembourg,LUX,2020-11-14,56.48
Luxembourg,LUX,2020-11-15,56.48
Luxembourg,LUX,2020-11-16,56.48
Luxembourg,LUX,2020-11-17,56.48
Luxembourg,LUX,2020-11-18,56.48
Luxembourg,LUX,2020-11-19,56.48
Luxembourg,LUX,2020-11-20,56.48
Luxembourg,LUX,2020-11-21,56.48
Luxembourg,LUX,2020-11-22,56.48
Luxembourg,LUX,2020-11-23,56.48
Luxembourg,LUX,2020-11-24,56.48
Luxembourg,LUX,2020-11-25,56.48
Luxembourg,LUX,2020-11-26,60.19
Luxembourg,LUX,2020-11-27,60.19
Luxembourg,LUX,2020-11-28,60.19
Luxembourg,LUX,2020-11-29,60.19
Luxembourg,LUX,2020-11-30,60.19
Luxembourg,LUX,2020-12-01,76.85
Luxembourg,LUX,2020-12-02,76.85
Luxembourg,LUX,2020-12-03,76.85
Luxembourg,LUX,2020-12-04,76.85
Luxembourg,LUX,2020-12-05,76.85
Luxembourg,LUX,2020-12-06,76.85
Luxembourg,LUX,2020-12-07,76.85
Luxembourg,LUX,2020-12-08,76.85
Luxembourg,LUX,2020-12-09,76.85
Luxembourg,LUX,2020-12-10,76.85
Luxembourg,LUX,2020-12-11,76.85
Luxembourg,LUX,2020-12-12,76.85
Luxembourg,LUX,2020-12-13,76.85
Luxembourg,LUX,2020-12-14,73.15
Luxembourg,LUX,2020-12-15,73.15
Luxembourg,LUX,2020-12-16,73.15
Luxembourg,LUX,2020-12-17,73.15
Luxembourg,LUX,2020-12-18,73.15
Luxembourg,LUX,2020-12-19,73.15
Luxembourg,LUX,2020-12-20,73.15
Luxembourg,LUX,2020-12-21,73.15
Luxembourg,LUX,2020-12-22,73.15
Luxembourg,LUX,2020-12-23,73.15
Luxembourg,LUX,2020-12-24,73.15
Luxembourg,LUX,2020-12-25,73.15
Luxembourg,LUX,2020-12-26,73.15
Luxembourg,LUX,2020-12-27,73.15
Luxembourg,LUX,2020-12-28,80.56
Luxembourg,LUX,2020-12-29,80.56
Luxembourg,LUX,2020-12-30,80.56
Luxembourg,LUX,2020-12-31,80.56
Luxembourg,LUX,2021-01-01,80.56
Luxembourg,LUX,2021-01-02,80.56
Luxembourg,LUX,2021-01-03,80.56
Luxembourg,LUX,2021-01-04,72.22
Luxembourg,LUX,2021-01-05,72.22
Luxembourg,LUX,2021-01-06,72.22
Luxembourg,LUX,2021-01-07,72.22
Luxembourg,LUX,2021-01-08,72.22
Luxembourg,LUX,2021-01-09,72.22
Luxembourg,LUX,2021-01-10,72.22
Luxembourg,LUX,2021-01-11,64.81
Luxembourg,LUX,2021-01-12,64.81
Luxembourg,LUX,2021-01-13,64.81
Luxembourg,LUX,2021-01-14,64.81
Luxembourg,LUX,2021-01-15,64.81
Luxembourg,LUX,2021-01-16,64.81
Luxembourg,LUX,2021-01-17,64.81
Luxembourg,LUX,2021-01-18,64.81
Luxembourg,LUX,2021-01-19,64.81
Luxembourg,LUX,2021-01-20,57.41
Luxembourg,LUX,2021-01-21,57.41
Luxembourg,LUX,2021-01-22,57.41
Luxembourg,LUX,2021-01-23,57.41
Luxembourg,LUX,2021-01-24,57.41
Luxembourg,LUX,2021-01-25,57.41
Luxembourg,LUX,2021-01-26,57.41
Luxembourg,LUX,2021-01-27,57.41
Luxembourg,LUX,2021-01-28,57.41
Luxembourg,LUX,2021-01-29,57.41
Luxembourg,LUX,2021-01-30,57.41
Luxembourg,LUX,2021-01-31,57.41
Luxembourg,LUX,2021-02-01,57.41
Luxembourg,LUX,2021-02-02,57.41
Luxembourg,LUX,2021-02-03,57.41
Luxembourg,LUX,2021-02-04,57.41
Luxembourg,LUX,2021-02-05,57.41
Luxembourg,LUX,2021-02-06,57.41
Luxembourg,LUX,2021-02-07,57.41
Luxembourg,LUX,2021-02-08,61.11
Luxembourg,LUX,2021-02-09,61.11
Luxembourg,LUX,2021-02-10,61.11
Luxembourg,LUX,2021-02-11,61.11
Luxembourg,LUX,2021-02-12,61.11
Luxembourg,LUX,2021-02-13,61.11
Luxembourg,LUX,2021-02-14,61.11
Luxembourg,LUX,2021-02-15,61.11
Luxembourg,LUX,2021-02-16,61.11
Luxembourg,LUX,2021-02-17,61.11
Luxembourg,LUX,2021-02-18,61.11
Luxembourg,LUX,2021-02-19,61.11
Luxembourg,LUX,2021-02-20,61.11
Luxembourg,LUX,2021-02-21,61.11
Luxembourg,LUX,2021-02-22,61.11
Luxembourg,LUX,2021-02-23,61.11
Luxembourg,LUX,2021-02-24,61.11
Luxembourg,LUX,2021-02-25,61.11
Luxembourg,LUX,2021-02-26,61.11
Luxembourg,LUX,2021-02-27,61.11
Luxembourg,LUX,2021-02-28,61.11
Luxembourg,LUX,2021-03-01,61.11
Macao,MAC,2020-01-01,11.11
Macao,MAC,2020-01-02,11.11
Macao,MAC,2020-01-03,11.11
Macao,MAC,2020-01-04,11.11
Macao,MAC,2020-01-05,11.11
Macao,MAC,2020-01-06,13.89
Macao,MAC,2020-01-07,13.89
Macao,MAC,2020-01-08,13.89
Macao,MAC,2020-01-09,13.89
Macao,MAC,2020-01-10,13.89
Macao,MAC,2020-01-11,13.89
Macao,MAC,2020-01-12,13.89
Macao,MAC,2020-01-13,13.89
Macao,MAC,2020-01-14,13.89
Macao,MAC,2020-01-15,13.89
Macao,MAC,2020-01-16,13.89
Macao,MAC,2020-01-17,13.89
Macao,MAC,2020-01-18,13.89
Macao,MAC,2020-01-19,13.89
Macao,MAC,2020-01-20,13.89
Macao,MAC,2020-01-21,13.89
Macao,MAC,2020-01-22,13.89
Macao,MAC,2020-01-23,25
Macao,MAC,2020-01-24,28.7
Macao,MAC,2020-01-25,28.7
Macao,MAC,2020-01-26,28.7
Macao,MAC,2020-01-27,28.7
Macao,MAC,2020-01-28,28.7
Macao,MAC,2020-01-29,28.7
Macao,MAC,2020-01-30,36.11
Macao,MAC,2020-01-31,36.11
Macao,MAC,2020-02-01,36.11
Macao,MAC,2020-02-02,36.11
Macao,MAC,2020-02-03,43.52
Macao,MAC,2020-02-04,43.52
Macao,MAC,2020-02-05,43.52
Macao,MAC,2020-02-06,43.52
Macao,MAC,2020-02-07,43.52
Macao,MAC,2020-02-08,43.52
Macao,MAC,2020-02-09,43.52
Macao,MAC,2020-02-10,43.52
Macao,MAC,2020-02-11,43.52
Macao,MAC,2020-02-12,43.52
Macao,MAC,2020-02-13,43.52
Macao,MAC,2020-02-14,43.52
Macao,MAC,2020-02-15,43.52
Macao,MAC,2020-02-16,43.52
Macao,MAC,2020-02-17,46.3
Macao,MAC,2020-02-18,46.3
Macao,MAC,2020-02-19,46.3
Macao,MAC,2020-02-20,46.3
Macao,MAC,2020-02-21,46.3
Macao,MAC,2020-02-22,46.3
Macao,MAC,2020-02-23,46.3
Macao,MAC,2020-02-24,46.3
Macao,MAC,2020-02-25,46.3
Macao,MAC,2020-02-26,46.3
Macao,MAC,2020-02-27,46.3
Macao,MAC,2020-02-28,46.3
Macao,MAC,2020-02-29,46.3
Macao,MAC,2020-03-01,46.3
Macao,MAC,2020-03-02,38.89
Macao,MAC,2020-03-03,38.89
Macao,MAC,2020-03-04,38.89
Macao,MAC,2020-03-05,38.89
Macao,MAC,2020-03-06,38.89
Macao,MAC,2020-03-07,38.89
Macao,MAC,2020-03-08,38.89
Macao,MAC,2020-03-09,38.89
Macao,MAC,2020-03-10,38.89
Macao,MAC,2020-03-11,38.89
Macao,MAC,2020-03-12,38.89
Macao,MAC,2020-03-13,38.89
Macao,MAC,2020-03-14,38.89
Macao,MAC,2020-03-15,38.89
Macao,MAC,2020-03-16,38.89
Macao,MAC,2020-03-17,38.89
Macao,MAC,2020-03-18,41.67
Macao,MAC,2020-03-19,41.67
Macao,MAC,2020-03-20,41.67
Macao,MAC,2020-03-21,41.67
Macao,MAC,2020-03-22,41.67
Macao,MAC,2020-03-23,41.67
Macao,MAC,2020-03-24,41.67
Macao,MAC,2020-03-25,41.67
Macao,MAC,2020-03-26,41.67
Macao,MAC,2020-03-27,41.67
Macao,MAC,2020-03-28,41.67
Macao,MAC,2020-03-29,41.67
Macao,MAC,2020-03-30,41.67
Macao,MAC,2020-03-31,41.67
Macao,MAC,2020-04-01,41.67
Macao,MAC,2020-04-02,41.67
Macao,MAC,2020-04-03,41.67
Macao,MAC,2020-04-04,41.67
Macao,MAC,2020-04-05,41.67
Macao,MAC,2020-04-06,41.67
Macao,MAC,2020-04-07,41.67
Macao,MAC,2020-04-08,41.67
Macao,MAC,2020-04-09,41.67
Macao,MAC,2020-04-10,44.44
Macao,MAC,2020-04-11,44.44
Macao,MAC,2020-04-12,44.44
Macao,MAC,2020-04-13,44.44
Macao,MAC,2020-04-14,44.44
Macao,MAC,2020-04-15,44.44
Macao,MAC,2020-04-16,44.44
Macao,MAC,2020-04-17,44.44
Macao,MAC,2020-04-18,44.44
Macao,MAC,2020-04-19,44.44
Macao,MAC,2020-04-20,40.74
Macao,MAC,2020-04-21,40.74
Macao,MAC,2020-04-22,40.74
Macao,MAC,2020-04-23,40.74
Macao,MAC,2020-04-24,40.74
Macao,MAC,2020-04-25,40.74
Macao,MAC,2020-04-26,40.74
Macao,MAC,2020-04-27,40.74
Macao,MAC,2020-04-28,40.74
Macao,MAC,2020-04-29,40.74
Macao,MAC,2020-04-30,40.74
Macao,MAC,2020-05-01,40.74
Macao,MAC,2020-05-02,40.74
Macao,MAC,2020-05-03,40.74
Macao,MAC,2020-05-04,40.74
Macao,MAC,2020-05-05,40.74
Macao,MAC,2020-05-06,40.74
Macao,MAC,2020-05-07,40.74
Macao,MAC,2020-05-08,40.74
Macao,MAC,2020-05-09,40.74
Macao,MAC,2020-05-10,40.74
Macao,MAC,2020-05-11,37.96
Macao,MAC,2020-05-12,37.96
Macao,MAC,2020-05-13,37.96
Macao,MAC,2020-05-14,37.96
Macao,MAC,2020-05-15,37.96
Macao,MAC,2020-05-16,37.96
Macao,MAC,2020-05-17,37.96
Macao,MAC,2020-05-18,37.96
Macao,MAC,2020-05-19,37.96
Macao,MAC,2020-05-20,37.96
Macao,MAC,2020-05-21,37.96
Macao,MAC,2020-05-22,37.96
Macao,MAC,2020-05-23,37.96
Macao,MAC,2020-05-24,37.96
Macao,MAC,2020-05-25,37.96
Macao,MAC,2020-05-26,37.96
Macao,MAC,2020-05-27,37.96
Macao,MAC,2020-05-28,37.96
Macao,MAC,2020-05-29,37.96
Macao,MAC,2020-05-30,37.96
Macao,MAC,2020-05-31,37.96
Macao,MAC,2020-06-01,34.26
Macao,MAC,2020-06-02,34.26
Macao,MAC,2020-06-03,34.26
Macao,MAC,2020-06-04,34.26
Macao,MAC,2020-06-05,34.26
Macao,MAC,2020-06-06,34.26
Macao,MAC,2020-06-07,34.26
Macao,MAC,2020-06-08,34.26
Macao,MAC,2020-06-09,34.26
Macao,MAC,2020-06-10,34.26
Macao,MAC,2020-06-11,34.26
Macao,MAC,2020-06-12,34.26
Macao,MAC,2020-06-13,34.26
Macao,MAC,2020-06-14,34.26
Macao,MAC,2020-06-15,34.26
Macao,MAC,2020-06-16,34.26
Macao,MAC,2020-06-17,34.26
Macao,MAC,2020-06-18,34.26
Macao,MAC,2020-06-19,34.26
Macao,MAC,2020-06-20,34.26
Macao,MAC,2020-06-21,34.26
Macao,MAC,2020-06-22,34.26
Macao,MAC,2020-06-23,34.26
Macao,MAC,2020-06-24,34.26
Macao,MAC,2020-06-25,34.26
Macao,MAC,2020-06-26,23.15
Macao,MAC,2020-06-27,23.15
Macao,MAC,2020-06-28,23.15
Macao,MAC,2020-06-29,23.15
Macao,MAC,2020-06-30,23.15
Macao,MAC,2020-07-01,23.15
Macao,MAC,2020-07-02,23.15
Macao,MAC,2020-07-03,23.15
Macao,MAC,2020-07-04,23.15
Macao,MAC,2020-07-05,23.15
Macao,MAC,2020-07-06,23.15
Macao,MAC,2020-07-07,23.15
Macao,MAC,2020-07-08,23.15
Macao,MAC,2020-07-09,23.15
Macao,MAC,2020-07-10,23.15
Macao,MAC,2020-07-11,23.15
Macao,MAC,2020-07-12,23.15
Macao,MAC,2020-07-13,23.15
Macao,MAC,2020-07-14,23.15
Macao,MAC,2020-07-15,23.15
Macao,MAC,2020-07-16,23.15
Macao,MAC,2020-07-17,23.15
Macao,MAC,2020-07-18,23.15
Macao,MAC,2020-07-19,23.15
Macao,MAC,2020-07-20,23.15
Macao,MAC,2020-07-21,23.15
Macao,MAC,2020-07-22,23.15
Macao,MAC,2020-07-23,23.15
Macao,MAC,2020-07-24,23.15
Macao,MAC,2020-07-25,23.15
Macao,MAC,2020-07-26,23.15
Macao,MAC,2020-07-27,23.15
Macao,MAC,2020-07-28,23.15
Macao,MAC,2020-07-29,23.15
Macao,MAC,2020-07-30,23.15
Macao,MAC,2020-07-31,23.15
Macao,MAC,2020-08-01,23.15
Macao,MAC,2020-08-02,23.15
Macao,MAC,2020-08-03,23.15
Macao,MAC,2020-08-04,23.15
Macao,MAC,2020-08-05,23.15
Macao,MAC,2020-08-06,23.15
Macao,MAC,2020-08-07,23.15
Macao,MAC,2020-08-08,23.15
Macao,MAC,2020-08-09,23.15
Macao,MAC,2020-08-10,23.15
Macao,MAC,2020-08-11,23.15
Macao,MAC,2020-08-12,23.15
Macao,MAC,2020-08-13,23.15
Macao,MAC,2020-08-14,23.15
Macao,MAC,2020-08-15,23.15
Macao,MAC,2020-08-16,23.15
Macao,MAC,2020-08-17,23.15
Macao,MAC,2020-08-18,23.15
Macao,MAC,2020-08-19,23.15
Macao,MAC,2020-08-20,23.15
Macao,MAC,2020-08-21,23.15
Macao,MAC,2020-08-22,23.15
Macao,MAC,2020-08-23,23.15
Macao,MAC,2020-08-24,23.15
Macao,MAC,2020-08-25,23.15
Macao,MAC,2020-08-26,23.15
Macao,MAC,2020-08-27,23.15
Macao,MAC,2020-08-28,23.15
Macao,MAC,2020-08-29,23.15
Macao,MAC,2020-08-30,23.15
Macao,MAC,2020-08-31,23.15
Macao,MAC,2020-09-01,23.15
Macao,MAC,2020-09-02,23.15
Macao,MAC,2020-09-03,23.15
Macao,MAC,2020-09-04,23.15
Macao,MAC,2020-09-05,23.15
Macao,MAC,2020-09-06,23.15
Macao,MAC,2020-09-07,23.15
Macao,MAC,2020-09-08,23.15
Macao,MAC,2020-09-09,23.15
Macao,MAC,2020-09-10,23.15
Macao,MAC,2020-09-11,23.15
Macao,MAC,2020-09-12,23.15
Macao,MAC,2020-09-13,23.15
Macao,MAC,2020-09-14,23.15
Macao,MAC,2020-09-15,23.15
Macao,MAC,2020-09-16,23.15
Macao,MAC,2020-09-17,23.15
Macao,MAC,2020-09-18,23.15
Macao,MAC,2020-09-19,23.15
Macao,MAC,2020-09-20,23.15
Macao,MAC,2020-09-21,23.15
Macao,MAC,2020-09-22,23.15
Macao,MAC,2020-09-23,23.15
Macao,MAC,2020-09-24,23.15
Macao,MAC,2020-09-25,23.15
Macao,MAC,2020-09-26,23.15
Macao,MAC,2020-09-27,23.15
Macao,MAC,2020-09-28,23.15
Macao,MAC,2020-09-29,23.15
Macao,MAC,2020-09-30,23.15
Macao,MAC,2020-10-01,23.15
Macao,MAC,2020-10-02,23.15
Macao,MAC,2020-10-03,23.15
Macao,MAC,2020-10-04,23.15
Macao,MAC,2020-10-05,23.15
Macao,MAC,2020-10-06,23.15
Macao,MAC,2020-10-07,23.15
Macao,MAC,2020-10-08,23.15
Macao,MAC,2020-10-09,23.15
Macao,MAC,2020-10-10,23.15
Macao,MAC,2020-10-11,23.15
Macao,MAC,2020-10-12,23.15
Macao,MAC,2020-10-13,23.15
Macao,MAC,2020-10-14,23.15
Macao,MAC,2020-10-15,23.15
Macao,MAC,2020-10-16,23.15
Macao,MAC,2020-10-17,23.15
Macao,MAC,2020-10-18,23.15
Macao,MAC,2020-10-19,23.15
Macao,MAC,2020-10-20,23.15
Macao,MAC,2020-10-21,23.15
Macao,MAC,2020-10-22,23.15
Macao,MAC,2020-10-23,23.15
Macao,MAC,2020-10-24,23.15
Macao,MAC,2020-10-25,23.15
Macao,MAC,2020-10-26,23.15
Macao,MAC,2020-10-27,23.15
Macao,MAC,2020-10-28,23.15
Macao,MAC,2020-10-29,23.15
Macao,MAC,2020-10-30,23.15
Macao,MAC,2020-10-31,23.15
Macao,MAC,2020-11-01,23.15
Macao,MAC,2020-11-02,23.15
Macao,MAC,2020-11-03,23.15
Macao,MAC,2020-11-04,23.15
Macao,MAC,2020-11-05,23.15
Macao,MAC,2020-11-06,23.15
Macao,MAC,2020-11-07,23.15
Macao,MAC,2020-11-08,23.15
Macao,MAC,2020-11-09,23.15
Macao,MAC,2020-11-10,23.15
Macao,MAC,2020-11-11,23.15
Macao,MAC,2020-11-12,23.15
Macao,MAC,2020-11-13,23.15
Macao,MAC,2020-11-14,23.15
Macao,MAC,2020-11-15,23.15
Macao,MAC,2020-11-16,23.15
Macao,MAC,2020-11-17,23.15
Macao,MAC,2020-11-18,23.15
Macao,MAC,2020-11-19,23.15
Macao,MAC,2020-11-20,23.15
Macao,MAC,2020-11-21,23.15
Macao,MAC,2020-11-22,23.15
Macao,MAC,2020-11-23,23.15
Macao,MAC,2020-11-24,23.15
Macao,MAC,2020-11-25,23.15
Macao,MAC,2020-11-26,23.15
Macao,MAC,2020-11-27,23.15
Macao,MAC,2020-11-28,23.15
Macao,MAC,2020-11-29,23.15
Macao,MAC,2020-11-30,23.15
Macao,MAC,2020-12-01,23.15
Macao,MAC,2020-12-02,23.15
Macao,MAC,2020-12-03,23.15
Macao,MAC,2020-12-04,23.15
Macao,MAC,2020-12-05,23.15
Macao,MAC,2020-12-06,23.15
Macao,MAC,2020-12-07,23.15
Macao,MAC,2020-12-08,23.15
Macao,MAC,2020-12-09,23.15
Macao,MAC,2020-12-10,23.15
Macao,MAC,2020-12-11,23.15
Macao,MAC,2020-12-12,23.15
Macao,MAC,2020-12-13,23.15
Macao,MAC,2020-12-14,23.15
Macao,MAC,2020-12-15,23.15
Macao,MAC,2020-12-16,23.15
Macao,MAC,2020-12-17,23.15
Macao,MAC,2020-12-18,23.15
Macao,MAC,2020-12-19,23.15
Macao,MAC,2020-12-20,23.15
Macao,MAC,2020-12-21,23.15
Macao,MAC,2020-12-22,23.15
Macao,MAC,2020-12-23,23.15
Macao,MAC,2020-12-24,23.15
Macao,MAC,2020-12-25,23.15
Macao,MAC,2020-12-26,23.15
Macao,MAC,2020-12-27,23.15
Macao,MAC,2020-12-28,23.15
Macao,MAC,2020-12-29,23.15
Macao,MAC,2020-12-30,23.15
Macao,MAC,2020-12-31,23.15
Macao,MAC,2021-01-01,23.15
Macao,MAC,2021-01-02,23.15
Macao,MAC,2021-01-03,23.15
Macao,MAC,2021-01-04,23.15
Macao,MAC,2021-01-05,23.15
Macao,MAC,2021-01-06,23.15
Macao,MAC,2021-01-07,23.15
Macao,MAC,2021-01-08,23.15
Macao,MAC,2021-01-09,23.15
Macao,MAC,2021-01-10,23.15
Macao,MAC,2021-01-11,23.15
Macao,MAC,2021-01-12,23.15
Macao,MAC,2021-01-13,23.15
Macao,MAC,2021-01-14,23.15
Macao,MAC,2021-01-15,23.15
Macao,MAC,2021-01-16,23.15
Macao,MAC,2021-01-17,23.15
Macao,MAC,2021-01-18,23.15
Macao,MAC,2021-01-19,23.15
Macao,MAC,2021-01-20,23.15
Macao,MAC,2021-01-21,23.15
Macao,MAC,2021-01-22,23.15
Macao,MAC,2021-01-23,23.15
Macao,MAC,2021-01-24,23.15
Macao,MAC,2021-01-25,23.15
Macao,MAC,2021-01-26,23.15
Macao,MAC,2021-01-27,23.15
Macao,MAC,2021-01-28,23.15
Macao,MAC,2021-01-29,23.15
Macao,MAC,2021-01-30,23.15
Macao,MAC,2021-01-31,23.15
Macao,MAC,2021-02-01,23.15
Macao,MAC,2021-02-02,23.15
Macao,MAC,2021-02-03,23.15
Macao,MAC,2021-02-04,23.15
Macao,MAC,2021-02-05,23.15
Macao,MAC,2021-02-06,23.15
Macao,MAC,2021-02-07,23.15
Macao,MAC,2021-02-08,23.15
Macao,MAC,2021-02-09,23.15
Macao,MAC,2021-02-10,23.15
Macao,MAC,2021-02-11,23.15
Macao,MAC,2021-02-12,23.15
Macao,MAC,2021-02-13,23.15
Macao,MAC,2021-02-14,23.15
Macao,MAC,2021-02-15,23.15
Macao,MAC,2021-02-16,23.15
Macao,MAC,2021-02-17,23.15
Macao,MAC,2021-02-18,23.15
Macao,MAC,2021-02-19,23.15
Macao,MAC,2021-02-20,23.15
Macao,MAC,2021-02-21,23.15
Macao,MAC,2021-02-22,23.15
Macao,MAC,2021-02-23,23.15
Macao,MAC,2021-02-24,23.15
Macao,MAC,2021-02-25,23.15
Macao,MAC,2021-02-26,23.15
Macao,MAC,2021-02-27,23.15
Macao,MAC,2021-02-28,23.15
Macao,MAC,2021-03-01,23.15
Macao,MAC,2021-03-02,23.15
Macao,MAC,2021-03-03,23.15
Macao,MAC,2021-03-04,23.15
Macao,MAC,2021-03-05,23.15
Macao,MAC,2021-03-06,23.15
Macao,MAC,2021-03-07,23.15
Macao,MAC,2021-03-08,23.15
Madagascar,MDG,2020-01-01,0
Madagascar,MDG,2020-01-02,0
Madagascar,MDG,2020-01-03,0
Madagascar,MDG,2020-01-04,0
Madagascar,MDG,2020-01-05,0
Madagascar,MDG,2020-01-06,0
Madagascar,MDG,2020-01-07,0
Madagascar,MDG,2020-01-08,0
Madagascar,MDG,2020-01-09,0
Madagascar,MDG,2020-01-10,0
Madagascar,MDG,2020-01-11,0
Madagascar,MDG,2020-01-12,0
Madagascar,MDG,2020-01-13,0
Madagascar,MDG,2020-01-14,0
Madagascar,MDG,2020-01-15,0
Madagascar,MDG,2020-01-16,0
Madagascar,MDG,2020-01-17,0
Madagascar,MDG,2020-01-18,0
Madagascar,MDG,2020-01-19,0
Madagascar,MDG,2020-01-20,0
Madagascar,MDG,2020-01-21,0
Madagascar,MDG,2020-01-22,0
Madagascar,MDG,2020-01-23,0
Madagascar,MDG,2020-01-24,0
Madagascar,MDG,2020-01-25,0
Madagascar,MDG,2020-01-26,0
Madagascar,MDG,2020-01-27,0
Madagascar,MDG,2020-01-28,0
Madagascar,MDG,2020-01-29,0
Madagascar,MDG,2020-01-30,0
Madagascar,MDG,2020-01-31,0
Madagascar,MDG,2020-02-01,0
Madagascar,MDG,2020-02-02,0
Madagascar,MDG,2020-02-03,0
Madagascar,MDG,2020-02-04,0
Madagascar,MDG,2020-02-05,0
Madagascar,MDG,2020-02-06,0
Madagascar,MDG,2020-02-07,0
Madagascar,MDG,2020-02-08,0
Madagascar,MDG,2020-02-09,0
Madagascar,MDG,2020-02-10,0
Madagascar,MDG,2020-02-11,0
Madagascar,MDG,2020-02-12,0
Madagascar,MDG,2020-02-13,0
Madagascar,MDG,2020-02-14,0
Madagascar,MDG,2020-02-15,0
Madagascar,MDG,2020-02-16,0
Madagascar,MDG,2020-02-17,0
Madagascar,MDG,2020-02-18,0
Madagascar,MDG,2020-02-19,0
Madagascar,MDG,2020-02-20,0
Madagascar,MDG,2020-02-21,0
Madagascar,MDG,2020-02-22,0
Madagascar,MDG,2020-02-23,0
Madagascar,MDG,2020-02-24,0
Madagascar,MDG,2020-02-25,0
Madagascar,MDG,2020-02-26,0
Madagascar,MDG,2020-02-27,0
Madagascar,MDG,2020-02-28,0
Madagascar,MDG,2020-02-29,0
Madagascar,MDG,2020-03-01,0
Madagascar,MDG,2020-03-02,0
Madagascar,MDG,2020-03-03,0
Madagascar,MDG,2020-03-04,0
Madagascar,MDG,2020-03-05,0
Madagascar,MDG,2020-03-06,0
Madagascar,MDG,2020-03-07,0
Madagascar,MDG,2020-03-08,0
Madagascar,MDG,2020-03-09,0
Madagascar,MDG,2020-03-10,0
Madagascar,MDG,2020-03-11,0
Madagascar,MDG,2020-03-12,0
Madagascar,MDG,2020-03-13,0
Madagascar,MDG,2020-03-14,0
Madagascar,MDG,2020-03-15,8.33
Madagascar,MDG,2020-03-16,8.33
Madagascar,MDG,2020-03-17,8.33
Madagascar,MDG,2020-03-18,19.44
Madagascar,MDG,2020-03-19,19.44
Madagascar,MDG,2020-03-20,22.22
Madagascar,MDG,2020-03-21,82.41
Madagascar,MDG,2020-03-22,82.41
Madagascar,MDG,2020-03-23,91.67
Madagascar,MDG,2020-03-24,91.67
Madagascar,MDG,2020-03-25,91.67
Madagascar,MDG,2020-03-26,91.67
Madagascar,MDG,2020-03-27,91.67
Madagascar,MDG,2020-03-28,91.67
Madagascar,MDG,2020-03-29,91.67
Madagascar,MDG,2020-03-30,91.67
Madagascar,MDG,2020-03-31,91.67
Madagascar,MDG,2020-04-01,91.67
Madagascar,MDG,2020-04-02,91.67
Madagascar,MDG,2020-04-03,91.67
Madagascar,MDG,2020-04-04,91.67
Madagascar,MDG,2020-04-05,95.37
Madagascar,MDG,2020-04-06,95.37
Madagascar,MDG,2020-04-07,95.37
Madagascar,MDG,2020-04-08,95.37
Madagascar,MDG,2020-04-09,95.37
Madagascar,MDG,2020-04-10,95.37
Madagascar,MDG,2020-04-11,95.37
Madagascar,MDG,2020-04-12,95.37
Madagascar,MDG,2020-04-13,95.37
Madagascar,MDG,2020-04-14,95.37
Madagascar,MDG,2020-04-15,95.37
Madagascar,MDG,2020-04-16,95.37
Madagascar,MDG,2020-04-17,95.37
Madagascar,MDG,2020-04-18,95.37
Madagascar,MDG,2020-04-19,95.37
Madagascar,MDG,2020-04-20,72.22
Madagascar,MDG,2020-04-21,72.22
Madagascar,MDG,2020-04-22,70.37
Madagascar,MDG,2020-04-23,70.37
Madagascar,MDG,2020-04-24,70.37
Madagascar,MDG,2020-04-25,70.37
Madagascar,MDG,2020-04-26,70.37
Madagascar,MDG,2020-04-27,67.59
Madagascar,MDG,2020-04-28,67.59
Madagascar,MDG,2020-04-29,67.59
Madagascar,MDG,2020-04-30,67.59
Madagascar,MDG,2020-05-01,67.59
Madagascar,MDG,2020-05-02,67.59
Madagascar,MDG,2020-05-03,67.59
Madagascar,MDG,2020-05-04,67.59
Madagascar,MDG,2020-05-05,67.59
Madagascar,MDG,2020-05-06,67.59
Madagascar,MDG,2020-05-07,67.59
Madagascar,MDG,2020-05-08,67.59
Madagascar,MDG,2020-05-09,67.59
Madagascar,MDG,2020-05-10,67.59
Madagascar,MDG,2020-05-11,67.59
Madagascar,MDG,2020-05-12,70.37
Madagascar,MDG,2020-05-13,70.37
Madagascar,MDG,2020-05-14,70.37
Madagascar,MDG,2020-05-15,70.37
Madagascar,MDG,2020-05-16,70.37
Madagascar,MDG,2020-05-17,70.37
Madagascar,MDG,2020-05-18,70.37
Madagascar,MDG,2020-05-19,70.37
Madagascar,MDG,2020-05-20,70.37
Madagascar,MDG,2020-05-21,70.37
Madagascar,MDG,2020-05-22,70.37
Madagascar,MDG,2020-05-23,70.37
Madagascar,MDG,2020-05-24,70.37
Madagascar,MDG,2020-05-25,70.37
Madagascar,MDG,2020-05-26,70.37
Madagascar,MDG,2020-05-27,70.37
Madagascar,MDG,2020-05-28,70.37
Madagascar,MDG,2020-05-29,70.37
Madagascar,MDG,2020-05-30,70.37
Madagascar,MDG,2020-05-31,70.37
Madagascar,MDG,2020-06-01,70.37
Madagascar,MDG,2020-06-02,70.37
Madagascar,MDG,2020-06-03,70.37
Madagascar,MDG,2020-06-04,70.37
Madagascar,MDG,2020-06-05,70.37
Madagascar,MDG,2020-06-06,70.37
Madagascar,MDG,2020-06-07,70.37
Madagascar,MDG,2020-06-08,70.37
Madagascar,MDG,2020-06-09,70.37
Madagascar,MDG,2020-06-10,70.37
Madagascar,MDG,2020-06-11,70.37
Madagascar,MDG,2020-06-12,70.37
Madagascar,MDG,2020-06-13,70.37
Madagascar,MDG,2020-06-14,70.37
Madagascar,MDG,2020-06-15,70.37
Madagascar,MDG,2020-06-16,70.37
Madagascar,MDG,2020-06-17,70.37
Madagascar,MDG,2020-06-18,70.37
Madagascar,MDG,2020-06-19,70.37
Madagascar,MDG,2020-06-20,70.37
Madagascar,MDG,2020-06-21,70.37
Madagascar,MDG,2020-06-22,70.37
Madagascar,MDG,2020-06-23,70.37
Madagascar,MDG,2020-06-24,70.37
Madagascar,MDG,2020-06-25,70.37
Madagascar,MDG,2020-06-26,70.37
Madagascar,MDG,2020-06-27,68.98
Madagascar,MDG,2020-06-28,68.98
Madagascar,MDG,2020-06-29,68.98
Madagascar,MDG,2020-06-30,68.98
Madagascar,MDG,2020-07-01,68.98
Madagascar,MDG,2020-07-02,68.98
Madagascar,MDG,2020-07-03,68.98
Madagascar,MDG,2020-07-04,68.98
Madagascar,MDG,2020-07-05,68.98
Madagascar,MDG,2020-07-06,68.98
Madagascar,MDG,2020-07-07,68.98
Madagascar,MDG,2020-07-08,68.98
Madagascar,MDG,2020-07-09,68.98
Madagascar,MDG,2020-07-10,68.98
Madagascar,MDG,2020-07-11,68.98
Madagascar,MDG,2020-07-12,68.98
Madagascar,MDG,2020-07-13,68.98
Madagascar,MDG,2020-07-14,68.98
Madagascar,MDG,2020-07-15,68.98
Madagascar,MDG,2020-07-16,68.98
Madagascar,MDG,2020-07-17,68.98
Madagascar,MDG,2020-07-18,68.98
Madagascar,MDG,2020-07-19,68.98
Madagascar,MDG,2020-07-20,68.98
Madagascar,MDG,2020-07-21,68.98
Madagascar,MDG,2020-07-22,68.98
Madagascar,MDG,2020-07-23,68.98
Madagascar,MDG,2020-07-24,68.98
Madagascar,MDG,2020-07-25,68.98
Madagascar,MDG,2020-07-26,68.98
Madagascar,MDG,2020-07-27,68.98
Madagascar,MDG,2020-07-28,68.98
Madagascar,MDG,2020-07-29,68.98
Madagascar,MDG,2020-07-30,68.98
Madagascar,MDG,2020-07-31,68.98
Madagascar,MDG,2020-08-01,68.98
Madagascar,MDG,2020-08-02,68.98
Madagascar,MDG,2020-08-03,68.98
Madagascar,MDG,2020-08-04,68.98
Madagascar,MDG,2020-08-05,68.98
Madagascar,MDG,2020-08-06,68.98
Madagascar,MDG,2020-08-07,68.98
Madagascar,MDG,2020-08-08,68.98
Madagascar,MDG,2020-08-09,68.98
Madagascar,MDG,2020-08-10,67.59
Madagascar,MDG,2020-08-11,67.59
Madagascar,MDG,2020-08-12,67.59
Madagascar,MDG,2020-08-13,67.59
Madagascar,MDG,2020-08-14,65.74
Madagascar,MDG,2020-08-15,65.74
Madagascar,MDG,2020-08-16,65.74
Madagascar,MDG,2020-08-17,65.74
Madagascar,MDG,2020-08-18,65.74
Madagascar,MDG,2020-08-19,65.74
Madagascar,MDG,2020-08-20,65.74
Madagascar,MDG,2020-08-21,72.22
Madagascar,MDG,2020-08-22,72.22
Madagascar,MDG,2020-08-23,72.22
Madagascar,MDG,2020-08-24,72.22
Madagascar,MDG,2020-08-25,72.22
Madagascar,MDG,2020-08-26,72.22
Madagascar,MDG,2020-08-27,61.11
Madagascar,MDG,2020-08-28,61.11
Madagascar,MDG,2020-08-29,61.11
Madagascar,MDG,2020-08-30,61.11
Madagascar,MDG,2020-08-31,60.19
Madagascar,MDG,2020-09-01,60.19
Madagascar,MDG,2020-09-02,60.19
Madagascar,MDG,2020-09-03,60.19
Madagascar,MDG,2020-09-04,60.19
Madagascar,MDG,2020-09-05,60.19
Madagascar,MDG,2020-09-06,60.19
Madagascar,MDG,2020-09-07,60.19
Madagascar,MDG,2020-09-08,60.19
Madagascar,MDG,2020-09-09,60.19
Madagascar,MDG,2020-09-10,60.19
Madagascar,MDG,2020-09-11,58.33
Madagascar,MDG,2020-09-12,58.33
Madagascar,MDG,2020-09-13,58.33
Madagascar,MDG,2020-09-14,58.33
Madagascar,MDG,2020-09-15,58.33
Madagascar,MDG,2020-09-16,58.33
Madagascar,MDG,2020-09-17,58.33
Madagascar,MDG,2020-09-18,58.33
Madagascar,MDG,2020-09-19,58.33
Madagascar,MDG,2020-09-20,58.33
Madagascar,MDG,2020-09-21,58.33
Madagascar,MDG,2020-09-22,58.33
Madagascar,MDG,2020-09-23,58.33
Madagascar,MDG,2020-09-24,58.33
Madagascar,MDG,2020-09-25,58.33
Madagascar,MDG,2020-09-26,58.33
Madagascar,MDG,2020-09-27,58.33
Madagascar,MDG,2020-09-28,58.33
Madagascar,MDG,2020-09-29,58.33
Madagascar,MDG,2020-09-30,58.33
Madagascar,MDG,2020-10-01,50
Madagascar,MDG,2020-10-02,50
Madagascar,MDG,2020-10-03,50
Madagascar,MDG,2020-10-04,50
Madagascar,MDG,2020-10-05,44.44
Madagascar,MDG,2020-10-06,44.44
Madagascar,MDG,2020-10-07,44.44
Madagascar,MDG,2020-10-08,44.44
Madagascar,MDG,2020-10-09,44.44
Madagascar,MDG,2020-10-10,44.44
Madagascar,MDG,2020-10-11,44.44
Madagascar,MDG,2020-10-12,44.44
Madagascar,MDG,2020-10-13,48.15
Madagascar,MDG,2020-10-14,48.15
Madagascar,MDG,2020-10-15,48.15
Madagascar,MDG,2020-10-16,48.15
Madagascar,MDG,2020-10-17,48.15
Madagascar,MDG,2020-10-18,44.44
Madagascar,MDG,2020-10-19,40.74
Madagascar,MDG,2020-10-20,40.74
Madagascar,MDG,2020-10-21,40.74
Madagascar,MDG,2020-10-22,40.74
Madagascar,MDG,2020-10-23,40.74
Madagascar,MDG,2020-10-24,40.74
Madagascar,MDG,2020-10-25,40.74
Madagascar,MDG,2020-10-26,37.04
Madagascar,MDG,2020-10-27,37.04
Madagascar,MDG,2020-10-28,37.04
Madagascar,MDG,2020-10-29,37.04
Madagascar,MDG,2020-10-30,37.04
Madagascar,MDG,2020-10-31,37.04
Madagascar,MDG,2020-11-01,37.04
Madagascar,MDG,2020-11-02,37.04
Madagascar,MDG,2020-11-03,37.04
Madagascar,MDG,2020-11-04,37.04
Madagascar,MDG,2020-11-05,37.04
Madagascar,MDG,2020-11-06,37.04
Madagascar,MDG,2020-11-07,37.04
Madagascar,MDG,2020-11-08,37.04
Madagascar,MDG,2020-11-09,37.04
Madagascar,MDG,2020-11-10,37.04
Madagascar,MDG,2020-11-11,37.04
Madagascar,MDG,2020-11-12,37.04
Madagascar,MDG,2020-11-13,37.04
Madagascar,MDG,2020-11-14,37.04
Madagascar,MDG,2020-11-15,37.04
Madagascar,MDG,2020-11-16,37.04
Madagascar,MDG,2020-11-17,37.04
Madagascar,MDG,2020-11-18,37.04
Madagascar,MDG,2020-11-19,37.04
Madagascar,MDG,2020-11-20,37.04
Madagascar,MDG,2020-11-21,37.04
Madagascar,MDG,2020-11-22,37.04
Madagascar,MDG,2020-11-23,37.04
Madagascar,MDG,2020-11-24,37.04
Madagascar,MDG,2020-11-25,37.04
Madagascar,MDG,2020-11-26,37.04
Madagascar,MDG,2020-11-27,37.04
Madagascar,MDG,2020-11-28,37.04
Madagascar,MDG,2020-11-29,37.04
Madagascar,MDG,2020-11-30,37.04
Madagascar,MDG,2020-12-01,37.04
Madagascar,MDG,2020-12-02,37.04
Madagascar,MDG,2020-12-03,37.04
Madagascar,MDG,2020-12-04,37.04
Madagascar,MDG,2020-12-05,37.04
Madagascar,MDG,2020-12-06,37.04
Madagascar,MDG,2020-12-07,37.04
Madagascar,MDG,2020-12-08,37.04
Madagascar,MDG,2020-12-09,37.04
Madagascar,MDG,2020-12-10,37.04
Madagascar,MDG,2020-12-11,37.04
Madagascar,MDG,2020-12-12,37.04
Madagascar,MDG,2020-12-13,37.04
Madagascar,MDG,2020-12-14,37.04
Madagascar,MDG,2020-12-15,37.04
Madagascar,MDG,2020-12-16,37.04
Madagascar,MDG,2020-12-17,37.04
Madagascar,MDG,2020-12-18,37.04
Madagascar,MDG,2020-12-19,37.04
Madagascar,MDG,2020-12-20,37.04
Madagascar,MDG,2020-12-21,37.04
Madagascar,MDG,2020-12-22,37.04
Madagascar,MDG,2020-12-23,37.04
Madagascar,MDG,2020-12-24,37.04
Madagascar,MDG,2020-12-25,37.04
Madagascar,MDG,2020-12-26,37.04
Madagascar,MDG,2020-12-27,37.04
Madagascar,MDG,2020-12-28,37.04
Madagascar,MDG,2020-12-29,37.04
Madagascar,MDG,2020-12-30,37.04
Madagascar,MDG,2020-12-31,37.04
Madagascar,MDG,2021-01-01,37.04
Madagascar,MDG,2021-01-02,37.04
Madagascar,MDG,2021-01-03,37.04
Madagascar,MDG,2021-01-04,37.04
Madagascar,MDG,2021-01-05,37.04
Madagascar,MDG,2021-01-06,37.04
Madagascar,MDG,2021-01-07,37.04
Madagascar,MDG,2021-01-08,37.04
Madagascar,MDG,2021-01-09,37.04
Madagascar,MDG,2021-01-10,37.04
Madagascar,MDG,2021-01-11,37.04
Madagascar,MDG,2021-01-12,37.04
Madagascar,MDG,2021-01-13,37.04
Madagascar,MDG,2021-01-14,37.04
Madagascar,MDG,2021-01-15,37.04
Madagascar,MDG,2021-01-16,37.04
Madagascar,MDG,2021-01-17,37.04
Madagascar,MDG,2021-01-18,37.04
Madagascar,MDG,2021-01-19,37.04
Madagascar,MDG,2021-01-20,37.04
Madagascar,MDG,2021-01-21,37.04
Madagascar,MDG,2021-01-22,37.04
Madagascar,MDG,2021-01-23,37.04
Madagascar,MDG,2021-01-24,37.04
Madagascar,MDG,2021-01-25,37.04
Madagascar,MDG,2021-01-26,37.04
Madagascar,MDG,2021-01-27,37.04
Madagascar,MDG,2021-01-28,37.04
Madagascar,MDG,2021-01-29,37.04
Madagascar,MDG,2021-01-30,37.04
Madagascar,MDG,2021-01-31,37.04
Madagascar,MDG,2021-02-01,37.04
Madagascar,MDG,2021-02-02,37.04
Madagascar,MDG,2021-02-03,37.04
Madagascar,MDG,2021-02-04,37.04
Madagascar,MDG,2021-02-05,37.04
Madagascar,MDG,2021-02-06,37.04
Madagascar,MDG,2021-02-07,37.04
Madagascar,MDG,2021-02-08,37.04
Madagascar,MDG,2021-02-09,37.04
Madagascar,MDG,2021-02-10,37.04
Madagascar,MDG,2021-02-11,37.04
Madagascar,MDG,2021-02-12,37.04
Madagascar,MDG,2021-02-13,37.04
Madagascar,MDG,2021-02-14,37.04
Madagascar,MDG,2021-02-15,37.04
Madagascar,MDG,2021-02-16,37.04
Madagascar,MDG,2021-02-17,37.04
Madagascar,MDG,2021-02-18,37.04
Madagascar,MDG,2021-02-19,37.04
Madagascar,MDG,2021-02-20,37.04
Madagascar,MDG,2021-02-21,37.04
Madagascar,MDG,2021-02-22,37.04
Madagascar,MDG,2021-02-23,37.04
Madagascar,MDG,2021-02-24,37.04
Madagascar,MDG,2021-02-25,37.04
Madagascar,MDG,2021-02-26,37.04
Madagascar,MDG,2021-02-27,37.04
Madagascar,MDG,2021-02-28,37.04
Madagascar,MDG,2021-03-01,37.04
Madagascar,MDG,2021-03-02,37.04
Madagascar,MDG,2021-03-03,37.04
Madagascar,MDG,2021-03-04,37.04
Madagascar,MDG,2021-03-05,37.04
Madagascar,MDG,2021-03-06,37.04
Madagascar,MDG,2021-03-07,37.04
Madagascar,MDG,2021-03-08,37.04
Malawi,MWI,2020-01-01,0
Malawi,MWI,2020-01-02,0
Malawi,MWI,2020-01-03,0
Malawi,MWI,2020-01-04,0
Malawi,MWI,2020-01-05,0
Malawi,MWI,2020-01-06,0
Malawi,MWI,2020-01-07,0
Malawi,MWI,2020-01-08,0
Malawi,MWI,2020-01-09,0
Malawi,MWI,2020-01-10,0
Malawi,MWI,2020-01-11,0
Malawi,MWI,2020-01-12,0
Malawi,MWI,2020-01-13,0
Malawi,MWI,2020-01-14,0
Malawi,MWI,2020-01-15,0
Malawi,MWI,2020-01-16,0
Malawi,MWI,2020-01-17,0
Malawi,MWI,2020-01-18,0
Malawi,MWI,2020-01-19,0
Malawi,MWI,2020-01-20,0
Malawi,MWI,2020-01-21,0
Malawi,MWI,2020-01-22,0
Malawi,MWI,2020-01-23,0
Malawi,MWI,2020-01-24,0
Malawi,MWI,2020-01-25,0
Malawi,MWI,2020-01-26,0
Malawi,MWI,2020-01-27,0
Malawi,MWI,2020-01-28,0
Malawi,MWI,2020-01-29,0
Malawi,MWI,2020-01-30,0
Malawi,MWI,2020-01-31,0
Malawi,MWI,2020-02-01,0
Malawi,MWI,2020-02-02,0
Malawi,MWI,2020-02-03,0
Malawi,MWI,2020-02-04,0
Malawi,MWI,2020-02-05,0
Malawi,MWI,2020-02-06,0
Malawi,MWI,2020-02-07,0
Malawi,MWI,2020-02-08,0
Malawi,MWI,2020-02-09,0
Malawi,MWI,2020-02-10,0
Malawi,MWI,2020-02-11,5.56
Malawi,MWI,2020-02-12,5.56
Malawi,MWI,2020-02-13,5.56
Malawi,MWI,2020-02-14,5.56
Malawi,MWI,2020-02-15,5.56
Malawi,MWI,2020-02-16,5.56
Malawi,MWI,2020-02-17,5.56
Malawi,MWI,2020-02-18,5.56
Malawi,MWI,2020-02-19,5.56
Malawi,MWI,2020-02-20,5.56
Malawi,MWI,2020-02-21,5.56
Malawi,MWI,2020-02-22,5.56
Malawi,MWI,2020-02-23,5.56
Malawi,MWI,2020-02-24,5.56
Malawi,MWI,2020-02-25,5.56
Malawi,MWI,2020-02-26,5.56
Malawi,MWI,2020-02-27,5.56
Malawi,MWI,2020-02-28,5.56
Malawi,MWI,2020-02-29,5.56
Malawi,MWI,2020-03-01,5.56
Malawi,MWI,2020-03-02,5.56
Malawi,MWI,2020-03-03,5.56
Malawi,MWI,2020-03-04,5.56
Malawi,MWI,2020-03-05,5.56
Malawi,MWI,2020-03-06,5.56
Malawi,MWI,2020-03-07,11.11
Malawi,MWI,2020-03-08,11.11
Malawi,MWI,2020-03-09,11.11
Malawi,MWI,2020-03-10,11.11
Malawi,MWI,2020-03-11,11.11
Malawi,MWI,2020-03-12,11.11
Malawi,MWI,2020-03-13,11.11
Malawi,MWI,2020-03-14,11.11
Malawi,MWI,2020-03-15,11.11
Malawi,MWI,2020-03-16,11.11
Malawi,MWI,2020-03-17,11.11
Malawi,MWI,2020-03-18,11.11
Malawi,MWI,2020-03-19,11.11
Malawi,MWI,2020-03-20,41.67
Malawi,MWI,2020-03-21,41.67
Malawi,MWI,2020-03-22,41.67
Malawi,MWI,2020-03-23,52.78
Malawi,MWI,2020-03-24,52.78
Malawi,MWI,2020-03-25,52.78
Malawi,MWI,2020-03-26,52.78
Malawi,MWI,2020-03-27,52.78
Malawi,MWI,2020-03-28,52.78
Malawi,MWI,2020-03-29,52.78
Malawi,MWI,2020-03-30,52.78
Malawi,MWI,2020-03-31,52.78
Malawi,MWI,2020-04-01,52.78
Malawi,MWI,2020-04-02,52.78
Malawi,MWI,2020-04-03,52.78
Malawi,MWI,2020-04-04,56.48
Malawi,MWI,2020-04-05,56.48
Malawi,MWI,2020-04-06,56.48
Malawi,MWI,2020-04-07,56.48
Malawi,MWI,2020-04-08,56.48
Malawi,MWI,2020-04-09,56.48
Malawi,MWI,2020-04-10,56.48
Malawi,MWI,2020-04-11,56.48
Malawi,MWI,2020-04-12,56.48
Malawi,MWI,2020-04-13,56.48
Malawi,MWI,2020-04-14,56.48
Malawi,MWI,2020-04-15,56.48
Malawi,MWI,2020-04-16,56.48
Malawi,MWI,2020-04-17,56.48
Malawi,MWI,2020-04-18,60.19
Malawi,MWI,2020-04-19,60.19
Malawi,MWI,2020-04-20,60.19
Malawi,MWI,2020-04-21,60.19
Malawi,MWI,2020-04-22,60.19
Malawi,MWI,2020-04-23,60.19
Malawi,MWI,2020-04-24,60.19
Malawi,MWI,2020-04-25,60.19
Malawi,MWI,2020-04-26,60.19
Malawi,MWI,2020-04-27,60.19
Malawi,MWI,2020-04-28,60.19
Malawi,MWI,2020-04-29,60.19
Malawi,MWI,2020-04-30,60.19
Malawi,MWI,2020-05-01,60.19
Malawi,MWI,2020-05-02,60.19
Malawi,MWI,2020-05-03,60.19
Malawi,MWI,2020-05-04,60.19
Malawi,MWI,2020-05-05,60.19
Malawi,MWI,2020-05-06,60.19
Malawi,MWI,2020-05-07,60.19
Malawi,MWI,2020-05-08,60.19
Malawi,MWI,2020-05-09,60.19
Malawi,MWI,2020-05-10,60.19
Malawi,MWI,2020-05-11,60.19
Malawi,MWI,2020-05-12,60.19
Malawi,MWI,2020-05-13,60.19
Malawi,MWI,2020-05-14,60.19
Malawi,MWI,2020-05-15,60.19
Malawi,MWI,2020-05-16,60.19
Malawi,MWI,2020-05-17,60.19
Malawi,MWI,2020-05-18,60.19
Malawi,MWI,2020-05-19,60.19
Malawi,MWI,2020-05-20,60.19
Malawi,MWI,2020-05-21,60.19
Malawi,MWI,2020-05-22,60.19
Malawi,MWI,2020-05-23,60.19
Malawi,MWI,2020-05-24,60.19
Malawi,MWI,2020-05-25,60.19
Malawi,MWI,2020-05-26,60.19
Malawi,MWI,2020-05-27,60.19
Malawi,MWI,2020-05-28,60.19
Malawi,MWI,2020-05-29,60.19
Malawi,MWI,2020-05-30,60.19
Malawi,MWI,2020-05-31,60.19
Malawi,MWI,2020-06-01,60.19
Malawi,MWI,2020-06-02,60.19
Malawi,MWI,2020-06-03,60.19
Malawi,MWI,2020-06-04,60.19
Malawi,MWI,2020-06-05,60.19
Malawi,MWI,2020-06-06,60.19
Malawi,MWI,2020-06-07,60.19
Malawi,MWI,2020-06-08,60.19
Malawi,MWI,2020-06-09,60.19
Malawi,MWI,2020-06-10,60.19
Malawi,MWI,2020-06-11,60.19
Malawi,MWI,2020-06-12,60.19
Malawi,MWI,2020-06-13,60.19
Malawi,MWI,2020-06-14,60.19
Malawi,MWI,2020-06-15,60.19
Malawi,MWI,2020-06-16,60.19
Malawi,MWI,2020-06-17,60.19
Malawi,MWI,2020-06-18,60.19
Malawi,MWI,2020-06-19,60.19
Malawi,MWI,2020-06-20,60.19
Malawi,MWI,2020-06-21,60.19
Malawi,MWI,2020-06-22,60.19
Malawi,MWI,2020-06-23,60.19
Malawi,MWI,2020-06-24,60.19
Malawi,MWI,2020-06-25,60.19
Malawi,MWI,2020-06-26,60.19
Malawi,MWI,2020-06-27,60.19
Malawi,MWI,2020-06-28,60.19
Malawi,MWI,2020-06-29,60.19
Malawi,MWI,2020-06-30,60.19
Malawi,MWI,2020-07-01,60.19
Malawi,MWI,2020-07-02,60.19
Malawi,MWI,2020-07-03,60.19
Malawi,MWI,2020-07-04,60.19
Malawi,MWI,2020-07-05,60.19
Malawi,MWI,2020-07-06,60.19
Malawi,MWI,2020-07-07,60.19
Malawi,MWI,2020-07-08,60.19
Malawi,MWI,2020-07-09,60.19
Malawi,MWI,2020-07-10,60.19
Malawi,MWI,2020-07-11,60.19
Malawi,MWI,2020-07-12,60.19
Malawi,MWI,2020-07-13,60.19
Malawi,MWI,2020-07-14,60.19
Malawi,MWI,2020-07-15,60.19
Malawi,MWI,2020-07-16,60.19
Malawi,MWI,2020-07-17,60.19
Malawi,MWI,2020-07-18,60.19
Malawi,MWI,2020-07-19,60.19
Malawi,MWI,2020-07-20,60.19
Malawi,MWI,2020-07-21,60.19
Malawi,MWI,2020-07-22,60.19
Malawi,MWI,2020-07-23,60.19
Malawi,MWI,2020-07-24,60.19
Malawi,MWI,2020-07-25,60.19
Malawi,MWI,2020-07-26,60.19
Malawi,MWI,2020-07-27,60.19
Malawi,MWI,2020-07-28,60.19
Malawi,MWI,2020-07-29,60.19
Malawi,MWI,2020-07-30,60.19
Malawi,MWI,2020-07-31,60.19
Malawi,MWI,2020-08-01,60.19
Malawi,MWI,2020-08-02,60.19
Malawi,MWI,2020-08-03,60.19
Malawi,MWI,2020-08-04,60.19
Malawi,MWI,2020-08-05,60.19
Malawi,MWI,2020-08-06,60.19
Malawi,MWI,2020-08-07,60.19
Malawi,MWI,2020-08-08,64.81
Malawi,MWI,2020-08-09,64.81
Malawi,MWI,2020-08-10,64.81
Malawi,MWI,2020-08-11,64.81
Malawi,MWI,2020-08-12,64.81
Malawi,MWI,2020-08-13,64.81
Malawi,MWI,2020-08-14,64.81
Malawi,MWI,2020-08-15,64.81
Malawi,MWI,2020-08-16,64.81
Malawi,MWI,2020-08-17,64.81
Malawi,MWI,2020-08-18,64.81
Malawi,MWI,2020-08-19,64.81
Malawi,MWI,2020-08-20,64.81
Malawi,MWI,2020-08-21,64.81
Malawi,MWI,2020-08-22,64.81
Malawi,MWI,2020-08-23,64.81
Malawi,MWI,2020-08-24,64.81
Malawi,MWI,2020-08-25,64.81
Malawi,MWI,2020-08-26,64.81
Malawi,MWI,2020-08-27,64.81
Malawi,MWI,2020-08-28,64.81
Malawi,MWI,2020-08-29,64.81
Malawi,MWI,2020-08-30,64.81
Malawi,MWI,2020-08-31,64.81
Malawi,MWI,2020-09-01,59.26
Malawi,MWI,2020-09-02,59.26
Malawi,MWI,2020-09-03,59.26
Malawi,MWI,2020-09-04,59.26
Malawi,MWI,2020-09-05,59.26
Malawi,MWI,2020-09-06,59.26
Malawi,MWI,2020-09-07,55.56
Malawi,MWI,2020-09-08,55.56
Malawi,MWI,2020-09-09,55.56
Malawi,MWI,2020-09-10,55.56
Malawi,MWI,2020-09-11,55.56
Malawi,MWI,2020-09-12,55.56
Malawi,MWI,2020-09-13,55.56
Malawi,MWI,2020-09-14,55.56
Malawi,MWI,2020-09-15,55.56
Malawi,MWI,2020-09-16,55.56
Malawi,MWI,2020-09-17,55.56
Malawi,MWI,2020-09-18,54.63
Malawi,MWI,2020-09-19,54.63
Malawi,MWI,2020-09-20,54.63
Malawi,MWI,2020-09-21,54.63
Malawi,MWI,2020-09-22,54.63
Malawi,MWI,2020-09-23,54.63
Malawi,MWI,2020-09-24,54.63
Malawi,MWI,2020-09-25,54.63
Malawi,MWI,2020-09-26,54.63
Malawi,MWI,2020-09-27,54.63
Malawi,MWI,2020-09-28,54.63
Malawi,MWI,2020-09-29,54.63
Malawi,MWI,2020-09-30,54.63
Malawi,MWI,2020-10-01,54.63
Malawi,MWI,2020-10-02,54.63
Malawi,MWI,2020-10-03,54.63
Malawi,MWI,2020-10-04,54.63
Malawi,MWI,2020-10-05,54.63
Malawi,MWI,2020-10-06,54.63
Malawi,MWI,2020-10-07,54.63
Malawi,MWI,2020-10-08,54.63
Malawi,MWI,2020-10-09,54.63
Malawi,MWI,2020-10-10,54.63
Malawi,MWI,2020-10-11,54.63
Malawi,MWI,2020-10-12,54.63
Malawi,MWI,2020-10-13,50.93
Malawi,MWI,2020-10-14,50.93
Malawi,MWI,2020-10-15,50.93
Malawi,MWI,2020-10-16,50.93
Malawi,MWI,2020-10-17,50.93
Malawi,MWI,2020-10-18,50.93
Malawi,MWI,2020-10-19,50.93
Malawi,MWI,2020-10-20,50.93
Malawi,MWI,2020-10-21,50.93
Malawi,MWI,2020-10-22,50.93
Malawi,MWI,2020-10-23,50.93
Malawi,MWI,2020-10-24,50.93
Malawi,MWI,2020-10-25,50.93
Malawi,MWI,2020-10-26,50.93
Malawi,MWI,2020-10-27,50.93
Malawi,MWI,2020-10-28,50.93
Malawi,MWI,2020-10-29,50.93
Malawi,MWI,2020-10-30,50.93
Malawi,MWI,2020-10-31,50.93
Malawi,MWI,2020-11-01,50.93
Malawi,MWI,2020-11-02,50.93
Malawi,MWI,2020-11-03,50.93
Malawi,MWI,2020-11-04,50.93
Malawi,MWI,2020-11-05,50.93
Malawi,MWI,2020-11-06,50.93
Malawi,MWI,2020-11-07,50.93
Malawi,MWI,2020-11-08,50.93
Malawi,MWI,2020-11-09,50.93
Malawi,MWI,2020-11-10,50.93
Malawi,MWI,2020-11-11,50.93
Malawi,MWI,2020-11-12,50.93
Malawi,MWI,2020-11-13,50.93
Malawi,MWI,2020-11-14,50.93
Malawi,MWI,2020-11-15,50.93
Malawi,MWI,2020-11-16,50.93
Malawi,MWI,2020-11-17,50.93
Malawi,MWI,2020-11-18,50.93
Malawi,MWI,2020-11-19,50.93
Malawi,MWI,2020-11-20,50.93
Malawi,MWI,2020-11-21,50.93
Malawi,MWI,2020-11-22,50.93
Malawi,MWI,2020-11-23,50.93
Malawi,MWI,2020-11-24,50.93
Malawi,MWI,2020-11-25,50.93
Malawi,MWI,2020-11-26,50.93
Malawi,MWI,2020-11-27,50.93
Malawi,MWI,2020-11-28,50.93
Malawi,MWI,2020-11-29,50.93
Malawi,MWI,2020-11-30,50.93
Malawi,MWI,2020-12-01,50.93
Malawi,MWI,2020-12-02,50.93
Malawi,MWI,2020-12-03,50.93
Malawi,MWI,2020-12-04,50.93
Malawi,MWI,2020-12-05,50.93
Malawi,MWI,2020-12-06,50.93
Malawi,MWI,2020-12-07,50.93
Malawi,MWI,2020-12-08,50.93
Malawi,MWI,2020-12-09,50.93
Malawi,MWI,2020-12-10,50.93
Malawi,MWI,2020-12-11,50.93
Malawi,MWI,2020-12-12,50.93
Malawi,MWI,2020-12-13,50.93
Malawi,MWI,2020-12-14,50.93
Malawi,MWI,2020-12-15,50.93
Malawi,MWI,2020-12-16,50.93
Malawi,MWI,2020-12-17,50.93
Malawi,MWI,2020-12-18,50.93
Malawi,MWI,2020-12-19,50.93
Malawi,MWI,2020-12-20,50.93
Malawi,MWI,2020-12-21,50.93
Malawi,MWI,2020-12-22,50.93
Malawi,MWI,2020-12-23,48.15
Malawi,MWI,2020-12-24,48.15
Malawi,MWI,2020-12-25,48.15
Malawi,MWI,2020-12-26,48.15
Malawi,MWI,2020-12-27,48.15
Malawi,MWI,2020-12-28,48.15
Malawi,MWI,2020-12-29,48.15
Malawi,MWI,2020-12-30,48.15
Malawi,MWI,2020-12-31,48.15
Malawi,MWI,2021-01-01,48.15
Malawi,MWI,2021-01-02,48.15
Malawi,MWI,2021-01-03,48.15
Malawi,MWI,2021-01-04,48.15
Malawi,MWI,2021-01-05,48.15
Malawi,MWI,2021-01-06,48.15
Malawi,MWI,2021-01-07,48.15
Malawi,MWI,2021-01-08,48.15
Malawi,MWI,2021-01-09,48.15
Malawi,MWI,2021-01-10,48.15
Malawi,MWI,2021-01-11,48.15
Malawi,MWI,2021-01-13,16.67
Malawi,MWI,2021-01-14,16.67
Malawi,MWI,2021-01-15,16.67
Malawi,MWI,2021-01-16,16.67
Malawi,MWI,2021-01-17,51.85
Malawi,MWI,2021-01-18,51.85
Malawi,MWI,2021-01-19,51.85
Malawi,MWI,2021-01-20,51.85
Malawi,MWI,2021-01-21,51.85
Malawi,MWI,2021-01-22,51.85
Malawi,MWI,2021-01-23,51.85
Malawi,MWI,2021-01-24,51.85
Malawi,MWI,2021-01-25,51.85
Malawi,MWI,2021-01-26,51.85
Malawi,MWI,2021-01-27,51.85
Malawi,MWI,2021-01-28,51.85
Malawi,MWI,2021-01-29,51.85
Malawi,MWI,2021-01-30,51.85
Malawi,MWI,2021-01-31,51.85
Malawi,MWI,2021-02-01,51.85
Malawi,MWI,2021-02-02,51.85
Malawi,MWI,2021-02-03,51.85
Malawi,MWI,2021-02-04,51.85
Malawi,MWI,2021-02-05,51.85
Malawi,MWI,2021-02-06,51.85
Malawi,MWI,2021-02-07,51.85
Malawi,MWI,2021-02-08,51.85
Malawi,MWI,2021-02-09,51.85
Malawi,MWI,2021-02-10,51.85
Malawi,MWI,2021-02-11,51.85
Malawi,MWI,2021-02-12,51.85
Malawi,MWI,2021-02-13,51.85
Malawi,MWI,2021-02-14,51.85
Malawi,MWI,2021-02-15,51.85
Malawi,MWI,2021-02-16,51.85
Malawi,MWI,2021-02-17,51.85
Malawi,MWI,2021-02-18,51.85
Malawi,MWI,2021-02-19,51.85
Malawi,MWI,2021-02-20,51.85
Malawi,MWI,2021-02-21,51.85
Malawi,MWI,2021-02-22,40.74
Malawi,MWI,2021-02-23,40.74
Malawi,MWI,2021-02-24,40.74
Malawi,MWI,2021-02-25,40.74
Malawi,MWI,2021-02-26,40.74
Malawi,MWI,2021-02-27,40.74
Malawi,MWI,2021-02-28,40.74
Malawi,MWI,2021-03-01,40.74
Malawi,MWI,2021-03-02,40.74
Malawi,MWI,2021-03-03,40.74
Malawi,MWI,2021-03-04,40.74
Malawi,MWI,2021-03-05,40.74
Malawi,MWI,2021-03-06,40.74
Malawi,MWI,2021-03-07,40.74
Malawi,MWI,2021-03-08,40.74
Malaysia,MYS,2020-01-01,0
Malaysia,MYS,2020-01-02,0
Malaysia,MYS,2020-01-03,0
Malaysia,MYS,2020-01-04,0
Malaysia,MYS,2020-01-05,0
Malaysia,MYS,2020-01-06,0
Malaysia,MYS,2020-01-07,0
Malaysia,MYS,2020-01-08,0
Malaysia,MYS,2020-01-09,0
Malaysia,MYS,2020-01-10,0
Malaysia,MYS,2020-01-11,0
Malaysia,MYS,2020-01-12,0
Malaysia,MYS,2020-01-13,0
Malaysia,MYS,2020-01-14,0
Malaysia,MYS,2020-01-15,0
Malaysia,MYS,2020-01-16,11.11
Malaysia,MYS,2020-01-17,11.11
Malaysia,MYS,2020-01-18,11.11
Malaysia,MYS,2020-01-19,11.11
Malaysia,MYS,2020-01-20,11.11
Malaysia,MYS,2020-01-21,11.11
Malaysia,MYS,2020-01-22,11.11
Malaysia,MYS,2020-01-23,11.11
Malaysia,MYS,2020-01-24,11.11
Malaysia,MYS,2020-01-25,11.11
Malaysia,MYS,2020-01-26,11.11
Malaysia,MYS,2020-01-27,11.11
Malaysia,MYS,2020-01-28,11.11
Malaysia,MYS,2020-01-29,11.11
Malaysia,MYS,2020-01-30,19.44
Malaysia,MYS,2020-01-31,19.44
Malaysia,MYS,2020-02-01,19.44
Malaysia,MYS,2020-02-02,19.44
Malaysia,MYS,2020-02-03,19.44
Malaysia,MYS,2020-02-04,19.44
Malaysia,MYS,2020-02-05,19.44
Malaysia,MYS,2020-02-06,19.44
Malaysia,MYS,2020-02-07,19.44
Malaysia,MYS,2020-02-08,19.44
Malaysia,MYS,2020-02-09,19.44
Malaysia,MYS,2020-02-10,19.44
Malaysia,MYS,2020-02-11,19.44
Malaysia,MYS,2020-02-12,19.44
Malaysia,MYS,2020-02-13,19.44
Malaysia,MYS,2020-02-14,19.44
Malaysia,MYS,2020-02-15,19.44
Malaysia,MYS,2020-02-16,19.44
Malaysia,MYS,2020-02-17,19.44
Malaysia,MYS,2020-02-18,19.44
Malaysia,MYS,2020-02-19,19.44
Malaysia,MYS,2020-02-20,19.44
Malaysia,MYS,2020-02-21,19.44
Malaysia,MYS,2020-02-22,19.44
Malaysia,MYS,2020-02-23,19.44
Malaysia,MYS,2020-02-24,19.44
Malaysia,MYS,2020-02-25,19.44
Malaysia,MYS,2020-02-26,19.44
Malaysia,MYS,2020-02-27,19.44
Malaysia,MYS,2020-02-28,19.44
Malaysia,MYS,2020-02-29,19.44
Malaysia,MYS,2020-03-01,19.44
Malaysia,MYS,2020-03-02,19.44
Malaysia,MYS,2020-03-03,19.44
Malaysia,MYS,2020-03-04,19.44
Malaysia,MYS,2020-03-05,19.44
Malaysia,MYS,2020-03-06,19.44
Malaysia,MYS,2020-03-07,22.22
Malaysia,MYS,2020-03-08,22.22
Malaysia,MYS,2020-03-09,22.22
Malaysia,MYS,2020-03-10,22.22
Malaysia,MYS,2020-03-11,22.22
Malaysia,MYS,2020-03-12,27.78
Malaysia,MYS,2020-03-13,27.78
Malaysia,MYS,2020-03-14,38.89
Malaysia,MYS,2020-03-15,38.89
Malaysia,MYS,2020-03-16,38.89
Malaysia,MYS,2020-03-17,38.89
Malaysia,MYS,2020-03-18,73.15
Malaysia,MYS,2020-03-19,73.15
Malaysia,MYS,2020-03-20,73.15
Malaysia,MYS,2020-03-21,73.15
Malaysia,MYS,2020-03-22,73.15
Malaysia,MYS,2020-03-23,73.15
Malaysia,MYS,2020-03-24,73.15
Malaysia,MYS,2020-03-25,73.15
Malaysia,MYS,2020-03-26,73.15
Malaysia,MYS,2020-03-27,73.15
Malaysia,MYS,2020-03-28,73.15
Malaysia,MYS,2020-03-29,73.15
Malaysia,MYS,2020-03-30,73.15
Malaysia,MYS,2020-03-31,73.15
Malaysia,MYS,2020-04-01,73.15
Malaysia,MYS,2020-04-02,73.15
Malaysia,MYS,2020-04-03,73.15
Malaysia,MYS,2020-04-04,73.15
Malaysia,MYS,2020-04-05,73.15
Malaysia,MYS,2020-04-06,73.15
Malaysia,MYS,2020-04-07,73.15
Malaysia,MYS,2020-04-08,73.15
Malaysia,MYS,2020-04-09,73.15
Malaysia,MYS,2020-04-10,73.15
Malaysia,MYS,2020-04-11,73.15
Malaysia,MYS,2020-04-12,73.15
Malaysia,MYS,2020-04-13,73.15
Malaysia,MYS,2020-04-14,73.15
Malaysia,MYS,2020-04-15,73.15
Malaysia,MYS,2020-04-16,73.15
Malaysia,MYS,2020-04-17,73.15
Malaysia,MYS,2020-04-18,73.15
Malaysia,MYS,2020-04-19,73.15
Malaysia,MYS,2020-04-20,73.15
Malaysia,MYS,2020-04-21,73.15
Malaysia,MYS,2020-04-22,73.15
Malaysia,MYS,2020-04-23,73.15
Malaysia,MYS,2020-04-24,73.15
Malaysia,MYS,2020-04-25,73.15
Malaysia,MYS,2020-04-26,73.15
Malaysia,MYS,2020-04-27,73.15
Malaysia,MYS,2020-04-28,73.15
Malaysia,MYS,2020-04-29,73.15
Malaysia,MYS,2020-04-30,73.15
Malaysia,MYS,2020-05-01,73.15
Malaysia,MYS,2020-05-02,73.15
Malaysia,MYS,2020-05-03,73.15
Malaysia,MYS,2020-05-04,69.44
Malaysia,MYS,2020-05-05,69.44
Malaysia,MYS,2020-05-06,69.44
Malaysia,MYS,2020-05-07,69.44
Malaysia,MYS,2020-05-08,69.44
Malaysia,MYS,2020-05-09,69.44
Malaysia,MYS,2020-05-10,69.44
Malaysia,MYS,2020-05-11,69.44
Malaysia,MYS,2020-05-12,69.44
Malaysia,MYS,2020-05-13,69.44
Malaysia,MYS,2020-05-14,69.44
Malaysia,MYS,2020-05-15,69.44
Malaysia,MYS,2020-05-16,69.44
Malaysia,MYS,2020-05-17,69.44
Malaysia,MYS,2020-05-18,69.44
Malaysia,MYS,2020-05-19,69.44
Malaysia,MYS,2020-05-20,69.44
Malaysia,MYS,2020-05-21,69.44
Malaysia,MYS,2020-05-22,69.44
Malaysia,MYS,2020-05-23,75
Malaysia,MYS,2020-05-24,75
Malaysia,MYS,2020-05-25,75
Malaysia,MYS,2020-05-26,75
Malaysia,MYS,2020-05-27,75
Malaysia,MYS,2020-05-28,75
Malaysia,MYS,2020-05-29,75
Malaysia,MYS,2020-05-30,75
Malaysia,MYS,2020-05-31,75
Malaysia,MYS,2020-06-01,75
Malaysia,MYS,2020-06-02,75
Malaysia,MYS,2020-06-03,75
Malaysia,MYS,2020-06-04,75
Malaysia,MYS,2020-06-05,75
Malaysia,MYS,2020-06-06,75
Malaysia,MYS,2020-06-07,75
Malaysia,MYS,2020-06-08,75
Malaysia,MYS,2020-06-09,75
Malaysia,MYS,2020-06-10,57.41
Malaysia,MYS,2020-06-11,57.41
Malaysia,MYS,2020-06-12,57.41
Malaysia,MYS,2020-06-13,57.41
Malaysia,MYS,2020-06-14,57.41
Malaysia,MYS,2020-06-15,57.41
Malaysia,MYS,2020-06-16,57.41
Malaysia,MYS,2020-06-17,57.41
Malaysia,MYS,2020-06-18,57.41
Malaysia,MYS,2020-06-19,54.63
Malaysia,MYS,2020-06-20,54.63
Malaysia,MYS,2020-06-21,54.63
Malaysia,MYS,2020-06-22,54.63
Malaysia,MYS,2020-06-23,54.63
Malaysia,MYS,2020-06-24,50.93
Malaysia,MYS,2020-06-25,50.93
Malaysia,MYS,2020-06-26,50.93
Malaysia,MYS,2020-06-27,50.93
Malaysia,MYS,2020-06-28,50.93
Malaysia,MYS,2020-06-29,50.93
Malaysia,MYS,2020-06-30,50.93
Malaysia,MYS,2020-07-01,50.93
Malaysia,MYS,2020-07-02,50.93
Malaysia,MYS,2020-07-03,50.93
Malaysia,MYS,2020-07-04,50.93
Malaysia,MYS,2020-07-05,50.93
Malaysia,MYS,2020-07-06,50.93
Malaysia,MYS,2020-07-07,50.93
Malaysia,MYS,2020-07-08,50.93
Malaysia,MYS,2020-07-09,50.93
Malaysia,MYS,2020-07-10,50.93
Malaysia,MYS,2020-07-11,50.93
Malaysia,MYS,2020-07-12,50.93
Malaysia,MYS,2020-07-13,50.93
Malaysia,MYS,2020-07-14,50.93
Malaysia,MYS,2020-07-15,50.93
Malaysia,MYS,2020-07-16,50.93
Malaysia,MYS,2020-07-17,50.93
Malaysia,MYS,2020-07-18,50.93
Malaysia,MYS,2020-07-19,50.93
Malaysia,MYS,2020-07-20,50.93
Malaysia,MYS,2020-07-21,50.93
Malaysia,MYS,2020-07-22,47.22
Malaysia,MYS,2020-07-23,47.22
Malaysia,MYS,2020-07-24,47.22
Malaysia,MYS,2020-07-25,47.22
Malaysia,MYS,2020-07-26,47.22
Malaysia,MYS,2020-07-27,47.22
Malaysia,MYS,2020-07-28,47.22
Malaysia,MYS,2020-07-29,47.22
Malaysia,MYS,2020-07-30,47.22
Malaysia,MYS,2020-07-31,47.22
Malaysia,MYS,2020-08-01,47.22
Malaysia,MYS,2020-08-02,47.22
Malaysia,MYS,2020-08-03,57.41
Malaysia,MYS,2020-08-04,57.41
Malaysia,MYS,2020-08-05,57.41
Malaysia,MYS,2020-08-06,57.41
Malaysia,MYS,2020-08-07,57.41
Malaysia,MYS,2020-08-08,57.41
Malaysia,MYS,2020-08-09,57.41
Malaysia,MYS,2020-08-10,57.41
Malaysia,MYS,2020-08-11,57.41
Malaysia,MYS,2020-08-12,57.41
Malaysia,MYS,2020-08-13,57.41
Malaysia,MYS,2020-08-14,57.41
Malaysia,MYS,2020-08-15,57.41
Malaysia,MYS,2020-08-16,57.41
Malaysia,MYS,2020-08-17,57.41
Malaysia,MYS,2020-08-18,57.41
Malaysia,MYS,2020-08-19,57.41
Malaysia,MYS,2020-08-20,57.41
Malaysia,MYS,2020-08-21,57.41
Malaysia,MYS,2020-08-22,57.41
Malaysia,MYS,2020-08-23,57.41
Malaysia,MYS,2020-08-24,57.41
Malaysia,MYS,2020-08-25,57.41
Malaysia,MYS,2020-08-26,57.41
Malaysia,MYS,2020-08-27,57.41
Malaysia,MYS,2020-08-28,57.41
Malaysia,MYS,2020-08-29,57.41
Malaysia,MYS,2020-08-30,57.41
Malaysia,MYS,2020-08-31,57.41
Malaysia,MYS,2020-09-01,57.41
Malaysia,MYS,2020-09-02,57.41
Malaysia,MYS,2020-09-03,57.41
Malaysia,MYS,2020-09-04,57.41
Malaysia,MYS,2020-09-05,57.41
Malaysia,MYS,2020-09-06,57.41
Malaysia,MYS,2020-09-07,57.41
Malaysia,MYS,2020-09-08,57.41
Malaysia,MYS,2020-09-09,57.41
Malaysia,MYS,2020-09-10,57.41
Malaysia,MYS,2020-09-11,55.56
Malaysia,MYS,2020-09-12,55.56
Malaysia,MYS,2020-09-13,55.56
Malaysia,MYS,2020-09-14,55.56
Malaysia,MYS,2020-09-15,55.56
Malaysia,MYS,2020-09-16,55.56
Malaysia,MYS,2020-09-17,55.56
Malaysia,MYS,2020-09-18,55.56
Malaysia,MYS,2020-09-19,55.56
Malaysia,MYS,2020-09-20,55.56
Malaysia,MYS,2020-09-21,52.78
Malaysia,MYS,2020-09-22,52.78
Malaysia,MYS,2020-09-23,52.78
Malaysia,MYS,2020-09-24,52.78
Malaysia,MYS,2020-09-25,52.78
Malaysia,MYS,2020-09-26,52.78
Malaysia,MYS,2020-09-27,52.78
Malaysia,MYS,2020-09-28,52.78
Malaysia,MYS,2020-09-29,54.63
Malaysia,MYS,2020-09-30,54.63
Malaysia,MYS,2020-10-01,54.63
Malaysia,MYS,2020-10-02,54.63
Malaysia,MYS,2020-10-03,54.63
Malaysia,MYS,2020-10-04,54.63
Malaysia,MYS,2020-10-05,54.63
Malaysia,MYS,2020-10-06,54.63
Malaysia,MYS,2020-10-07,54.63
Malaysia,MYS,2020-10-08,54.63
Malaysia,MYS,2020-10-09,60.19
Malaysia,MYS,2020-10-10,60.19
Malaysia,MYS,2020-10-11,60.19
Malaysia,MYS,2020-10-12,60.19
Malaysia,MYS,2020-10-13,60.19
Malaysia,MYS,2020-10-14,65.74
Malaysia,MYS,2020-10-15,65.74
Malaysia,MYS,2020-10-16,65.74
Malaysia,MYS,2020-10-17,65.74
Malaysia,MYS,2020-10-18,65.74
Malaysia,MYS,2020-10-19,65.74
Malaysia,MYS,2020-10-20,65.74
Malaysia,MYS,2020-10-21,65.74
Malaysia,MYS,2020-10-22,65.74
Malaysia,MYS,2020-10-23,62.04
Malaysia,MYS,2020-10-24,62.04
Malaysia,MYS,2020-10-25,62.04
Malaysia,MYS,2020-10-26,64.81
Malaysia,MYS,2020-10-27,64.81
Malaysia,MYS,2020-10-28,64.81
Malaysia,MYS,2020-10-29,64.81
Malaysia,MYS,2020-10-30,64.81
Malaysia,MYS,2020-10-31,64.81
Malaysia,MYS,2020-11-01,64.81
Malaysia,MYS,2020-11-02,64.81
Malaysia,MYS,2020-11-03,78.24
Malaysia,MYS,2020-11-04,78.24
Malaysia,MYS,2020-11-05,78.24
Malaysia,MYS,2020-11-06,78.24
Malaysia,MYS,2020-11-07,78.24
Malaysia,MYS,2020-11-08,78.24
Malaysia,MYS,2020-11-09,74.54
Malaysia,MYS,2020-11-10,80.09
Malaysia,MYS,2020-11-11,80.09
Malaysia,MYS,2020-11-12,80.09
Malaysia,MYS,2020-11-13,80.09
Malaysia,MYS,2020-11-14,80.09
Malaysia,MYS,2020-11-15,80.09
Malaysia,MYS,2020-11-16,80.09
Malaysia,MYS,2020-11-17,80.09
Malaysia,MYS,2020-11-18,80.09
Malaysia,MYS,2020-11-19,80.09
Malaysia,MYS,2020-11-20,80.09
Malaysia,MYS,2020-11-21,80.09
Malaysia,MYS,2020-11-22,80.09
Malaysia,MYS,2020-11-23,80.09
Malaysia,MYS,2020-11-24,80.09
Malaysia,MYS,2020-11-25,80.09
Malaysia,MYS,2020-11-26,80.09
Malaysia,MYS,2020-11-27,80.09
Malaysia,MYS,2020-11-28,80.09
Malaysia,MYS,2020-11-29,80.09
Malaysia,MYS,2020-11-30,80.09
Malaysia,MYS,2020-12-01,80.09
Malaysia,MYS,2020-12-02,80.09
Malaysia,MYS,2020-12-03,80.09
Malaysia,MYS,2020-12-04,80.09
Malaysia,MYS,2020-12-05,80.09
Malaysia,MYS,2020-12-06,80.09
Malaysia,MYS,2020-12-07,67.13
Malaysia,MYS,2020-12-08,67.13
Malaysia,MYS,2020-12-09,67.13
Malaysia,MYS,2020-12-10,67.13
Malaysia,MYS,2020-12-11,67.13
Malaysia,MYS,2020-12-12,67.13
Malaysia,MYS,2020-12-13,67.13
Malaysia,MYS,2020-12-14,67.13
Malaysia,MYS,2020-12-15,67.13
Malaysia,MYS,2020-12-16,67.13
Malaysia,MYS,2020-12-17,67.13
Malaysia,MYS,2020-12-18,67.13
Malaysia,MYS,2020-12-19,67.13
Malaysia,MYS,2020-12-20,67.13
Malaysia,MYS,2020-12-21,67.13
Malaysia,MYS,2020-12-22,67.13
Malaysia,MYS,2020-12-23,67.13
Malaysia,MYS,2020-12-24,67.13
Malaysia,MYS,2020-12-25,67.13
Malaysia,MYS,2020-12-26,67.13
Malaysia,MYS,2020-12-27,67.13
Malaysia,MYS,2020-12-28,67.13
Malaysia,MYS,2020-12-29,67.13
Malaysia,MYS,2020-12-30,67.13
Malaysia,MYS,2020-12-31,67.13
Malaysia,MYS,2021-01-01,67.13
Malaysia,MYS,2021-01-02,67.13
Malaysia,MYS,2021-01-03,67.13
Malaysia,MYS,2021-01-04,67.13
Malaysia,MYS,2021-01-05,67.13
Malaysia,MYS,2021-01-06,67.13
Malaysia,MYS,2021-01-07,67.13
Malaysia,MYS,2021-01-08,67.13
Malaysia,MYS,2021-01-09,67.13
Malaysia,MYS,2021-01-10,67.13
Malaysia,MYS,2021-01-11,67.13
Malaysia,MYS,2021-01-12,67.13
Malaysia,MYS,2021-01-13,77.31
Malaysia,MYS,2021-01-14,77.31
Malaysia,MYS,2021-01-15,77.31
Malaysia,MYS,2021-01-16,77.31
Malaysia,MYS,2021-01-17,77.31
Malaysia,MYS,2021-01-18,77.31
Malaysia,MYS,2021-01-19,77.31
Malaysia,MYS,2021-01-20,77.31
Malaysia,MYS,2021-01-21,77.31
Malaysia,MYS,2021-01-22,77.31
Malaysia,MYS,2021-01-23,77.31
Malaysia,MYS,2021-01-24,77.31
Malaysia,MYS,2021-01-25,77.31
Malaysia,MYS,2021-01-26,77.31
Malaysia,MYS,2021-01-27,77.31
Malaysia,MYS,2021-01-28,77.31
Malaysia,MYS,2021-01-29,77.31
Malaysia,MYS,2021-01-30,77.31
Malaysia,MYS,2021-01-31,77.31
Malaysia,MYS,2021-02-01,77.31
Malaysia,MYS,2021-02-02,77.31
Malaysia,MYS,2021-02-03,77.31
Malaysia,MYS,2021-02-04,77.31
Malaysia,MYS,2021-02-05,77.31
Malaysia,MYS,2021-02-06,77.31
Malaysia,MYS,2021-02-07,77.31
Malaysia,MYS,2021-02-08,77.31
Malaysia,MYS,2021-02-09,77.31
Malaysia,MYS,2021-02-10,77.31
Malaysia,MYS,2021-02-11,77.31
Malaysia,MYS,2021-02-12,77.31
Malaysia,MYS,2021-02-13,77.31
Malaysia,MYS,2021-02-14,77.31
Malaysia,MYS,2021-02-15,77.31
Malaysia,MYS,2021-02-16,77.31
Malaysia,MYS,2021-02-17,77.31
Malaysia,MYS,2021-02-18,77.31
Malaysia,MYS,2021-02-19,77.31
Malaysia,MYS,2021-02-20,77.31
Malaysia,MYS,2021-02-21,77.31
Malaysia,MYS,2021-02-22,77.31
Malaysia,MYS,2021-02-23,77.31
Malaysia,MYS,2021-02-24,77.31
Malaysia,MYS,2021-02-25,77.31
Malaysia,MYS,2021-02-26,77.31
Malaysia,MYS,2021-02-27,77.31
Malaysia,MYS,2021-02-28,77.31
Malaysia,MYS,2021-03-01,77.31
Mali,MLI,2020-01-01,0
Mali,MLI,2020-01-02,0
Mali,MLI,2020-01-03,0
Mali,MLI,2020-01-04,0
Mali,MLI,2020-01-05,0
Mali,MLI,2020-01-06,0
Mali,MLI,2020-01-07,0
Mali,MLI,2020-01-08,0
Mali,MLI,2020-01-09,0
Mali,MLI,2020-01-10,0
Mali,MLI,2020-01-11,0
Mali,MLI,2020-01-12,0
Mali,MLI,2020-01-13,0
Mali,MLI,2020-01-14,0
Mali,MLI,2020-01-15,0
Mali,MLI,2020-01-16,0
Mali,MLI,2020-01-17,0
Mali,MLI,2020-01-18,0
Mali,MLI,2020-01-19,0
Mali,MLI,2020-01-20,0
Mali,MLI,2020-01-21,0
Mali,MLI,2020-01-22,0
Mali,MLI,2020-01-23,0
Mali,MLI,2020-01-24,0
Mali,MLI,2020-01-25,0
Mali,MLI,2020-01-26,0
Mali,MLI,2020-01-27,0
Mali,MLI,2020-01-28,0
Mali,MLI,2020-01-29,0
Mali,MLI,2020-01-30,0
Mali,MLI,2020-01-31,0
Mali,MLI,2020-02-01,0
Mali,MLI,2020-02-02,0
Mali,MLI,2020-02-03,0
Mali,MLI,2020-02-04,0
Mali,MLI,2020-02-05,0
Mali,MLI,2020-02-06,0
Mali,MLI,2020-02-07,0
Mali,MLI,2020-02-08,0
Mali,MLI,2020-02-09,0
Mali,MLI,2020-02-10,0
Mali,MLI,2020-02-11,0
Mali,MLI,2020-02-12,0
Mali,MLI,2020-02-13,0
Mali,MLI,2020-02-14,0
Mali,MLI,2020-02-15,0
Mali,MLI,2020-02-16,0
Mali,MLI,2020-02-17,0
Mali,MLI,2020-02-18,0
Mali,MLI,2020-02-19,0
Mali,MLI,2020-02-20,0
Mali,MLI,2020-02-21,0
Mali,MLI,2020-02-22,0
Mali,MLI,2020-02-23,0
Mali,MLI,2020-02-24,0
Mali,MLI,2020-02-25,0
Mali,MLI,2020-02-26,0
Mali,MLI,2020-02-27,0
Mali,MLI,2020-02-28,0
Mali,MLI,2020-02-29,0
Mali,MLI,2020-03-01,0
Mali,MLI,2020-03-02,0
Mali,MLI,2020-03-03,0
Mali,MLI,2020-03-04,0
Mali,MLI,2020-03-05,0
Mali,MLI,2020-03-06,0
Mali,MLI,2020-03-07,0
Mali,MLI,2020-03-08,0
Mali,MLI,2020-03-09,0
Mali,MLI,2020-03-10,0
Mali,MLI,2020-03-11,0
Mali,MLI,2020-03-12,0
Mali,MLI,2020-03-13,0
Mali,MLI,2020-03-14,0
Mali,MLI,2020-03-15,0
Mali,MLI,2020-03-16,0
Mali,MLI,2020-03-17,0
Mali,MLI,2020-03-18,11.11
Mali,MLI,2020-03-19,22.22
Mali,MLI,2020-03-20,22.22
Mali,MLI,2020-03-21,22.22
Mali,MLI,2020-03-22,22.22
Mali,MLI,2020-03-23,22.22
Mali,MLI,2020-03-24,22.22
Mali,MLI,2020-03-25,72.22
Mali,MLI,2020-03-26,72.22
Mali,MLI,2020-03-27,72.22
Mali,MLI,2020-03-28,72.22
Mali,MLI,2020-03-29,72.22
Mali,MLI,2020-03-30,72.22
Mali,MLI,2020-03-31,72.22
Mali,MLI,2020-04-01,72.22
Mali,MLI,2020-04-02,72.22
Mali,MLI,2020-04-03,72.22
Mali,MLI,2020-04-04,72.22
Mali,MLI,2020-04-05,72.22
Mali,MLI,2020-04-06,72.22
Mali,MLI,2020-04-07,72.22
Mali,MLI,2020-04-08,72.22
Mali,MLI,2020-04-09,72.22
Mali,MLI,2020-04-10,72.22
Mali,MLI,2020-04-11,72.22
Mali,MLI,2020-04-12,72.22
Mali,MLI,2020-04-13,72.22
Mali,MLI,2020-04-14,72.22
Mali,MLI,2020-04-15,72.22
Mali,MLI,2020-04-16,72.22
Mali,MLI,2020-04-17,72.22
Mali,MLI,2020-04-18,72.22
Mali,MLI,2020-04-19,72.22
Mali,MLI,2020-04-20,72.22
Mali,MLI,2020-04-21,72.22
Mali,MLI,2020-04-22,72.22
Mali,MLI,2020-04-23,72.22
Mali,MLI,2020-04-24,72.22
Mali,MLI,2020-04-25,72.22
Mali,MLI,2020-04-26,72.22
Mali,MLI,2020-04-27,72.22
Mali,MLI,2020-04-28,72.22
Mali,MLI,2020-04-29,72.22
Mali,MLI,2020-04-30,72.22
Mali,MLI,2020-05-01,69.44
Mali,MLI,2020-05-02,69.44
Mali,MLI,2020-05-03,69.44
Mali,MLI,2020-05-04,69.44
Mali,MLI,2020-05-05,69.44
Mali,MLI,2020-05-06,69.44
Mali,MLI,2020-05-07,69.44
Mali,MLI,2020-05-08,69.44
Mali,MLI,2020-05-09,69.44
Mali,MLI,2020-05-10,56.48
Mali,MLI,2020-05-11,56.48
Mali,MLI,2020-05-12,56.48
Mali,MLI,2020-05-13,56.48
Mali,MLI,2020-05-14,56.48
Mali,MLI,2020-05-15,56.48
Mali,MLI,2020-05-16,56.48
Mali,MLI,2020-05-17,56.48
Mali,MLI,2020-05-18,56.48
Mali,MLI,2020-05-19,56.48
Mali,MLI,2020-05-20,56.48
Mali,MLI,2020-05-21,56.48
Mali,MLI,2020-05-22,56.48
Mali,MLI,2020-05-23,56.48
Mali,MLI,2020-05-24,56.48
Mali,MLI,2020-05-25,56.48
Mali,MLI,2020-05-26,56.48
Mali,MLI,2020-05-27,56.48
Mali,MLI,2020-05-28,56.48
Mali,MLI,2020-05-29,56.48
Mali,MLI,2020-05-30,56.48
Mali,MLI,2020-05-31,56.48
Mali,MLI,2020-06-01,56.48
Mali,MLI,2020-06-02,52.78
Mali,MLI,2020-06-03,52.78
Mali,MLI,2020-06-04,52.78
Mali,MLI,2020-06-05,52.78
Mali,MLI,2020-06-06,52.78
Mali,MLI,2020-06-07,52.78
Mali,MLI,2020-06-08,52.78
Mali,MLI,2020-06-09,52.78
Mali,MLI,2020-06-10,52.78
Mali,MLI,2020-06-11,52.78
Mali,MLI,2020-06-12,52.78
Mali,MLI,2020-06-13,52.78
Mali,MLI,2020-06-14,52.78
Mali,MLI,2020-06-15,52.78
Mali,MLI,2020-06-16,52.78
Mali,MLI,2020-06-17,52.78
Mali,MLI,2020-06-18,52.78
Mali,MLI,2020-06-19,52.78
Mali,MLI,2020-06-20,52.78
Mali,MLI,2020-06-21,52.78
Mali,MLI,2020-06-22,52.78
Mali,MLI,2020-06-23,52.78
Mali,MLI,2020-06-24,52.78
Mali,MLI,2020-06-25,52.78
Mali,MLI,2020-06-26,52.78
Mali,MLI,2020-06-27,52.78
Mali,MLI,2020-06-28,52.78
Mali,MLI,2020-06-29,52.78
Mali,MLI,2020-06-30,52.78
Mali,MLI,2020-07-01,52.78
Mali,MLI,2020-07-02,52.78
Mali,MLI,2020-07-03,52.78
Mali,MLI,2020-07-04,52.78
Mali,MLI,2020-07-05,52.78
Mali,MLI,2020-07-06,52.78
Mali,MLI,2020-07-07,52.78
Mali,MLI,2020-07-08,52.78
Mali,MLI,2020-07-09,52.78
Mali,MLI,2020-07-10,52.78
Mali,MLI,2020-07-11,52.78
Mali,MLI,2020-07-12,52.78
Mali,MLI,2020-07-13,52.78
Mali,MLI,2020-07-14,52.78
Mali,MLI,2020-07-15,52.78
Mali,MLI,2020-07-16,52.78
Mali,MLI,2020-07-17,52.78
Mali,MLI,2020-07-18,52.78
Mali,MLI,2020-07-19,52.78
Mali,MLI,2020-07-20,52.78
Mali,MLI,2020-07-21,52.78
Mali,MLI,2020-07-22,52.78
Mali,MLI,2020-07-23,52.78
Mali,MLI,2020-07-24,52.78
Mali,MLI,2020-07-25,52.78
Mali,MLI,2020-07-26,52.78
Mali,MLI,2020-07-27,52.78
Mali,MLI,2020-07-28,52.78
Mali,MLI,2020-07-29,52.78
Mali,MLI,2020-07-30,52.78
Mali,MLI,2020-07-31,47.22
Mali,MLI,2020-08-01,47.22
Mali,MLI,2020-08-02,47.22
Mali,MLI,2020-08-03,47.22
Mali,MLI,2020-08-04,47.22
Mali,MLI,2020-08-05,47.22
Mali,MLI,2020-08-06,47.22
Mali,MLI,2020-08-07,47.22
Mali,MLI,2020-08-08,47.22
Mali,MLI,2020-08-09,47.22
Mali,MLI,2020-08-10,47.22
Mali,MLI,2020-08-11,47.22
Mali,MLI,2020-08-12,47.22
Mali,MLI,2020-08-13,47.22
Mali,MLI,2020-08-14,47.22
Mali,MLI,2020-08-15,47.22
Mali,MLI,2020-08-16,47.22
Mali,MLI,2020-08-17,47.22
Mali,MLI,2020-08-18,47.22
Mali,MLI,2020-08-19,47.22
Mali,MLI,2020-08-20,47.22
Mali,MLI,2020-08-21,47.22
Mali,MLI,2020-08-22,47.22
Mali,MLI,2020-08-23,47.22
Mali,MLI,2020-08-24,47.22
Mali,MLI,2020-08-25,47.22
Mali,MLI,2020-08-26,47.22
Mali,MLI,2020-08-27,47.22
Mali,MLI,2020-08-28,47.22
Mali,MLI,2020-08-29,47.22
Mali,MLI,2020-08-30,47.22
Mali,MLI,2020-08-31,47.22
Mali,MLI,2020-09-01,47.22
Mali,MLI,2020-09-02,47.22
Mali,MLI,2020-09-03,47.22
Mali,MLI,2020-09-04,47.22
Mali,MLI,2020-09-05,47.22
Mali,MLI,2020-09-06,47.22
Mali,MLI,2020-09-07,47.22
Mali,MLI,2020-09-08,47.22
Mali,MLI,2020-09-09,47.22
Mali,MLI,2020-09-10,47.22
Mali,MLI,2020-09-11,47.22
Mali,MLI,2020-09-12,47.22
Mali,MLI,2020-09-13,47.22
Mali,MLI,2020-09-14,43.52
Mali,MLI,2020-09-15,43.52
Mali,MLI,2020-09-16,43.52
Mali,MLI,2020-09-17,43.52
Mali,MLI,2020-09-18,43.52
Mali,MLI,2020-09-19,43.52
Mali,MLI,2020-09-20,43.52
Mali,MLI,2020-09-21,43.52
Mali,MLI,2020-09-22,43.52
Mali,MLI,2020-09-23,43.52
Mali,MLI,2020-09-24,43.52
Mali,MLI,2020-09-25,43.52
Mali,MLI,2020-09-26,43.52
Mali,MLI,2020-09-27,43.52
Mali,MLI,2020-09-28,43.52
Mali,MLI,2020-09-29,43.52
Mali,MLI,2020-09-30,43.52
Mali,MLI,2020-10-01,43.52
Mali,MLI,2020-10-02,43.52
Mali,MLI,2020-10-03,43.52
Mali,MLI,2020-10-04,43.52
Mali,MLI,2020-10-05,43.52
Mali,MLI,2020-10-06,43.52
Mali,MLI,2020-10-07,43.52
Mali,MLI,2020-10-08,37.96
Mali,MLI,2020-10-09,37.96
Mali,MLI,2020-10-10,37.96
Mali,MLI,2020-10-11,37.96
Mali,MLI,2020-10-12,37.96
Mali,MLI,2020-10-13,37.96
Mali,MLI,2020-10-14,37.96
Mali,MLI,2020-10-15,37.96
Mali,MLI,2020-10-16,37.96
Mali,MLI,2020-10-17,37.96
Mali,MLI,2020-10-18,37.96
Mali,MLI,2020-10-19,37.96
Mali,MLI,2020-10-20,37.96
Mali,MLI,2020-10-21,37.96
Mali,MLI,2020-10-22,37.96
Mali,MLI,2020-10-23,37.96
Mali,MLI,2020-10-24,37.96
Mali,MLI,2020-10-25,37.96
Mali,MLI,2020-10-26,37.96
Mali,MLI,2020-10-27,37.96
Mali,MLI,2020-10-28,37.96
Mali,MLI,2020-10-29,37.96
Mali,MLI,2020-10-30,37.96
Mali,MLI,2020-10-31,37.96
Mali,MLI,2020-11-01,37.96
Mali,MLI,2020-11-02,37.96
Mali,MLI,2020-11-03,37.96
Mali,MLI,2020-11-04,37.96
Mali,MLI,2020-11-05,37.96
Mali,MLI,2020-11-06,37.96
Mali,MLI,2020-11-07,37.96
Mali,MLI,2020-11-08,37.96
Mali,MLI,2020-11-09,37.96
Mali,MLI,2020-11-10,37.96
Mali,MLI,2020-11-11,37.96
Mali,MLI,2020-11-12,37.96
Mali,MLI,2020-11-13,37.96
Mali,MLI,2020-11-14,37.96
Mali,MLI,2020-11-15,37.96
Mali,MLI,2020-11-16,37.96
Mali,MLI,2020-11-17,37.96
Mali,MLI,2020-11-18,37.96
Mali,MLI,2020-11-19,37.96
Mali,MLI,2020-11-20,37.96
Mali,MLI,2020-11-21,37.96
Mali,MLI,2020-11-22,37.96
Mali,MLI,2020-11-23,37.96
Mali,MLI,2020-11-24,37.96
Mali,MLI,2020-11-25,37.96
Mali,MLI,2020-11-26,37.96
Mali,MLI,2020-11-27,37.96
Mali,MLI,2020-11-28,37.96
Mali,MLI,2020-11-29,37.96
Mali,MLI,2020-11-30,37.96
Mali,MLI,2020-12-01,37.96
Mali,MLI,2020-12-02,37.96
Mali,MLI,2020-12-03,37.96
Mali,MLI,2020-12-04,37.96
Mali,MLI,2020-12-05,37.96
Mali,MLI,2020-12-06,37.96
Mali,MLI,2020-12-07,37.96
Mali,MLI,2020-12-08,37.96
Mali,MLI,2020-12-09,37.96
Mali,MLI,2020-12-10,35.19
Mali,MLI,2020-12-11,35.19
Mali,MLI,2020-12-12,35.19
Mali,MLI,2020-12-13,35.19
Mali,MLI,2020-12-14,35.19
Mali,MLI,2020-12-15,35.19
Mali,MLI,2020-12-16,35.19
Mali,MLI,2020-12-17,35.19
Mali,MLI,2020-12-18,59.26
Mali,MLI,2020-12-19,59.26
Mali,MLI,2020-12-20,59.26
Mali,MLI,2020-12-21,59.26
Mali,MLI,2020-12-22,59.26
Mali,MLI,2020-12-23,59.26
Mali,MLI,2020-12-24,59.26
Mali,MLI,2020-12-25,59.26
Mali,MLI,2020-12-26,59.26
Mali,MLI,2020-12-27,59.26
Mali,MLI,2020-12-28,59.26
Mali,MLI,2020-12-29,51.85
Mali,MLI,2020-12-30,51.85
Mali,MLI,2020-12-31,51.85
Mali,MLI,2021-01-01,51.85
Mali,MLI,2021-01-02,51.85
Mali,MLI,2021-01-03,51.85
Mali,MLI,2021-01-04,51.85
Mali,MLI,2021-01-05,51.85
Mali,MLI,2021-01-06,51.85
Mali,MLI,2021-01-07,51.85
Mali,MLI,2021-01-08,51.85
Mali,MLI,2021-01-09,51.85
Mali,MLI,2021-01-10,51.85
Mali,MLI,2021-01-11,46.3
Mali,MLI,2021-01-12,46.3
Mali,MLI,2021-01-13,46.3
Mali,MLI,2021-01-14,46.3
Mali,MLI,2021-01-15,46.3
Mali,MLI,2021-01-16,46.3
Mali,MLI,2021-01-17,46.3
Mali,MLI,2021-01-18,46.3
Mali,MLI,2021-01-19,46.3
Mali,MLI,2021-01-20,46.3
Mali,MLI,2021-01-21,46.3
Mali,MLI,2021-01-22,46.3
Mali,MLI,2021-01-23,46.3
Mali,MLI,2021-01-24,46.3
Mali,MLI,2021-01-25,46.3
Mali,MLI,2021-01-26,40.74
Mali,MLI,2021-01-27,40.74
Mali,MLI,2021-01-28,40.74
Mali,MLI,2021-01-29,40.74
Mali,MLI,2021-01-30,40.74
Mali,MLI,2021-01-31,40.74
Mali,MLI,2021-02-01,40.74
Mali,MLI,2021-02-02,40.74
Mali,MLI,2021-02-03,40.74
Mali,MLI,2021-02-04,40.74
Mali,MLI,2021-02-05,40.74
Mali,MLI,2021-02-06,40.74
Mali,MLI,2021-02-07,40.74
Mali,MLI,2021-02-08,40.74
Mali,MLI,2021-02-09,40.74
Mali,MLI,2021-02-10,40.74
Mali,MLI,2021-02-11,40.74
Mali,MLI,2021-02-12,40.74
Mali,MLI,2021-02-13,40.74
Mali,MLI,2021-02-14,40.74
Mali,MLI,2021-02-15,40.74
Mali,MLI,2021-02-16,40.74
Mali,MLI,2021-02-17,40.74
Mali,MLI,2021-02-18,40.74
Mali,MLI,2021-02-19,40.74
Mali,MLI,2021-02-20,40.74
Mali,MLI,2021-02-21,40.74
Mali,MLI,2021-02-22,40.74
Mali,MLI,2021-02-23,40.74
Mali,MLI,2021-02-24,40.74
Mali,MLI,2021-02-25,40.74
Mali,MLI,2021-02-26,40.74
Mali,MLI,2021-02-27,40.74
Mali,MLI,2021-02-28,40.74
Mali,MLI,2021-03-01,40.74
Mali,MLI,2021-03-02,48.15
Mali,MLI,2021-03-03,48.15
Mali,MLI,2021-03-04,48.15
Mali,MLI,2021-03-05,48.15
Mali,MLI,2021-03-06,48.15
Mali,MLI,2021-03-07,48.15
Mali,MLI,2021-03-08,48.15
Malta,MLT,2020-01-01,0
Malta,MLT,2020-01-02,0
Malta,MLT,2020-01-03,0
Malta,MLT,2020-01-04,0
Malta,MLT,2020-01-05,0
Malta,MLT,2020-01-06,0
Malta,MLT,2020-01-07,0
Malta,MLT,2020-01-08,0
Malta,MLT,2020-01-09,0
Malta,MLT,2020-01-10,0
Malta,MLT,2020-01-11,0
Malta,MLT,2020-01-12,0
Malta,MLT,2020-01-13,0
Malta,MLT,2020-01-14,0
Malta,MLT,2020-01-15,0
Malta,MLT,2020-01-16,0
Malta,MLT,2020-01-17,0
Malta,MLT,2020-01-18,0
Malta,MLT,2020-01-19,0
Malta,MLT,2020-01-20,0
Malta,MLT,2020-01-21,0
Malta,MLT,2020-01-22,0
Malta,MLT,2020-01-23,0
Malta,MLT,2020-01-24,0
Malta,MLT,2020-01-25,5.56
Malta,MLT,2020-01-26,5.56
Malta,MLT,2020-01-27,5.56
Malta,MLT,2020-01-28,5.56
Malta,MLT,2020-01-29,5.56
Malta,MLT,2020-01-30,5.56
Malta,MLT,2020-01-31,5.56
Malta,MLT,2020-02-01,5.56
Malta,MLT,2020-02-02,5.56
Malta,MLT,2020-02-03,5.56
Malta,MLT,2020-02-04,5.56
Malta,MLT,2020-02-05,5.56
Malta,MLT,2020-02-06,5.56
Malta,MLT,2020-02-07,5.56
Malta,MLT,2020-02-08,5.56
Malta,MLT,2020-02-09,5.56
Malta,MLT,2020-02-10,5.56
Malta,MLT,2020-02-11,5.56
Malta,MLT,2020-02-12,5.56
Malta,MLT,2020-02-13,5.56
Malta,MLT,2020-02-14,5.56
Malta,MLT,2020-02-15,5.56
Malta,MLT,2020-02-16,5.56
Malta,MLT,2020-02-17,5.56
Malta,MLT,2020-02-18,5.56
Malta,MLT,2020-02-19,5.56
Malta,MLT,2020-02-20,5.56
Malta,MLT,2020-02-21,5.56
Malta,MLT,2020-02-22,5.56
Malta,MLT,2020-02-23,8.33
Malta,MLT,2020-02-24,8.33
Malta,MLT,2020-02-25,11.11
Malta,MLT,2020-02-26,11.11
Malta,MLT,2020-02-27,11.11
Malta,MLT,2020-02-28,11.11
Malta,MLT,2020-02-29,11.11
Malta,MLT,2020-03-01,11.11
Malta,MLT,2020-03-02,11.11
Malta,MLT,2020-03-03,11.11
Malta,MLT,2020-03-04,11.11
Malta,MLT,2020-03-05,11.11
Malta,MLT,2020-03-06,11.11
Malta,MLT,2020-03-07,11.11
Malta,MLT,2020-03-08,11.11
Malta,MLT,2020-03-09,16.67
Malta,MLT,2020-03-10,27.78
Malta,MLT,2020-03-11,27.78
Malta,MLT,2020-03-12,33.33
Malta,MLT,2020-03-13,57.41
Malta,MLT,2020-03-14,57.41
Malta,MLT,2020-03-15,57.41
Malta,MLT,2020-03-16,57.41
Malta,MLT,2020-03-17,57.41
Malta,MLT,2020-03-18,62.96
Malta,MLT,2020-03-19,62.96
Malta,MLT,2020-03-20,62.96
Malta,MLT,2020-03-21,65.74
Malta,MLT,2020-03-22,65.74
Malta,MLT,2020-03-23,69.44
Malta,MLT,2020-03-24,69.44
Malta,MLT,2020-03-25,69.44
Malta,MLT,2020-03-26,69.44
Malta,MLT,2020-03-27,69.44
Malta,MLT,2020-03-28,81.48
Malta,MLT,2020-03-29,81.48
Malta,MLT,2020-03-30,81.48
Malta,MLT,2020-03-31,81.48
Malta,MLT,2020-04-01,81.48
Malta,MLT,2020-04-02,81.48
Malta,MLT,2020-04-03,87.04
Malta,MLT,2020-04-04,87.04
Malta,MLT,2020-04-05,87.04
Malta,MLT,2020-04-06,87.04
Malta,MLT,2020-04-07,87.04
Malta,MLT,2020-04-08,87.04
Malta,MLT,2020-04-09,87.04
Malta,MLT,2020-04-10,87.04
Malta,MLT,2020-04-11,87.04
Malta,MLT,2020-04-12,87.04
Malta,MLT,2020-04-13,87.04
Malta,MLT,2020-04-14,87.04
Malta,MLT,2020-04-15,87.04
Malta,MLT,2020-04-16,87.04
Malta,MLT,2020-04-17,87.04
Malta,MLT,2020-04-18,87.04
Malta,MLT,2020-04-19,87.04
Malta,MLT,2020-04-20,87.04
Malta,MLT,2020-04-21,87.04
Malta,MLT,2020-04-22,87.04
Malta,MLT,2020-04-23,87.04
Malta,MLT,2020-04-24,87.04
Malta,MLT,2020-04-25,87.04
Malta,MLT,2020-04-26,87.04
Malta,MLT,2020-04-27,87.04
Malta,MLT,2020-04-28,87.04
Malta,MLT,2020-04-29,87.04
Malta,MLT,2020-04-30,87.04
Malta,MLT,2020-05-01,87.04
Malta,MLT,2020-05-02,87.04
Malta,MLT,2020-05-03,87.04
Malta,MLT,2020-05-04,87.04
Malta,MLT,2020-05-05,87.04
Malta,MLT,2020-05-06,87.04
Malta,MLT,2020-05-07,87.04
Malta,MLT,2020-05-08,87.04
Malta,MLT,2020-05-09,87.04
Malta,MLT,2020-05-10,87.04
Malta,MLT,2020-05-11,87.04
Malta,MLT,2020-05-12,87.04
Malta,MLT,2020-05-13,87.04
Malta,MLT,2020-05-14,87.04
Malta,MLT,2020-05-15,87.04
Malta,MLT,2020-05-16,87.04
Malta,MLT,2020-05-17,87.04
Malta,MLT,2020-05-18,87.04
Malta,MLT,2020-05-19,87.04
Malta,MLT,2020-05-20,87.04
Malta,MLT,2020-05-21,87.04
Malta,MLT,2020-05-22,83.33
Malta,MLT,2020-05-23,83.33
Malta,MLT,2020-05-24,83.33
Malta,MLT,2020-05-25,83.33
Malta,MLT,2020-05-26,83.33
Malta,MLT,2020-05-27,83.33
Malta,MLT,2020-05-28,83.33
Malta,MLT,2020-05-29,83.33
Malta,MLT,2020-05-30,83.33
Malta,MLT,2020-05-31,83.33
Malta,MLT,2020-06-01,83.33
Malta,MLT,2020-06-02,83.33
Malta,MLT,2020-06-03,83.33
Malta,MLT,2020-06-04,83.33
Malta,MLT,2020-06-05,47.22
Malta,MLT,2020-06-06,47.22
Malta,MLT,2020-06-07,47.22
Malta,MLT,2020-06-08,47.22
Malta,MLT,2020-06-09,47.22
Malta,MLT,2020-06-10,47.22
Malta,MLT,2020-06-11,47.22
Malta,MLT,2020-06-12,47.22
Malta,MLT,2020-06-13,47.22
Malta,MLT,2020-06-14,47.22
Malta,MLT,2020-06-15,47.22
Malta,MLT,2020-06-16,47.22
Malta,MLT,2020-06-17,47.22
Malta,MLT,2020-06-18,47.22
Malta,MLT,2020-06-19,47.22
Malta,MLT,2020-06-20,47.22
Malta,MLT,2020-06-21,47.22
Malta,MLT,2020-06-22,47.22
Malta,MLT,2020-06-23,47.22
Malta,MLT,2020-06-24,47.22
Malta,MLT,2020-06-25,47.22
Malta,MLT,2020-06-26,47.22
Malta,MLT,2020-06-27,47.22
Malta,MLT,2020-06-28,47.22
Malta,MLT,2020-06-29,47.22
Malta,MLT,2020-06-30,47.22
Malta,MLT,2020-07-01,37.04
Malta,MLT,2020-07-02,37.04
Malta,MLT,2020-07-03,37.04
Malta,MLT,2020-07-04,37.04
Malta,MLT,2020-07-05,31.48
Malta,MLT,2020-07-06,31.48
Malta,MLT,2020-07-07,31.48
Malta,MLT,2020-07-08,31.48
Malta,MLT,2020-07-09,31.48
Malta,MLT,2020-07-10,31.48
Malta,MLT,2020-07-11,31.48
Malta,MLT,2020-07-12,31.48
Malta,MLT,2020-07-13,31.48
Malta,MLT,2020-07-14,31.48
Malta,MLT,2020-07-15,31.48
Malta,MLT,2020-07-16,31.48
Malta,MLT,2020-07-17,31.48
Malta,MLT,2020-07-18,31.48
Malta,MLT,2020-07-19,31.48
Malta,MLT,2020-07-20,31.48
Malta,MLT,2020-07-21,31.48
Malta,MLT,2020-07-22,31.48
Malta,MLT,2020-07-23,31.48
Malta,MLT,2020-07-24,31.48
Malta,MLT,2020-07-25,31.48
Malta,MLT,2020-07-26,31.48
Malta,MLT,2020-07-27,31.48
Malta,MLT,2020-07-28,31.48
Malta,MLT,2020-07-29,31.48
Malta,MLT,2020-07-30,31.48
Malta,MLT,2020-07-31,31.48
Malta,MLT,2020-08-01,37.04
Malta,MLT,2020-08-02,37.04
Malta,MLT,2020-08-03,37.04
Malta,MLT,2020-08-04,37.04
Malta,MLT,2020-08-05,37.04
Malta,MLT,2020-08-06,37.04
Malta,MLT,2020-08-07,39.81
Malta,MLT,2020-08-08,39.81
Malta,MLT,2020-08-09,39.81
Malta,MLT,2020-08-10,39.81
Malta,MLT,2020-08-11,39.81
Malta,MLT,2020-08-12,39.81
Malta,MLT,2020-08-13,39.81
Malta,MLT,2020-08-14,39.81
Malta,MLT,2020-08-15,39.81
Malta,MLT,2020-08-16,39.81
Malta,MLT,2020-08-17,39.81
Malta,MLT,2020-08-18,39.81
Malta,MLT,2020-08-19,42.59
Malta,MLT,2020-08-20,42.59
Malta,MLT,2020-08-21,42.59
Malta,MLT,2020-08-22,42.59
Malta,MLT,2020-08-23,42.59
Malta,MLT,2020-08-24,42.59
Malta,MLT,2020-08-25,42.59
Malta,MLT,2020-08-26,42.59
Malta,MLT,2020-08-27,42.59
Malta,MLT,2020-08-28,42.59
Malta,MLT,2020-08-29,42.59
Malta,MLT,2020-08-30,42.59
Malta,MLT,2020-08-31,42.59
Malta,MLT,2020-09-01,42.59
Malta,MLT,2020-09-02,42.59
Malta,MLT,2020-09-03,42.59
Malta,MLT,2020-09-04,42.59
Malta,MLT,2020-09-05,42.59
Malta,MLT,2020-09-06,42.59
Malta,MLT,2020-09-07,42.59
Malta,MLT,2020-09-08,42.59
Malta,MLT,2020-09-09,42.59
Malta,MLT,2020-09-10,42.59
Malta,MLT,2020-09-11,42.59
Malta,MLT,2020-09-12,42.59
Malta,MLT,2020-09-13,42.59
Malta,MLT,2020-09-14,42.59
Malta,MLT,2020-09-15,42.59
Malta,MLT,2020-09-16,42.59
Malta,MLT,2020-09-17,42.59
Malta,MLT,2020-09-18,42.59
Malta,MLT,2020-09-19,42.59
Malta,MLT,2020-09-20,42.59
Malta,MLT,2020-09-21,42.59
Malta,MLT,2020-09-22,42.59
Malta,MLT,2020-09-23,42.59
Malta,MLT,2020-09-24,42.59
Malta,MLT,2020-09-25,42.59
Malta,MLT,2020-09-26,42.59
Malta,MLT,2020-09-27,42.59
Malta,MLT,2020-09-28,42.59
Malta,MLT,2020-09-29,42.59
Malta,MLT,2020-09-30,42.59
Malta,MLT,2020-10-01,45.37
Malta,MLT,2020-10-02,45.37
Malta,MLT,2020-10-03,45.37
Malta,MLT,2020-10-04,45.37
Malta,MLT,2020-10-05,45.37
Malta,MLT,2020-10-06,45.37
Malta,MLT,2020-10-07,45.37
Malta,MLT,2020-10-08,45.37
Malta,MLT,2020-10-09,45.37
Malta,MLT,2020-10-10,45.37
Malta,MLT,2020-10-11,45.37
Malta,MLT,2020-10-12,45.37
Malta,MLT,2020-10-13,45.37
Malta,MLT,2020-10-14,45.37
Malta,MLT,2020-10-15,45.37
Malta,MLT,2020-10-16,45.37
Malta,MLT,2020-10-17,45.37
Malta,MLT,2020-10-18,45.37
Malta,MLT,2020-10-19,49.07
Malta,MLT,2020-10-20,49.07
Malta,MLT,2020-10-21,49.07
Malta,MLT,2020-10-22,49.07
Malta,MLT,2020-10-23,49.07
Malta,MLT,2020-10-24,49.07
Malta,MLT,2020-10-25,49.07
Malta,MLT,2020-10-26,49.07
Malta,MLT,2020-10-27,49.07
Malta,MLT,2020-10-28,49.07
Malta,MLT,2020-10-29,52.78
Malta,MLT,2020-10-30,52.78
Malta,MLT,2020-10-31,52.78
Malta,MLT,2020-11-01,52.78
Malta,MLT,2020-11-02,52.78
Malta,MLT,2020-11-03,52.78
Malta,MLT,2020-11-04,52.78
Malta,MLT,2020-11-05,52.78
Malta,MLT,2020-11-06,52.78
Malta,MLT,2020-11-07,52.78
Malta,MLT,2020-11-08,52.78
Malta,MLT,2020-11-09,52.78
Malta,MLT,2020-11-10,52.78
Malta,MLT,2020-11-11,52.78
Malta,MLT,2020-11-12,52.78
Malta,MLT,2020-11-13,52.78
Malta,MLT,2020-11-14,52.78
Malta,MLT,2020-11-15,52.78
Malta,MLT,2020-11-16,52.78
Malta,MLT,2020-11-17,52.78
Malta,MLT,2020-11-18,52.78
Malta,MLT,2020-11-19,52.78
Malta,MLT,2020-11-20,52.78
Malta,MLT,2020-11-21,52.78
Malta,MLT,2020-11-22,52.78
Malta,MLT,2020-11-23,52.78
Malta,MLT,2020-11-24,52.78
Malta,MLT,2020-11-25,52.78
Malta,MLT,2020-11-26,52.78
Malta,MLT,2020-11-27,52.78
Malta,MLT,2020-11-28,52.78
Malta,MLT,2020-11-29,52.78
Malta,MLT,2020-11-30,52.78
Malta,MLT,2020-12-01,52.78
Malta,MLT,2020-12-02,52.78
Malta,MLT,2020-12-03,52.78
Malta,MLT,2020-12-04,52.78
Malta,MLT,2020-12-05,52.78
Malta,MLT,2020-12-06,52.78
Malta,MLT,2020-12-07,52.78
Malta,MLT,2020-12-08,52.78
Malta,MLT,2020-12-09,52.78
Malta,MLT,2020-12-10,52.78
Malta,MLT,2020-12-11,52.78
Malta,MLT,2020-12-12,52.78
Malta,MLT,2020-12-13,52.78
Malta,MLT,2020-12-14,52.78
Malta,MLT,2020-12-15,52.78
Malta,MLT,2020-12-16,52.78
Malta,MLT,2020-12-17,52.78
Malta,MLT,2020-12-18,52.78
Malta,MLT,2020-12-19,52.78
Malta,MLT,2020-12-20,52.78
Malta,MLT,2020-12-21,52.78
Malta,MLT,2020-12-22,52.78
Malta,MLT,2020-12-23,52.78
Malta,MLT,2020-12-24,52.78
Malta,MLT,2020-12-25,52.78
Malta,MLT,2020-12-26,52.78
Malta,MLT,2020-12-27,52.78
Malta,MLT,2020-12-28,52.78
Malta,MLT,2020-12-29,52.78
Malta,MLT,2020-12-30,52.78
Malta,MLT,2020-12-31,52.78
Malta,MLT,2021-01-01,52.78
Malta,MLT,2021-01-02,52.78
Malta,MLT,2021-01-03,52.78
Malta,MLT,2021-01-04,52.78
Malta,MLT,2021-01-05,52.78
Malta,MLT,2021-01-06,52.78
Malta,MLT,2021-01-07,52.78
Malta,MLT,2021-01-08,52.78
Malta,MLT,2021-01-09,52.78
Malta,MLT,2021-01-10,52.78
Malta,MLT,2021-01-11,52.78
Malta,MLT,2021-01-12,52.78
Malta,MLT,2021-01-13,52.78
Malta,MLT,2021-01-14,52.78
Malta,MLT,2021-01-15,52.78
Malta,MLT,2021-01-16,52.78
Malta,MLT,2021-01-17,52.78
Malta,MLT,2021-01-18,52.78
Malta,MLT,2021-01-19,52.78
Malta,MLT,2021-01-20,52.78
Malta,MLT,2021-01-21,52.78
Malta,MLT,2021-01-22,52.78
Malta,MLT,2021-01-23,52.78
Malta,MLT,2021-01-24,52.78
Malta,MLT,2021-01-25,52.78
Malta,MLT,2021-01-26,52.78
Malta,MLT,2021-01-27,52.78
Malta,MLT,2021-01-28,52.78
Malta,MLT,2021-01-29,52.78
Malta,MLT,2021-01-30,52.78
Malta,MLT,2021-01-31,52.78
Malta,MLT,2021-02-01,52.78
Malta,MLT,2021-02-02,52.78
Malta,MLT,2021-02-03,52.78
Malta,MLT,2021-02-04,52.78
Malta,MLT,2021-02-05,52.78
Malta,MLT,2021-02-06,52.78
Malta,MLT,2021-02-07,52.78
Malta,MLT,2021-02-08,52.78
Malta,MLT,2021-02-09,52.78
Malta,MLT,2021-02-10,52.78
Malta,MLT,2021-02-11,52.78
Malta,MLT,2021-02-12,52.78
Malta,MLT,2021-02-13,52.78
Malta,MLT,2021-02-14,52.78
Malta,MLT,2021-02-15,52.78
Malta,MLT,2021-02-16,52.78
Malta,MLT,2021-02-17,52.78
Malta,MLT,2021-02-18,52.78
Malta,MLT,2021-02-19,52.78
Malta,MLT,2021-02-20,52.78
Malta,MLT,2021-02-21,52.78
Malta,MLT,2021-02-22,52.78
Malta,MLT,2021-02-23,52.78
Malta,MLT,2021-02-24,52.78
Malta,MLT,2021-02-25,52.78
Malta,MLT,2021-02-26,52.78
Malta,MLT,2021-02-27,52.78
Malta,MLT,2021-02-28,52.78
Malta,MLT,2021-03-01,52.78
Malta,MLT,2021-03-02,52.78
Malta,MLT,2021-03-03,52.78
Malta,MLT,2021-03-04,52.78
Malta,MLT,2021-03-05,52.78
Malta,MLT,2021-03-06,52.78
Malta,MLT,2021-03-07,52.78
Malta,MLT,2021-03-08,52.78
Malta,MLT,2021-03-09,52.78
Malta,MLT,2021-03-10,52.78
Malta,MLT,2021-03-11,67.59
Mauritania,MRT,2020-01-01,0
Mauritania,MRT,2020-01-02,0
Mauritania,MRT,2020-01-03,0
Mauritania,MRT,2020-01-04,0
Mauritania,MRT,2020-01-05,0
Mauritania,MRT,2020-01-06,0
Mauritania,MRT,2020-01-07,0
Mauritania,MRT,2020-01-08,0
Mauritania,MRT,2020-01-09,0
Mauritania,MRT,2020-01-10,0
Mauritania,MRT,2020-01-11,0
Mauritania,MRT,2020-01-12,0
Mauritania,MRT,2020-01-13,0
Mauritania,MRT,2020-01-14,0
Mauritania,MRT,2020-01-15,0
Mauritania,MRT,2020-01-16,0
Mauritania,MRT,2020-01-17,0
Mauritania,MRT,2020-01-18,0
Mauritania,MRT,2020-01-19,0
Mauritania,MRT,2020-01-20,0
Mauritania,MRT,2020-01-21,0
Mauritania,MRT,2020-01-22,0
Mauritania,MRT,2020-01-23,0
Mauritania,MRT,2020-01-24,0
Mauritania,MRT,2020-01-25,0
Mauritania,MRT,2020-01-26,0
Mauritania,MRT,2020-01-27,0
Mauritania,MRT,2020-01-28,0
Mauritania,MRT,2020-01-29,0
Mauritania,MRT,2020-01-30,0
Mauritania,MRT,2020-01-31,0
Mauritania,MRT,2020-02-01,0
Mauritania,MRT,2020-02-02,0
Mauritania,MRT,2020-02-03,0
Mauritania,MRT,2020-02-04,0
Mauritania,MRT,2020-02-05,5.56
Mauritania,MRT,2020-02-06,5.56
Mauritania,MRT,2020-02-07,5.56
Mauritania,MRT,2020-02-08,5.56
Mauritania,MRT,2020-02-09,5.56
Mauritania,MRT,2020-02-10,5.56
Mauritania,MRT,2020-02-11,5.56
Mauritania,MRT,2020-02-12,5.56
Mauritania,MRT,2020-02-13,5.56
Mauritania,MRT,2020-02-14,5.56
Mauritania,MRT,2020-02-15,5.56
Mauritania,MRT,2020-02-16,5.56
Mauritania,MRT,2020-02-17,5.56
Mauritania,MRT,2020-02-18,5.56
Mauritania,MRT,2020-02-19,5.56
Mauritania,MRT,2020-02-20,5.56
Mauritania,MRT,2020-02-21,5.56
Mauritania,MRT,2020-02-22,5.56
Mauritania,MRT,2020-02-23,5.56
Mauritania,MRT,2020-02-24,5.56
Mauritania,MRT,2020-02-25,5.56
Mauritania,MRT,2020-02-26,5.56
Mauritania,MRT,2020-02-27,5.56
Mauritania,MRT,2020-02-28,5.56
Mauritania,MRT,2020-02-29,5.56
Mauritania,MRT,2020-03-01,5.56
Mauritania,MRT,2020-03-02,5.56
Mauritania,MRT,2020-03-03,5.56
Mauritania,MRT,2020-03-04,5.56
Mauritania,MRT,2020-03-05,5.56
Mauritania,MRT,2020-03-06,5.56
Mauritania,MRT,2020-03-07,5.56
Mauritania,MRT,2020-03-08,5.56
Mauritania,MRT,2020-03-09,5.56
Mauritania,MRT,2020-03-10,5.56
Mauritania,MRT,2020-03-11,5.56
Mauritania,MRT,2020-03-12,5.56
Mauritania,MRT,2020-03-13,16.67
Mauritania,MRT,2020-03-14,16.67
Mauritania,MRT,2020-03-15,16.67
Mauritania,MRT,2020-03-16,27.78
Mauritania,MRT,2020-03-17,27.78
Mauritania,MRT,2020-03-18,27.78
Mauritania,MRT,2020-03-19,57.41
Mauritania,MRT,2020-03-20,57.41
Mauritania,MRT,2020-03-21,57.41
Mauritania,MRT,2020-03-22,57.41
Mauritania,MRT,2020-03-23,62.96
Mauritania,MRT,2020-03-24,62.96
Mauritania,MRT,2020-03-25,62.96
Mauritania,MRT,2020-03-26,62.96
Mauritania,MRT,2020-03-27,66.67
Mauritania,MRT,2020-03-28,66.67
Mauritania,MRT,2020-03-29,77.78
Mauritania,MRT,2020-03-30,77.78
Mauritania,MRT,2020-03-31,77.78
Mauritania,MRT,2020-04-01,77.78
Mauritania,MRT,2020-04-02,77.78
Mauritania,MRT,2020-04-03,77.78
Mauritania,MRT,2020-04-04,77.78
Mauritania,MRT,2020-04-05,77.78
Mauritania,MRT,2020-04-06,77.78
Mauritania,MRT,2020-04-07,77.78
Mauritania,MRT,2020-04-08,77.78
Mauritania,MRT,2020-04-09,77.78
Mauritania,MRT,2020-04-10,77.78
Mauritania,MRT,2020-04-11,77.78
Mauritania,MRT,2020-04-12,77.78
Mauritania,MRT,2020-04-13,77.78
Mauritania,MRT,2020-04-14,77.78
Mauritania,MRT,2020-04-15,77.78
Mauritania,MRT,2020-04-16,77.78
Mauritania,MRT,2020-04-17,77.78
Mauritania,MRT,2020-04-18,77.78
Mauritania,MRT,2020-04-19,77.78
Mauritania,MRT,2020-04-20,77.78
Mauritania,MRT,2020-04-21,77.78
Mauritania,MRT,2020-04-22,77.78
Mauritania,MRT,2020-04-23,77.78
Mauritania,MRT,2020-04-24,77.78
Mauritania,MRT,2020-04-25,77.78
Mauritania,MRT,2020-04-26,77.78
Mauritania,MRT,2020-04-27,77.78
Mauritania,MRT,2020-04-28,77.78
Mauritania,MRT,2020-04-29,77.78
Mauritania,MRT,2020-04-30,77.78
Mauritania,MRT,2020-05-01,77.78
Mauritania,MRT,2020-05-02,77.78
Mauritania,MRT,2020-05-03,77.78
Mauritania,MRT,2020-05-04,77.78
Mauritania,MRT,2020-05-05,77.78
Mauritania,MRT,2020-05-06,77.78
Mauritania,MRT,2020-05-07,77.78
Mauritania,MRT,2020-05-08,77.78
Mauritania,MRT,2020-05-09,77.78
Mauritania,MRT,2020-05-10,77.78
Mauritania,MRT,2020-05-11,77.78
Mauritania,MRT,2020-05-12,77.78
Mauritania,MRT,2020-05-13,77.78
Mauritania,MRT,2020-05-14,77.78
Mauritania,MRT,2020-05-15,77.78
Mauritania,MRT,2020-05-16,77.78
Mauritania,MRT,2020-05-17,77.78
Mauritania,MRT,2020-05-18,77.78
Mauritania,MRT,2020-05-19,77.78
Mauritania,MRT,2020-05-20,77.78
Mauritania,MRT,2020-05-21,77.78
Mauritania,MRT,2020-05-22,77.78
Mauritania,MRT,2020-05-23,77.78
Mauritania,MRT,2020-05-24,77.78
Mauritania,MRT,2020-05-25,77.78
Mauritania,MRT,2020-05-26,77.78
Mauritania,MRT,2020-05-27,77.78
Mauritania,MRT,2020-05-28,77.78
Mauritania,MRT,2020-05-29,77.78
Mauritania,MRT,2020-05-30,77.78
Mauritania,MRT,2020-05-31,77.78
Mauritania,MRT,2020-06-01,77.78
Mauritania,MRT,2020-06-02,77.78
Mauritania,MRT,2020-06-03,77.78
Mauritania,MRT,2020-06-04,77.78
Mauritania,MRT,2020-06-05,77.78
Mauritania,MRT,2020-06-06,77.78
Mauritania,MRT,2020-06-07,77.78
Mauritania,MRT,2020-06-08,77.78
Mauritania,MRT,2020-06-09,77.78
Mauritania,MRT,2020-06-10,77.78
Mauritania,MRT,2020-06-11,77.78
Mauritania,MRT,2020-06-12,77.78
Mauritania,MRT,2020-06-13,77.78
Mauritania,MRT,2020-06-14,77.78
Mauritania,MRT,2020-06-15,77.78
Mauritania,MRT,2020-06-16,77.78
Mauritania,MRT,2020-06-17,77.78
Mauritania,MRT,2020-06-18,77.78
Mauritania,MRT,2020-06-19,77.78
Mauritania,MRT,2020-06-20,77.78
Mauritania,MRT,2020-06-21,77.78
Mauritania,MRT,2020-06-22,77.78
Mauritania,MRT,2020-06-23,77.78
Mauritania,MRT,2020-06-24,77.78
Mauritania,MRT,2020-06-25,77.78
Mauritania,MRT,2020-06-26,77.78
Mauritania,MRT,2020-06-27,77.78
Mauritania,MRT,2020-06-28,77.78
Mauritania,MRT,2020-06-29,77.78
Mauritania,MRT,2020-06-30,77.78
Mauritania,MRT,2020-07-01,74.07
Mauritania,MRT,2020-07-02,74.07
Mauritania,MRT,2020-07-03,74.07
Mauritania,MRT,2020-07-04,74.07
Mauritania,MRT,2020-07-05,74.07
Mauritania,MRT,2020-07-06,74.07
Mauritania,MRT,2020-07-07,53.7
Mauritania,MRT,2020-07-08,53.7
Mauritania,MRT,2020-07-09,53.7
Mauritania,MRT,2020-07-10,29.63
Mauritania,MRT,2020-07-11,29.63
Mauritania,MRT,2020-07-12,29.63
Mauritania,MRT,2020-07-13,29.63
Mauritania,MRT,2020-07-14,29.63
Mauritania,MRT,2020-07-15,29.63
Mauritania,MRT,2020-07-16,29.63
Mauritania,MRT,2020-07-17,29.63
Mauritania,MRT,2020-07-18,29.63
Mauritania,MRT,2020-07-19,29.63
Mauritania,MRT,2020-07-20,29.63
Mauritania,MRT,2020-07-21,29.63
Mauritania,MRT,2020-07-22,29.63
Mauritania,MRT,2020-07-23,29.63
Mauritania,MRT,2020-07-24,29.63
Mauritania,MRT,2020-07-25,29.63
Mauritania,MRT,2020-07-26,29.63
Mauritania,MRT,2020-07-27,29.63
Mauritania,MRT,2020-07-28,29.63
Mauritania,MRT,2020-07-29,29.63
Mauritania,MRT,2020-07-30,29.63
Mauritania,MRT,2020-07-31,29.63
Mauritania,MRT,2020-08-01,29.63
Mauritania,MRT,2020-08-02,29.63
Mauritania,MRT,2020-08-03,29.63
Mauritania,MRT,2020-08-04,29.63
Mauritania,MRT,2020-08-05,29.63
Mauritania,MRT,2020-08-06,29.63
Mauritania,MRT,2020-08-07,29.63
Mauritania,MRT,2020-08-08,29.63
Mauritania,MRT,2020-08-09,29.63
Mauritania,MRT,2020-08-10,29.63
Mauritania,MRT,2020-08-11,29.63
Mauritania,MRT,2020-08-12,29.63
Mauritania,MRT,2020-08-13,29.63
Mauritania,MRT,2020-08-14,29.63
Mauritania,MRT,2020-08-15,29.63
Mauritania,MRT,2020-08-16,29.63
Mauritania,MRT,2020-08-17,29.63
Mauritania,MRT,2020-08-18,29.63
Mauritania,MRT,2020-08-19,29.63
Mauritania,MRT,2020-08-20,29.63
Mauritania,MRT,2020-08-21,29.63
Mauritania,MRT,2020-08-22,29.63
Mauritania,MRT,2020-08-23,29.63
Mauritania,MRT,2020-08-24,29.63
Mauritania,MRT,2020-08-25,29.63
Mauritania,MRT,2020-08-26,29.63
Mauritania,MRT,2020-08-27,29.63
Mauritania,MRT,2020-08-28,29.63
Mauritania,MRT,2020-08-29,29.63
Mauritania,MRT,2020-08-30,29.63
Mauritania,MRT,2020-08-31,29.63
Mauritania,MRT,2020-09-01,25.93
Mauritania,MRT,2020-09-02,25.93
Mauritania,MRT,2020-09-03,25.93
Mauritania,MRT,2020-09-04,25.93
Mauritania,MRT,2020-09-05,25.93
Mauritania,MRT,2020-09-06,25.93
Mauritania,MRT,2020-09-07,25.93
Mauritania,MRT,2020-09-08,25.93
Mauritania,MRT,2020-09-09,25.93
Mauritania,MRT,2020-09-10,17.59
Mauritania,MRT,2020-09-11,17.59
Mauritania,MRT,2020-09-12,17.59
Mauritania,MRT,2020-09-13,17.59
Mauritania,MRT,2020-09-14,17.59
Mauritania,MRT,2020-09-15,17.59
Mauritania,MRT,2020-09-16,17.59
Mauritania,MRT,2020-09-17,17.59
Mauritania,MRT,2020-09-18,17.59
Mauritania,MRT,2020-09-19,17.59
Mauritania,MRT,2020-09-20,17.59
Mauritania,MRT,2020-09-21,17.59
Mauritania,MRT,2020-09-22,17.59
Mauritania,MRT,2020-09-23,17.59
Mauritania,MRT,2020-09-24,17.59
Mauritania,MRT,2020-09-25,17.59
Mauritania,MRT,2020-09-26,17.59
Mauritania,MRT,2020-09-27,17.59
Mauritania,MRT,2020-09-28,17.59
Mauritania,MRT,2020-09-29,17.59
Mauritania,MRT,2020-09-30,17.59
Mauritania,MRT,2020-10-01,17.59
Mauritania,MRT,2020-10-02,17.59
Mauritania,MRT,2020-10-03,17.59
Mauritania,MRT,2020-10-04,17.59
Mauritania,MRT,2020-10-05,17.59
Mauritania,MRT,2020-10-06,17.59
Mauritania,MRT,2020-10-07,17.59
Mauritania,MRT,2020-10-08,17.59
Mauritania,MRT,2020-10-09,17.59
Mauritania,MRT,2020-10-10,17.59
Mauritania,MRT,2020-10-11,17.59
Mauritania,MRT,2020-10-12,17.59
Mauritania,MRT,2020-10-13,17.59
Mauritania,MRT,2020-10-14,17.59
Mauritania,MRT,2020-10-15,17.59
Mauritania,MRT,2020-10-16,17.59
Mauritania,MRT,2020-10-17,17.59
Mauritania,MRT,2020-10-18,17.59
Mauritania,MRT,2020-10-19,17.59
Mauritania,MRT,2020-10-20,17.59
Mauritania,MRT,2020-10-21,17.59
Mauritania,MRT,2020-10-22,17.59
Mauritania,MRT,2020-10-23,17.59
Mauritania,MRT,2020-10-24,17.59
Mauritania,MRT,2020-10-25,17.59
Mauritania,MRT,2020-10-26,17.59
Mauritania,MRT,2020-10-27,17.59
Mauritania,MRT,2020-10-28,17.59
Mauritania,MRT,2020-10-29,17.59
Mauritania,MRT,2020-10-30,17.59
Mauritania,MRT,2020-10-31,17.59
Mauritania,MRT,2020-11-01,17.59
Mauritania,MRT,2020-11-02,17.59
Mauritania,MRT,2020-11-03,17.59
Mauritania,MRT,2020-11-04,17.59
Mauritania,MRT,2020-11-05,17.59
Mauritania,MRT,2020-11-06,17.59
Mauritania,MRT,2020-11-07,17.59
Mauritania,MRT,2020-11-08,17.59
Mauritania,MRT,2020-11-09,17.59
Mauritania,MRT,2020-11-10,17.59
Mauritania,MRT,2020-11-11,17.59
Mauritania,MRT,2020-11-12,17.59
Mauritania,MRT,2020-11-13,17.59
Mauritania,MRT,2020-11-14,17.59
Mauritania,MRT,2020-11-15,17.59
Mauritania,MRT,2020-11-16,17.59
Mauritania,MRT,2020-11-17,17.59
Mauritania,MRT,2020-11-18,17.59
Mauritania,MRT,2020-11-19,17.59
Mauritania,MRT,2020-11-20,17.59
Mauritania,MRT,2020-11-21,17.59
Mauritania,MRT,2020-11-22,17.59
Mauritania,MRT,2020-11-23,17.59
Mauritania,MRT,2020-11-24,17.59
Mauritania,MRT,2020-11-25,17.59
Mauritania,MRT,2020-11-26,17.59
Mauritania,MRT,2020-11-27,17.59
Mauritania,MRT,2020-11-28,17.59
Mauritania,MRT,2020-11-29,17.59
Mauritania,MRT,2020-11-30,17.59
Mauritania,MRT,2020-12-01,17.59
Mauritania,MRT,2020-12-02,37.96
Mauritania,MRT,2020-12-03,37.96
Mauritania,MRT,2020-12-04,45.37
Mauritania,MRT,2020-12-05,45.37
Mauritania,MRT,2020-12-06,45.37
Mauritania,MRT,2020-12-07,45.37
Mauritania,MRT,2020-12-08,51.85
Mauritania,MRT,2020-12-09,51.85
Mauritania,MRT,2020-12-10,51.85
Mauritania,MRT,2020-12-11,51.85
Mauritania,MRT,2020-12-12,51.85
Mauritania,MRT,2020-12-13,51.85
Mauritania,MRT,2020-12-14,51.85
Mauritania,MRT,2020-12-15,51.85
Mauritania,MRT,2020-12-16,51.85
Mauritania,MRT,2020-12-17,51.85
Mauritania,MRT,2020-12-18,51.85
Mauritania,MRT,2020-12-19,51.85
Mauritania,MRT,2020-12-20,51.85
Mauritania,MRT,2020-12-21,51.85
Mauritania,MRT,2020-12-22,51.85
Mauritania,MRT,2020-12-23,51.85
Mauritania,MRT,2020-12-24,51.85
Mauritania,MRT,2020-12-25,51.85
Mauritania,MRT,2020-12-26,51.85
Mauritania,MRT,2020-12-27,51.85
Mauritania,MRT,2020-12-28,51.85
Mauritania,MRT,2020-12-29,51.85
Mauritania,MRT,2020-12-30,51.85
Mauritania,MRT,2020-12-31,51.85
Mauritania,MRT,2021-01-01,51.85
Mauritania,MRT,2021-01-02,51.85
Mauritania,MRT,2021-01-03,51.85
Mauritania,MRT,2021-01-04,51.85
Mauritania,MRT,2021-01-05,58.33
Mauritania,MRT,2021-01-06,58.33
Mauritania,MRT,2021-01-07,58.33
Mauritania,MRT,2021-01-08,58.33
Mauritania,MRT,2021-01-09,58.33
Mauritania,MRT,2021-01-10,58.33
Mauritania,MRT,2021-01-11,58.33
Mauritania,MRT,2021-01-12,58.33
Mauritania,MRT,2021-01-13,58.33
Mauritania,MRT,2021-01-14,58.33
Mauritania,MRT,2021-01-15,58.33
Mauritania,MRT,2021-01-16,58.33
Mauritania,MRT,2021-01-17,58.33
Mauritania,MRT,2021-01-18,58.33
Mauritania,MRT,2021-01-19,58.33
Mauritania,MRT,2021-01-20,58.33
Mauritania,MRT,2021-01-21,58.33
Mauritania,MRT,2021-01-22,58.33
Mauritania,MRT,2021-01-23,58.33
Mauritania,MRT,2021-01-24,58.33
Mauritania,MRT,2021-01-25,58.33
Mauritania,MRT,2021-01-26,50.93
Mauritania,MRT,2021-01-27,50.93
Mauritania,MRT,2021-01-28,50.93
Mauritania,MRT,2021-01-29,50.93
Mauritania,MRT,2021-01-30,50.93
Mauritania,MRT,2021-01-31,50.93
Mauritania,MRT,2021-02-01,50.93
Mauritania,MRT,2021-02-02,50.93
Mauritania,MRT,2021-02-03,50.93
Mauritania,MRT,2021-02-04,50.93
Mauritania,MRT,2021-02-05,50.93
Mauritania,MRT,2021-02-06,50.93
Mauritania,MRT,2021-02-07,50.93
Mauritania,MRT,2021-02-08,50.93
Mauritania,MRT,2021-02-09,50.93
Mauritania,MRT,2021-02-10,50.93
Mauritania,MRT,2021-02-11,50.93
Mauritania,MRT,2021-02-12,50.93
Mauritania,MRT,2021-02-13,50.93
Mauritania,MRT,2021-02-14,50.93
Mauritania,MRT,2021-02-15,50.93
Mauritania,MRT,2021-02-16,50.93
Mauritania,MRT,2021-02-17,50.93
Mauritania,MRT,2021-02-18,50.93
Mauritania,MRT,2021-02-19,50.93
Mauritania,MRT,2021-02-20,50.93
Mauritania,MRT,2021-02-21,50.93
Mauritania,MRT,2021-02-22,50.93
Mauritania,MRT,2021-02-23,48.15
Mauritania,MRT,2021-02-24,48.15
Mauritania,MRT,2021-02-25,48.15
Mauritania,MRT,2021-02-26,48.15
Mauritania,MRT,2021-02-27,48.15
Mauritania,MRT,2021-02-28,48.15
Mauritania,MRT,2021-03-01,48.15
Mauritius,MUS,2020-01-01,0
Mauritius,MUS,2020-01-02,0
Mauritius,MUS,2020-01-03,0
Mauritius,MUS,2020-01-04,0
Mauritius,MUS,2020-01-05,0
Mauritius,MUS,2020-01-06,0
Mauritius,MUS,2020-01-07,0
Mauritius,MUS,2020-01-08,0
Mauritius,MUS,2020-01-09,0
Mauritius,MUS,2020-01-10,0
Mauritius,MUS,2020-01-11,0
Mauritius,MUS,2020-01-12,0
Mauritius,MUS,2020-01-13,0
Mauritius,MUS,2020-01-14,0
Mauritius,MUS,2020-01-15,0
Mauritius,MUS,2020-01-16,0
Mauritius,MUS,2020-01-17,0
Mauritius,MUS,2020-01-18,0
Mauritius,MUS,2020-01-19,0
Mauritius,MUS,2020-01-20,0
Mauritius,MUS,2020-01-21,0
Mauritius,MUS,2020-01-22,0
Mauritius,MUS,2020-01-23,0
Mauritius,MUS,2020-01-24,0
Mauritius,MUS,2020-01-25,0
Mauritius,MUS,2020-01-26,0
Mauritius,MUS,2020-01-27,0
Mauritius,MUS,2020-01-28,0
Mauritius,MUS,2020-01-29,0
Mauritius,MUS,2020-01-30,0
Mauritius,MUS,2020-01-31,0
Mauritius,MUS,2020-02-01,0
Mauritius,MUS,2020-02-02,0
Mauritius,MUS,2020-02-03,0
Mauritius,MUS,2020-02-04,0
Mauritius,MUS,2020-02-05,0
Mauritius,MUS,2020-02-06,0
Mauritius,MUS,2020-02-07,0
Mauritius,MUS,2020-02-08,0
Mauritius,MUS,2020-02-09,0
Mauritius,MUS,2020-02-10,0
Mauritius,MUS,2020-02-11,0
Mauritius,MUS,2020-02-12,0
Mauritius,MUS,2020-02-13,0
Mauritius,MUS,2020-02-14,0
Mauritius,MUS,2020-02-15,0
Mauritius,MUS,2020-02-16,0
Mauritius,MUS,2020-02-17,0
Mauritius,MUS,2020-02-18,0
Mauritius,MUS,2020-02-19,0
Mauritius,MUS,2020-02-20,0
Mauritius,MUS,2020-02-21,0
Mauritius,MUS,2020-02-22,0
Mauritius,MUS,2020-02-23,0
Mauritius,MUS,2020-02-24,0
Mauritius,MUS,2020-02-25,0
Mauritius,MUS,2020-02-26,0
Mauritius,MUS,2020-02-27,0
Mauritius,MUS,2020-02-28,0
Mauritius,MUS,2020-02-29,0
Mauritius,MUS,2020-03-01,0
Mauritius,MUS,2020-03-02,0
Mauritius,MUS,2020-03-03,0
Mauritius,MUS,2020-03-04,0
Mauritius,MUS,2020-03-05,0
Mauritius,MUS,2020-03-06,0
Mauritius,MUS,2020-03-07,0
Mauritius,MUS,2020-03-08,0
Mauritius,MUS,2020-03-09,0
Mauritius,MUS,2020-03-10,0
Mauritius,MUS,2020-03-11,0
Mauritius,MUS,2020-03-12,0
Mauritius,MUS,2020-03-13,0
Mauritius,MUS,2020-03-14,0
Mauritius,MUS,2020-03-15,0
Mauritius,MUS,2020-03-16,0
Mauritius,MUS,2020-03-17,0
Mauritius,MUS,2020-03-18,5.56
Mauritius,MUS,2020-03-19,22.22
Mauritius,MUS,2020-03-20,50
Mauritius,MUS,2020-03-21,50
Mauritius,MUS,2020-03-22,50
Mauritius,MUS,2020-03-23,71.3
Mauritius,MUS,2020-03-24,71.3
Mauritius,MUS,2020-03-25,71.3
Mauritius,MUS,2020-03-26,82.41
Mauritius,MUS,2020-03-27,82.41
Mauritius,MUS,2020-03-28,82.41
Mauritius,MUS,2020-03-29,82.41
Mauritius,MUS,2020-03-30,82.41
Mauritius,MUS,2020-03-31,82.41
Mauritius,MUS,2020-04-01,82.41
Mauritius,MUS,2020-04-02,82.41
Mauritius,MUS,2020-04-03,82.41
Mauritius,MUS,2020-04-04,82.41
Mauritius,MUS,2020-04-05,82.41
Mauritius,MUS,2020-04-06,82.41
Mauritius,MUS,2020-04-07,82.41
Mauritius,MUS,2020-04-08,82.41
Mauritius,MUS,2020-04-09,82.41
Mauritius,MUS,2020-04-10,82.41
Mauritius,MUS,2020-04-11,82.41
Mauritius,MUS,2020-04-12,82.41
Mauritius,MUS,2020-04-13,82.41
Mauritius,MUS,2020-04-14,82.41
Mauritius,MUS,2020-04-15,82.41
Mauritius,MUS,2020-04-16,82.41
Mauritius,MUS,2020-04-17,82.41
Mauritius,MUS,2020-04-18,82.41
Mauritius,MUS,2020-04-19,82.41
Mauritius,MUS,2020-04-20,82.41
Mauritius,MUS,2020-04-21,82.41
Mauritius,MUS,2020-04-22,82.41
Mauritius,MUS,2020-04-23,82.41
Mauritius,MUS,2020-04-24,82.41
Mauritius,MUS,2020-04-25,82.41
Mauritius,MUS,2020-04-26,82.41
Mauritius,MUS,2020-04-27,82.41
Mauritius,MUS,2020-04-28,82.41
Mauritius,MUS,2020-04-29,82.41
Mauritius,MUS,2020-04-30,82.41
Mauritius,MUS,2020-05-01,82.41
Mauritius,MUS,2020-05-02,82.41
Mauritius,MUS,2020-05-03,82.41
Mauritius,MUS,2020-05-04,82.41
Mauritius,MUS,2020-05-05,82.41
Mauritius,MUS,2020-05-06,82.41
Mauritius,MUS,2020-05-07,82.41
Mauritius,MUS,2020-05-08,82.41
Mauritius,MUS,2020-05-09,82.41
Mauritius,MUS,2020-05-10,82.41
Mauritius,MUS,2020-05-11,82.41
Mauritius,MUS,2020-05-12,82.41
Mauritius,MUS,2020-05-13,82.41
Mauritius,MUS,2020-05-14,82.41
Mauritius,MUS,2020-05-15,78.7
Mauritius,MUS,2020-05-16,78.7
Mauritius,MUS,2020-05-17,78.7
Mauritius,MUS,2020-05-18,78.7
Mauritius,MUS,2020-05-19,78.7
Mauritius,MUS,2020-05-20,78.7
Mauritius,MUS,2020-05-21,78.7
Mauritius,MUS,2020-05-22,78.7
Mauritius,MUS,2020-05-23,78.7
Mauritius,MUS,2020-05-24,78.7
Mauritius,MUS,2020-05-25,78.7
Mauritius,MUS,2020-05-26,78.7
Mauritius,MUS,2020-05-27,78.7
Mauritius,MUS,2020-05-28,78.7
Mauritius,MUS,2020-05-29,78.7
Mauritius,MUS,2020-05-30,65.74
Mauritius,MUS,2020-05-31,65.74
Mauritius,MUS,2020-06-01,65.74
Mauritius,MUS,2020-06-02,65.74
Mauritius,MUS,2020-06-03,65.74
Mauritius,MUS,2020-06-04,65.74
Mauritius,MUS,2020-06-05,65.74
Mauritius,MUS,2020-06-06,65.74
Mauritius,MUS,2020-06-07,65.74
Mauritius,MUS,2020-06-08,65.74
Mauritius,MUS,2020-06-09,65.74
Mauritius,MUS,2020-06-10,65.74
Mauritius,MUS,2020-06-11,65.74
Mauritius,MUS,2020-06-12,38.89
Mauritius,MUS,2020-06-13,38.89
Mauritius,MUS,2020-06-14,38.89
Mauritius,MUS,2020-06-15,33.33
Mauritius,MUS,2020-06-16,33.33
Mauritius,MUS,2020-06-17,33.33
Mauritius,MUS,2020-06-18,33.33
Mauritius,MUS,2020-06-19,33.33
Mauritius,MUS,2020-06-20,33.33
Mauritius,MUS,2020-06-21,33.33
Mauritius,MUS,2020-06-22,33.33
Mauritius,MUS,2020-06-23,33.33
Mauritius,MUS,2020-06-24,33.33
Mauritius,MUS,2020-06-25,33.33
Mauritius,MUS,2020-06-26,33.33
Mauritius,MUS,2020-06-27,33.33
Mauritius,MUS,2020-06-28,33.33
Mauritius,MUS,2020-06-29,33.33
Mauritius,MUS,2020-06-30,33.33
Mauritius,MUS,2020-07-01,22.22
Mauritius,MUS,2020-07-02,22.22
Mauritius,MUS,2020-07-03,22.22
Mauritius,MUS,2020-07-04,22.22
Mauritius,MUS,2020-07-05,22.22
Mauritius,MUS,2020-07-06,22.22
Mauritius,MUS,2020-07-07,22.22
Mauritius,MUS,2020-07-08,16.67
Mauritius,MUS,2020-07-09,16.67
Mauritius,MUS,2020-07-10,16.67
Mauritius,MUS,2020-07-11,16.67
Mauritius,MUS,2020-07-12,16.67
Mauritius,MUS,2020-07-13,16.67
Mauritius,MUS,2020-07-14,16.67
Mauritius,MUS,2020-07-15,16.67
Mauritius,MUS,2020-07-16,16.67
Mauritius,MUS,2020-07-17,16.67
Mauritius,MUS,2020-07-18,16.67
Mauritius,MUS,2020-07-19,16.67
Mauritius,MUS,2020-07-20,16.67
Mauritius,MUS,2020-07-21,16.67
Mauritius,MUS,2020-07-22,16.67
Mauritius,MUS,2020-07-23,16.67
Mauritius,MUS,2020-07-24,16.67
Mauritius,MUS,2020-07-25,16.67
Mauritius,MUS,2020-07-26,16.67
Mauritius,MUS,2020-07-27,16.67
Mauritius,MUS,2020-07-28,16.67
Mauritius,MUS,2020-07-29,16.67
Mauritius,MUS,2020-07-30,16.67
Mauritius,MUS,2020-07-31,16.67
Mauritius,MUS,2020-08-01,16.67
Mauritius,MUS,2020-08-02,16.67
Mauritius,MUS,2020-08-03,16.67
Mauritius,MUS,2020-08-04,16.67
Mauritius,MUS,2020-08-05,16.67
Mauritius,MUS,2020-08-06,16.67
Mauritius,MUS,2020-08-07,16.67
Mauritius,MUS,2020-08-08,16.67
Mauritius,MUS,2020-08-09,16.67
Mauritius,MUS,2020-08-10,16.67
Mauritius,MUS,2020-08-11,16.67
Mauritius,MUS,2020-08-12,16.67
Mauritius,MUS,2020-08-13,16.67
Mauritius,MUS,2020-08-14,16.67
Mauritius,MUS,2020-08-15,16.67
Mauritius,MUS,2020-08-16,16.67
Mauritius,MUS,2020-08-17,16.67
Mauritius,MUS,2020-08-18,16.67
Mauritius,MUS,2020-08-19,16.67
Mauritius,MUS,2020-08-20,16.67
Mauritius,MUS,2020-08-21,16.67
Mauritius,MUS,2020-08-22,16.67
Mauritius,MUS,2020-08-23,16.67
Mauritius,MUS,2020-08-24,16.67
Mauritius,MUS,2020-08-25,16.67
Mauritius,MUS,2020-08-26,22.22
Mauritius,MUS,2020-08-27,22.22
Mauritius,MUS,2020-08-28,22.22
Mauritius,MUS,2020-08-29,22.22
Mauritius,MUS,2020-08-30,22.22
Mauritius,MUS,2020-08-31,22.22
Mauritius,MUS,2020-09-01,22.22
Mauritius,MUS,2020-09-02,22.22
Mauritius,MUS,2020-09-03,22.22
Mauritius,MUS,2020-09-04,22.22
Mauritius,MUS,2020-09-05,22.22
Mauritius,MUS,2020-09-06,22.22
Mauritius,MUS,2020-09-07,22.22
Mauritius,MUS,2020-09-08,22.22
Mauritius,MUS,2020-09-09,22.22
Mauritius,MUS,2020-09-10,22.22
Mauritius,MUS,2020-09-11,22.22
Mauritius,MUS,2020-09-12,22.22
Mauritius,MUS,2020-09-13,22.22
Mauritius,MUS,2020-09-14,22.22
Mauritius,MUS,2020-09-15,22.22
Mauritius,MUS,2020-09-16,22.22
Mauritius,MUS,2020-09-17,22.22
Mauritius,MUS,2020-09-18,22.22
Mauritius,MUS,2020-09-19,22.22
Mauritius,MUS,2020-09-20,22.22
Mauritius,MUS,2020-09-21,22.22
Mauritius,MUS,2020-09-22,22.22
Mauritius,MUS,2020-09-23,22.22
Mauritius,MUS,2020-09-24,22.22
Mauritius,MUS,2020-09-25,22.22
Mauritius,MUS,2020-09-26,22.22
Mauritius,MUS,2020-09-27,22.22
Mauritius,MUS,2020-09-28,22.22
Mauritius,MUS,2020-09-29,22.22
Mauritius,MUS,2020-09-30,22.22
Mauritius,MUS,2020-10-01,16.67
Mauritius,MUS,2020-10-02,16.67
Mauritius,MUS,2020-10-03,16.67
Mauritius,MUS,2020-10-04,16.67
Mauritius,MUS,2020-10-05,16.67
Mauritius,MUS,2020-10-06,16.67
Mauritius,MUS,2020-10-07,16.67
Mauritius,MUS,2020-10-08,16.67
Mauritius,MUS,2020-10-09,16.67
Mauritius,MUS,2020-10-10,16.67
Mauritius,MUS,2020-10-11,16.67
Mauritius,MUS,2020-10-12,16.67
Mauritius,MUS,2020-10-13,16.67
Mauritius,MUS,2020-10-14,16.67
Mauritius,MUS,2020-10-15,16.67
Mauritius,MUS,2020-10-16,16.67
Mauritius,MUS,2020-10-17,16.67
Mauritius,MUS,2020-10-18,16.67
Mauritius,MUS,2020-10-19,16.67
Mauritius,MUS,2020-10-20,16.67
Mauritius,MUS,2020-10-21,16.67
Mauritius,MUS,2020-10-22,16.67
Mauritius,MUS,2020-10-23,16.67
Mauritius,MUS,2020-10-24,16.67
Mauritius,MUS,2020-10-25,16.67
Mauritius,MUS,2020-10-26,16.67
Mauritius,MUS,2020-10-27,16.67
Mauritius,MUS,2020-10-28,16.67
Mauritius,MUS,2020-10-29,16.67
Mauritius,MUS,2020-10-30,16.67
Mauritius,MUS,2020-10-31,16.67
Mauritius,MUS,2020-11-01,16.67
Mauritius,MUS,2020-11-02,16.67
Mauritius,MUS,2020-11-03,16.67
Mauritius,MUS,2020-11-04,16.67
Mauritius,MUS,2020-11-05,16.67
Mauritius,MUS,2020-11-06,16.67
Mauritius,MUS,2020-11-07,16.67
Mauritius,MUS,2020-11-08,16.67
Mauritius,MUS,2020-11-09,16.67
Mauritius,MUS,2020-11-10,16.67
Mauritius,MUS,2020-11-11,16.67
Mauritius,MUS,2020-11-12,16.67
Mauritius,MUS,2020-11-13,16.67
Mauritius,MUS,2020-11-14,16.67
Mauritius,MUS,2020-11-15,16.67
Mauritius,MUS,2020-11-16,16.67
Mauritius,MUS,2020-11-17,16.67
Mauritius,MUS,2020-11-18,16.67
Mauritius,MUS,2020-11-19,16.67
Mauritius,MUS,2020-11-20,16.67
Mauritius,MUS,2020-11-21,16.67
Mauritius,MUS,2020-11-22,16.67
Mauritius,MUS,2020-11-23,16.67
Mauritius,MUS,2020-11-24,16.67
Mauritius,MUS,2020-11-25,16.67
Mauritius,MUS,2020-11-26,16.67
Mauritius,MUS,2020-11-27,16.67
Mauritius,MUS,2020-11-28,16.67
Mauritius,MUS,2020-11-29,16.67
Mauritius,MUS,2020-11-30,16.67
Mauritius,MUS,2020-12-01,16.67
Mauritius,MUS,2020-12-02,16.67
Mauritius,MUS,2020-12-03,16.67
Mauritius,MUS,2020-12-04,16.67
Mauritius,MUS,2020-12-05,16.67
Mauritius,MUS,2020-12-06,16.67
Mauritius,MUS,2020-12-07,16.67
Mauritius,MUS,2020-12-08,16.67
Mauritius,MUS,2020-12-09,16.67
Mauritius,MUS,2020-12-10,16.67
Mauritius,MUS,2020-12-11,16.67
Mauritius,MUS,2020-12-12,16.67
Mauritius,MUS,2020-12-13,16.67
Mauritius,MUS,2020-12-14,16.67
Mauritius,MUS,2020-12-15,16.67
Mauritius,MUS,2020-12-16,16.67
Mauritius,MUS,2020-12-17,16.67
Mauritius,MUS,2020-12-18,16.67
Mauritius,MUS,2020-12-19,16.67
Mauritius,MUS,2020-12-20,16.67
Mauritius,MUS,2020-12-21,16.67
Mauritius,MUS,2020-12-22,16.67
Mauritius,MUS,2020-12-23,16.67
Mauritius,MUS,2020-12-24,16.67
Mauritius,MUS,2020-12-25,16.67
Mauritius,MUS,2020-12-26,16.67
Mauritius,MUS,2020-12-27,16.67
Mauritius,MUS,2020-12-28,16.67
Mauritius,MUS,2020-12-29,16.67
Mauritius,MUS,2020-12-30,16.67
Mauritius,MUS,2020-12-31,16.67
Mauritius,MUS,2021-01-01,16.67
Mauritius,MUS,2021-01-02,16.67
Mauritius,MUS,2021-01-03,16.67
Mauritius,MUS,2021-01-04,16.67
Mauritius,MUS,2021-01-05,19.44
Mauritius,MUS,2021-01-06,19.44
Mauritius,MUS,2021-01-07,19.44
Mauritius,MUS,2021-01-08,19.44
Mauritius,MUS,2021-01-09,19.44
Mauritius,MUS,2021-01-10,19.44
Mauritius,MUS,2021-01-11,19.44
Mauritius,MUS,2021-01-12,19.44
Mauritius,MUS,2021-01-13,19.44
Mauritius,MUS,2021-01-14,19.44
Mauritius,MUS,2021-01-15,19.44
Mauritius,MUS,2021-01-16,19.44
Mauritius,MUS,2021-01-17,19.44
Mauritius,MUS,2021-01-18,19.44
Mauritius,MUS,2021-01-19,19.44
Mauritius,MUS,2021-01-20,19.44
Mauritius,MUS,2021-01-21,19.44
Mauritius,MUS,2021-01-22,19.44
Mauritius,MUS,2021-01-23,19.44
Mauritius,MUS,2021-01-24,19.44
Mauritius,MUS,2021-01-25,19.44
Mauritius,MUS,2021-01-26,19.44
Mauritius,MUS,2021-01-27,19.44
Mauritius,MUS,2021-01-28,19.44
Mauritius,MUS,2021-01-29,19.44
Mauritius,MUS,2021-01-30,19.44
Mauritius,MUS,2021-01-31,19.44
Mauritius,MUS,2021-02-01,19.44
Mauritius,MUS,2021-02-02,19.44
Mauritius,MUS,2021-02-03,19.44
Mauritius,MUS,2021-02-04,19.44
Mauritius,MUS,2021-02-05,19.44
Mauritius,MUS,2021-02-06,19.44
Mauritius,MUS,2021-02-07,19.44
Mauritius,MUS,2021-02-08,19.44
Mauritius,MUS,2021-02-09,19.44
Mauritius,MUS,2021-02-10,19.44
Mauritius,MUS,2021-02-11,19.44
Mauritius,MUS,2021-02-12,19.44
Mauritius,MUS,2021-02-13,19.44
Mauritius,MUS,2021-02-14,19.44
Mauritius,MUS,2021-02-15,19.44
Mauritius,MUS,2021-02-16,19.44
Mauritius,MUS,2021-02-17,19.44
Mauritius,MUS,2021-02-18,19.44
Mauritius,MUS,2021-02-19,19.44
Mauritius,MUS,2021-02-20,19.44
Mauritius,MUS,2021-02-21,19.44
Mauritius,MUS,2021-02-22,19.44
Mauritius,MUS,2021-02-23,19.44
Mauritius,MUS,2021-02-24,19.44
Mauritius,MUS,2021-02-25,19.44
Mauritius,MUS,2021-02-26,19.44
Mauritius,MUS,2021-02-27,19.44
Mauritius,MUS,2021-02-28,19.44
Mauritius,MUS,2021-03-01,19.44
Mauritius,MUS,2021-03-02,16.67
Mauritius,MUS,2021-03-03,16.67
Mauritius,MUS,2021-03-04,16.67
Mauritius,MUS,2021-03-05,16.67
Mauritius,MUS,2021-03-06,16.67
Mauritius,MUS,2021-03-07,16.67
Mauritius,MUS,2021-03-08,23.15
Mexico,MEX,2020-01-01,0
Mexico,MEX,2020-01-02,0
Mexico,MEX,2020-01-03,0
Mexico,MEX,2020-01-04,0
Mexico,MEX,2020-01-05,0
Mexico,MEX,2020-01-06,0
Mexico,MEX,2020-01-07,0
Mexico,MEX,2020-01-08,0
Mexico,MEX,2020-01-09,0
Mexico,MEX,2020-01-10,0
Mexico,MEX,2020-01-11,0
Mexico,MEX,2020-01-12,0
Mexico,MEX,2020-01-13,0
Mexico,MEX,2020-01-14,0
Mexico,MEX,2020-01-15,0
Mexico,MEX,2020-01-16,0
Mexico,MEX,2020-01-17,0
Mexico,MEX,2020-01-18,0
Mexico,MEX,2020-01-19,0
Mexico,MEX,2020-01-20,0
Mexico,MEX,2020-01-21,0
Mexico,MEX,2020-01-22,0
Mexico,MEX,2020-01-23,0
Mexico,MEX,2020-01-24,0
Mexico,MEX,2020-01-25,0
Mexico,MEX,2020-01-26,0
Mexico,MEX,2020-01-27,0
Mexico,MEX,2020-01-28,0
Mexico,MEX,2020-01-29,0
Mexico,MEX,2020-01-30,0
Mexico,MEX,2020-01-31,0
Mexico,MEX,2020-02-01,0
Mexico,MEX,2020-02-02,0
Mexico,MEX,2020-02-03,0
Mexico,MEX,2020-02-04,0
Mexico,MEX,2020-02-05,0
Mexico,MEX,2020-02-06,0
Mexico,MEX,2020-02-07,0
Mexico,MEX,2020-02-08,0
Mexico,MEX,2020-02-09,0
Mexico,MEX,2020-02-10,0
Mexico,MEX,2020-02-11,0
Mexico,MEX,2020-02-12,0
Mexico,MEX,2020-02-13,0
Mexico,MEX,2020-02-14,0
Mexico,MEX,2020-02-15,0
Mexico,MEX,2020-02-16,0
Mexico,MEX,2020-02-17,0
Mexico,MEX,2020-02-18,0
Mexico,MEX,2020-02-19,0
Mexico,MEX,2020-02-20,0
Mexico,MEX,2020-02-21,0
Mexico,MEX,2020-02-22,0
Mexico,MEX,2020-02-23,0
Mexico,MEX,2020-02-24,0
Mexico,MEX,2020-02-25,0
Mexico,MEX,2020-02-26,0
Mexico,MEX,2020-02-27,0
Mexico,MEX,2020-02-28,2.78
Mexico,MEX,2020-02-29,2.78
Mexico,MEX,2020-03-01,2.78
Mexico,MEX,2020-03-02,2.78
Mexico,MEX,2020-03-03,2.78
Mexico,MEX,2020-03-04,2.78
Mexico,MEX,2020-03-05,2.78
Mexico,MEX,2020-03-06,2.78
Mexico,MEX,2020-03-07,2.78
Mexico,MEX,2020-03-08,2.78
Mexico,MEX,2020-03-09,2.78
Mexico,MEX,2020-03-10,2.78
Mexico,MEX,2020-03-11,2.78
Mexico,MEX,2020-03-12,2.78
Mexico,MEX,2020-03-13,2.78
Mexico,MEX,2020-03-14,2.78
Mexico,MEX,2020-03-15,2.78
Mexico,MEX,2020-03-16,2.78
Mexico,MEX,2020-03-17,2.78
Mexico,MEX,2020-03-18,2.78
Mexico,MEX,2020-03-19,2.78
Mexico,MEX,2020-03-20,2.78
Mexico,MEX,2020-03-21,8.33
Mexico,MEX,2020-03-22,8.33
Mexico,MEX,2020-03-23,19.44
Mexico,MEX,2020-03-24,52.78
Mexico,MEX,2020-03-25,52.78
Mexico,MEX,2020-03-26,63.89
Mexico,MEX,2020-03-27,63.89
Mexico,MEX,2020-03-28,63.89
Mexico,MEX,2020-03-29,63.89
Mexico,MEX,2020-03-30,82.41
Mexico,MEX,2020-03-31,82.41
Mexico,MEX,2020-04-01,82.41
Mexico,MEX,2020-04-02,82.41
Mexico,MEX,2020-04-03,82.41
Mexico,MEX,2020-04-04,82.41
Mexico,MEX,2020-04-05,82.41
Mexico,MEX,2020-04-06,82.41
Mexico,MEX,2020-04-07,82.41
Mexico,MEX,2020-04-08,82.41
Mexico,MEX,2020-04-09,82.41
Mexico,MEX,2020-04-10,82.41
Mexico,MEX,2020-04-11,82.41
Mexico,MEX,2020-04-12,82.41
Mexico,MEX,2020-04-13,82.41
Mexico,MEX,2020-04-14,82.41
Mexico,MEX,2020-04-15,82.41
Mexico,MEX,2020-04-16,82.41
Mexico,MEX,2020-04-17,82.41
Mexico,MEX,2020-04-18,82.41
Mexico,MEX,2020-04-19,82.41
Mexico,MEX,2020-04-20,82.41
Mexico,MEX,2020-04-21,82.41
Mexico,MEX,2020-04-22,82.41
Mexico,MEX,2020-04-23,82.41
Mexico,MEX,2020-04-24,82.41
Mexico,MEX,2020-04-25,82.41
Mexico,MEX,2020-04-26,82.41
Mexico,MEX,2020-04-27,82.41
Mexico,MEX,2020-04-28,82.41
Mexico,MEX,2020-04-29,82.41
Mexico,MEX,2020-04-30,82.41
Mexico,MEX,2020-05-01,82.41
Mexico,MEX,2020-05-02,82.41
Mexico,MEX,2020-05-03,82.41
Mexico,MEX,2020-05-04,82.41
Mexico,MEX,2020-05-05,82.41
Mexico,MEX,2020-05-06,82.41
Mexico,MEX,2020-05-07,82.41
Mexico,MEX,2020-05-08,82.41
Mexico,MEX,2020-05-09,82.41
Mexico,MEX,2020-05-10,82.41
Mexico,MEX,2020-05-11,82.41
Mexico,MEX,2020-05-12,82.41
Mexico,MEX,2020-05-13,82.41
Mexico,MEX,2020-05-14,82.41
Mexico,MEX,2020-05-15,82.41
Mexico,MEX,2020-05-16,82.41
Mexico,MEX,2020-05-17,82.41
Mexico,MEX,2020-05-18,82.41
Mexico,MEX,2020-05-19,82.41
Mexico,MEX,2020-05-20,82.41
Mexico,MEX,2020-05-21,82.41
Mexico,MEX,2020-05-22,82.41
Mexico,MEX,2020-05-23,82.41
Mexico,MEX,2020-05-24,82.41
Mexico,MEX,2020-05-25,82.41
Mexico,MEX,2020-05-26,82.41
Mexico,MEX,2020-05-27,82.41
Mexico,MEX,2020-05-28,82.41
Mexico,MEX,2020-05-29,82.41
Mexico,MEX,2020-05-30,82.41
Mexico,MEX,2020-05-31,82.41
Mexico,MEX,2020-06-01,72.69
Mexico,MEX,2020-06-02,72.69
Mexico,MEX,2020-06-03,72.69
Mexico,MEX,2020-06-04,72.69
Mexico,MEX,2020-06-05,72.69
Mexico,MEX,2020-06-06,72.69
Mexico,MEX,2020-06-07,72.69
Mexico,MEX,2020-06-08,72.69
Mexico,MEX,2020-06-09,72.69
Mexico,MEX,2020-06-10,72.69
Mexico,MEX,2020-06-11,72.69
Mexico,MEX,2020-06-12,70.83
Mexico,MEX,2020-06-13,70.83
Mexico,MEX,2020-06-14,70.83
Mexico,MEX,2020-06-15,70.83
Mexico,MEX,2020-06-16,70.83
Mexico,MEX,2020-06-17,70.83
Mexico,MEX,2020-06-18,70.83
Mexico,MEX,2020-06-19,70.83
Mexico,MEX,2020-06-20,70.83
Mexico,MEX,2020-06-21,70.83
Mexico,MEX,2020-06-22,70.83
Mexico,MEX,2020-06-23,70.83
Mexico,MEX,2020-06-24,70.83
Mexico,MEX,2020-06-25,70.83
Mexico,MEX,2020-06-26,70.83
Mexico,MEX,2020-06-27,70.83
Mexico,MEX,2020-06-28,70.83
Mexico,MEX,2020-06-29,70.83
Mexico,MEX,2020-06-30,70.83
Mexico,MEX,2020-07-01,70.83
Mexico,MEX,2020-07-02,70.83
Mexico,MEX,2020-07-03,70.83
Mexico,MEX,2020-07-04,70.83
Mexico,MEX,2020-07-05,70.83
Mexico,MEX,2020-07-06,70.83
Mexico,MEX,2020-07-07,70.83
Mexico,MEX,2020-07-08,70.83
Mexico,MEX,2020-07-09,70.83
Mexico,MEX,2020-07-10,70.83
Mexico,MEX,2020-07-11,70.83
Mexico,MEX,2020-07-12,70.83
Mexico,MEX,2020-07-13,70.83
Mexico,MEX,2020-07-14,70.83
Mexico,MEX,2020-07-15,70.83
Mexico,MEX,2020-07-16,70.83
Mexico,MEX,2020-07-17,70.83
Mexico,MEX,2020-07-18,70.83
Mexico,MEX,2020-07-19,70.83
Mexico,MEX,2020-07-20,70.83
Mexico,MEX,2020-07-21,70.83
Mexico,MEX,2020-07-22,70.83
Mexico,MEX,2020-07-23,70.83
Mexico,MEX,2020-07-24,70.83
Mexico,MEX,2020-07-25,70.83
Mexico,MEX,2020-07-26,70.83
Mexico,MEX,2020-07-27,70.83
Mexico,MEX,2020-07-28,70.83
Mexico,MEX,2020-07-29,70.83
Mexico,MEX,2020-07-30,70.83
Mexico,MEX,2020-07-31,70.83
Mexico,MEX,2020-08-01,70.83
Mexico,MEX,2020-08-02,70.83
Mexico,MEX,2020-08-03,70.83
Mexico,MEX,2020-08-04,70.83
Mexico,MEX,2020-08-05,70.83
Mexico,MEX,2020-08-06,70.83
Mexico,MEX,2020-08-07,70.83
Mexico,MEX,2020-08-08,70.83
Mexico,MEX,2020-08-09,70.83
Mexico,MEX,2020-08-10,70.83
Mexico,MEX,2020-08-11,70.83
Mexico,MEX,2020-08-12,70.83
Mexico,MEX,2020-08-13,70.83
Mexico,MEX,2020-08-14,70.83
Mexico,MEX,2020-08-15,70.83
Mexico,MEX,2020-08-16,70.83
Mexico,MEX,2020-08-17,70.83
Mexico,MEX,2020-08-18,70.83
Mexico,MEX,2020-08-19,70.83
Mexico,MEX,2020-08-20,74.54
Mexico,MEX,2020-08-21,74.54
Mexico,MEX,2020-08-22,74.54
Mexico,MEX,2020-08-23,74.54
Mexico,MEX,2020-08-24,74.54
Mexico,MEX,2020-08-25,74.54
Mexico,MEX,2020-08-26,74.54
Mexico,MEX,2020-08-27,74.54
Mexico,MEX,2020-08-28,74.54
Mexico,MEX,2020-08-29,74.54
Mexico,MEX,2020-08-30,74.54
Mexico,MEX,2020-08-31,74.54
Mexico,MEX,2020-09-01,74.54
Mexico,MEX,2020-09-02,74.54
Mexico,MEX,2020-09-03,74.54
Mexico,MEX,2020-09-04,74.54
Mexico,MEX,2020-09-05,74.54
Mexico,MEX,2020-09-06,74.54
Mexico,MEX,2020-09-07,74.54
Mexico,MEX,2020-09-08,74.54
Mexico,MEX,2020-09-09,74.54
Mexico,MEX,2020-09-10,74.54
Mexico,MEX,2020-09-11,67.13
Mexico,MEX,2020-09-12,67.13
Mexico,MEX,2020-09-13,67.13
Mexico,MEX,2020-09-14,67.13
Mexico,MEX,2020-09-15,67.13
Mexico,MEX,2020-09-16,67.13
Mexico,MEX,2020-09-17,67.13
Mexico,MEX,2020-09-18,69.91
Mexico,MEX,2020-09-19,69.91
Mexico,MEX,2020-09-20,69.91
Mexico,MEX,2020-09-21,69.91
Mexico,MEX,2020-09-22,73.61
Mexico,MEX,2020-09-23,73.61
Mexico,MEX,2020-09-24,73.61
Mexico,MEX,2020-09-25,73.61
Mexico,MEX,2020-09-26,73.61
Mexico,MEX,2020-09-27,73.61
Mexico,MEX,2020-09-28,73.61
Mexico,MEX,2020-09-29,73.61
Mexico,MEX,2020-09-30,73.61
Mexico,MEX,2020-10-01,73.61
Mexico,MEX,2020-10-02,73.61
Mexico,MEX,2020-10-03,73.61
Mexico,MEX,2020-10-04,73.61
Mexico,MEX,2020-10-05,73.61
Mexico,MEX,2020-10-06,73.61
Mexico,MEX,2020-10-07,73.61
Mexico,MEX,2020-10-08,73.61
Mexico,MEX,2020-10-09,71.76
Mexico,MEX,2020-10-10,71.76
Mexico,MEX,2020-10-11,71.76
Mexico,MEX,2020-10-12,71.76
Mexico,MEX,2020-10-13,71.76
Mexico,MEX,2020-10-14,71.76
Mexico,MEX,2020-10-15,71.76
Mexico,MEX,2020-10-16,71.76
Mexico,MEX,2020-10-17,71.76
Mexico,MEX,2020-10-18,71.76
Mexico,MEX,2020-10-19,71.76
Mexico,MEX,2020-10-20,71.76
Mexico,MEX,2020-10-21,71.76
Mexico,MEX,2020-10-22,71.76
Mexico,MEX,2020-10-23,71.76
Mexico,MEX,2020-10-24,71.76
Mexico,MEX,2020-10-25,71.76
Mexico,MEX,2020-10-26,71.76
Mexico,MEX,2020-10-27,71.76
Mexico,MEX,2020-10-28,71.76
Mexico,MEX,2020-10-29,71.76
Mexico,MEX,2020-10-30,71.76
Mexico,MEX,2020-10-31,71.76
Mexico,MEX,2020-11-01,71.76
Mexico,MEX,2020-11-02,71.76
Mexico,MEX,2020-11-03,71.76
Mexico,MEX,2020-11-04,71.76
Mexico,MEX,2020-11-05,71.76
Mexico,MEX,2020-11-06,71.76
Mexico,MEX,2020-11-07,71.76
Mexico,MEX,2020-11-08,71.76
Mexico,MEX,2020-11-09,71.76
Mexico,MEX,2020-11-10,71.76
Mexico,MEX,2020-11-11,71.76
Mexico,MEX,2020-11-12,71.76
Mexico,MEX,2020-11-13,71.76
Mexico,MEX,2020-11-14,71.76
Mexico,MEX,2020-11-15,71.76
Mexico,MEX,2020-11-16,71.76
Mexico,MEX,2020-11-17,71.76
Mexico,MEX,2020-11-18,71.76
Mexico,MEX,2020-11-19,71.76
Mexico,MEX,2020-11-20,71.76
Mexico,MEX,2020-11-21,71.76
Mexico,MEX,2020-11-22,71.76
Mexico,MEX,2020-11-23,71.76
Mexico,MEX,2020-11-24,71.76
Mexico,MEX,2020-11-25,71.76
Mexico,MEX,2020-11-26,71.76
Mexico,MEX,2020-11-27,71.76
Mexico,MEX,2020-11-28,71.76
Mexico,MEX,2020-11-29,71.76
Mexico,MEX,2020-11-30,71.76
Mexico,MEX,2020-12-01,71.76
Mexico,MEX,2020-12-02,71.76
Mexico,MEX,2020-12-03,71.76
Mexico,MEX,2020-12-04,71.76
Mexico,MEX,2020-12-05,71.76
Mexico,MEX,2020-12-06,71.76
Mexico,MEX,2020-12-07,71.76
Mexico,MEX,2020-12-08,71.76
Mexico,MEX,2020-12-09,71.76
Mexico,MEX,2020-12-10,71.76
Mexico,MEX,2020-12-11,71.76
Mexico,MEX,2020-12-12,71.76
Mexico,MEX,2020-12-13,71.76
Mexico,MEX,2020-12-14,71.76
Mexico,MEX,2020-12-15,71.76
Mexico,MEX,2020-12-16,71.76
Mexico,MEX,2020-12-17,71.76
Mexico,MEX,2020-12-18,71.76
Mexico,MEX,2020-12-19,71.76
Mexico,MEX,2020-12-20,71.76
Mexico,MEX,2020-12-21,71.76
Mexico,MEX,2020-12-22,71.76
Mexico,MEX,2020-12-23,71.76
Mexico,MEX,2020-12-24,71.76
Mexico,MEX,2020-12-25,71.76
Mexico,MEX,2020-12-26,71.76
Mexico,MEX,2020-12-27,71.76
Mexico,MEX,2020-12-28,71.76
Mexico,MEX,2020-12-29,71.76
Mexico,MEX,2020-12-30,71.76
Mexico,MEX,2020-12-31,71.76
Mexico,MEX,2021-01-01,71.76
Mexico,MEX,2021-01-02,71.76
Mexico,MEX,2021-01-03,71.76
Mexico,MEX,2021-01-04,73.15
Mexico,MEX,2021-01-05,73.15
Mexico,MEX,2021-01-06,73.15
Mexico,MEX,2021-01-07,73.15
Mexico,MEX,2021-01-08,73.15
Mexico,MEX,2021-01-09,73.15
Mexico,MEX,2021-01-10,73.15
Mexico,MEX,2021-01-11,73.15
Mexico,MEX,2021-01-12,73.15
Mexico,MEX,2021-01-13,73.15
Mexico,MEX,2021-01-14,73.15
Mexico,MEX,2021-01-15,73.15
Mexico,MEX,2021-01-16,73.15
Mexico,MEX,2021-01-17,73.15
Mexico,MEX,2021-01-18,73.15
Mexico,MEX,2021-01-19,71.76
Mexico,MEX,2021-01-20,71.76
Mexico,MEX,2021-01-21,71.76
Mexico,MEX,2021-01-22,71.76
Mexico,MEX,2021-01-23,71.76
Mexico,MEX,2021-01-24,71.76
Mexico,MEX,2021-01-25,71.76
Mexico,MEX,2021-01-26,71.76
Mexico,MEX,2021-01-27,71.76
Mexico,MEX,2021-01-28,71.76
Mexico,MEX,2021-01-29,71.76
Mexico,MEX,2021-01-30,71.76
Mexico,MEX,2021-01-31,71.76
Mexico,MEX,2021-02-01,71.76
Mexico,MEX,2021-02-02,71.76
Mexico,MEX,2021-02-03,71.76
Mexico,MEX,2021-02-04,71.76
Mexico,MEX,2021-02-05,71.76
Mexico,MEX,2021-02-06,71.76
Mexico,MEX,2021-02-07,71.76
Mexico,MEX,2021-02-08,71.76
Mexico,MEX,2021-02-09,68.98
Mexico,MEX,2021-02-10,68.98
Mexico,MEX,2021-02-11,68.98
Mexico,MEX,2021-02-12,68.98
Mexico,MEX,2021-02-13,68.98
Mexico,MEX,2021-02-14,68.98
Mexico,MEX,2021-02-15,64.35
Mexico,MEX,2021-02-16,64.35
Mexico,MEX,2021-02-17,64.35
Mexico,MEX,2021-02-18,64.35
Mexico,MEX,2021-02-19,64.35
Mexico,MEX,2021-02-20,64.35
Mexico,MEX,2021-02-21,64.35
Mexico,MEX,2021-02-22,64.35
Mexico,MEX,2021-02-23,60.65
Mexico,MEX,2021-02-24,60.65
Mexico,MEX,2021-02-25,60.65
Mexico,MEX,2021-02-26,60.65
Mexico,MEX,2021-02-27,60.65
Mexico,MEX,2021-02-28,60.65
Mexico,MEX,2021-03-01,60.65
Moldova,MDA,2020-01-01,0
Moldova,MDA,2020-01-02,0
Moldova,MDA,2020-01-03,0
Moldova,MDA,2020-01-04,0
Moldova,MDA,2020-01-05,0
Moldova,MDA,2020-01-06,0
Moldova,MDA,2020-01-07,0
Moldova,MDA,2020-01-08,0
Moldova,MDA,2020-01-09,0
Moldova,MDA,2020-01-10,0
Moldova,MDA,2020-01-11,0
Moldova,MDA,2020-01-12,0
Moldova,MDA,2020-01-13,0
Moldova,MDA,2020-01-14,0
Moldova,MDA,2020-01-15,0
Moldova,MDA,2020-01-16,0
Moldova,MDA,2020-01-17,0
Moldova,MDA,2020-01-18,0
Moldova,MDA,2020-01-19,0
Moldova,MDA,2020-01-20,0
Moldova,MDA,2020-01-21,0
Moldova,MDA,2020-01-22,0
Moldova,MDA,2020-01-23,0
Moldova,MDA,2020-01-24,5.56
Moldova,MDA,2020-01-25,5.56
Moldova,MDA,2020-01-26,5.56
Moldova,MDA,2020-01-27,5.56
Moldova,MDA,2020-01-28,5.56
Moldova,MDA,2020-01-29,5.56
Moldova,MDA,2020-01-30,5.56
Moldova,MDA,2020-01-31,5.56
Moldova,MDA,2020-02-01,5.56
Moldova,MDA,2020-02-02,5.56
Moldova,MDA,2020-02-03,5.56
Moldova,MDA,2020-02-04,5.56
Moldova,MDA,2020-02-05,5.56
Moldova,MDA,2020-02-06,5.56
Moldova,MDA,2020-02-07,5.56
Moldova,MDA,2020-02-08,5.56
Moldova,MDA,2020-02-09,5.56
Moldova,MDA,2020-02-10,5.56
Moldova,MDA,2020-02-11,5.56
Moldova,MDA,2020-02-12,5.56
Moldova,MDA,2020-02-13,5.56
Moldova,MDA,2020-02-14,5.56
Moldova,MDA,2020-02-15,5.56
Moldova,MDA,2020-02-16,5.56
Moldova,MDA,2020-02-17,5.56
Moldova,MDA,2020-02-18,5.56
Moldova,MDA,2020-02-19,5.56
Moldova,MDA,2020-02-20,5.56
Moldova,MDA,2020-02-21,5.56
Moldova,MDA,2020-02-22,5.56
Moldova,MDA,2020-02-23,5.56
Moldova,MDA,2020-02-24,5.56
Moldova,MDA,2020-02-25,5.56
Moldova,MDA,2020-02-26,8.33
Moldova,MDA,2020-02-27,8.33
Moldova,MDA,2020-02-28,8.33
Moldova,MDA,2020-02-29,8.33
Moldova,MDA,2020-03-01,8.33
Moldova,MDA,2020-03-02,8.33
Moldova,MDA,2020-03-03,8.33
Moldova,MDA,2020-03-04,8.33
Moldova,MDA,2020-03-05,8.33
Moldova,MDA,2020-03-06,8.33
Moldova,MDA,2020-03-07,8.33
Moldova,MDA,2020-03-08,11.11
Moldova,MDA,2020-03-09,11.11
Moldova,MDA,2020-03-10,33.33
Moldova,MDA,2020-03-11,51.85
Moldova,MDA,2020-03-12,51.85
Moldova,MDA,2020-03-13,51.85
Moldova,MDA,2020-03-14,51.85
Moldova,MDA,2020-03-15,51.85
Moldova,MDA,2020-03-16,51.85
Moldova,MDA,2020-03-17,54.63
Moldova,MDA,2020-03-18,54.63
Moldova,MDA,2020-03-19,54.63
Moldova,MDA,2020-03-20,54.63
Moldova,MDA,2020-03-21,57.41
Moldova,MDA,2020-03-22,57.41
Moldova,MDA,2020-03-23,65.74
Moldova,MDA,2020-03-24,87.04
Moldova,MDA,2020-03-25,87.04
Moldova,MDA,2020-03-26,87.04
Moldova,MDA,2020-03-27,87.04
Moldova,MDA,2020-03-28,87.04
Moldova,MDA,2020-03-29,87.04
Moldova,MDA,2020-03-30,87.04
Moldova,MDA,2020-03-31,87.04
Moldova,MDA,2020-04-01,87.04
Moldova,MDA,2020-04-02,87.04
Moldova,MDA,2020-04-03,87.04
Moldova,MDA,2020-04-04,87.04
Moldova,MDA,2020-04-05,87.04
Moldova,MDA,2020-04-06,87.04
Moldova,MDA,2020-04-07,87.04
Moldova,MDA,2020-04-08,87.04
Moldova,MDA,2020-04-09,87.04
Moldova,MDA,2020-04-10,87.04
Moldova,MDA,2020-04-11,87.04
Moldova,MDA,2020-04-12,87.04
Moldova,MDA,2020-04-13,87.04
Moldova,MDA,2020-04-14,87.04
Moldova,MDA,2020-04-15,87.04
Moldova,MDA,2020-04-16,87.04
Moldova,MDA,2020-04-17,87.04
Moldova,MDA,2020-04-18,84.26
Moldova,MDA,2020-04-19,84.26
Moldova,MDA,2020-04-20,84.26
Moldova,MDA,2020-04-21,84.26
Moldova,MDA,2020-04-22,84.26
Moldova,MDA,2020-04-23,84.26
Moldova,MDA,2020-04-24,84.26
Moldova,MDA,2020-04-25,84.26
Moldova,MDA,2020-04-26,84.26
Moldova,MDA,2020-04-27,84.26
Moldova,MDA,2020-04-28,84.26
Moldova,MDA,2020-04-29,84.26
Moldova,MDA,2020-04-30,84.26
Moldova,MDA,2020-05-01,84.26
Moldova,MDA,2020-05-02,84.26
Moldova,MDA,2020-05-03,84.26
Moldova,MDA,2020-05-04,84.26
Moldova,MDA,2020-05-05,84.26
Moldova,MDA,2020-05-06,84.26
Moldova,MDA,2020-05-07,84.26
Moldova,MDA,2020-05-08,84.26
Moldova,MDA,2020-05-09,84.26
Moldova,MDA,2020-05-10,84.26
Moldova,MDA,2020-05-11,84.26
Moldova,MDA,2020-05-12,84.26
Moldova,MDA,2020-05-13,84.26
Moldova,MDA,2020-05-14,84.26
Moldova,MDA,2020-05-15,84.26
Moldova,MDA,2020-05-16,80.56
Moldova,MDA,2020-05-17,80.56
Moldova,MDA,2020-05-18,80.56
Moldova,MDA,2020-05-19,80.56
Moldova,MDA,2020-05-20,80.56
Moldova,MDA,2020-05-21,80.56
Moldova,MDA,2020-05-22,80.56
Moldova,MDA,2020-05-23,80.56
Moldova,MDA,2020-05-24,80.56
Moldova,MDA,2020-05-25,80.56
Moldova,MDA,2020-05-26,80.56
Moldova,MDA,2020-05-27,80.56
Moldova,MDA,2020-05-28,80.56
Moldova,MDA,2020-05-29,80.56
Moldova,MDA,2020-05-30,80.56
Moldova,MDA,2020-05-31,80.56
Moldova,MDA,2020-06-01,80.56
Moldova,MDA,2020-06-02,80.56
Moldova,MDA,2020-06-03,80.56
Moldova,MDA,2020-06-04,80.56
Moldova,MDA,2020-06-05,80.56
Moldova,MDA,2020-06-06,80.56
Moldova,MDA,2020-06-07,80.56
Moldova,MDA,2020-06-08,80.56
Moldova,MDA,2020-06-09,80.56
Moldova,MDA,2020-06-10,80.56
Moldova,MDA,2020-06-11,80.56
Moldova,MDA,2020-06-12,80.56
Moldova,MDA,2020-06-13,80.56
Moldova,MDA,2020-06-14,80.56
Moldova,MDA,2020-06-15,80.56
Moldova,MDA,2020-06-16,80.56
Moldova,MDA,2020-06-17,80.56
Moldova,MDA,2020-06-18,80.56
Moldova,MDA,2020-06-19,80.56
Moldova,MDA,2020-06-20,80.56
Moldova,MDA,2020-06-21,80.56
Moldova,MDA,2020-06-22,80.56
Moldova,MDA,2020-06-23,80.56
Moldova,MDA,2020-06-24,80.56
Moldova,MDA,2020-06-25,80.56
Moldova,MDA,2020-06-26,80.56
Moldova,MDA,2020-06-27,80.56
Moldova,MDA,2020-06-28,80.56
Moldova,MDA,2020-06-29,80.56
Moldova,MDA,2020-06-30,80.56
Moldova,MDA,2020-07-01,80.56
Moldova,MDA,2020-07-02,80.56
Moldova,MDA,2020-07-03,80.56
Moldova,MDA,2020-07-04,80.56
Moldova,MDA,2020-07-05,80.56
Moldova,MDA,2020-07-06,80.56
Moldova,MDA,2020-07-07,80.56
Moldova,MDA,2020-07-08,80.56
Moldova,MDA,2020-07-09,80.56
Moldova,MDA,2020-07-10,74.07
Moldova,MDA,2020-07-11,74.07
Moldova,MDA,2020-07-12,74.07
Moldova,MDA,2020-07-13,74.07
Moldova,MDA,2020-07-14,74.07
Moldova,MDA,2020-07-15,74.07
Moldova,MDA,2020-07-16,74.07
Moldova,MDA,2020-07-17,57.41
Moldova,MDA,2020-07-18,57.41
Moldova,MDA,2020-07-19,57.41
Moldova,MDA,2020-07-20,57.41
Moldova,MDA,2020-07-21,57.41
Moldova,MDA,2020-07-22,57.41
Moldova,MDA,2020-07-23,57.41
Moldova,MDA,2020-07-24,57.41
Moldova,MDA,2020-07-25,57.41
Moldova,MDA,2020-07-26,57.41
Moldova,MDA,2020-07-27,57.41
Moldova,MDA,2020-07-28,57.41
Moldova,MDA,2020-07-29,57.41
Moldova,MDA,2020-07-30,57.41
Moldova,MDA,2020-07-31,57.41
Moldova,MDA,2020-08-01,57.41
Moldova,MDA,2020-08-02,57.41
Moldova,MDA,2020-08-03,57.41
Moldova,MDA,2020-08-04,57.41
Moldova,MDA,2020-08-05,57.41
Moldova,MDA,2020-08-06,57.41
Moldova,MDA,2020-08-07,57.41
Moldova,MDA,2020-08-08,57.41
Moldova,MDA,2020-08-09,57.41
Moldova,MDA,2020-08-10,57.41
Moldova,MDA,2020-08-11,57.41
Moldova,MDA,2020-08-12,57.41
Moldova,MDA,2020-08-13,57.41
Moldova,MDA,2020-08-14,57.41
Moldova,MDA,2020-08-15,57.41
Moldova,MDA,2020-08-16,57.41
Moldova,MDA,2020-08-17,57.41
Moldova,MDA,2020-08-18,57.41
Moldova,MDA,2020-08-19,57.41
Moldova,MDA,2020-08-20,57.41
Moldova,MDA,2020-08-21,57.41
Moldova,MDA,2020-08-22,57.41
Moldova,MDA,2020-08-23,57.41
Moldova,MDA,2020-08-24,57.41
Moldova,MDA,2020-08-25,57.41
Moldova,MDA,2020-08-26,57.41
Moldova,MDA,2020-08-27,57.41
Moldova,MDA,2020-08-28,57.41
Moldova,MDA,2020-08-29,57.41
Moldova,MDA,2020-08-30,57.41
Moldova,MDA,2020-08-31,57.41
Moldova,MDA,2020-09-01,57.41
Moldova,MDA,2020-09-02,50
Moldova,MDA,2020-09-03,50
Moldova,MDA,2020-09-04,50
Moldova,MDA,2020-09-05,50
Moldova,MDA,2020-09-06,50
Moldova,MDA,2020-09-07,50
Moldova,MDA,2020-09-08,50
Moldova,MDA,2020-09-09,50
Moldova,MDA,2020-09-10,50
Moldova,MDA,2020-09-11,50
Moldova,MDA,2020-09-12,50
Moldova,MDA,2020-09-13,50
Moldova,MDA,2020-09-14,50
Moldova,MDA,2020-09-15,50
Moldova,MDA,2020-09-16,47.22
Moldova,MDA,2020-09-17,47.22
Moldova,MDA,2020-09-18,47.22
Moldova,MDA,2020-09-19,47.22
Moldova,MDA,2020-09-20,47.22
Moldova,MDA,2020-09-21,47.22
Moldova,MDA,2020-09-22,47.22
Moldova,MDA,2020-09-23,47.22
Moldova,MDA,2020-09-24,41.67
Moldova,MDA,2020-09-25,41.67
Moldova,MDA,2020-09-26,41.67
Moldova,MDA,2020-09-27,41.67
Moldova,MDA,2020-09-28,37.96
Moldova,MDA,2020-09-29,37.96
Moldova,MDA,2020-09-30,37.96
Moldova,MDA,2020-10-01,42.59
Moldova,MDA,2020-10-02,42.59
Moldova,MDA,2020-10-03,42.59
Moldova,MDA,2020-10-04,42.59
Moldova,MDA,2020-10-05,45.37
Moldova,MDA,2020-10-06,45.37
Moldova,MDA,2020-10-07,45.37
Moldova,MDA,2020-10-08,45.37
Moldova,MDA,2020-10-09,48.15
Moldova,MDA,2020-10-10,48.15
Moldova,MDA,2020-10-11,48.15
Moldova,MDA,2020-10-12,48.15
Moldova,MDA,2020-10-13,48.15
Moldova,MDA,2020-10-14,48.15
Moldova,MDA,2020-10-15,48.15
Moldova,MDA,2020-10-16,48.15
Moldova,MDA,2020-10-17,48.15
Moldova,MDA,2020-10-18,48.15
Moldova,MDA,2020-10-19,48.15
Moldova,MDA,2020-10-20,48.15
Moldova,MDA,2020-10-21,48.15
Moldova,MDA,2020-10-22,48.15
Moldova,MDA,2020-10-23,48.15
Moldova,MDA,2020-10-24,48.15
Moldova,MDA,2020-10-25,48.15
Moldova,MDA,2020-10-26,48.15
Moldova,MDA,2020-10-27,48.15
Moldova,MDA,2020-10-28,48.15
Moldova,MDA,2020-10-29,48.15
Moldova,MDA,2020-10-30,48.15
Moldova,MDA,2020-10-31,48.15
Moldova,MDA,2020-11-01,48.15
Moldova,MDA,2020-11-02,48.15
Moldova,MDA,2020-11-03,48.15
Moldova,MDA,2020-11-04,48.15
Moldova,MDA,2020-11-05,48.15
Moldova,MDA,2020-11-06,48.15
Moldova,MDA,2020-11-07,48.15
Moldova,MDA,2020-11-08,48.15
Moldova,MDA,2020-11-09,48.15
Moldova,MDA,2020-11-10,48.15
Moldova,MDA,2020-11-11,48.15
Moldova,MDA,2020-11-12,48.15
Moldova,MDA,2020-11-13,48.15
Moldova,MDA,2020-11-14,48.15
Moldova,MDA,2020-11-15,48.15
Moldova,MDA,2020-11-16,48.15
Moldova,MDA,2020-11-17,48.15
Moldova,MDA,2020-11-18,48.15
Moldova,MDA,2020-11-19,48.15
Moldova,MDA,2020-11-20,48.15
Moldova,MDA,2020-11-21,48.15
Moldova,MDA,2020-11-22,48.15
Moldova,MDA,2020-11-23,48.15
Moldova,MDA,2020-11-24,48.15
Moldova,MDA,2020-11-25,48.15
Moldova,MDA,2020-11-26,48.15
Moldova,MDA,2020-11-27,48.15
Moldova,MDA,2020-11-28,51.85
Moldova,MDA,2020-11-29,51.85
Moldova,MDA,2020-11-30,57.41
Moldova,MDA,2020-12-01,57.41
Moldova,MDA,2020-12-02,57.41
Moldova,MDA,2020-12-03,57.41
Moldova,MDA,2020-12-04,57.41
Moldova,MDA,2020-12-05,57.41
Moldova,MDA,2020-12-06,57.41
Moldova,MDA,2020-12-07,57.41
Moldova,MDA,2020-12-08,57.41
Moldova,MDA,2020-12-09,57.41
Moldova,MDA,2020-12-10,57.41
Moldova,MDA,2020-12-11,57.41
Moldova,MDA,2020-12-12,57.41
Moldova,MDA,2020-12-13,57.41
Moldova,MDA,2020-12-14,57.41
Moldova,MDA,2020-12-15,57.41
Moldova,MDA,2020-12-16,57.41
Moldova,MDA,2020-12-17,57.41
Moldova,MDA,2020-12-18,57.41
Moldova,MDA,2020-12-19,57.41
Moldova,MDA,2020-12-20,57.41
Moldova,MDA,2020-12-21,57.41
Moldova,MDA,2020-12-22,57.41
Moldova,MDA,2020-12-23,57.41
Moldova,MDA,2020-12-24,57.41
Moldova,MDA,2020-12-25,57.41
Moldova,MDA,2020-12-26,57.41
Moldova,MDA,2020-12-27,57.41
Moldova,MDA,2020-12-28,57.41
Moldova,MDA,2020-12-29,57.41
Moldova,MDA,2020-12-30,57.41
Moldova,MDA,2020-12-31,57.41
Moldova,MDA,2021-01-01,57.41
Moldova,MDA,2021-01-02,57.41
Moldova,MDA,2021-01-03,57.41
Moldova,MDA,2021-01-04,57.41
Moldova,MDA,2021-01-05,57.41
Moldova,MDA,2021-01-06,57.41
Moldova,MDA,2021-01-07,57.41
Moldova,MDA,2021-01-08,57.41
Moldova,MDA,2021-01-09,57.41
Moldova,MDA,2021-01-10,57.41
Moldova,MDA,2021-01-11,57.41
Moldova,MDA,2021-01-12,57.41
Moldova,MDA,2021-01-13,57.41
Moldova,MDA,2021-01-14,57.41
Moldova,MDA,2021-01-15,57.41
Moldova,MDA,2021-01-16,57.41
Moldova,MDA,2021-01-17,57.41
Moldova,MDA,2021-01-18,57.41
Moldova,MDA,2021-01-19,57.41
Moldova,MDA,2021-01-20,57.41
Moldova,MDA,2021-01-21,57.41
Moldova,MDA,2021-01-22,57.41
Moldova,MDA,2021-01-23,57.41
Moldova,MDA,2021-01-24,57.41
Moldova,MDA,2021-01-25,57.41
Moldova,MDA,2021-01-26,57.41
Moldova,MDA,2021-01-27,57.41
Moldova,MDA,2021-01-28,57.41
Moldova,MDA,2021-01-29,57.41
Moldova,MDA,2021-01-30,57.41
Moldova,MDA,2021-01-31,57.41
Moldova,MDA,2021-02-01,57.41
Moldova,MDA,2021-02-02,57.41
Moldova,MDA,2021-02-03,57.41
Moldova,MDA,2021-02-04,57.41
Moldova,MDA,2021-02-05,51.85
Moldova,MDA,2021-02-06,51.85
Moldova,MDA,2021-02-07,51.85
Moldova,MDA,2021-02-08,51.85
Moldova,MDA,2021-02-09,51.85
Moldova,MDA,2021-02-10,51.85
Moldova,MDA,2021-02-11,51.85
Moldova,MDA,2021-02-12,51.85
Moldova,MDA,2021-02-13,51.85
Moldova,MDA,2021-02-14,51.85
Moldova,MDA,2021-02-15,57.41
Moldova,MDA,2021-02-16,57.41
Moldova,MDA,2021-02-17,57.41
Moldova,MDA,2021-02-18,57.41
Moldova,MDA,2021-02-19,57.41
Moldova,MDA,2021-02-20,51.85
Moldova,MDA,2021-02-21,51.85
Moldova,MDA,2021-02-22,51.85
Moldova,MDA,2021-02-23,51.85
Moldova,MDA,2021-02-24,51.85
Moldova,MDA,2021-02-25,51.85
Moldova,MDA,2021-02-26,51.85
Moldova,MDA,2021-02-27,51.85
Moldova,MDA,2021-02-28,51.85
Moldova,MDA,2021-03-01,69.44
Moldova,MDA,2021-03-02,69.44
Moldova,MDA,2021-03-03,69.44
Moldova,MDA,2021-03-04,69.44
Moldova,MDA,2021-03-05,69.44
Moldova,MDA,2021-03-06,69.44
Moldova,MDA,2021-03-07,69.44
Monaco,MCO,2020-01-01,0
Monaco,MCO,2020-01-02,0
Monaco,MCO,2020-01-03,0
Monaco,MCO,2020-01-04,0
Monaco,MCO,2020-01-05,0
Monaco,MCO,2020-01-06,0
Monaco,MCO,2020-01-07,0
Monaco,MCO,2020-01-08,0
Monaco,MCO,2020-01-09,0
Monaco,MCO,2020-01-10,0
Monaco,MCO,2020-01-11,0
Monaco,MCO,2020-01-12,0
Monaco,MCO,2020-01-13,0
Monaco,MCO,2020-01-14,0
Monaco,MCO,2020-01-15,0
Monaco,MCO,2020-01-16,0
Monaco,MCO,2020-01-17,0
Monaco,MCO,2020-01-18,0
Monaco,MCO,2020-01-19,0
Monaco,MCO,2020-01-20,0
Monaco,MCO,2020-01-21,0
Monaco,MCO,2020-01-22,0
Monaco,MCO,2020-01-23,0
Monaco,MCO,2020-01-24,9.26
Monaco,MCO,2020-01-25,9.26
Monaco,MCO,2020-01-26,9.26
Monaco,MCO,2020-01-27,9.26
Monaco,MCO,2020-01-28,9.26
Monaco,MCO,2020-01-29,9.26
Monaco,MCO,2020-01-30,9.26
Monaco,MCO,2020-01-31,9.26
Monaco,MCO,2020-02-01,9.26
Monaco,MCO,2020-02-02,9.26
Monaco,MCO,2020-02-03,9.26
Monaco,MCO,2020-02-04,9.26
Monaco,MCO,2020-02-05,9.26
Monaco,MCO,2020-02-06,9.26
Monaco,MCO,2020-02-07,9.26
Monaco,MCO,2020-02-08,9.26
Monaco,MCO,2020-02-09,9.26
Monaco,MCO,2020-02-10,9.26
Monaco,MCO,2020-02-11,9.26
Monaco,MCO,2020-02-12,9.26
Monaco,MCO,2020-02-13,9.26
Monaco,MCO,2020-02-14,9.26
Monaco,MCO,2020-02-15,9.26
Monaco,MCO,2020-02-16,9.26
Monaco,MCO,2020-02-17,9.26
Monaco,MCO,2020-02-18,9.26
Monaco,MCO,2020-02-19,9.26
Monaco,MCO,2020-02-20,9.26
Monaco,MCO,2020-02-21,9.26
Monaco,MCO,2020-02-22,9.26
Monaco,MCO,2020-02-23,9.26
Monaco,MCO,2020-02-24,9.26
Monaco,MCO,2020-02-25,9.26
Monaco,MCO,2020-02-26,9.26
Monaco,MCO,2020-02-27,9.26
Monaco,MCO,2020-02-28,18.52
Monaco,MCO,2020-02-29,18.52
Monaco,MCO,2020-03-01,18.52
Monaco,MCO,2020-03-02,18.52
Monaco,MCO,2020-03-03,22.22
Monaco,MCO,2020-03-04,22.22
Monaco,MCO,2020-03-05,27.78
Monaco,MCO,2020-03-06,27.78
Monaco,MCO,2020-03-07,27.78
Monaco,MCO,2020-03-08,27.78
Monaco,MCO,2020-03-09,27.78
Monaco,MCO,2020-03-10,27.78
Monaco,MCO,2020-03-11,61.11
Monaco,MCO,2020-03-12,61.11
Monaco,MCO,2020-03-13,68.52
Monaco,MCO,2020-03-14,68.52
Monaco,MCO,2020-03-15,85.19
Monaco,MCO,2020-03-16,85.19
Monaco,MCO,2020-03-17,87.96
Monaco,MCO,2020-03-18,87.96
Monaco,MCO,2020-03-19,87.96
Monaco,MCO,2020-03-20,87.96
Monaco,MCO,2020-03-21,87.96
Monaco,MCO,2020-03-22,87.96
Monaco,MCO,2020-03-23,87.96
Monaco,MCO,2020-03-24,87.96
Monaco,MCO,2020-03-25,87.96
Monaco,MCO,2020-03-26,87.96
Monaco,MCO,2020-03-27,87.96
Monaco,MCO,2020-03-28,87.96
Monaco,MCO,2020-03-29,87.96
Monaco,MCO,2020-03-30,87.96
Monaco,MCO,2020-03-31,87.96
Monaco,MCO,2020-04-01,87.96
Monaco,MCO,2020-04-02,87.96
Monaco,MCO,2020-04-03,87.96
Monaco,MCO,2020-04-04,87.96
Monaco,MCO,2020-04-05,87.96
Monaco,MCO,2020-04-06,87.96
Monaco,MCO,2020-04-07,87.96
Monaco,MCO,2020-04-08,87.96
Monaco,MCO,2020-04-09,87.96
Monaco,MCO,2020-04-10,87.96
Monaco,MCO,2020-04-11,87.96
Monaco,MCO,2020-04-12,87.96
Monaco,MCO,2020-04-13,87.96
Monaco,MCO,2020-04-14,87.96
Monaco,MCO,2020-04-15,87.96
Monaco,MCO,2020-04-16,87.96
Monaco,MCO,2020-04-17,87.96
Monaco,MCO,2020-04-18,87.96
Monaco,MCO,2020-04-19,87.96
Monaco,MCO,2020-04-20,87.96
Monaco,MCO,2020-04-21,87.96
Monaco,MCO,2020-04-22,87.96
Monaco,MCO,2020-04-23,87.96
Monaco,MCO,2020-04-24,87.96
Monaco,MCO,2020-04-25,87.96
Monaco,MCO,2020-04-26,87.96
Monaco,MCO,2020-04-27,87.96
Monaco,MCO,2020-04-28,87.96
Monaco,MCO,2020-04-29,87.96
Monaco,MCO,2020-04-30,87.96
Monaco,MCO,2020-05-01,87.96
Monaco,MCO,2020-05-02,87.96
Monaco,MCO,2020-05-03,87.96
Monaco,MCO,2020-05-04,75
Monaco,MCO,2020-05-05,75
Monaco,MCO,2020-05-06,75
Monaco,MCO,2020-05-07,75
Monaco,MCO,2020-05-08,75
Monaco,MCO,2020-05-09,75
Monaco,MCO,2020-05-10,75
Monaco,MCO,2020-05-11,71.3
Monaco,MCO,2020-05-12,71.3
Monaco,MCO,2020-05-13,71.3
Monaco,MCO,2020-05-14,71.3
Monaco,MCO,2020-05-15,71.3
Monaco,MCO,2020-05-16,71.3
Monaco,MCO,2020-05-17,71.3
Monaco,MCO,2020-05-18,71.3
Monaco,MCO,2020-05-19,71.3
Monaco,MCO,2020-05-20,65.74
Monaco,MCO,2020-05-21,65.74
Monaco,MCO,2020-05-22,65.74
Monaco,MCO,2020-05-23,65.74
Monaco,MCO,2020-05-24,65.74
Monaco,MCO,2020-05-25,65.74
Monaco,MCO,2020-05-26,65.74
Monaco,MCO,2020-05-27,65.74
Monaco,MCO,2020-05-28,65.74
Monaco,MCO,2020-05-29,65.74
Monaco,MCO,2020-05-30,65.74
Monaco,MCO,2020-05-31,65.74
Monaco,MCO,2020-06-01,65.74
Monaco,MCO,2020-06-02,65.74
Monaco,MCO,2020-06-03,65.74
Monaco,MCO,2020-06-04,65.74
Monaco,MCO,2020-06-05,65.74
Monaco,MCO,2020-06-06,65.74
Monaco,MCO,2020-06-07,65.74
Monaco,MCO,2020-06-08,65.74
Monaco,MCO,2020-06-09,65.74
Monaco,MCO,2020-06-10,65.74
Monaco,MCO,2020-06-11,65.74
Monaco,MCO,2020-06-12,65.74
Monaco,MCO,2020-06-13,65.74
Monaco,MCO,2020-06-14,65.74
Monaco,MCO,2020-06-15,65.74
Monaco,MCO,2020-06-16,65.74
Monaco,MCO,2020-06-17,65.74
Monaco,MCO,2020-06-18,65.74
Monaco,MCO,2020-06-19,65.74
Monaco,MCO,2020-06-20,65.74
Monaco,MCO,2020-06-21,65.74
Monaco,MCO,2020-06-22,65.74
Monaco,MCO,2020-06-23,65.74
Monaco,MCO,2020-06-24,65.74
Monaco,MCO,2020-06-25,65.74
Monaco,MCO,2020-06-26,65.74
Monaco,MCO,2020-06-27,65.74
Monaco,MCO,2020-06-28,65.74
Monaco,MCO,2020-06-29,65.74
Monaco,MCO,2020-06-30,65.74
Monaco,MCO,2020-07-01,65.74
Monaco,MCO,2020-07-02,65.74
Monaco,MCO,2020-07-03,65.74
Monaco,MCO,2020-07-04,65.74
Monaco,MCO,2020-07-05,65.74
Monaco,MCO,2020-07-06,65.74
Monaco,MCO,2020-07-07,65.74
Monaco,MCO,2020-07-08,65.74
Monaco,MCO,2020-07-09,65.74
Monaco,MCO,2020-07-10,65.74
Monaco,MCO,2020-07-11,65.74
Monaco,MCO,2020-07-12,65.74
Monaco,MCO,2020-07-13,65.74
Monaco,MCO,2020-07-14,65.74
Monaco,MCO,2020-07-15,65.74
Monaco,MCO,2020-07-16,65.74
Monaco,MCO,2020-07-17,65.74
Monaco,MCO,2020-07-18,65.74
Monaco,MCO,2020-07-19,65.74
Monaco,MCO,2020-07-20,65.74
Monaco,MCO,2020-07-21,65.74
Monaco,MCO,2020-07-22,65.74
Monaco,MCO,2020-07-23,65.74
Monaco,MCO,2020-07-24,65.74
Monaco,MCO,2020-07-25,65.74
Monaco,MCO,2020-07-26,65.74
Monaco,MCO,2020-07-27,65.74
Monaco,MCO,2020-07-28,65.74
Monaco,MCO,2020-07-29,65.74
Monaco,MCO,2020-07-30,65.74
Monaco,MCO,2020-07-31,65.74
Monaco,MCO,2020-08-01,65.74
Monaco,MCO,2020-08-02,65.74
Monaco,MCO,2020-08-03,65.74
Monaco,MCO,2020-08-04,65.74
Monaco,MCO,2020-08-05,65.74
Monaco,MCO,2020-08-06,65.74
Monaco,MCO,2020-08-07,65.74
Monaco,MCO,2020-08-08,65.74
Monaco,MCO,2020-08-09,65.74
Monaco,MCO,2020-08-10,65.74
Monaco,MCO,2020-08-11,65.74
Monaco,MCO,2020-08-12,65.74
Monaco,MCO,2020-08-13,65.74
Monaco,MCO,2020-08-14,65.74
Monaco,MCO,2020-08-15,65.74
Monaco,MCO,2020-08-16,65.74
Monaco,MCO,2020-08-17,65.74
Monaco,MCO,2020-08-18,65.74
Monaco,MCO,2020-08-19,65.74
Monaco,MCO,2020-08-20,65.74
Monaco,MCO,2020-08-21,65.74
Monaco,MCO,2020-08-22,65.74
Monaco,MCO,2020-08-23,65.74
Monaco,MCO,2020-08-24,65.74
Monaco,MCO,2020-08-25,65.74
Monaco,MCO,2020-08-26,65.74
Monaco,MCO,2020-08-27,65.74
Monaco,MCO,2020-08-28,65.74
Monaco,MCO,2020-08-29,65.74
Monaco,MCO,2020-08-30,65.74
Monaco,MCO,2020-08-31,65.74
Monaco,MCO,2020-09-01,65.74
Monaco,MCO,2020-09-02,65.74
Monaco,MCO,2020-09-03,65.74
Monaco,MCO,2020-09-04,65.74
Monaco,MCO,2020-09-05,65.74
Monaco,MCO,2020-09-06,65.74
Monaco,MCO,2020-09-07,62.04
Monaco,MCO,2020-09-08,62.04
Monaco,MCO,2020-09-09,62.04
Monaco,MCO,2020-09-10,62.04
Monaco,MCO,2020-09-11,62.04
Monaco,MCO,2020-09-12,62.04
Monaco,MCO,2020-09-13,62.04
Monaco,MCO,2020-09-14,62.04
Monaco,MCO,2020-09-15,62.04
Monaco,MCO,2020-09-16,62.04
Monaco,MCO,2020-09-17,62.04
Monaco,MCO,2020-09-18,62.04
Monaco,MCO,2020-09-19,62.04
Monaco,MCO,2020-09-20,62.04
Monaco,MCO,2020-09-21,56.48
Monaco,MCO,2020-09-22,56.48
Monaco,MCO,2020-09-23,62.04
Monaco,MCO,2020-09-24,62.04
Monaco,MCO,2020-09-25,62.04
Monaco,MCO,2020-09-26,62.04
Monaco,MCO,2020-09-27,62.04
Monaco,MCO,2020-09-28,62.04
Monaco,MCO,2020-09-29,62.04
Monaco,MCO,2020-09-30,62.04
Monaco,MCO,2020-10-01,62.04
Monaco,MCO,2020-10-02,62.04
Monaco,MCO,2020-10-03,62.04
Monaco,MCO,2020-10-04,62.04
Monaco,MCO,2020-10-05,62.04
Monaco,MCO,2020-10-06,62.04
Monaco,MCO,2020-10-07,62.04
Monaco,MCO,2020-10-08,62.04
Monaco,MCO,2020-10-09,62.04
Monaco,MCO,2020-10-10,62.04
Monaco,MCO,2020-10-11,62.04
Monaco,MCO,2020-10-12,62.04
Monaco,MCO,2020-10-13,62.04
Monaco,MCO,2020-10-14,62.04
Monaco,MCO,2020-10-15,62.04
Monaco,MCO,2020-10-16,62.04
Monaco,MCO,2020-10-17,62.04
Monaco,MCO,2020-10-18,62.04
Monaco,MCO,2020-10-19,62.04
Monaco,MCO,2020-10-20,62.04
Monaco,MCO,2020-10-21,62.04
Monaco,MCO,2020-10-22,62.04
Monaco,MCO,2020-10-23,62.04
Monaco,MCO,2020-10-24,62.04
Monaco,MCO,2020-10-25,62.04
Monaco,MCO,2020-10-26,62.04
Monaco,MCO,2020-10-27,62.04
Monaco,MCO,2020-10-28,62.04
Monaco,MCO,2020-10-29,62.04
Monaco,MCO,2020-10-30,62.04
Monaco,MCO,2020-10-31,62.04
Monaco,MCO,2020-11-01,51.85
Monaco,MCO,2020-11-02,51.85
Monaco,MCO,2020-11-03,51.85
Monaco,MCO,2020-11-04,51.85
Monaco,MCO,2020-11-05,51.85
Monaco,MCO,2020-11-06,51.85
Monaco,MCO,2020-11-07,51.85
Monaco,MCO,2020-11-08,51.85
Monaco,MCO,2020-11-09,51.85
Monaco,MCO,2020-11-10,51.85
Monaco,MCO,2020-11-11,51.85
Monaco,MCO,2020-11-12,51.85
Monaco,MCO,2020-11-13,51.85
Monaco,MCO,2020-11-14,51.85
Monaco,MCO,2020-11-15,51.85
Monaco,MCO,2020-11-16,51.85
Monaco,MCO,2020-11-17,51.85
Monaco,MCO,2020-11-18,51.85
Monaco,MCO,2020-11-19,51.85
Monaco,MCO,2020-11-20,51.85
Monaco,MCO,2020-11-21,51.85
Monaco,MCO,2020-11-22,51.85
Monaco,MCO,2020-11-23,51.85
Monaco,MCO,2020-11-24,51.85
Monaco,MCO,2020-11-25,51.85
Monaco,MCO,2020-11-26,51.85
Monaco,MCO,2020-11-27,51.85
Monaco,MCO,2020-11-28,51.85
Monaco,MCO,2020-11-29,51.85
Monaco,MCO,2020-11-30,51.85
Monaco,MCO,2020-12-01,51.85
Monaco,MCO,2020-12-02,51.85
Monaco,MCO,2020-12-03,51.85
Monaco,MCO,2020-12-04,51.85
Monaco,MCO,2020-12-05,51.85
Monaco,MCO,2020-12-06,51.85
Monaco,MCO,2020-12-07,51.85
Monaco,MCO,2020-12-08,51.85
Monaco,MCO,2020-12-09,51.85
Monaco,MCO,2020-12-10,51.85
Monaco,MCO,2020-12-11,51.85
Monaco,MCO,2020-12-12,51.85
Monaco,MCO,2020-12-13,51.85
Monaco,MCO,2020-12-14,51.85
Monaco,MCO,2020-12-15,51.85
Monaco,MCO,2020-12-16,51.85
Monaco,MCO,2020-12-17,51.85
Monaco,MCO,2020-12-18,51.85
Monaco,MCO,2020-12-19,51.85
Monaco,MCO,2020-12-20,51.85
Monaco,MCO,2020-12-21,51.85
Monaco,MCO,2020-12-22,51.85
Monaco,MCO,2020-12-23,51.85
Monaco,MCO,2020-12-24,51.85
Monaco,MCO,2020-12-25,51.85
Monaco,MCO,2020-12-26,51.85
Monaco,MCO,2020-12-27,51.85
Monaco,MCO,2020-12-28,51.85
Monaco,MCO,2020-12-29,51.85
Monaco,MCO,2020-12-30,51.85
Monaco,MCO,2020-12-31,51.85
Monaco,MCO,2021-01-01,51.85
Monaco,MCO,2021-01-02,51.85
Monaco,MCO,2021-01-03,51.85
Monaco,MCO,2021-01-04,51.85
Monaco,MCO,2021-01-05,51.85
Monaco,MCO,2021-01-06,51.85
Monaco,MCO,2021-01-07,51.85
Monaco,MCO,2021-01-08,51.85
Monaco,MCO,2021-01-09,51.85
Monaco,MCO,2021-01-10,51.85
Monaco,MCO,2021-01-11,51.85
Monaco,MCO,2021-01-12,51.85
Monaco,MCO,2021-01-13,51.85
Monaco,MCO,2021-01-14,51.85
Monaco,MCO,2021-01-15,51.85
Monaco,MCO,2021-01-16,51.85
Monaco,MCO,2021-01-17,51.85
Monaco,MCO,2021-01-18,51.85
Monaco,MCO,2021-01-19,51.85
Monaco,MCO,2021-01-20,51.85
Monaco,MCO,2021-01-21,51.85
Monaco,MCO,2021-01-22,51.85
Monaco,MCO,2021-01-23,51.85
Monaco,MCO,2021-01-24,51.85
Monaco,MCO,2021-01-25,51.85
Monaco,MCO,2021-01-26,51.85
Monaco,MCO,2021-01-27,51.85
Monaco,MCO,2021-01-28,51.85
Monaco,MCO,2021-01-29,51.85
Monaco,MCO,2021-01-30,51.85
Monaco,MCO,2021-01-31,51.85
Monaco,MCO,2021-02-01,51.85
Monaco,MCO,2021-02-02,51.85
Monaco,MCO,2021-02-03,51.85
Monaco,MCO,2021-02-04,51.85
Monaco,MCO,2021-02-05,51.85
Monaco,MCO,2021-02-06,51.85
Monaco,MCO,2021-02-07,51.85
Monaco,MCO,2021-02-08,51.85
Monaco,MCO,2021-02-09,51.85
Monaco,MCO,2021-02-10,51.85
Monaco,MCO,2021-02-11,51.85
Monaco,MCO,2021-02-12,51.85
Monaco,MCO,2021-02-13,51.85
Monaco,MCO,2021-02-14,51.85
Monaco,MCO,2021-02-15,57.41
Monaco,MCO,2021-02-16,57.41
Monaco,MCO,2021-02-17,57.41
Monaco,MCO,2021-02-18,57.41
Monaco,MCO,2021-02-19,57.41
Monaco,MCO,2021-02-20,57.41
Monaco,MCO,2021-02-21,57.41
Monaco,MCO,2021-02-22,57.41
Monaco,MCO,2021-02-23,57.41
Monaco,MCO,2021-02-24,57.41
Monaco,MCO,2021-02-25,57.41
Monaco,MCO,2021-02-26,57.41
Monaco,MCO,2021-02-27,57.41
Monaco,MCO,2021-02-28,57.41
Monaco,MCO,2021-03-01,57.41
Mongolia,MNG,2020-01-01,11.11
Mongolia,MNG,2020-01-02,11.11
Mongolia,MNG,2020-01-03,11.11
Mongolia,MNG,2020-01-04,11.11
Mongolia,MNG,2020-01-05,11.11
Mongolia,MNG,2020-01-06,11.11
Mongolia,MNG,2020-01-07,11.11
Mongolia,MNG,2020-01-08,11.11
Mongolia,MNG,2020-01-09,11.11
Mongolia,MNG,2020-01-10,11.11
Mongolia,MNG,2020-01-11,11.11
Mongolia,MNG,2020-01-12,11.11
Mongolia,MNG,2020-01-13,11.11
Mongolia,MNG,2020-01-14,11.11
Mongolia,MNG,2020-01-15,11.11
Mongolia,MNG,2020-01-16,11.11
Mongolia,MNG,2020-01-17,11.11
Mongolia,MNG,2020-01-18,11.11
Mongolia,MNG,2020-01-19,11.11
Mongolia,MNG,2020-01-20,11.11
Mongolia,MNG,2020-01-21,11.11
Mongolia,MNG,2020-01-22,11.11
Mongolia,MNG,2020-01-23,11.11
Mongolia,MNG,2020-01-24,11.11
Mongolia,MNG,2020-01-25,11.11
Mongolia,MNG,2020-01-26,11.11
Mongolia,MNG,2020-01-27,49.07
Mongolia,MNG,2020-01-28,49.07
Mongolia,MNG,2020-01-29,49.07
Mongolia,MNG,2020-01-30,49.07
Mongolia,MNG,2020-01-31,49.07
Mongolia,MNG,2020-02-01,49.07
Mongolia,MNG,2020-02-02,49.07
Mongolia,MNG,2020-02-03,49.07
Mongolia,MNG,2020-02-04,49.07
Mongolia,MNG,2020-02-05,49.07
Mongolia,MNG,2020-02-06,49.07
Mongolia,MNG,2020-02-07,49.07
Mongolia,MNG,2020-02-08,49.07
Mongolia,MNG,2020-02-09,49.07
Mongolia,MNG,2020-02-10,49.07
Mongolia,MNG,2020-02-11,49.07
Mongolia,MNG,2020-02-12,49.07
Mongolia,MNG,2020-02-13,49.07
Mongolia,MNG,2020-02-14,49.07
Mongolia,MNG,2020-02-15,49.07
Mongolia,MNG,2020-02-16,49.07
Mongolia,MNG,2020-02-17,49.07
Mongolia,MNG,2020-02-18,49.07
Mongolia,MNG,2020-02-19,49.07
Mongolia,MNG,2020-02-20,49.07
Mongolia,MNG,2020-02-21,65.74
Mongolia,MNG,2020-02-22,65.74
Mongolia,MNG,2020-02-23,65.74
Mongolia,MNG,2020-02-24,65.74
Mongolia,MNG,2020-02-25,65.74
Mongolia,MNG,2020-02-26,65.74
Mongolia,MNG,2020-02-27,65.74
Mongolia,MNG,2020-02-28,65.74
Mongolia,MNG,2020-02-29,65.74
Mongolia,MNG,2020-03-01,65.74
Mongolia,MNG,2020-03-02,65.74
Mongolia,MNG,2020-03-03,57.41
Mongolia,MNG,2020-03-04,57.41
Mongolia,MNG,2020-03-05,57.41
Mongolia,MNG,2020-03-06,57.41
Mongolia,MNG,2020-03-07,57.41
Mongolia,MNG,2020-03-08,57.41
Mongolia,MNG,2020-03-09,57.41
Mongolia,MNG,2020-03-10,57.41
Mongolia,MNG,2020-03-11,57.41
Mongolia,MNG,2020-03-12,57.41
Mongolia,MNG,2020-03-13,57.41
Mongolia,MNG,2020-03-14,57.41
Mongolia,MNG,2020-03-15,57.41
Mongolia,MNG,2020-03-16,57.41
Mongolia,MNG,2020-03-17,49.07
Mongolia,MNG,2020-03-18,49.07
Mongolia,MNG,2020-03-19,49.07
Mongolia,MNG,2020-03-20,49.07
Mongolia,MNG,2020-03-21,49.07
Mongolia,MNG,2020-03-22,49.07
Mongolia,MNG,2020-03-23,60.19
Mongolia,MNG,2020-03-24,62.96
Mongolia,MNG,2020-03-25,62.96
Mongolia,MNG,2020-03-26,62.96
Mongolia,MNG,2020-03-27,62.96
Mongolia,MNG,2020-03-28,62.96
Mongolia,MNG,2020-03-29,62.96
Mongolia,MNG,2020-03-30,62.96
Mongolia,MNG,2020-03-31,62.96
Mongolia,MNG,2020-04-01,62.96
Mongolia,MNG,2020-04-02,62.96
Mongolia,MNG,2020-04-03,62.96
Mongolia,MNG,2020-04-04,62.96
Mongolia,MNG,2020-04-05,65.74
Mongolia,MNG,2020-04-06,65.74
Mongolia,MNG,2020-04-07,65.74
Mongolia,MNG,2020-04-08,65.74
Mongolia,MNG,2020-04-09,65.74
Mongolia,MNG,2020-04-10,65.74
Mongolia,MNG,2020-04-11,65.74
Mongolia,MNG,2020-04-12,65.74
Mongolia,MNG,2020-04-13,65.74
Mongolia,MNG,2020-04-14,65.74
Mongolia,MNG,2020-04-15,65.74
Mongolia,MNG,2020-04-16,65.74
Mongolia,MNG,2020-04-17,65.74
Mongolia,MNG,2020-04-18,65.74
Mongolia,MNG,2020-04-19,65.74
Mongolia,MNG,2020-04-20,65.74
Mongolia,MNG,2020-04-21,65.74
Mongolia,MNG,2020-04-22,65.74
Mongolia,MNG,2020-04-23,65.74
Mongolia,MNG,2020-04-24,65.74
Mongolia,MNG,2020-04-25,65.74
Mongolia,MNG,2020-04-26,65.74
Mongolia,MNG,2020-04-27,65.74
Mongolia,MNG,2020-04-28,74.07
Mongolia,MNG,2020-04-29,74.07
Mongolia,MNG,2020-04-30,74.07
Mongolia,MNG,2020-05-01,74.07
Mongolia,MNG,2020-05-02,74.07
Mongolia,MNG,2020-05-03,74.07
Mongolia,MNG,2020-05-04,74.07
Mongolia,MNG,2020-05-05,90.74
Mongolia,MNG,2020-05-06,90.74
Mongolia,MNG,2020-05-07,90.74
Mongolia,MNG,2020-05-08,74.07
Mongolia,MNG,2020-05-09,71.3
Mongolia,MNG,2020-05-10,71.3
Mongolia,MNG,2020-05-11,71.3
Mongolia,MNG,2020-05-12,71.3
Mongolia,MNG,2020-05-13,71.3
Mongolia,MNG,2020-05-14,71.3
Mongolia,MNG,2020-05-15,71.3
Mongolia,MNG,2020-05-16,71.3
Mongolia,MNG,2020-05-17,71.3
Mongolia,MNG,2020-05-18,71.3
Mongolia,MNG,2020-05-19,71.3
Mongolia,MNG,2020-05-20,71.3
Mongolia,MNG,2020-05-21,71.3
Mongolia,MNG,2020-05-22,71.3
Mongolia,MNG,2020-05-23,71.3
Mongolia,MNG,2020-05-24,71.3
Mongolia,MNG,2020-05-25,71.3
Mongolia,MNG,2020-05-26,71.3
Mongolia,MNG,2020-05-27,71.3
Mongolia,MNG,2020-05-28,71.3
Mongolia,MNG,2020-05-29,71.3
Mongolia,MNG,2020-05-30,71.3
Mongolia,MNG,2020-05-31,71.3
Mongolia,MNG,2020-06-01,71.3
Mongolia,MNG,2020-06-02,71.3
Mongolia,MNG,2020-06-03,71.3
Mongolia,MNG,2020-06-04,71.3
Mongolia,MNG,2020-06-05,71.3
Mongolia,MNG,2020-06-06,71.3
Mongolia,MNG,2020-06-07,71.3
Mongolia,MNG,2020-06-08,71.3
Mongolia,MNG,2020-06-09,71.3
Mongolia,MNG,2020-06-10,71.3
Mongolia,MNG,2020-06-11,71.3
Mongolia,MNG,2020-06-12,71.3
Mongolia,MNG,2020-06-13,71.3
Mongolia,MNG,2020-06-14,71.3
Mongolia,MNG,2020-06-15,71.3
Mongolia,MNG,2020-06-16,71.3
Mongolia,MNG,2020-06-17,71.3
Mongolia,MNG,2020-06-18,71.3
Mongolia,MNG,2020-06-19,71.3
Mongolia,MNG,2020-06-20,71.3
Mongolia,MNG,2020-06-21,71.3
Mongolia,MNG,2020-06-22,71.3
Mongolia,MNG,2020-06-23,71.3
Mongolia,MNG,2020-06-24,71.3
Mongolia,MNG,2020-06-25,71.3
Mongolia,MNG,2020-06-26,71.3
Mongolia,MNG,2020-06-27,71.3
Mongolia,MNG,2020-06-28,71.3
Mongolia,MNG,2020-06-29,71.3
Mongolia,MNG,2020-06-30,71.3
Mongolia,MNG,2020-07-01,71.3
Mongolia,MNG,2020-07-02,71.3
Mongolia,MNG,2020-07-03,60.19
Mongolia,MNG,2020-07-04,60.19
Mongolia,MNG,2020-07-05,60.19
Mongolia,MNG,2020-07-06,60.19
Mongolia,MNG,2020-07-07,60.19
Mongolia,MNG,2020-07-08,60.19
Mongolia,MNG,2020-07-09,60.19
Mongolia,MNG,2020-07-10,60.19
Mongolia,MNG,2020-07-11,60.19
Mongolia,MNG,2020-07-12,60.19
Mongolia,MNG,2020-07-13,60.19
Mongolia,MNG,2020-07-14,60.19
Mongolia,MNG,2020-07-15,60.19
Mongolia,MNG,2020-07-16,60.19
Mongolia,MNG,2020-07-17,60.19
Mongolia,MNG,2020-07-18,60.19
Mongolia,MNG,2020-07-19,60.19
Mongolia,MNG,2020-07-20,60.19
Mongolia,MNG,2020-07-21,60.19
Mongolia,MNG,2020-07-22,60.19
Mongolia,MNG,2020-07-23,60.19
Mongolia,MNG,2020-07-24,60.19
Mongolia,MNG,2020-07-25,60.19
Mongolia,MNG,2020-07-26,60.19
Mongolia,MNG,2020-07-27,60.19
Mongolia,MNG,2020-07-28,60.19
Mongolia,MNG,2020-07-29,60.19
Mongolia,MNG,2020-07-30,60.19
Mongolia,MNG,2020-07-31,60.19
Mongolia,MNG,2020-08-01,60.19
Mongolia,MNG,2020-08-02,60.19
Mongolia,MNG,2020-08-03,60.19
Mongolia,MNG,2020-08-04,60.19
Mongolia,MNG,2020-08-05,60.19
Mongolia,MNG,2020-08-06,60.19
Mongolia,MNG,2020-08-07,60.19
Mongolia,MNG,2020-08-08,60.19
Mongolia,MNG,2020-08-09,60.19
Mongolia,MNG,2020-08-10,60.19
Mongolia,MNG,2020-08-11,60.19
Mongolia,MNG,2020-08-12,60.19
Mongolia,MNG,2020-08-13,60.19
Mongolia,MNG,2020-08-14,60.19
Mongolia,MNG,2020-08-15,60.19
Mongolia,MNG,2020-08-16,60.19
Mongolia,MNG,2020-08-17,60.19
Mongolia,MNG,2020-08-18,60.19
Mongolia,MNG,2020-08-19,60.19
Mongolia,MNG,2020-08-20,60.19
Mongolia,MNG,2020-08-21,60.19
Mongolia,MNG,2020-08-22,60.19
Mongolia,MNG,2020-08-23,60.19
Mongolia,MNG,2020-08-24,60.19
Mongolia,MNG,2020-08-25,60.19
Mongolia,MNG,2020-08-26,60.19
Mongolia,MNG,2020-08-27,60.19
Mongolia,MNG,2020-08-28,60.19
Mongolia,MNG,2020-08-29,60.19
Mongolia,MNG,2020-08-30,60.19
Mongolia,MNG,2020-08-31,60.19
Mongolia,MNG,2020-09-01,56.48
Mongolia,MNG,2020-09-02,56.48
Mongolia,MNG,2020-09-03,56.48
Mongolia,MNG,2020-09-04,56.48
Mongolia,MNG,2020-09-05,56.48
Mongolia,MNG,2020-09-06,56.48
Mongolia,MNG,2020-09-07,56.48
Mongolia,MNG,2020-09-08,56.48
Mongolia,MNG,2020-09-09,56.48
Mongolia,MNG,2020-09-10,56.48
Mongolia,MNG,2020-09-11,56.48
Mongolia,MNG,2020-09-12,56.48
Mongolia,MNG,2020-09-13,56.48
Mongolia,MNG,2020-09-14,56.48
Mongolia,MNG,2020-09-15,56.48
Mongolia,MNG,2020-09-16,54.63
Mongolia,MNG,2020-09-17,54.63
Mongolia,MNG,2020-09-18,46.3
Mongolia,MNG,2020-09-19,46.3
Mongolia,MNG,2020-09-20,46.3
Mongolia,MNG,2020-09-21,46.3
Mongolia,MNG,2020-09-22,46.3
Mongolia,MNG,2020-09-23,46.3
Mongolia,MNG,2020-09-24,46.3
Mongolia,MNG,2020-09-25,46.3
Mongolia,MNG,2020-09-26,46.3
Mongolia,MNG,2020-09-27,46.3
Mongolia,MNG,2020-09-28,46.3
Mongolia,MNG,2020-09-29,46.3
Mongolia,MNG,2020-09-30,42.59
Mongolia,MNG,2020-10-01,42.59
Mongolia,MNG,2020-10-02,42.59
Mongolia,MNG,2020-10-03,42.59
Mongolia,MNG,2020-10-04,42.59
Mongolia,MNG,2020-10-05,42.59
Mongolia,MNG,2020-10-06,42.59
Mongolia,MNG,2020-10-07,42.59
Mongolia,MNG,2020-10-08,42.59
Mongolia,MNG,2020-10-09,42.59
Mongolia,MNG,2020-10-10,42.59
Mongolia,MNG,2020-10-11,42.59
Mongolia,MNG,2020-10-12,42.59
Mongolia,MNG,2020-10-13,40.74
Mongolia,MNG,2020-10-14,40.74
Mongolia,MNG,2020-10-15,40.74
Mongolia,MNG,2020-10-16,40.74
Mongolia,MNG,2020-10-17,40.74
Mongolia,MNG,2020-10-18,40.74
Mongolia,MNG,2020-10-19,35.19
Mongolia,MNG,2020-10-20,40.74
Mongolia,MNG,2020-10-21,40.74
Mongolia,MNG,2020-10-22,40.74
Mongolia,MNG,2020-10-23,40.74
Mongolia,MNG,2020-10-24,40.74
Mongolia,MNG,2020-10-25,40.74
Mongolia,MNG,2020-10-26,35.19
Mongolia,MNG,2020-10-27,35.19
Mongolia,MNG,2020-10-28,35.19
Mongolia,MNG,2020-10-29,35.19
Mongolia,MNG,2020-10-30,35.19
Mongolia,MNG,2020-10-31,35.19
Mongolia,MNG,2020-11-01,35.19
Mongolia,MNG,2020-11-02,35.19
Mongolia,MNG,2020-11-03,35.19
Mongolia,MNG,2020-11-04,35.19
Mongolia,MNG,2020-11-05,35.19
Mongolia,MNG,2020-11-06,35.19
Mongolia,MNG,2020-11-07,35.19
Mongolia,MNG,2020-11-08,35.19
Mongolia,MNG,2020-11-09,35.19
Mongolia,MNG,2020-11-10,35.19
Mongolia,MNG,2020-11-11,35.19
Mongolia,MNG,2020-11-12,85.19
Mongolia,MNG,2020-11-13,85.19
Mongolia,MNG,2020-11-14,85.19
Mongolia,MNG,2020-11-15,85.19
Mongolia,MNG,2020-11-16,85.19
Mongolia,MNG,2020-11-17,85.19
Mongolia,MNG,2020-11-18,85.19
Mongolia,MNG,2020-11-19,85.19
Mongolia,MNG,2020-11-20,85.19
Mongolia,MNG,2020-11-21,85.19
Mongolia,MNG,2020-11-22,85.19
Mongolia,MNG,2020-11-23,85.19
Mongolia,MNG,2020-11-24,85.19
Mongolia,MNG,2020-11-25,85.19
Mongolia,MNG,2020-11-26,85.19
Mongolia,MNG,2020-11-27,85.19
Mongolia,MNG,2020-11-28,85.19
Mongolia,MNG,2020-11-29,85.19
Mongolia,MNG,2020-11-30,85.19
Mongolia,MNG,2020-12-01,85.19
Mongolia,MNG,2020-12-02,85.19
Mongolia,MNG,2020-12-03,85.19
Mongolia,MNG,2020-12-04,85.19
Mongolia,MNG,2020-12-05,85.19
Mongolia,MNG,2020-12-06,85.19
Mongolia,MNG,2020-12-07,85.19
Mongolia,MNG,2020-12-08,85.19
Mongolia,MNG,2020-12-09,85.19
Mongolia,MNG,2020-12-10,85.19
Mongolia,MNG,2020-12-11,85.19
Mongolia,MNG,2020-12-12,75.46
Mongolia,MNG,2020-12-13,75.46
Mongolia,MNG,2020-12-14,75.46
Mongolia,MNG,2020-12-15,75.46
Mongolia,MNG,2020-12-16,75.46
Mongolia,MNG,2020-12-17,75.46
Mongolia,MNG,2020-12-18,75.46
Mongolia,MNG,2020-12-19,75.46
Mongolia,MNG,2020-12-20,75.46
Mongolia,MNG,2020-12-21,75.46
Mongolia,MNG,2020-12-22,75.46
Mongolia,MNG,2020-12-23,75.46
Mongolia,MNG,2020-12-24,75.46
Mongolia,MNG,2020-12-25,75.46
Mongolia,MNG,2020-12-26,75.46
Mongolia,MNG,2020-12-27,75.46
Mongolia,MNG,2020-12-28,75.46
Mongolia,MNG,2020-12-29,75.46
Mongolia,MNG,2020-12-30,75.46
Mongolia,MNG,2020-12-31,75.46
Mongolia,MNG,2021-01-01,75.46
Mongolia,MNG,2021-01-02,75.46
Mongolia,MNG,2021-01-03,75.46
Mongolia,MNG,2021-01-04,75.46
Mongolia,MNG,2021-01-05,75.46
Mongolia,MNG,2021-01-06,75.46
Mongolia,MNG,2021-01-07,75.46
Mongolia,MNG,2021-01-08,75.46
Mongolia,MNG,2021-01-09,75.46
Mongolia,MNG,2021-01-10,75.46
Mongolia,MNG,2021-01-11,71.76
Mongolia,MNG,2021-01-12,71.76
Mongolia,MNG,2021-01-13,71.76
Mongolia,MNG,2021-01-14,71.76
Mongolia,MNG,2021-01-15,71.76
Mongolia,MNG,2021-01-16,71.76
Mongolia,MNG,2021-01-17,71.76
Mongolia,MNG,2021-01-18,71.76
Mongolia,MNG,2021-01-19,73.61
Mongolia,MNG,2021-01-20,73.61
Mongolia,MNG,2021-01-21,73.61
Mongolia,MNG,2021-01-22,73.61
Mongolia,MNG,2021-01-23,73.61
Mongolia,MNG,2021-01-24,73.61
Mongolia,MNG,2021-01-25,73.61
Mongolia,MNG,2021-01-26,73.61
Mongolia,MNG,2021-01-27,73.61
Mongolia,MNG,2021-01-28,73.61
Mongolia,MNG,2021-01-29,73.61
Mongolia,MNG,2021-01-30,73.61
Mongolia,MNG,2021-01-31,73.61
Mongolia,MNG,2021-02-01,73.61
Mongolia,MNG,2021-02-02,73.61
Mongolia,MNG,2021-02-03,73.61
Mongolia,MNG,2021-02-04,73.61
Mongolia,MNG,2021-02-05,73.61
Mongolia,MNG,2021-02-06,73.61
Mongolia,MNG,2021-02-07,73.61
Mongolia,MNG,2021-02-08,73.61
Mongolia,MNG,2021-02-09,73.61
Mongolia,MNG,2021-02-10,73.61
Mongolia,MNG,2021-02-11,73.61
Mongolia,MNG,2021-02-12,73.61
Mongolia,MNG,2021-02-13,73.61
Mongolia,MNG,2021-02-14,73.61
Mongolia,MNG,2021-02-15,73.61
Mongolia,MNG,2021-02-16,73.61
Mongolia,MNG,2021-02-17,73.61
Mongolia,MNG,2021-02-18,73.61
Mongolia,MNG,2021-02-19,73.61
Mongolia,MNG,2021-02-20,73.61
Mongolia,MNG,2021-02-21,73.61
Mongolia,MNG,2021-02-22,73.61
Mongolia,MNG,2021-02-23,69.91
Mongolia,MNG,2021-02-24,69.91
Mongolia,MNG,2021-02-25,69.91
Mongolia,MNG,2021-02-26,69.91
Mongolia,MNG,2021-02-27,69.91
Mongolia,MNG,2021-02-28,69.91
Mongolia,MNG,2021-03-01,69.91
Morocco,MAR,2020-01-01,0
Morocco,MAR,2020-01-02,0
Morocco,MAR,2020-01-03,0
Morocco,MAR,2020-01-04,0
Morocco,MAR,2020-01-05,0
Morocco,MAR,2020-01-06,0
Morocco,MAR,2020-01-07,0
Morocco,MAR,2020-01-08,0
Morocco,MAR,2020-01-09,0
Morocco,MAR,2020-01-10,0
Morocco,MAR,2020-01-11,0
Morocco,MAR,2020-01-12,0
Morocco,MAR,2020-01-13,0
Morocco,MAR,2020-01-14,0
Morocco,MAR,2020-01-15,0
Morocco,MAR,2020-01-16,0
Morocco,MAR,2020-01-17,0
Morocco,MAR,2020-01-18,0
Morocco,MAR,2020-01-19,0
Morocco,MAR,2020-01-20,0
Morocco,MAR,2020-01-21,0
Morocco,MAR,2020-01-22,0
Morocco,MAR,2020-01-23,0
Morocco,MAR,2020-01-24,0
Morocco,MAR,2020-01-25,0
Morocco,MAR,2020-01-26,0
Morocco,MAR,2020-01-27,0
Morocco,MAR,2020-01-28,0
Morocco,MAR,2020-01-29,0
Morocco,MAR,2020-01-30,0
Morocco,MAR,2020-01-31,0
Morocco,MAR,2020-02-01,0
Morocco,MAR,2020-02-02,0
Morocco,MAR,2020-02-03,0
Morocco,MAR,2020-02-04,0
Morocco,MAR,2020-02-05,0
Morocco,MAR,2020-02-06,0
Morocco,MAR,2020-02-07,0
Morocco,MAR,2020-02-08,0
Morocco,MAR,2020-02-09,0
Morocco,MAR,2020-02-10,0
Morocco,MAR,2020-02-11,0
Morocco,MAR,2020-02-12,0
Morocco,MAR,2020-02-13,0
Morocco,MAR,2020-02-14,0
Morocco,MAR,2020-02-15,0
Morocco,MAR,2020-02-16,0
Morocco,MAR,2020-02-17,0
Morocco,MAR,2020-02-18,0
Morocco,MAR,2020-02-19,0
Morocco,MAR,2020-02-20,0
Morocco,MAR,2020-02-21,0
Morocco,MAR,2020-02-22,0
Morocco,MAR,2020-02-23,0
Morocco,MAR,2020-02-24,0
Morocco,MAR,2020-02-25,0
Morocco,MAR,2020-02-26,0
Morocco,MAR,2020-02-27,0
Morocco,MAR,2020-02-28,0
Morocco,MAR,2020-02-29,0
Morocco,MAR,2020-03-01,0
Morocco,MAR,2020-03-02,0
Morocco,MAR,2020-03-03,0
Morocco,MAR,2020-03-04,5.56
Morocco,MAR,2020-03-05,5.56
Morocco,MAR,2020-03-06,5.56
Morocco,MAR,2020-03-07,5.56
Morocco,MAR,2020-03-08,5.56
Morocco,MAR,2020-03-09,5.56
Morocco,MAR,2020-03-10,5.56
Morocco,MAR,2020-03-11,5.56
Morocco,MAR,2020-03-12,5.56
Morocco,MAR,2020-03-13,25
Morocco,MAR,2020-03-14,44.44
Morocco,MAR,2020-03-15,44.44
Morocco,MAR,2020-03-16,55.56
Morocco,MAR,2020-03-17,55.56
Morocco,MAR,2020-03-18,55.56
Morocco,MAR,2020-03-19,55.56
Morocco,MAR,2020-03-20,90.74
Morocco,MAR,2020-03-21,90.74
Morocco,MAR,2020-03-22,90.74
Morocco,MAR,2020-03-23,90.74
Morocco,MAR,2020-03-24,90.74
Morocco,MAR,2020-03-25,93.52
Morocco,MAR,2020-03-26,93.52
Morocco,MAR,2020-03-27,93.52
Morocco,MAR,2020-03-28,93.52
Morocco,MAR,2020-03-29,93.52
Morocco,MAR,2020-03-30,93.52
Morocco,MAR,2020-03-31,93.52
Morocco,MAR,2020-04-01,93.52
Morocco,MAR,2020-04-02,93.52
Morocco,MAR,2020-04-03,93.52
Morocco,MAR,2020-04-04,93.52
Morocco,MAR,2020-04-05,93.52
Morocco,MAR,2020-04-06,93.52
Morocco,MAR,2020-04-07,93.52
Morocco,MAR,2020-04-08,93.52
Morocco,MAR,2020-04-09,93.52
Morocco,MAR,2020-04-10,93.52
Morocco,MAR,2020-04-11,93.52
Morocco,MAR,2020-04-12,93.52
Morocco,MAR,2020-04-13,93.52
Morocco,MAR,2020-04-14,93.52
Morocco,MAR,2020-04-15,93.52
Morocco,MAR,2020-04-16,93.52
Morocco,MAR,2020-04-17,93.52
Morocco,MAR,2020-04-18,93.52
Morocco,MAR,2020-04-19,93.52
Morocco,MAR,2020-04-20,93.52
Morocco,MAR,2020-04-21,93.52
Morocco,MAR,2020-04-22,93.52
Morocco,MAR,2020-04-23,93.52
Morocco,MAR,2020-04-24,93.52
Morocco,MAR,2020-04-25,93.52
Morocco,MAR,2020-04-26,93.52
Morocco,MAR,2020-04-27,93.52
Morocco,MAR,2020-04-28,93.52
Morocco,MAR,2020-04-29,93.52
Morocco,MAR,2020-04-30,93.52
Morocco,MAR,2020-05-01,93.52
Morocco,MAR,2020-05-02,93.52
Morocco,MAR,2020-05-03,93.52
Morocco,MAR,2020-05-04,93.52
Morocco,MAR,2020-05-05,93.52
Morocco,MAR,2020-05-06,93.52
Morocco,MAR,2020-05-07,93.52
Morocco,MAR,2020-05-08,93.52
Morocco,MAR,2020-05-09,93.52
Morocco,MAR,2020-05-10,93.52
Morocco,MAR,2020-05-11,93.52
Morocco,MAR,2020-05-12,93.52
Morocco,MAR,2020-05-13,93.52
Morocco,MAR,2020-05-14,93.52
Morocco,MAR,2020-05-15,93.52
Morocco,MAR,2020-05-16,93.52
Morocco,MAR,2020-05-17,93.52
Morocco,MAR,2020-05-18,93.52
Morocco,MAR,2020-05-19,93.52
Morocco,MAR,2020-05-20,93.52
Morocco,MAR,2020-05-21,93.52
Morocco,MAR,2020-05-22,93.52
Morocco,MAR,2020-05-23,93.52
Morocco,MAR,2020-05-24,93.52
Morocco,MAR,2020-05-25,93.52
Morocco,MAR,2020-05-26,93.52
Morocco,MAR,2020-05-27,93.52
Morocco,MAR,2020-05-28,93.52
Morocco,MAR,2020-05-29,93.52
Morocco,MAR,2020-05-30,93.52
Morocco,MAR,2020-05-31,93.52
Morocco,MAR,2020-06-01,93.52
Morocco,MAR,2020-06-02,93.52
Morocco,MAR,2020-06-03,93.52
Morocco,MAR,2020-06-04,93.52
Morocco,MAR,2020-06-05,93.52
Morocco,MAR,2020-06-06,93.52
Morocco,MAR,2020-06-07,93.52
Morocco,MAR,2020-06-08,93.52
Morocco,MAR,2020-06-09,93.52
Morocco,MAR,2020-06-10,93.52
Morocco,MAR,2020-06-11,76.85
Morocco,MAR,2020-06-12,76.85
Morocco,MAR,2020-06-13,76.85
Morocco,MAR,2020-06-14,76.85
Morocco,MAR,2020-06-15,76.85
Morocco,MAR,2020-06-16,76.85
Morocco,MAR,2020-06-17,76.85
Morocco,MAR,2020-06-18,76.85
Morocco,MAR,2020-06-19,76.85
Morocco,MAR,2020-06-20,76.85
Morocco,MAR,2020-06-21,74.07
Morocco,MAR,2020-06-22,74.07
Morocco,MAR,2020-06-23,74.07
Morocco,MAR,2020-06-24,64.81
Morocco,MAR,2020-06-25,64.81
Morocco,MAR,2020-06-26,64.81
Morocco,MAR,2020-06-27,64.81
Morocco,MAR,2020-06-28,64.81
Morocco,MAR,2020-06-29,64.81
Morocco,MAR,2020-06-30,64.81
Morocco,MAR,2020-07-01,64.81
Morocco,MAR,2020-07-02,64.81
Morocco,MAR,2020-07-03,64.81
Morocco,MAR,2020-07-04,64.81
Morocco,MAR,2020-07-05,64.81
Morocco,MAR,2020-07-06,64.81
Morocco,MAR,2020-07-07,64.81
Morocco,MAR,2020-07-08,64.81
Morocco,MAR,2020-07-09,64.81
Morocco,MAR,2020-07-10,64.81
Morocco,MAR,2020-07-11,64.81
Morocco,MAR,2020-07-12,64.81
Morocco,MAR,2020-07-13,64.81
Morocco,MAR,2020-07-14,64.81
Morocco,MAR,2020-07-15,64.81
Morocco,MAR,2020-07-16,64.81
Morocco,MAR,2020-07-17,64.81
Morocco,MAR,2020-07-18,64.81
Morocco,MAR,2020-07-19,64.81
Morocco,MAR,2020-07-20,64.81
Morocco,MAR,2020-07-21,64.81
Morocco,MAR,2020-07-22,64.81
Morocco,MAR,2020-07-23,64.81
Morocco,MAR,2020-07-24,64.81
Morocco,MAR,2020-07-25,64.81
Morocco,MAR,2020-07-26,64.81
Morocco,MAR,2020-07-27,64.81
Morocco,MAR,2020-07-28,64.81
Morocco,MAR,2020-07-29,64.81
Morocco,MAR,2020-07-30,64.81
Morocco,MAR,2020-07-31,64.81
Morocco,MAR,2020-08-01,64.81
Morocco,MAR,2020-08-02,64.81
Morocco,MAR,2020-08-03,64.81
Morocco,MAR,2020-08-04,64.81
Morocco,MAR,2020-08-05,70.37
Morocco,MAR,2020-08-06,70.37
Morocco,MAR,2020-08-07,70.37
Morocco,MAR,2020-08-08,70.37
Morocco,MAR,2020-08-09,70.37
Morocco,MAR,2020-08-10,70.37
Morocco,MAR,2020-08-11,70.37
Morocco,MAR,2020-08-12,70.37
Morocco,MAR,2020-08-13,70.37
Morocco,MAR,2020-08-14,70.37
Morocco,MAR,2020-08-15,70.37
Morocco,MAR,2020-08-16,70.37
Morocco,MAR,2020-08-17,70.37
Morocco,MAR,2020-08-18,70.37
Morocco,MAR,2020-08-19,70.37
Morocco,MAR,2020-08-20,70.37
Morocco,MAR,2020-08-21,70.37
Morocco,MAR,2020-08-22,70.37
Morocco,MAR,2020-08-23,70.37
Morocco,MAR,2020-08-24,70.37
Morocco,MAR,2020-08-25,70.37
Morocco,MAR,2020-08-26,70.37
Morocco,MAR,2020-08-27,70.37
Morocco,MAR,2020-08-28,70.37
Morocco,MAR,2020-08-29,70.37
Morocco,MAR,2020-08-30,70.37
Morocco,MAR,2020-08-31,70.37
Morocco,MAR,2020-09-01,70.37
Morocco,MAR,2020-09-02,70.37
Morocco,MAR,2020-09-03,70.37
Morocco,MAR,2020-09-04,70.37
Morocco,MAR,2020-09-05,70.37
Morocco,MAR,2020-09-06,70.37
Morocco,MAR,2020-09-07,68.52
Morocco,MAR,2020-09-08,68.52
Morocco,MAR,2020-09-09,68.52
Morocco,MAR,2020-09-10,68.52
Morocco,MAR,2020-09-11,68.52
Morocco,MAR,2020-09-12,68.52
Morocco,MAR,2020-09-13,68.52
Morocco,MAR,2020-09-14,65.74
Morocco,MAR,2020-09-15,65.74
Morocco,MAR,2020-09-16,65.74
Morocco,MAR,2020-09-17,65.74
Morocco,MAR,2020-09-18,65.74
Morocco,MAR,2020-09-19,65.74
Morocco,MAR,2020-09-20,65.74
Morocco,MAR,2020-09-21,63.89
Morocco,MAR,2020-09-22,63.89
Morocco,MAR,2020-09-23,63.89
Morocco,MAR,2020-09-24,63.89
Morocco,MAR,2020-09-25,63.89
Morocco,MAR,2020-09-26,63.89
Morocco,MAR,2020-09-27,63.89
Morocco,MAR,2020-09-28,63.89
Morocco,MAR,2020-09-29,63.89
Morocco,MAR,2020-09-30,63.89
Morocco,MAR,2020-10-01,63.89
Morocco,MAR,2020-10-02,63.89
Morocco,MAR,2020-10-03,63.89
Morocco,MAR,2020-10-04,63.89
Morocco,MAR,2020-10-05,63.89
Morocco,MAR,2020-10-06,60.19
Morocco,MAR,2020-10-07,60.19
Morocco,MAR,2020-10-08,60.19
Morocco,MAR,2020-10-09,60.19
Morocco,MAR,2020-10-10,60.19
Morocco,MAR,2020-10-11,60.19
Morocco,MAR,2020-10-12,60.19
Morocco,MAR,2020-10-13,60.19
Morocco,MAR,2020-10-14,60.19
Morocco,MAR,2020-10-15,60.19
Morocco,MAR,2020-10-16,60.19
Morocco,MAR,2020-10-17,60.19
Morocco,MAR,2020-10-18,60.19
Morocco,MAR,2020-10-19,60.19
Morocco,MAR,2020-10-20,60.19
Morocco,MAR,2020-10-21,60.19
Morocco,MAR,2020-10-22,60.19
Morocco,MAR,2020-10-23,65.74
Morocco,MAR,2020-10-24,65.74
Morocco,MAR,2020-10-25,65.74
Morocco,MAR,2020-10-26,68.52
Morocco,MAR,2020-10-27,65.74
Morocco,MAR,2020-10-28,65.74
Morocco,MAR,2020-10-29,65.74
Morocco,MAR,2020-10-30,60.19
Morocco,MAR,2020-10-31,60.19
Morocco,MAR,2020-11-01,60.19
Morocco,MAR,2020-11-02,60.19
Morocco,MAR,2020-11-03,60.19
Morocco,MAR,2020-11-04,60.19
Morocco,MAR,2020-11-05,60.19
Morocco,MAR,2020-11-06,60.19
Morocco,MAR,2020-11-07,60.19
Morocco,MAR,2020-11-08,60.19
Morocco,MAR,2020-11-09,60.19
Morocco,MAR,2020-11-10,66.2
Morocco,MAR,2020-11-11,66.2
Morocco,MAR,2020-11-12,66.2
Morocco,MAR,2020-11-13,66.2
Morocco,MAR,2020-11-14,66.2
Morocco,MAR,2020-11-15,66.2
Morocco,MAR,2020-11-16,66.2
Morocco,MAR,2020-11-17,66.2
Morocco,MAR,2020-11-18,66.2
Morocco,MAR,2020-11-19,66.2
Morocco,MAR,2020-11-20,66.2
Morocco,MAR,2020-11-21,66.2
Morocco,MAR,2020-11-22,66.2
Morocco,MAR,2020-11-23,66.2
Morocco,MAR,2020-11-24,66.2
Morocco,MAR,2020-11-25,66.2
Morocco,MAR,2020-11-26,66.2
Morocco,MAR,2020-11-27,66.2
Morocco,MAR,2020-11-28,66.2
Morocco,MAR,2020-11-29,66.2
Morocco,MAR,2020-11-30,66.2
Morocco,MAR,2020-12-01,66.2
Morocco,MAR,2020-12-02,66.2
Morocco,MAR,2020-12-03,66.2
Morocco,MAR,2020-12-04,66.2
Morocco,MAR,2020-12-05,66.2
Morocco,MAR,2020-12-06,66.2
Morocco,MAR,2020-12-07,66.2
Morocco,MAR,2020-12-08,66.2
Morocco,MAR,2020-12-09,66.2
Morocco,MAR,2020-12-10,66.2
Morocco,MAR,2020-12-11,66.2
Morocco,MAR,2020-12-12,66.2
Morocco,MAR,2020-12-13,66.2
Morocco,MAR,2020-12-14,66.2
Morocco,MAR,2020-12-15,66.2
Morocco,MAR,2020-12-16,66.2
Morocco,MAR,2020-12-17,66.2
Morocco,MAR,2020-12-18,66.2
Morocco,MAR,2020-12-19,66.2
Morocco,MAR,2020-12-20,66.2
Morocco,MAR,2020-12-21,66.2
Morocco,MAR,2020-12-22,66.2
Morocco,MAR,2020-12-23,76.85
Morocco,MAR,2020-12-24,76.85
Morocco,MAR,2020-12-25,76.85
Morocco,MAR,2020-12-26,76.85
Morocco,MAR,2020-12-27,76.85
Morocco,MAR,2020-12-28,76.85
Morocco,MAR,2020-12-29,76.85
Morocco,MAR,2020-12-30,76.85
Morocco,MAR,2020-12-31,76.85
Morocco,MAR,2021-01-01,76.85
Morocco,MAR,2021-01-02,76.85
Morocco,MAR,2021-01-03,76.85
Morocco,MAR,2021-01-04,76.85
Morocco,MAR,2021-01-05,76.85
Morocco,MAR,2021-01-06,76.85
Morocco,MAR,2021-01-07,76.85
Morocco,MAR,2021-01-08,76.85
Morocco,MAR,2021-01-09,76.85
Morocco,MAR,2021-01-10,76.85
Morocco,MAR,2021-01-11,76.85
Morocco,MAR,2021-01-12,76.85
Morocco,MAR,2021-01-13,76.85
Morocco,MAR,2021-01-14,76.85
Morocco,MAR,2021-01-15,76.85
Morocco,MAR,2021-01-16,76.85
Morocco,MAR,2021-01-17,76.85
Morocco,MAR,2021-01-18,76.85
Morocco,MAR,2021-01-19,76.85
Morocco,MAR,2021-01-20,76.85
Morocco,MAR,2021-01-21,76.85
Morocco,MAR,2021-01-22,76.85
Morocco,MAR,2021-01-23,76.85
Morocco,MAR,2021-01-24,76.85
Morocco,MAR,2021-01-25,76.85
Morocco,MAR,2021-01-26,76.85
Morocco,MAR,2021-01-27,76.85
Morocco,MAR,2021-01-28,76.85
Morocco,MAR,2021-01-29,76.85
Morocco,MAR,2021-01-30,76.85
Morocco,MAR,2021-01-31,76.85
Morocco,MAR,2021-02-01,76.85
Morocco,MAR,2021-02-02,76.85
Morocco,MAR,2021-02-03,76.85
Morocco,MAR,2021-02-04,76.85
Morocco,MAR,2021-02-05,76.85
Morocco,MAR,2021-02-06,76.85
Morocco,MAR,2021-02-07,76.85
Morocco,MAR,2021-02-08,76.85
Morocco,MAR,2021-02-09,76.85
Morocco,MAR,2021-02-10,76.85
Morocco,MAR,2021-02-11,76.85
Morocco,MAR,2021-02-12,76.85
Morocco,MAR,2021-02-13,76.85
Morocco,MAR,2021-02-14,76.85
Morocco,MAR,2021-02-15,76.85
Morocco,MAR,2021-02-16,76.85
Morocco,MAR,2021-02-17,76.85
Morocco,MAR,2021-02-18,76.85
Morocco,MAR,2021-02-19,76.85
Morocco,MAR,2021-02-20,76.85
Morocco,MAR,2021-02-21,76.85
Morocco,MAR,2021-02-22,76.85
Morocco,MAR,2021-02-23,76.85
Morocco,MAR,2021-02-24,76.85
Morocco,MAR,2021-02-25,76.85
Morocco,MAR,2021-02-26,76.85
Morocco,MAR,2021-02-27,76.85
Morocco,MAR,2021-02-28,76.85
Morocco,MAR,2021-03-01,76.85
Mozambique,MOZ,2020-01-01,0
Mozambique,MOZ,2020-01-02,0
Mozambique,MOZ,2020-01-03,0
Mozambique,MOZ,2020-01-04,0
Mozambique,MOZ,2020-01-05,0
Mozambique,MOZ,2020-01-06,0
Mozambique,MOZ,2020-01-07,0
Mozambique,MOZ,2020-01-08,0
Mozambique,MOZ,2020-01-09,0
Mozambique,MOZ,2020-01-10,0
Mozambique,MOZ,2020-01-11,0
Mozambique,MOZ,2020-01-12,0
Mozambique,MOZ,2020-01-13,0
Mozambique,MOZ,2020-01-14,0
Mozambique,MOZ,2020-01-15,0
Mozambique,MOZ,2020-01-16,0
Mozambique,MOZ,2020-01-17,0
Mozambique,MOZ,2020-01-18,0
Mozambique,MOZ,2020-01-19,0
Mozambique,MOZ,2020-01-20,0
Mozambique,MOZ,2020-01-21,0
Mozambique,MOZ,2020-01-22,0
Mozambique,MOZ,2020-01-23,0
Mozambique,MOZ,2020-01-24,0
Mozambique,MOZ,2020-01-25,0
Mozambique,MOZ,2020-01-26,0
Mozambique,MOZ,2020-01-27,0
Mozambique,MOZ,2020-01-28,0
Mozambique,MOZ,2020-01-29,0
Mozambique,MOZ,2020-01-30,0
Mozambique,MOZ,2020-01-31,0
Mozambique,MOZ,2020-02-01,0
Mozambique,MOZ,2020-02-02,0
Mozambique,MOZ,2020-02-03,0
Mozambique,MOZ,2020-02-04,0
Mozambique,MOZ,2020-02-05,0
Mozambique,MOZ,2020-02-06,0
Mozambique,MOZ,2020-02-07,0
Mozambique,MOZ,2020-02-08,0
Mozambique,MOZ,2020-02-09,0
Mozambique,MOZ,2020-02-10,0
Mozambique,MOZ,2020-02-11,8.33
Mozambique,MOZ,2020-02-12,8.33
Mozambique,MOZ,2020-02-13,8.33
Mozambique,MOZ,2020-02-14,8.33
Mozambique,MOZ,2020-02-15,8.33
Mozambique,MOZ,2020-02-16,8.33
Mozambique,MOZ,2020-02-17,8.33
Mozambique,MOZ,2020-02-18,8.33
Mozambique,MOZ,2020-02-19,8.33
Mozambique,MOZ,2020-02-20,8.33
Mozambique,MOZ,2020-02-21,8.33
Mozambique,MOZ,2020-02-22,8.33
Mozambique,MOZ,2020-02-23,8.33
Mozambique,MOZ,2020-02-24,8.33
Mozambique,MOZ,2020-02-25,8.33
Mozambique,MOZ,2020-02-26,8.33
Mozambique,MOZ,2020-02-27,8.33
Mozambique,MOZ,2020-02-28,8.33
Mozambique,MOZ,2020-02-29,8.33
Mozambique,MOZ,2020-03-01,8.33
Mozambique,MOZ,2020-03-02,8.33
Mozambique,MOZ,2020-03-03,8.33
Mozambique,MOZ,2020-03-04,8.33
Mozambique,MOZ,2020-03-05,8.33
Mozambique,MOZ,2020-03-06,8.33
Mozambique,MOZ,2020-03-07,8.33
Mozambique,MOZ,2020-03-08,8.33
Mozambique,MOZ,2020-03-09,8.33
Mozambique,MOZ,2020-03-10,8.33
Mozambique,MOZ,2020-03-11,8.33
Mozambique,MOZ,2020-03-12,8.33
Mozambique,MOZ,2020-03-13,8.33
Mozambique,MOZ,2020-03-14,8.33
Mozambique,MOZ,2020-03-15,8.33
Mozambique,MOZ,2020-03-16,8.33
Mozambique,MOZ,2020-03-17,8.33
Mozambique,MOZ,2020-03-18,8.33
Mozambique,MOZ,2020-03-19,13.89
Mozambique,MOZ,2020-03-20,16.67
Mozambique,MOZ,2020-03-21,16.67
Mozambique,MOZ,2020-03-22,22.22
Mozambique,MOZ,2020-03-23,47.22
Mozambique,MOZ,2020-03-24,47.22
Mozambique,MOZ,2020-03-25,47.22
Mozambique,MOZ,2020-03-26,47.22
Mozambique,MOZ,2020-03-27,47.22
Mozambique,MOZ,2020-03-28,47.22
Mozambique,MOZ,2020-03-29,47.22
Mozambique,MOZ,2020-03-30,47.22
Mozambique,MOZ,2020-03-31,47.22
Mozambique,MOZ,2020-04-01,56.48
Mozambique,MOZ,2020-04-02,56.48
Mozambique,MOZ,2020-04-03,56.48
Mozambique,MOZ,2020-04-04,56.48
Mozambique,MOZ,2020-04-05,56.48
Mozambique,MOZ,2020-04-06,56.48
Mozambique,MOZ,2020-04-07,56.48
Mozambique,MOZ,2020-04-08,56.48
Mozambique,MOZ,2020-04-09,56.48
Mozambique,MOZ,2020-04-10,56.48
Mozambique,MOZ,2020-04-11,56.48
Mozambique,MOZ,2020-04-12,56.48
Mozambique,MOZ,2020-04-13,56.48
Mozambique,MOZ,2020-04-14,56.48
Mozambique,MOZ,2020-04-15,56.48
Mozambique,MOZ,2020-04-16,56.48
Mozambique,MOZ,2020-04-17,56.48
Mozambique,MOZ,2020-04-18,56.48
Mozambique,MOZ,2020-04-19,56.48
Mozambique,MOZ,2020-04-20,56.48
Mozambique,MOZ,2020-04-21,56.48
Mozambique,MOZ,2020-04-22,56.48
Mozambique,MOZ,2020-04-23,56.48
Mozambique,MOZ,2020-04-24,56.48
Mozambique,MOZ,2020-04-25,56.48
Mozambique,MOZ,2020-04-26,56.48
Mozambique,MOZ,2020-04-27,56.48
Mozambique,MOZ,2020-04-28,56.48
Mozambique,MOZ,2020-04-29,56.48
Mozambique,MOZ,2020-04-30,56.48
Mozambique,MOZ,2020-05-01,56.48
Mozambique,MOZ,2020-05-02,56.48
Mozambique,MOZ,2020-05-03,56.48
Mozambique,MOZ,2020-05-04,56.48
Mozambique,MOZ,2020-05-05,56.48
Mozambique,MOZ,2020-05-06,56.48
Mozambique,MOZ,2020-05-07,56.48
Mozambique,MOZ,2020-05-08,56.48
Mozambique,MOZ,2020-05-09,56.48
Mozambique,MOZ,2020-05-10,56.48
Mozambique,MOZ,2020-05-11,56.48
Mozambique,MOZ,2020-05-12,56.48
Mozambique,MOZ,2020-05-13,56.48
Mozambique,MOZ,2020-05-14,56.48
Mozambique,MOZ,2020-05-15,56.48
Mozambique,MOZ,2020-05-16,56.48
Mozambique,MOZ,2020-05-17,56.48
Mozambique,MOZ,2020-05-18,56.48
Mozambique,MOZ,2020-05-19,56.48
Mozambique,MOZ,2020-05-20,56.48
Mozambique,MOZ,2020-05-21,56.48
Mozambique,MOZ,2020-05-22,56.48
Mozambique,MOZ,2020-05-23,56.48
Mozambique,MOZ,2020-05-24,56.48
Mozambique,MOZ,2020-05-25,56.48
Mozambique,MOZ,2020-05-26,56.48
Mozambique,MOZ,2020-05-27,56.48
Mozambique,MOZ,2020-05-28,56.48
Mozambique,MOZ,2020-05-29,62.04
Mozambique,MOZ,2020-05-30,62.04
Mozambique,MOZ,2020-05-31,62.04
Mozambique,MOZ,2020-06-01,62.04
Mozambique,MOZ,2020-06-02,62.04
Mozambique,MOZ,2020-06-03,62.04
Mozambique,MOZ,2020-06-04,62.04
Mozambique,MOZ,2020-06-05,62.04
Mozambique,MOZ,2020-06-06,62.04
Mozambique,MOZ,2020-06-07,62.04
Mozambique,MOZ,2020-06-08,62.04
Mozambique,MOZ,2020-06-09,62.04
Mozambique,MOZ,2020-06-10,62.04
Mozambique,MOZ,2020-06-11,62.04
Mozambique,MOZ,2020-06-12,62.04
Mozambique,MOZ,2020-06-13,62.04
Mozambique,MOZ,2020-06-14,62.04
Mozambique,MOZ,2020-06-15,62.04
Mozambique,MOZ,2020-06-16,62.04
Mozambique,MOZ,2020-06-17,80.56
Mozambique,MOZ,2020-06-18,80.56
Mozambique,MOZ,2020-06-19,80.56
Mozambique,MOZ,2020-06-20,80.56
Mozambique,MOZ,2020-06-21,80.56
Mozambique,MOZ,2020-06-22,80.56
Mozambique,MOZ,2020-06-23,80.56
Mozambique,MOZ,2020-06-24,80.56
Mozambique,MOZ,2020-06-25,80.56
Mozambique,MOZ,2020-06-26,80.56
Mozambique,MOZ,2020-06-27,80.56
Mozambique,MOZ,2020-06-28,80.56
Mozambique,MOZ,2020-06-29,80.56
Mozambique,MOZ,2020-06-30,80.56
Mozambique,MOZ,2020-07-01,80.56
Mozambique,MOZ,2020-07-02,80.56
Mozambique,MOZ,2020-07-03,80.56
Mozambique,MOZ,2020-07-04,80.56
Mozambique,MOZ,2020-07-05,80.56
Mozambique,MOZ,2020-07-06,80.56
Mozambique,MOZ,2020-07-07,80.56
Mozambique,MOZ,2020-07-08,80.56
Mozambique,MOZ,2020-07-09,80.56
Mozambique,MOZ,2020-07-10,80.56
Mozambique,MOZ,2020-07-11,80.56
Mozambique,MOZ,2020-07-12,80.56
Mozambique,MOZ,2020-07-13,75
Mozambique,MOZ,2020-07-14,75
Mozambique,MOZ,2020-07-15,75
Mozambique,MOZ,2020-07-16,75
Mozambique,MOZ,2020-07-17,75
Mozambique,MOZ,2020-07-18,75
Mozambique,MOZ,2020-07-19,75
Mozambique,MOZ,2020-07-20,75
Mozambique,MOZ,2020-07-21,75
Mozambique,MOZ,2020-07-22,75
Mozambique,MOZ,2020-07-23,75
Mozambique,MOZ,2020-07-24,75
Mozambique,MOZ,2020-07-25,75
Mozambique,MOZ,2020-07-26,75
Mozambique,MOZ,2020-07-27,75
Mozambique,MOZ,2020-07-28,75
Mozambique,MOZ,2020-07-29,51.85
Mozambique,MOZ,2020-07-30,51.85
Mozambique,MOZ,2020-07-31,51.85
Mozambique,MOZ,2020-08-01,51.85
Mozambique,MOZ,2020-08-02,51.85
Mozambique,MOZ,2020-08-03,51.85
Mozambique,MOZ,2020-08-04,51.85
Mozambique,MOZ,2020-08-05,51.85
Mozambique,MOZ,2020-08-06,51.85
Mozambique,MOZ,2020-08-07,75
Mozambique,MOZ,2020-08-08,75
Mozambique,MOZ,2020-08-09,75
Mozambique,MOZ,2020-08-10,75
Mozambique,MOZ,2020-08-11,75
Mozambique,MOZ,2020-08-12,75
Mozambique,MOZ,2020-08-13,75
Mozambique,MOZ,2020-08-14,75
Mozambique,MOZ,2020-08-15,75
Mozambique,MOZ,2020-08-16,75
Mozambique,MOZ,2020-08-17,75
Mozambique,MOZ,2020-08-18,64.35
Mozambique,MOZ,2020-08-19,64.35
Mozambique,MOZ,2020-08-20,64.35
Mozambique,MOZ,2020-08-21,64.35
Mozambique,MOZ,2020-08-22,64.35
Mozambique,MOZ,2020-08-23,64.35
Mozambique,MOZ,2020-08-24,64.35
Mozambique,MOZ,2020-08-25,64.35
Mozambique,MOZ,2020-08-26,64.35
Mozambique,MOZ,2020-08-27,64.35
Mozambique,MOZ,2020-08-28,64.35
Mozambique,MOZ,2020-08-29,64.35
Mozambique,MOZ,2020-08-30,64.35
Mozambique,MOZ,2020-08-31,64.35
Mozambique,MOZ,2020-09-01,62.04
Mozambique,MOZ,2020-09-02,62.04
Mozambique,MOZ,2020-09-03,62.04
Mozambique,MOZ,2020-09-04,62.04
Mozambique,MOZ,2020-09-05,62.04
Mozambique,MOZ,2020-09-06,62.04
Mozambique,MOZ,2020-09-07,62.04
Mozambique,MOZ,2020-09-08,62.04
Mozambique,MOZ,2020-09-09,62.04
Mozambique,MOZ,2020-09-10,62.04
Mozambique,MOZ,2020-09-11,62.04
Mozambique,MOZ,2020-09-12,62.04
Mozambique,MOZ,2020-09-13,62.04
Mozambique,MOZ,2020-09-14,62.04
Mozambique,MOZ,2020-09-15,62.04
Mozambique,MOZ,2020-09-16,62.04
Mozambique,MOZ,2020-09-17,62.04
Mozambique,MOZ,2020-09-18,62.04
Mozambique,MOZ,2020-09-19,62.04
Mozambique,MOZ,2020-09-20,62.04
Mozambique,MOZ,2020-09-21,62.04
Mozambique,MOZ,2020-09-22,62.04
Mozambique,MOZ,2020-09-23,62.04
Mozambique,MOZ,2020-09-24,62.04
Mozambique,MOZ,2020-09-25,62.04
Mozambique,MOZ,2020-09-26,62.04
Mozambique,MOZ,2020-09-27,62.04
Mozambique,MOZ,2020-09-28,62.04
Mozambique,MOZ,2020-09-29,62.04
Mozambique,MOZ,2020-09-30,62.04
Mozambique,MOZ,2020-10-01,62.04
Mozambique,MOZ,2020-10-02,62.04
Mozambique,MOZ,2020-10-03,62.04
Mozambique,MOZ,2020-10-04,62.04
Mozambique,MOZ,2020-10-05,62.04
Mozambique,MOZ,2020-10-06,62.04
Mozambique,MOZ,2020-10-07,62.04
Mozambique,MOZ,2020-10-08,62.04
Mozambique,MOZ,2020-10-09,62.04
Mozambique,MOZ,2020-10-10,62.04
Mozambique,MOZ,2020-10-11,62.04
Mozambique,MOZ,2020-10-12,62.04
Mozambique,MOZ,2020-10-13,62.04
Mozambique,MOZ,2020-10-14,62.04
Mozambique,MOZ,2020-10-15,62.04
Mozambique,MOZ,2020-10-16,62.04
Mozambique,MOZ,2020-10-17,62.04
Mozambique,MOZ,2020-10-18,62.04
Mozambique,MOZ,2020-10-19,62.04
Mozambique,MOZ,2020-10-20,62.04
Mozambique,MOZ,2020-10-21,62.04
Mozambique,MOZ,2020-10-22,62.96
Mozambique,MOZ,2020-10-23,62.96
Mozambique,MOZ,2020-10-24,62.96
Mozambique,MOZ,2020-10-25,62.96
Mozambique,MOZ,2020-10-26,62.96
Mozambique,MOZ,2020-10-27,62.96
Mozambique,MOZ,2020-10-28,62.96
Mozambique,MOZ,2020-10-29,56.48
Mozambique,MOZ,2020-10-30,56.48
Mozambique,MOZ,2020-10-31,56.48
Mozambique,MOZ,2020-11-01,56.48
Mozambique,MOZ,2020-11-02,56.48
Mozambique,MOZ,2020-11-03,56.48
Mozambique,MOZ,2020-11-04,56.48
Mozambique,MOZ,2020-11-05,55.09
Mozambique,MOZ,2020-11-06,55.09
Mozambique,MOZ,2020-11-07,55.09
Mozambique,MOZ,2020-11-08,55.09
Mozambique,MOZ,2020-11-09,55.09
Mozambique,MOZ,2020-11-10,55.09
Mozambique,MOZ,2020-11-11,55.09
Mozambique,MOZ,2020-11-12,55.09
Mozambique,MOZ,2020-11-13,55.09
Mozambique,MOZ,2020-11-14,56.48
Mozambique,MOZ,2020-11-15,56.48
Mozambique,MOZ,2020-11-16,56.48
Mozambique,MOZ,2020-11-17,56.48
Mozambique,MOZ,2020-11-18,56.48
Mozambique,MOZ,2020-11-19,56.48
Mozambique,MOZ,2020-11-20,56.48
Mozambique,MOZ,2020-11-21,56.48
Mozambique,MOZ,2020-11-22,56.48
Mozambique,MOZ,2020-11-23,56.48
Mozambique,MOZ,2020-11-24,56.48
Mozambique,MOZ,2020-11-25,56.48
Mozambique,MOZ,2020-11-26,56.48
Mozambique,MOZ,2020-11-27,56.48
Mozambique,MOZ,2020-11-28,56.48
Mozambique,MOZ,2020-11-29,56.48
Mozambique,MOZ,2020-11-30,56.48
Mozambique,MOZ,2020-12-01,56.48
Mozambique,MOZ,2020-12-02,56.48
Mozambique,MOZ,2020-12-03,56.48
Mozambique,MOZ,2020-12-04,56.48
Mozambique,MOZ,2020-12-05,56.48
Mozambique,MOZ,2020-12-06,56.48
Mozambique,MOZ,2020-12-07,56.48
Mozambique,MOZ,2020-12-08,56.48
Mozambique,MOZ,2020-12-09,56.48
Mozambique,MOZ,2020-12-10,56.48
Mozambique,MOZ,2020-12-11,56.48
Mozambique,MOZ,2020-12-12,56.48
Mozambique,MOZ,2020-12-13,56.48
Mozambique,MOZ,2020-12-14,56.48
Mozambique,MOZ,2020-12-15,56.48
Mozambique,MOZ,2020-12-16,56.48
Mozambique,MOZ,2020-12-17,56.48
Mozambique,MOZ,2020-12-18,56.48
Mozambique,MOZ,2020-12-19,55.56
Mozambique,MOZ,2020-12-20,55.56
Mozambique,MOZ,2020-12-21,55.56
Mozambique,MOZ,2020-12-22,55.56
Mozambique,MOZ,2020-12-23,55.56
Mozambique,MOZ,2020-12-24,55.56
Mozambique,MOZ,2020-12-25,55.56
Mozambique,MOZ,2020-12-26,55.56
Mozambique,MOZ,2020-12-27,55.56
Mozambique,MOZ,2020-12-28,55.56
Mozambique,MOZ,2020-12-29,55.56
Mozambique,MOZ,2020-12-30,55.56
Mozambique,MOZ,2020-12-31,55.56
Mozambique,MOZ,2021-01-01,55.56
Mozambique,MOZ,2021-01-02,55.56
Mozambique,MOZ,2021-01-03,55.56
Mozambique,MOZ,2021-01-04,55.56
Mozambique,MOZ,2021-01-05,55.56
Mozambique,MOZ,2021-01-06,55.56
Mozambique,MOZ,2021-01-07,55.56
Mozambique,MOZ,2021-01-08,55.56
Mozambique,MOZ,2021-01-09,55.56
Mozambique,MOZ,2021-01-10,55.56
Mozambique,MOZ,2021-01-11,55.56
Mozambique,MOZ,2021-01-12,55.56
Mozambique,MOZ,2021-01-13,55.56
Mozambique,MOZ,2021-01-14,55.56
Mozambique,MOZ,2021-01-15,64.81
Mozambique,MOZ,2021-01-16,64.81
Mozambique,MOZ,2021-01-17,64.81
Mozambique,MOZ,2021-01-18,64.81
Mozambique,MOZ,2021-01-19,64.81
Mozambique,MOZ,2021-01-20,64.81
Mozambique,MOZ,2021-01-21,64.81
Mozambique,MOZ,2021-01-22,64.81
Mozambique,MOZ,2021-01-23,64.81
Mozambique,MOZ,2021-01-24,64.81
Mozambique,MOZ,2021-01-25,64.81
Mozambique,MOZ,2021-01-26,64.81
Mozambique,MOZ,2021-01-27,64.81
Mozambique,MOZ,2021-01-28,64.81
Mozambique,MOZ,2021-01-29,64.81
Mozambique,MOZ,2021-01-30,64.81
Mozambique,MOZ,2021-01-31,64.81
Mozambique,MOZ,2021-02-01,64.81
Mozambique,MOZ,2021-02-02,64.81
Mozambique,MOZ,2021-02-03,64.81
Mozambique,MOZ,2021-02-04,64.81
Mozambique,MOZ,2021-02-05,64.81
Mozambique,MOZ,2021-02-06,64.81
Mozambique,MOZ,2021-02-07,64.81
Mozambique,MOZ,2021-02-08,64.81
Mozambique,MOZ,2021-02-09,64.81
Mozambique,MOZ,2021-02-10,64.81
Mozambique,MOZ,2021-02-11,68.52
Mozambique,MOZ,2021-02-12,68.52
Mozambique,MOZ,2021-02-13,68.52
Mozambique,MOZ,2021-02-14,68.52
Mozambique,MOZ,2021-02-15,68.52
Mozambique,MOZ,2021-02-16,68.52
Mozambique,MOZ,2021-02-17,68.52
Mozambique,MOZ,2021-02-18,68.52
Mozambique,MOZ,2021-02-19,68.52
Mozambique,MOZ,2021-02-20,68.52
Mozambique,MOZ,2021-02-21,68.52
Mozambique,MOZ,2021-02-22,68.52
Mozambique,MOZ,2021-02-23,68.52
Mozambique,MOZ,2021-02-24,68.52
Mozambique,MOZ,2021-02-25,68.52
Mozambique,MOZ,2021-02-26,68.52
Mozambique,MOZ,2021-02-27,68.52
Mozambique,MOZ,2021-02-28,68.52
Mozambique,MOZ,2021-03-01,68.52
Mozambique,MOZ,2021-03-02,68.52
Mozambique,MOZ,2021-03-03,68.52
Mozambique,MOZ,2021-03-04,68.52
Mozambique,MOZ,2021-03-05,68.52
Mozambique,MOZ,2021-03-06,68.52
Mozambique,MOZ,2021-03-07,68.52
Mozambique,MOZ,2021-03-08,68.52
Mozambique,MOZ,2021-03-09,68.52
Myanmar,MMR,2020-01-01,0
Myanmar,MMR,2020-01-02,0
Myanmar,MMR,2020-01-03,0
Myanmar,MMR,2020-01-04,0
Myanmar,MMR,2020-01-05,0
Myanmar,MMR,2020-01-06,0
Myanmar,MMR,2020-01-07,0
Myanmar,MMR,2020-01-08,0
Myanmar,MMR,2020-01-09,0
Myanmar,MMR,2020-01-10,0
Myanmar,MMR,2020-01-11,0
Myanmar,MMR,2020-01-12,0
Myanmar,MMR,2020-01-13,0
Myanmar,MMR,2020-01-14,0
Myanmar,MMR,2020-01-15,0
Myanmar,MMR,2020-01-16,0
Myanmar,MMR,2020-01-17,0
Myanmar,MMR,2020-01-18,0
Myanmar,MMR,2020-01-19,0
Myanmar,MMR,2020-01-20,0
Myanmar,MMR,2020-01-21,0
Myanmar,MMR,2020-01-22,0
Myanmar,MMR,2020-01-23,0
Myanmar,MMR,2020-01-24,0
Myanmar,MMR,2020-01-25,0
Myanmar,MMR,2020-01-26,0
Myanmar,MMR,2020-01-27,0
Myanmar,MMR,2020-01-28,0
Myanmar,MMR,2020-01-29,0
Myanmar,MMR,2020-01-30,0
Myanmar,MMR,2020-01-31,0
Myanmar,MMR,2020-02-01,2.78
Myanmar,MMR,2020-02-02,2.78
Myanmar,MMR,2020-02-03,2.78
Myanmar,MMR,2020-02-04,2.78
Myanmar,MMR,2020-02-05,2.78
Myanmar,MMR,2020-02-06,2.78
Myanmar,MMR,2020-02-07,2.78
Myanmar,MMR,2020-02-08,2.78
Myanmar,MMR,2020-02-09,2.78
Myanmar,MMR,2020-02-10,2.78
Myanmar,MMR,2020-02-11,2.78
Myanmar,MMR,2020-02-12,2.78
Myanmar,MMR,2020-02-13,2.78
Myanmar,MMR,2020-02-14,2.78
Myanmar,MMR,2020-02-15,2.78
Myanmar,MMR,2020-02-16,2.78
Myanmar,MMR,2020-02-17,2.78
Myanmar,MMR,2020-02-18,2.78
Myanmar,MMR,2020-02-19,2.78
Myanmar,MMR,2020-02-20,2.78
Myanmar,MMR,2020-02-21,2.78
Myanmar,MMR,2020-02-22,2.78
Myanmar,MMR,2020-02-23,2.78
Myanmar,MMR,2020-02-24,2.78
Myanmar,MMR,2020-02-25,2.78
Myanmar,MMR,2020-02-26,2.78
Myanmar,MMR,2020-02-27,2.78
Myanmar,MMR,2020-02-28,2.78
Myanmar,MMR,2020-02-29,2.78
Myanmar,MMR,2020-03-01,2.78
Myanmar,MMR,2020-03-02,2.78
Myanmar,MMR,2020-03-03,2.78
Myanmar,MMR,2020-03-04,2.78
Myanmar,MMR,2020-03-05,2.78
Myanmar,MMR,2020-03-06,2.78
Myanmar,MMR,2020-03-07,2.78
Myanmar,MMR,2020-03-08,2.78
Myanmar,MMR,2020-03-09,13.89
Myanmar,MMR,2020-03-10,13.89
Myanmar,MMR,2020-03-11,13.89
Myanmar,MMR,2020-03-12,13.89
Myanmar,MMR,2020-03-13,33.33
Myanmar,MMR,2020-03-14,33.33
Myanmar,MMR,2020-03-15,36.11
Myanmar,MMR,2020-03-16,36.11
Myanmar,MMR,2020-03-17,36.11
Myanmar,MMR,2020-03-18,36.11
Myanmar,MMR,2020-03-19,36.11
Myanmar,MMR,2020-03-20,43.52
Myanmar,MMR,2020-03-21,43.52
Myanmar,MMR,2020-03-22,43.52
Myanmar,MMR,2020-03-23,43.52
Myanmar,MMR,2020-03-24,47.22
Myanmar,MMR,2020-03-25,47.22
Myanmar,MMR,2020-03-26,54.63
Myanmar,MMR,2020-03-27,54.63
Myanmar,MMR,2020-03-28,54.63
Myanmar,MMR,2020-03-29,54.63
Myanmar,MMR,2020-03-30,57.41
Myanmar,MMR,2020-03-31,57.41
Myanmar,MMR,2020-04-01,65.74
Myanmar,MMR,2020-04-02,65.74
Myanmar,MMR,2020-04-03,65.74
Myanmar,MMR,2020-04-04,69.44
Myanmar,MMR,2020-04-05,69.44
Myanmar,MMR,2020-04-06,69.44
Myanmar,MMR,2020-04-07,77.78
Myanmar,MMR,2020-04-08,77.78
Myanmar,MMR,2020-04-09,77.78
Myanmar,MMR,2020-04-10,79.63
Myanmar,MMR,2020-04-11,79.63
Myanmar,MMR,2020-04-12,81.48
Myanmar,MMR,2020-04-13,81.48
Myanmar,MMR,2020-04-14,83.33
Myanmar,MMR,2020-04-15,83.33
Myanmar,MMR,2020-04-16,83.33
Myanmar,MMR,2020-04-17,86.11
Myanmar,MMR,2020-04-18,86.11
Myanmar,MMR,2020-04-19,86.11
Myanmar,MMR,2020-04-20,86.11
Myanmar,MMR,2020-04-21,86.11
Myanmar,MMR,2020-04-22,86.11
Myanmar,MMR,2020-04-23,86.11
Myanmar,MMR,2020-04-24,86.11
Myanmar,MMR,2020-04-25,86.11
Myanmar,MMR,2020-04-26,86.11
Myanmar,MMR,2020-04-27,86.11
Myanmar,MMR,2020-04-28,86.11
Myanmar,MMR,2020-04-29,86.11
Myanmar,MMR,2020-04-30,86.11
Myanmar,MMR,2020-05-01,86.11
Myanmar,MMR,2020-05-02,86.11
Myanmar,MMR,2020-05-03,84.26
Myanmar,MMR,2020-05-04,84.26
Myanmar,MMR,2020-05-05,84.26
Myanmar,MMR,2020-05-06,84.26
Myanmar,MMR,2020-05-07,84.26
Myanmar,MMR,2020-05-08,84.26
Myanmar,MMR,2020-05-09,84.26
Myanmar,MMR,2020-05-10,84.26
Myanmar,MMR,2020-05-11,84.26
Myanmar,MMR,2020-05-12,84.26
Myanmar,MMR,2020-05-13,84.26
Myanmar,MMR,2020-05-14,80.56
Myanmar,MMR,2020-05-15,80.56
Myanmar,MMR,2020-05-16,80.56
Myanmar,MMR,2020-05-17,80.56
Myanmar,MMR,2020-05-18,80.56
Myanmar,MMR,2020-05-19,80.56
Myanmar,MMR,2020-05-20,80.56
Myanmar,MMR,2020-05-21,80.56
Myanmar,MMR,2020-05-22,80.56
Myanmar,MMR,2020-05-23,80.56
Myanmar,MMR,2020-05-24,80.56
Myanmar,MMR,2020-05-25,80.56
Myanmar,MMR,2020-05-26,80.56
Myanmar,MMR,2020-05-27,80.56
Myanmar,MMR,2020-05-28,80.56
Myanmar,MMR,2020-05-29,80.56
Myanmar,MMR,2020-05-30,80.56
Myanmar,MMR,2020-05-31,80.56
Myanmar,MMR,2020-06-01,80.56
Myanmar,MMR,2020-06-02,80.56
Myanmar,MMR,2020-06-03,80.56
Myanmar,MMR,2020-06-04,80.56
Myanmar,MMR,2020-06-05,80.56
Myanmar,MMR,2020-06-06,80.56
Myanmar,MMR,2020-06-07,80.56
Myanmar,MMR,2020-06-08,80.56
Myanmar,MMR,2020-06-09,80.56
Myanmar,MMR,2020-06-10,80.56
Myanmar,MMR,2020-06-11,80.56
Myanmar,MMR,2020-06-12,80.56
Myanmar,MMR,2020-06-13,80.56
Myanmar,MMR,2020-06-14,80.56
Myanmar,MMR,2020-06-15,80.56
Myanmar,MMR,2020-06-16,80.56
Myanmar,MMR,2020-06-17,80.56
Myanmar,MMR,2020-06-18,80.56
Myanmar,MMR,2020-06-19,80.56
Myanmar,MMR,2020-06-20,80.56
Myanmar,MMR,2020-06-21,80.56
Myanmar,MMR,2020-06-22,80.56
Myanmar,MMR,2020-06-23,80.56
Myanmar,MMR,2020-06-24,80.56
Myanmar,MMR,2020-06-25,80.56
Myanmar,MMR,2020-06-26,80.56
Myanmar,MMR,2020-06-27,80.56
Myanmar,MMR,2020-06-28,80.56
Myanmar,MMR,2020-06-29,80.56
Myanmar,MMR,2020-06-30,80.56
Myanmar,MMR,2020-07-01,80.56
Myanmar,MMR,2020-07-02,80.56
Myanmar,MMR,2020-07-03,80.56
Myanmar,MMR,2020-07-04,80.56
Myanmar,MMR,2020-07-05,80.56
Myanmar,MMR,2020-07-06,80.56
Myanmar,MMR,2020-07-07,80.56
Myanmar,MMR,2020-07-08,80.56
Myanmar,MMR,2020-07-09,80.56
Myanmar,MMR,2020-07-10,80.56
Myanmar,MMR,2020-07-11,80.56
Myanmar,MMR,2020-07-12,80.56
Myanmar,MMR,2020-07-13,80.56
Myanmar,MMR,2020-07-14,80.56
Myanmar,MMR,2020-07-15,80.56
Myanmar,MMR,2020-07-16,80.56
Myanmar,MMR,2020-07-17,80.56
Myanmar,MMR,2020-07-18,80.56
Myanmar,MMR,2020-07-19,80.56
Myanmar,MMR,2020-07-20,80.56
Myanmar,MMR,2020-07-21,76.85
Myanmar,MMR,2020-07-22,76.85
Myanmar,MMR,2020-07-23,76.85
Myanmar,MMR,2020-07-24,76.85
Myanmar,MMR,2020-07-25,76.85
Myanmar,MMR,2020-07-26,76.85
Myanmar,MMR,2020-07-27,76.85
Myanmar,MMR,2020-07-28,76.85
Myanmar,MMR,2020-07-29,76.85
Myanmar,MMR,2020-07-30,76.85
Myanmar,MMR,2020-07-31,76.85
Myanmar,MMR,2020-08-01,74.07
Myanmar,MMR,2020-08-02,74.07
Myanmar,MMR,2020-08-03,74.07
Myanmar,MMR,2020-08-04,74.07
Myanmar,MMR,2020-08-05,74.07
Myanmar,MMR,2020-08-06,74.07
Myanmar,MMR,2020-08-07,74.07
Myanmar,MMR,2020-08-08,74.07
Myanmar,MMR,2020-08-09,74.07
Myanmar,MMR,2020-08-10,74.07
Myanmar,MMR,2020-08-11,74.07
Myanmar,MMR,2020-08-12,74.07
Myanmar,MMR,2020-08-13,74.07
Myanmar,MMR,2020-08-14,74.07
Myanmar,MMR,2020-08-15,74.07
Myanmar,MMR,2020-08-16,74.07
Myanmar,MMR,2020-08-17,74.07
Myanmar,MMR,2020-08-18,77.78
Myanmar,MMR,2020-08-19,77.78
Myanmar,MMR,2020-08-20,77.78
Myanmar,MMR,2020-08-21,77.78
Myanmar,MMR,2020-08-22,77.78
Myanmar,MMR,2020-08-23,77.78
Myanmar,MMR,2020-08-24,77.78
Myanmar,MMR,2020-08-25,77.78
Myanmar,MMR,2020-08-26,81.48
Myanmar,MMR,2020-08-27,81.48
Myanmar,MMR,2020-08-28,81.48
Myanmar,MMR,2020-08-29,81.48
Myanmar,MMR,2020-08-30,81.48
Myanmar,MMR,2020-08-31,81.48
Myanmar,MMR,2020-09-01,81.48
Myanmar,MMR,2020-09-02,81.48
Myanmar,MMR,2020-09-03,81.48
Myanmar,MMR,2020-09-04,81.48
Myanmar,MMR,2020-09-05,81.48
Myanmar,MMR,2020-09-06,81.48
Myanmar,MMR,2020-09-07,81.48
Myanmar,MMR,2020-09-08,81.48
Myanmar,MMR,2020-09-09,81.48
Myanmar,MMR,2020-09-10,78.7
Myanmar,MMR,2020-09-11,78.7
Myanmar,MMR,2020-09-12,78.7
Myanmar,MMR,2020-09-13,78.7
Myanmar,MMR,2020-09-14,78.7
Myanmar,MMR,2020-09-15,78.7
Myanmar,MMR,2020-09-16,78.7
Myanmar,MMR,2020-09-17,78.7
Myanmar,MMR,2020-09-18,78.7
Myanmar,MMR,2020-09-19,78.7
Myanmar,MMR,2020-09-20,78.7
Myanmar,MMR,2020-09-21,78.7
Myanmar,MMR,2020-09-22,78.7
Myanmar,MMR,2020-09-23,78.7
Myanmar,MMR,2020-09-24,78.7
Myanmar,MMR,2020-09-25,78.7
Myanmar,MMR,2020-09-26,81.02
Myanmar,MMR,2020-09-27,81.02
Myanmar,MMR,2020-09-28,81.02
Myanmar,MMR,2020-09-29,81.02
Myanmar,MMR,2020-09-30,81.02
Myanmar,MMR,2020-10-01,81.02
Myanmar,MMR,2020-10-02,81.02
Myanmar,MMR,2020-10-03,81.02
Myanmar,MMR,2020-10-04,81.02
Myanmar,MMR,2020-10-05,81.02
Myanmar,MMR,2020-10-06,81.02
Myanmar,MMR,2020-10-07,81.02
Myanmar,MMR,2020-10-08,81.02
Myanmar,MMR,2020-10-09,81.02
Myanmar,MMR,2020-10-10,81.02
Myanmar,MMR,2020-10-11,81.02
Myanmar,MMR,2020-10-12,81.02
Myanmar,MMR,2020-10-13,81.02
Myanmar,MMR,2020-10-14,81.02
Myanmar,MMR,2020-10-15,81.02
Myanmar,MMR,2020-10-16,81.02
Myanmar,MMR,2020-10-17,81.02
Myanmar,MMR,2020-10-18,81.02
Myanmar,MMR,2020-10-19,81.02
Myanmar,MMR,2020-10-20,81.02
Myanmar,MMR,2020-10-21,81.02
Myanmar,MMR,2020-10-22,81.02
Myanmar,MMR,2020-10-23,81.02
Myanmar,MMR,2020-10-24,81.02
Myanmar,MMR,2020-10-25,78.24
Myanmar,MMR,2020-10-26,78.24
Myanmar,MMR,2020-10-27,78.24
Myanmar,MMR,2020-10-28,78.24
Myanmar,MMR,2020-10-29,78.24
Myanmar,MMR,2020-10-30,79.63
Myanmar,MMR,2020-10-31,79.63
Myanmar,MMR,2020-11-01,79.63
Myanmar,MMR,2020-11-02,79.63
Myanmar,MMR,2020-11-03,79.63
Myanmar,MMR,2020-11-04,79.63
Myanmar,MMR,2020-11-05,79.63
Myanmar,MMR,2020-11-06,79.63
Myanmar,MMR,2020-11-07,79.63
Myanmar,MMR,2020-11-08,79.63
Myanmar,MMR,2020-11-09,79.63
Myanmar,MMR,2020-11-10,79.63
Myanmar,MMR,2020-11-11,79.63
Myanmar,MMR,2020-11-12,79.63
Myanmar,MMR,2020-11-13,79.63
Myanmar,MMR,2020-11-14,79.63
Myanmar,MMR,2020-11-15,79.63
Myanmar,MMR,2020-11-16,79.63
Myanmar,MMR,2020-11-17,79.63
Myanmar,MMR,2020-11-18,79.63
Myanmar,MMR,2020-11-19,79.63
Myanmar,MMR,2020-11-20,79.63
Myanmar,MMR,2020-11-21,79.63
Myanmar,MMR,2020-11-22,79.63
Myanmar,MMR,2020-11-23,79.63
Myanmar,MMR,2020-11-24,79.63
Myanmar,MMR,2020-11-25,79.63
Myanmar,MMR,2020-11-26,79.63
Myanmar,MMR,2020-11-27,79.63
Myanmar,MMR,2020-11-28,79.63
Myanmar,MMR,2020-11-29,79.63
Myanmar,MMR,2020-11-30,79.63
Myanmar,MMR,2020-12-01,75.93
Myanmar,MMR,2020-12-02,75.93
Myanmar,MMR,2020-12-03,75.93
Myanmar,MMR,2020-12-04,75.93
Myanmar,MMR,2020-12-05,75.93
Myanmar,MMR,2020-12-06,75.93
Myanmar,MMR,2020-12-07,75.93
Myanmar,MMR,2020-12-08,75.93
Myanmar,MMR,2020-12-09,75.93
Myanmar,MMR,2020-12-10,75.93
Myanmar,MMR,2020-12-11,75.93
Myanmar,MMR,2020-12-12,75.93
Myanmar,MMR,2020-12-13,75.93
Myanmar,MMR,2020-12-14,75.93
Myanmar,MMR,2020-12-15,75.93
Myanmar,MMR,2020-12-16,75.93
Myanmar,MMR,2020-12-17,75.93
Myanmar,MMR,2020-12-18,75.93
Myanmar,MMR,2020-12-19,75.93
Myanmar,MMR,2020-12-20,75.93
Myanmar,MMR,2020-12-21,75.93
Myanmar,MMR,2020-12-22,75.93
Myanmar,MMR,2020-12-23,75.93
Myanmar,MMR,2020-12-24,75.93
Myanmar,MMR,2020-12-25,75.93
Myanmar,MMR,2020-12-26,75.93
Myanmar,MMR,2020-12-27,75.93
Myanmar,MMR,2020-12-28,75.93
Myanmar,MMR,2020-12-29,75.93
Myanmar,MMR,2020-12-30,75.93
Myanmar,MMR,2020-12-31,75.93
Myanmar,MMR,2021-01-01,75.93
Myanmar,MMR,2021-01-02,75.93
Myanmar,MMR,2021-01-03,75.93
Myanmar,MMR,2021-01-04,75.93
Myanmar,MMR,2021-01-05,75.93
Myanmar,MMR,2021-01-06,75.93
Myanmar,MMR,2021-01-07,75.93
Myanmar,MMR,2021-01-08,75.93
Myanmar,MMR,2021-01-09,75.93
Myanmar,MMR,2021-01-10,75.93
Myanmar,MMR,2021-01-11,75.93
Myanmar,MMR,2021-01-12,75.93
Myanmar,MMR,2021-01-13,75.93
Myanmar,MMR,2021-01-14,75.93
Myanmar,MMR,2021-01-15,75.93
Myanmar,MMR,2021-01-16,75.93
Myanmar,MMR,2021-01-17,75.93
Myanmar,MMR,2021-01-18,75.93
Myanmar,MMR,2021-01-19,70.37
Myanmar,MMR,2021-01-20,70.37
Myanmar,MMR,2021-01-21,70.37
Myanmar,MMR,2021-01-22,70.37
Myanmar,MMR,2021-01-23,70.37
Myanmar,MMR,2021-01-24,70.37
Myanmar,MMR,2021-01-25,70.37
Myanmar,MMR,2021-01-26,70.37
Myanmar,MMR,2021-01-27,70.37
Myanmar,MMR,2021-01-28,70.37
Myanmar,MMR,2021-01-29,70.37
Myanmar,MMR,2021-01-30,70.37
Myanmar,MMR,2021-01-31,70.37
Myanmar,MMR,2021-02-01,70.37
Myanmar,MMR,2021-02-02,70.37
Myanmar,MMR,2021-02-03,70.37
Myanmar,MMR,2021-02-04,70.37
Myanmar,MMR,2021-02-05,70.37
Myanmar,MMR,2021-02-06,70.37
Myanmar,MMR,2021-02-07,70.37
Myanmar,MMR,2021-02-08,70.37
Myanmar,MMR,2021-02-09,70.37
Myanmar,MMR,2021-02-10,70.37
Myanmar,MMR,2021-02-11,70.37
Myanmar,MMR,2021-02-12,70.37
Myanmar,MMR,2021-02-13,70.37
Myanmar,MMR,2021-02-14,70.37
Myanmar,MMR,2021-02-15,70.37
Myanmar,MMR,2021-02-16,70.37
Myanmar,MMR,2021-02-17,70.37
Myanmar,MMR,2021-02-18,70.37
Myanmar,MMR,2021-02-19,70.37
Myanmar,MMR,2021-02-20,70.37
Myanmar,MMR,2021-02-21,70.37
Myanmar,MMR,2021-02-22,70.37
Myanmar,MMR,2021-02-23,77.31
Myanmar,MMR,2021-02-24,77.31
Myanmar,MMR,2021-02-25,77.31
Myanmar,MMR,2021-02-26,77.31
Myanmar,MMR,2021-02-27,77.31
Myanmar,MMR,2021-02-28,77.31
Myanmar,MMR,2021-03-01,77.31
Myanmar,MMR,2021-03-02,77.31
Myanmar,MMR,2021-03-03,77.31
Myanmar,MMR,2021-03-04,77.31
Myanmar,MMR,2021-03-05,77.31
Myanmar,MMR,2021-03-06,77.31
Myanmar,MMR,2021-03-07,77.31
Myanmar,MMR,2021-03-08,77.31
Namibia,NAM,2020-01-01,0
Namibia,NAM,2020-01-02,0
Namibia,NAM,2020-01-03,0
Namibia,NAM,2020-01-04,0
Namibia,NAM,2020-01-05,0
Namibia,NAM,2020-01-06,0
Namibia,NAM,2020-01-07,0
Namibia,NAM,2020-01-08,0
Namibia,NAM,2020-01-09,0
Namibia,NAM,2020-01-10,0
Namibia,NAM,2020-01-11,0
Namibia,NAM,2020-01-12,0
Namibia,NAM,2020-01-13,0
Namibia,NAM,2020-01-14,0
Namibia,NAM,2020-01-15,0
Namibia,NAM,2020-01-16,0
Namibia,NAM,2020-01-17,0
Namibia,NAM,2020-01-18,0
Namibia,NAM,2020-01-19,0
Namibia,NAM,2020-01-20,0
Namibia,NAM,2020-01-21,0
Namibia,NAM,2020-01-22,0
Namibia,NAM,2020-01-23,0
Namibia,NAM,2020-01-24,0
Namibia,NAM,2020-01-25,0
Namibia,NAM,2020-01-26,0
Namibia,NAM,2020-01-27,0
Namibia,NAM,2020-01-28,0
Namibia,NAM,2020-01-29,0
Namibia,NAM,2020-01-30,0
Namibia,NAM,2020-01-31,0
Namibia,NAM,2020-02-01,0
Namibia,NAM,2020-02-02,0
Namibia,NAM,2020-02-03,0
Namibia,NAM,2020-02-04,0
Namibia,NAM,2020-02-05,0
Namibia,NAM,2020-02-06,0
Namibia,NAM,2020-02-07,0
Namibia,NAM,2020-02-08,0
Namibia,NAM,2020-02-09,0
Namibia,NAM,2020-02-10,0
Namibia,NAM,2020-02-11,0
Namibia,NAM,2020-02-12,0
Namibia,NAM,2020-02-13,0
Namibia,NAM,2020-02-14,0
Namibia,NAM,2020-02-15,0
Namibia,NAM,2020-02-16,0
Namibia,NAM,2020-02-17,0
Namibia,NAM,2020-02-18,0
Namibia,NAM,2020-02-19,0
Namibia,NAM,2020-02-20,0
Namibia,NAM,2020-02-21,0
Namibia,NAM,2020-02-22,0
Namibia,NAM,2020-02-23,0
Namibia,NAM,2020-02-24,0
Namibia,NAM,2020-02-25,0
Namibia,NAM,2020-02-26,0
Namibia,NAM,2020-02-27,0
Namibia,NAM,2020-02-28,0
Namibia,NAM,2020-02-29,0
Namibia,NAM,2020-03-01,2.78
Namibia,NAM,2020-03-02,2.78
Namibia,NAM,2020-03-03,2.78
Namibia,NAM,2020-03-04,2.78
Namibia,NAM,2020-03-05,2.78
Namibia,NAM,2020-03-06,2.78
Namibia,NAM,2020-03-07,2.78
Namibia,NAM,2020-03-08,2.78
Namibia,NAM,2020-03-09,2.78
Namibia,NAM,2020-03-10,2.78
Namibia,NAM,2020-03-11,2.78
Namibia,NAM,2020-03-12,2.78
Namibia,NAM,2020-03-13,2.78
Namibia,NAM,2020-03-14,8.33
Namibia,NAM,2020-03-15,8.33
Namibia,NAM,2020-03-16,8.33
Namibia,NAM,2020-03-17,50
Namibia,NAM,2020-03-18,50
Namibia,NAM,2020-03-19,50
Namibia,NAM,2020-03-20,50
Namibia,NAM,2020-03-21,50
Namibia,NAM,2020-03-22,50
Namibia,NAM,2020-03-23,50
Namibia,NAM,2020-03-24,52.78
Namibia,NAM,2020-03-25,52.78
Namibia,NAM,2020-03-26,52.78
Namibia,NAM,2020-03-27,66.67
Namibia,NAM,2020-03-28,66.67
Namibia,NAM,2020-03-29,66.67
Namibia,NAM,2020-03-30,66.67
Namibia,NAM,2020-03-31,66.67
Namibia,NAM,2020-04-01,66.67
Namibia,NAM,2020-04-02,66.67
Namibia,NAM,2020-04-03,66.67
Namibia,NAM,2020-04-04,66.67
Namibia,NAM,2020-04-05,66.67
Namibia,NAM,2020-04-06,66.67
Namibia,NAM,2020-04-07,66.67
Namibia,NAM,2020-04-08,66.67
Namibia,NAM,2020-04-09,66.67
Namibia,NAM,2020-04-10,66.67
Namibia,NAM,2020-04-11,66.67
Namibia,NAM,2020-04-12,66.67
Namibia,NAM,2020-04-13,66.67
Namibia,NAM,2020-04-14,66.67
Namibia,NAM,2020-04-15,66.67
Namibia,NAM,2020-04-16,66.67
Namibia,NAM,2020-04-17,73.15
Namibia,NAM,2020-04-18,73.15
Namibia,NAM,2020-04-19,73.15
Namibia,NAM,2020-04-20,73.15
Namibia,NAM,2020-04-21,73.15
Namibia,NAM,2020-04-22,73.15
Namibia,NAM,2020-04-23,73.15
Namibia,NAM,2020-04-24,73.15
Namibia,NAM,2020-04-25,73.15
Namibia,NAM,2020-04-26,73.15
Namibia,NAM,2020-04-27,73.15
Namibia,NAM,2020-04-28,73.15
Namibia,NAM,2020-04-29,73.15
Namibia,NAM,2020-04-30,73.15
Namibia,NAM,2020-05-01,73.15
Namibia,NAM,2020-05-02,73.15
Namibia,NAM,2020-05-03,73.15
Namibia,NAM,2020-05-04,73.15
Namibia,NAM,2020-05-05,68.52
Namibia,NAM,2020-05-06,68.52
Namibia,NAM,2020-05-07,66.67
Namibia,NAM,2020-05-08,66.67
Namibia,NAM,2020-05-09,66.67
Namibia,NAM,2020-05-10,66.67
Namibia,NAM,2020-05-11,66.67
Namibia,NAM,2020-05-12,66.67
Namibia,NAM,2020-05-13,66.67
Namibia,NAM,2020-05-14,66.67
Namibia,NAM,2020-05-15,66.67
Namibia,NAM,2020-05-16,66.67
Namibia,NAM,2020-05-17,66.67
Namibia,NAM,2020-05-18,66.67
Namibia,NAM,2020-05-19,66.67
Namibia,NAM,2020-05-20,66.67
Namibia,NAM,2020-05-21,66.67
Namibia,NAM,2020-05-22,66.67
Namibia,NAM,2020-05-23,66.67
Namibia,NAM,2020-05-24,66.67
Namibia,NAM,2020-05-25,66.67
Namibia,NAM,2020-05-26,66.67
Namibia,NAM,2020-05-27,66.67
Namibia,NAM,2020-05-28,66.67
Namibia,NAM,2020-05-29,66.67
Namibia,NAM,2020-05-30,66.67
Namibia,NAM,2020-05-31,66.67
Namibia,NAM,2020-06-01,58.33
Namibia,NAM,2020-06-02,66.67
Namibia,NAM,2020-06-03,62.96
Namibia,NAM,2020-06-04,62.96
Namibia,NAM,2020-06-05,62.96
Namibia,NAM,2020-06-06,62.96
Namibia,NAM,2020-06-07,62.96
Namibia,NAM,2020-06-08,62.96
Namibia,NAM,2020-06-09,62.96
Namibia,NAM,2020-06-10,62.96
Namibia,NAM,2020-06-11,62.96
Namibia,NAM,2020-06-12,62.96
Namibia,NAM,2020-06-13,62.96
Namibia,NAM,2020-06-14,62.96
Namibia,NAM,2020-06-15,62.96
Namibia,NAM,2020-06-16,62.96
Namibia,NAM,2020-06-17,62.96
Namibia,NAM,2020-06-18,62.96
Namibia,NAM,2020-06-19,62.96
Namibia,NAM,2020-06-20,62.96
Namibia,NAM,2020-06-21,62.96
Namibia,NAM,2020-06-22,62.96
Namibia,NAM,2020-06-23,54.63
Namibia,NAM,2020-06-24,54.63
Namibia,NAM,2020-06-25,54.63
Namibia,NAM,2020-06-26,54.63
Namibia,NAM,2020-06-27,54.63
Namibia,NAM,2020-06-28,54.63
Namibia,NAM,2020-06-29,51.85
Namibia,NAM,2020-06-30,51.85
Namibia,NAM,2020-07-01,51.85
Namibia,NAM,2020-07-02,51.85
Namibia,NAM,2020-07-03,51.85
Namibia,NAM,2020-07-04,51.85
Namibia,NAM,2020-07-05,51.85
Namibia,NAM,2020-07-06,51.85
Namibia,NAM,2020-07-07,51.85
Namibia,NAM,2020-07-08,51.85
Namibia,NAM,2020-07-09,51.85
Namibia,NAM,2020-07-10,51.85
Namibia,NAM,2020-07-11,51.85
Namibia,NAM,2020-07-12,51.85
Namibia,NAM,2020-07-13,51.85
Namibia,NAM,2020-07-14,51.85
Namibia,NAM,2020-07-15,62.5
Namibia,NAM,2020-07-16,62.5
Namibia,NAM,2020-07-17,62.5
Namibia,NAM,2020-07-18,62.5
Namibia,NAM,2020-07-19,62.5
Namibia,NAM,2020-07-20,62.5
Namibia,NAM,2020-07-21,62.5
Namibia,NAM,2020-07-22,62.5
Namibia,NAM,2020-07-23,62.5
Namibia,NAM,2020-07-24,62.5
Namibia,NAM,2020-07-25,62.5
Namibia,NAM,2020-07-26,50
Namibia,NAM,2020-07-27,50
Namibia,NAM,2020-07-28,50
Namibia,NAM,2020-07-29,50
Namibia,NAM,2020-07-30,50
Namibia,NAM,2020-07-31,50
Namibia,NAM,2020-08-01,50
Namibia,NAM,2020-08-02,50
Namibia,NAM,2020-08-03,48.61
Namibia,NAM,2020-08-04,52.31
Namibia,NAM,2020-08-05,52.31
Namibia,NAM,2020-08-06,52.31
Namibia,NAM,2020-08-07,52.31
Namibia,NAM,2020-08-08,52.31
Namibia,NAM,2020-08-09,52.31
Namibia,NAM,2020-08-10,52.31
Namibia,NAM,2020-08-11,52.31
Namibia,NAM,2020-08-12,63.89
Namibia,NAM,2020-08-13,63.89
Namibia,NAM,2020-08-14,63.89
Namibia,NAM,2020-08-15,63.89
Namibia,NAM,2020-08-16,63.89
Namibia,NAM,2020-08-17,63.89
Namibia,NAM,2020-08-18,63.89
Namibia,NAM,2020-08-19,63.89
Namibia,NAM,2020-08-20,63.89
Namibia,NAM,2020-08-21,63.89
Namibia,NAM,2020-08-22,63.89
Namibia,NAM,2020-08-23,63.89
Namibia,NAM,2020-08-24,63.89
Namibia,NAM,2020-08-25,61.11
Namibia,NAM,2020-08-26,61.11
Namibia,NAM,2020-08-27,61.11
Namibia,NAM,2020-08-28,61.11
Namibia,NAM,2020-08-29,61.11
Namibia,NAM,2020-08-30,61.11
Namibia,NAM,2020-08-31,61.11
Namibia,NAM,2020-09-01,61.11
Namibia,NAM,2020-09-02,61.11
Namibia,NAM,2020-09-03,61.11
Namibia,NAM,2020-09-04,67.59
Namibia,NAM,2020-09-05,67.59
Namibia,NAM,2020-09-06,67.59
Namibia,NAM,2020-09-07,63.89
Namibia,NAM,2020-09-08,63.89
Namibia,NAM,2020-09-09,63.89
Namibia,NAM,2020-09-10,63.89
Namibia,NAM,2020-09-11,63.89
Namibia,NAM,2020-09-12,63.89
Namibia,NAM,2020-09-13,63.89
Namibia,NAM,2020-09-14,63.89
Namibia,NAM,2020-09-15,63.89
Namibia,NAM,2020-09-16,63.89
Namibia,NAM,2020-09-17,63.89
Namibia,NAM,2020-09-18,63.89
Namibia,NAM,2020-09-19,63.89
Namibia,NAM,2020-09-20,63.89
Namibia,NAM,2020-09-21,63.89
Namibia,NAM,2020-09-22,60.19
Namibia,NAM,2020-09-23,60.19
Namibia,NAM,2020-09-24,60.19
Namibia,NAM,2020-09-25,60.19
Namibia,NAM,2020-09-26,60.19
Namibia,NAM,2020-09-27,60.19
Namibia,NAM,2020-09-28,60.19
Namibia,NAM,2020-09-29,60.19
Namibia,NAM,2020-09-30,60.19
Namibia,NAM,2020-10-01,60.19
Namibia,NAM,2020-10-02,60.19
Namibia,NAM,2020-10-03,60.19
Namibia,NAM,2020-10-04,60.19
Namibia,NAM,2020-10-05,60.19
Namibia,NAM,2020-10-06,37.96
Namibia,NAM,2020-10-07,37.96
Namibia,NAM,2020-10-08,37.96
Namibia,NAM,2020-10-09,37.96
Namibia,NAM,2020-10-10,37.96
Namibia,NAM,2020-10-11,37.96
Namibia,NAM,2020-10-12,37.96
Namibia,NAM,2020-10-13,37.96
Namibia,NAM,2020-10-14,37.96
Namibia,NAM,2020-10-15,37.96
Namibia,NAM,2020-10-16,37.96
Namibia,NAM,2020-10-17,37.96
Namibia,NAM,2020-10-18,37.96
Namibia,NAM,2020-10-19,37.96
Namibia,NAM,2020-10-20,37.96
Namibia,NAM,2020-10-21,37.96
Namibia,NAM,2020-10-22,44.44
Namibia,NAM,2020-10-23,44.44
Namibia,NAM,2020-10-24,44.44
Namibia,NAM,2020-10-25,44.44
Namibia,NAM,2020-10-26,44.44
Namibia,NAM,2020-10-27,44.44
Namibia,NAM,2020-10-28,44.44
Namibia,NAM,2020-10-29,37.96
Namibia,NAM,2020-10-30,37.96
Namibia,NAM,2020-10-31,37.96
Namibia,NAM,2020-11-01,37.96
Namibia,NAM,2020-11-02,37.96
Namibia,NAM,2020-11-03,37.96
Namibia,NAM,2020-11-04,37.96
Namibia,NAM,2020-11-05,37.96
Namibia,NAM,2020-11-06,37.96
Namibia,NAM,2020-11-07,37.96
Namibia,NAM,2020-11-08,37.96
Namibia,NAM,2020-11-09,37.96
Namibia,NAM,2020-11-10,37.96
Namibia,NAM,2020-11-11,37.96
Namibia,NAM,2020-11-12,37.96
Namibia,NAM,2020-11-13,37.96
Namibia,NAM,2020-11-14,37.96
Namibia,NAM,2020-11-15,37.96
Namibia,NAM,2020-11-16,37.96
Namibia,NAM,2020-11-17,37.96
Namibia,NAM,2020-11-18,37.96
Namibia,NAM,2020-11-19,37.96
Namibia,NAM,2020-11-20,37.96
Namibia,NAM,2020-11-21,37.96
Namibia,NAM,2020-11-22,37.96
Namibia,NAM,2020-11-23,37.96
Namibia,NAM,2020-11-24,37.96
Namibia,NAM,2020-11-25,37.96
Namibia,NAM,2020-11-26,37.96
Namibia,NAM,2020-11-27,37.96
Namibia,NAM,2020-11-28,37.96
Namibia,NAM,2020-11-29,37.96
Namibia,NAM,2020-11-30,37.96
Namibia,NAM,2020-12-01,37.96
Namibia,NAM,2020-12-02,37.96
Namibia,NAM,2020-12-03,37.96
Namibia,NAM,2020-12-04,37.96
Namibia,NAM,2020-12-05,37.96
Namibia,NAM,2020-12-06,37.96
Namibia,NAM,2020-12-07,37.96
Namibia,NAM,2020-12-08,39.81
Namibia,NAM,2020-12-09,39.81
Namibia,NAM,2020-12-10,39.81
Namibia,NAM,2020-12-11,39.81
Namibia,NAM,2020-12-12,39.81
Namibia,NAM,2020-12-13,39.81
Namibia,NAM,2020-12-14,39.81
Namibia,NAM,2020-12-15,28.7
Namibia,NAM,2020-12-16,28.7
Namibia,NAM,2020-12-17,31.48
Namibia,NAM,2020-12-18,31.48
Namibia,NAM,2020-12-19,31.48
Namibia,NAM,2020-12-20,31.48
Namibia,NAM,2020-12-21,31.48
Namibia,NAM,2020-12-22,31.48
Namibia,NAM,2020-12-23,31.48
Namibia,NAM,2020-12-24,38.89
Namibia,NAM,2020-12-25,38.89
Namibia,NAM,2020-12-26,38.89
Namibia,NAM,2020-12-27,38.89
Namibia,NAM,2020-12-28,38.89
Namibia,NAM,2020-12-29,38.89
Namibia,NAM,2020-12-30,38.89
Namibia,NAM,2020-12-31,38.89
Namibia,NAM,2021-01-01,38.89
Namibia,NAM,2021-01-02,38.89
Namibia,NAM,2021-01-03,38.89
Namibia,NAM,2021-01-04,38.89
Namibia,NAM,2021-01-05,38.89
Namibia,NAM,2021-01-06,38.89
Namibia,NAM,2021-01-07,38.89
Namibia,NAM,2021-01-08,38.89
Namibia,NAM,2021-01-09,38.89
Namibia,NAM,2021-01-10,38.89
Namibia,NAM,2021-01-11,38.89
Namibia,NAM,2021-01-12,38.89
Namibia,NAM,2021-01-13,41.67
Namibia,NAM,2021-01-14,41.67
Namibia,NAM,2021-01-15,41.67
Namibia,NAM,2021-01-16,41.67
Namibia,NAM,2021-01-17,41.67
Namibia,NAM,2021-01-18,41.67
Namibia,NAM,2021-01-19,46.3
Namibia,NAM,2021-01-20,46.3
Namibia,NAM,2021-01-21,46.3
Namibia,NAM,2021-01-22,46.3
Namibia,NAM,2021-01-23,46.3
Namibia,NAM,2021-01-24,46.3
Namibia,NAM,2021-01-25,46.3
Namibia,NAM,2021-01-26,38.89
Namibia,NAM,2021-01-27,38.89
Namibia,NAM,2021-01-28,38.89
Namibia,NAM,2021-01-29,38.89
Namibia,NAM,2021-01-30,38.89
Namibia,NAM,2021-01-31,38.89
Namibia,NAM,2021-02-01,38.89
Namibia,NAM,2021-02-02,42.59
Namibia,NAM,2021-02-03,42.59
Namibia,NAM,2021-02-04,42.59
Namibia,NAM,2021-02-05,42.59
Namibia,NAM,2021-02-06,42.59
Namibia,NAM,2021-02-07,42.59
Namibia,NAM,2021-02-08,42.59
Namibia,NAM,2021-02-09,52.78
Namibia,NAM,2021-02-10,52.78
Namibia,NAM,2021-02-11,52.78
Namibia,NAM,2021-02-12,52.78
Namibia,NAM,2021-02-13,52.78
Namibia,NAM,2021-02-14,52.78
Namibia,NAM,2021-02-15,52.78
Namibia,NAM,2021-02-16,50
Namibia,NAM,2021-02-17,50
Namibia,NAM,2021-02-18,50
Namibia,NAM,2021-02-19,50
Namibia,NAM,2021-02-20,50
Namibia,NAM,2021-02-21,50
Namibia,NAM,2021-02-22,50
Namibia,NAM,2021-02-23,50
Namibia,NAM,2021-02-24,50
Namibia,NAM,2021-02-25,50
Namibia,NAM,2021-02-26,50
Namibia,NAM,2021-02-27,50
Namibia,NAM,2021-02-28,50
Namibia,NAM,2021-03-01,50
Namibia,NAM,2021-03-02,44.44
Namibia,NAM,2021-03-03,44.44
Namibia,NAM,2021-03-04,44.44
Namibia,NAM,2021-03-05,44.44
Namibia,NAM,2021-03-06,44.44
Namibia,NAM,2021-03-07,44.44
Namibia,NAM,2021-03-08,44.44
Nepal,NPL,2020-01-01,0
Nepal,NPL,2020-01-02,0
Nepal,NPL,2020-01-03,0
Nepal,NPL,2020-01-04,0
Nepal,NPL,2020-01-05,0
Nepal,NPL,2020-01-06,0
Nepal,NPL,2020-01-07,0
Nepal,NPL,2020-01-08,0
Nepal,NPL,2020-01-09,0
Nepal,NPL,2020-01-10,0
Nepal,NPL,2020-01-11,0
Nepal,NPL,2020-01-12,0
Nepal,NPL,2020-01-13,0
Nepal,NPL,2020-01-14,0
Nepal,NPL,2020-01-15,0
Nepal,NPL,2020-01-16,5.56
Nepal,NPL,2020-01-17,5.56
Nepal,NPL,2020-01-18,5.56
Nepal,NPL,2020-01-19,5.56
Nepal,NPL,2020-01-20,5.56
Nepal,NPL,2020-01-21,5.56
Nepal,NPL,2020-01-22,5.56
Nepal,NPL,2020-01-23,5.56
Nepal,NPL,2020-01-24,5.56
Nepal,NPL,2020-01-25,8.33
Nepal,NPL,2020-01-26,8.33
Nepal,NPL,2020-01-27,8.33
Nepal,NPL,2020-01-28,13.89
Nepal,NPL,2020-01-29,13.89
Nepal,NPL,2020-01-30,13.89
Nepal,NPL,2020-01-31,13.89
Nepal,NPL,2020-02-01,13.89
Nepal,NPL,2020-02-02,13.89
Nepal,NPL,2020-02-03,13.89
Nepal,NPL,2020-02-04,16.67
Nepal,NPL,2020-02-05,16.67
Nepal,NPL,2020-02-06,16.67
Nepal,NPL,2020-02-07,16.67
Nepal,NPL,2020-02-08,16.67
Nepal,NPL,2020-02-09,16.67
Nepal,NPL,2020-02-10,16.67
Nepal,NPL,2020-02-11,16.67
Nepal,NPL,2020-02-12,16.67
Nepal,NPL,2020-02-13,16.67
Nepal,NPL,2020-02-14,16.67
Nepal,NPL,2020-02-15,16.67
Nepal,NPL,2020-02-16,16.67
Nepal,NPL,2020-02-17,16.67
Nepal,NPL,2020-02-18,16.67
Nepal,NPL,2020-02-19,16.67
Nepal,NPL,2020-02-20,16.67
Nepal,NPL,2020-02-21,16.67
Nepal,NPL,2020-02-22,16.67
Nepal,NPL,2020-02-23,16.67
Nepal,NPL,2020-02-24,16.67
Nepal,NPL,2020-02-25,16.67
Nepal,NPL,2020-02-26,16.67
Nepal,NPL,2020-02-27,16.67
Nepal,NPL,2020-02-28,16.67
Nepal,NPL,2020-02-29,16.67
Nepal,NPL,2020-03-01,22.22
Nepal,NPL,2020-03-02,22.22
Nepal,NPL,2020-03-03,22.22
Nepal,NPL,2020-03-04,22.22
Nepal,NPL,2020-03-05,22.22
Nepal,NPL,2020-03-06,22.22
Nepal,NPL,2020-03-07,22.22
Nepal,NPL,2020-03-08,22.22
Nepal,NPL,2020-03-09,22.22
Nepal,NPL,2020-03-10,22.22
Nepal,NPL,2020-03-11,22.22
Nepal,NPL,2020-03-12,22.22
Nepal,NPL,2020-03-13,22.22
Nepal,NPL,2020-03-14,22.22
Nepal,NPL,2020-03-15,22.22
Nepal,NPL,2020-03-16,22.22
Nepal,NPL,2020-03-17,22.22
Nepal,NPL,2020-03-18,36.11
Nepal,NPL,2020-03-19,47.22
Nepal,NPL,2020-03-20,58.33
Nepal,NPL,2020-03-21,58.33
Nepal,NPL,2020-03-22,78.7
Nepal,NPL,2020-03-23,83.33
Nepal,NPL,2020-03-24,96.3
Nepal,NPL,2020-03-25,96.3
Nepal,NPL,2020-03-26,96.3
Nepal,NPL,2020-03-27,96.3
Nepal,NPL,2020-03-28,96.3
Nepal,NPL,2020-03-29,96.3
Nepal,NPL,2020-03-30,96.3
Nepal,NPL,2020-03-31,96.3
Nepal,NPL,2020-04-01,96.3
Nepal,NPL,2020-04-02,96.3
Nepal,NPL,2020-04-03,96.3
Nepal,NPL,2020-04-04,96.3
Nepal,NPL,2020-04-05,96.3
Nepal,NPL,2020-04-06,96.3
Nepal,NPL,2020-04-07,96.3
Nepal,NPL,2020-04-08,96.3
Nepal,NPL,2020-04-09,96.3
Nepal,NPL,2020-04-10,96.3
Nepal,NPL,2020-04-11,96.3
Nepal,NPL,2020-04-12,96.3
Nepal,NPL,2020-04-13,96.3
Nepal,NPL,2020-04-14,96.3
Nepal,NPL,2020-04-15,96.3
Nepal,NPL,2020-04-16,96.3
Nepal,NPL,2020-04-17,96.3
Nepal,NPL,2020-04-18,96.3
Nepal,NPL,2020-04-19,96.3
Nepal,NPL,2020-04-20,96.3
Nepal,NPL,2020-04-21,96.3
Nepal,NPL,2020-04-22,96.3
Nepal,NPL,2020-04-23,96.3
Nepal,NPL,2020-04-24,96.3
Nepal,NPL,2020-04-25,96.3
Nepal,NPL,2020-04-26,96.3
Nepal,NPL,2020-04-27,96.3
Nepal,NPL,2020-04-28,96.3
Nepal,NPL,2020-04-29,96.3
Nepal,NPL,2020-04-30,96.3
Nepal,NPL,2020-05-01,96.3
Nepal,NPL,2020-05-02,96.3
Nepal,NPL,2020-05-03,96.3
Nepal,NPL,2020-05-04,96.3
Nepal,NPL,2020-05-05,96.3
Nepal,NPL,2020-05-06,96.3
Nepal,NPL,2020-05-07,92.59
Nepal,NPL,2020-05-08,92.59
Nepal,NPL,2020-05-09,92.59
Nepal,NPL,2020-05-10,92.59
Nepal,NPL,2020-05-11,92.59
Nepal,NPL,2020-05-12,92.59
Nepal,NPL,2020-05-13,92.59
Nepal,NPL,2020-05-14,92.59
Nepal,NPL,2020-05-15,92.59
Nepal,NPL,2020-05-16,92.59
Nepal,NPL,2020-05-17,92.59
Nepal,NPL,2020-05-18,92.59
Nepal,NPL,2020-05-19,92.59
Nepal,NPL,2020-05-20,92.59
Nepal,NPL,2020-05-21,92.59
Nepal,NPL,2020-05-22,92.59
Nepal,NPL,2020-05-23,92.59
Nepal,NPL,2020-05-24,92.59
Nepal,NPL,2020-05-25,92.59
Nepal,NPL,2020-05-26,92.59
Nepal,NPL,2020-05-27,92.59
Nepal,NPL,2020-05-28,92.59
Nepal,NPL,2020-05-29,92.59
Nepal,NPL,2020-05-30,92.59
Nepal,NPL,2020-05-31,92.59
Nepal,NPL,2020-06-01,92.59
Nepal,NPL,2020-06-02,92.59
Nepal,NPL,2020-06-03,92.59
Nepal,NPL,2020-06-04,92.59
Nepal,NPL,2020-06-05,92.59
Nepal,NPL,2020-06-06,92.59
Nepal,NPL,2020-06-07,92.59
Nepal,NPL,2020-06-08,92.59
Nepal,NPL,2020-06-09,92.59
Nepal,NPL,2020-06-10,92.59
Nepal,NPL,2020-06-11,92.59
Nepal,NPL,2020-06-12,92.59
Nepal,NPL,2020-06-13,92.59
Nepal,NPL,2020-06-14,92.59
Nepal,NPL,2020-06-15,92.59
Nepal,NPL,2020-06-16,92.59
Nepal,NPL,2020-06-17,92.59
Nepal,NPL,2020-06-18,92.59
Nepal,NPL,2020-06-19,92.59
Nepal,NPL,2020-06-20,92.59
Nepal,NPL,2020-06-21,92.59
Nepal,NPL,2020-06-22,92.59
Nepal,NPL,2020-06-23,92.59
Nepal,NPL,2020-06-24,92.59
Nepal,NPL,2020-06-25,92.59
Nepal,NPL,2020-06-26,92.59
Nepal,NPL,2020-06-27,92.59
Nepal,NPL,2020-06-28,92.59
Nepal,NPL,2020-06-29,92.59
Nepal,NPL,2020-06-30,92.59
Nepal,NPL,2020-07-01,92.59
Nepal,NPL,2020-07-02,92.59
Nepal,NPL,2020-07-03,92.59
Nepal,NPL,2020-07-04,92.59
Nepal,NPL,2020-07-05,92.59
Nepal,NPL,2020-07-06,92.59
Nepal,NPL,2020-07-07,92.59
Nepal,NPL,2020-07-08,92.59
Nepal,NPL,2020-07-09,92.59
Nepal,NPL,2020-07-10,92.59
Nepal,NPL,2020-07-11,92.59
Nepal,NPL,2020-07-12,92.59
Nepal,NPL,2020-07-13,92.59
Nepal,NPL,2020-07-14,92.59
Nepal,NPL,2020-07-15,92.59
Nepal,NPL,2020-07-16,92.59
Nepal,NPL,2020-07-17,92.59
Nepal,NPL,2020-07-18,92.59
Nepal,NPL,2020-07-19,92.59
Nepal,NPL,2020-07-20,92.59
Nepal,NPL,2020-07-21,77.78
Nepal,NPL,2020-07-22,74.07
Nepal,NPL,2020-07-23,74.07
Nepal,NPL,2020-07-24,78.7
Nepal,NPL,2020-07-25,78.7
Nepal,NPL,2020-07-26,78.7
Nepal,NPL,2020-07-27,78.7
Nepal,NPL,2020-07-28,78.7
Nepal,NPL,2020-07-29,78.7
Nepal,NPL,2020-07-30,78.7
Nepal,NPL,2020-07-31,78.7
Nepal,NPL,2020-08-01,78.7
Nepal,NPL,2020-08-02,78.7
Nepal,NPL,2020-08-03,78.7
Nepal,NPL,2020-08-04,78.7
Nepal,NPL,2020-08-05,78.7
Nepal,NPL,2020-08-06,78.7
Nepal,NPL,2020-08-07,84.26
Nepal,NPL,2020-08-08,84.26
Nepal,NPL,2020-08-09,84.26
Nepal,NPL,2020-08-10,84.26
Nepal,NPL,2020-08-11,90.74
Nepal,NPL,2020-08-12,90.74
Nepal,NPL,2020-08-13,90.74
Nepal,NPL,2020-08-14,90.74
Nepal,NPL,2020-08-15,90.74
Nepal,NPL,2020-08-16,90.74
Nepal,NPL,2020-08-17,90.74
Nepal,NPL,2020-08-18,90.74
Nepal,NPL,2020-08-19,85.19
Nepal,NPL,2020-08-20,85.19
Nepal,NPL,2020-08-21,82.41
Nepal,NPL,2020-08-22,82.41
Nepal,NPL,2020-08-23,82.41
Nepal,NPL,2020-08-24,82.41
Nepal,NPL,2020-08-25,82.41
Nepal,NPL,2020-08-26,82.41
Nepal,NPL,2020-08-27,82.41
Nepal,NPL,2020-08-28,82.41
Nepal,NPL,2020-08-29,82.41
Nepal,NPL,2020-08-30,82.41
Nepal,NPL,2020-08-31,82.41
Nepal,NPL,2020-09-01,82.41
Nepal,NPL,2020-09-02,76.85
Nepal,NPL,2020-09-03,76.85
Nepal,NPL,2020-09-04,76.85
Nepal,NPL,2020-09-05,76.85
Nepal,NPL,2020-09-06,74.07
Nepal,NPL,2020-09-07,74.07
Nepal,NPL,2020-09-08,74.07
Nepal,NPL,2020-09-09,74.07
Nepal,NPL,2020-09-10,74.07
Nepal,NPL,2020-09-11,74.07
Nepal,NPL,2020-09-12,74.07
Nepal,NPL,2020-09-13,74.07
Nepal,NPL,2020-09-14,76.85
Nepal,NPL,2020-09-15,76.85
Nepal,NPL,2020-09-16,76.85
Nepal,NPL,2020-09-17,76.85
Nepal,NPL,2020-09-18,76.85
Nepal,NPL,2020-09-19,76.85
Nepal,NPL,2020-09-20,76.85
Nepal,NPL,2020-09-21,76.85
Nepal,NPL,2020-09-22,76.85
Nepal,NPL,2020-09-23,76.85
Nepal,NPL,2020-09-24,76.85
Nepal,NPL,2020-09-25,76.85
Nepal,NPL,2020-09-26,76.85
Nepal,NPL,2020-09-27,76.85
Nepal,NPL,2020-09-28,76.85
Nepal,NPL,2020-09-29,76.85
Nepal,NPL,2020-09-30,76.85
Nepal,NPL,2020-10-01,76.85
Nepal,NPL,2020-10-02,76.85
Nepal,NPL,2020-10-03,76.85
Nepal,NPL,2020-10-04,76.85
Nepal,NPL,2020-10-05,76.85
Nepal,NPL,2020-10-06,76.85
Nepal,NPL,2020-10-07,76.85
Nepal,NPL,2020-10-08,76.85
Nepal,NPL,2020-10-09,63.89
Nepal,NPL,2020-10-10,63.89
Nepal,NPL,2020-10-11,63.89
Nepal,NPL,2020-10-12,63.89
Nepal,NPL,2020-10-13,63.89
Nepal,NPL,2020-10-14,63.89
Nepal,NPL,2020-10-15,63.89
Nepal,NPL,2020-10-16,63.89
Nepal,NPL,2020-10-17,63.89
Nepal,NPL,2020-10-18,63.89
Nepal,NPL,2020-10-19,63.89
Nepal,NPL,2020-10-20,63.89
Nepal,NPL,2020-10-21,63.89
Nepal,NPL,2020-10-22,63.89
Nepal,NPL,2020-10-23,63.89
Nepal,NPL,2020-10-24,63.89
Nepal,NPL,2020-10-25,63.89
Nepal,NPL,2020-10-26,63.89
Nepal,NPL,2020-10-27,63.89
Nepal,NPL,2020-10-28,63.89
Nepal,NPL,2020-10-29,63.89
Nepal,NPL,2020-10-30,63.89
Nepal,NPL,2020-10-31,63.89
Nepal,NPL,2020-11-01,63.89
Nepal,NPL,2020-11-02,63.89
Nepal,NPL,2020-11-03,63.89
Nepal,NPL,2020-11-04,63.89
Nepal,NPL,2020-11-05,63.89
Nepal,NPL,2020-11-06,63.89
Nepal,NPL,2020-11-07,63.89
Nepal,NPL,2020-11-08,63.89
Nepal,NPL,2020-11-09,63.89
Nepal,NPL,2020-11-10,63.89
Nepal,NPL,2020-11-11,63.89
Nepal,NPL,2020-11-12,63.89
Nepal,NPL,2020-11-13,63.89
Nepal,NPL,2020-11-14,63.89
Nepal,NPL,2020-11-15,63.89
Nepal,NPL,2020-11-16,63.89
Nepal,NPL,2020-11-17,63.89
Nepal,NPL,2020-11-18,63.89
Nepal,NPL,2020-11-19,63.89
Nepal,NPL,2020-11-20,63.89
Nepal,NPL,2020-11-21,63.89
Nepal,NPL,2020-11-22,63.89
Nepal,NPL,2020-11-23,63.89
Nepal,NPL,2020-11-24,60.19
Nepal,NPL,2020-11-25,60.19
Nepal,NPL,2020-11-26,60.19
Nepal,NPL,2020-11-27,60.19
Nepal,NPL,2020-11-28,60.19
Nepal,NPL,2020-11-29,60.19
Nepal,NPL,2020-11-30,60.19
Nepal,NPL,2020-12-01,60.19
Nepal,NPL,2020-12-02,60.19
Nepal,NPL,2020-12-03,60.19
Nepal,NPL,2020-12-04,60.19
Nepal,NPL,2020-12-05,60.19
Nepal,NPL,2020-12-06,60.19
Nepal,NPL,2020-12-07,60.19
Nepal,NPL,2020-12-08,60.19
Nepal,NPL,2020-12-09,60.19
Nepal,NPL,2020-12-10,60.19
Nepal,NPL,2020-12-11,60.19
Nepal,NPL,2020-12-12,60.19
Nepal,NPL,2020-12-13,60.19
Nepal,NPL,2020-12-14,60.19
Nepal,NPL,2020-12-15,60.19
Nepal,NPL,2020-12-16,60.19
Nepal,NPL,2020-12-17,60.19
Nepal,NPL,2020-12-18,60.19
Nepal,NPL,2020-12-19,60.19
Nepal,NPL,2020-12-20,60.19
Nepal,NPL,2020-12-21,60.19
Nepal,NPL,2020-12-22,60.19
Nepal,NPL,2020-12-23,60.19
Nepal,NPL,2020-12-24,60.19
Nepal,NPL,2020-12-25,60.19
Nepal,NPL,2020-12-26,60.19
Nepal,NPL,2020-12-27,60.19
Nepal,NPL,2020-12-28,60.19
Nepal,NPL,2020-12-29,60.19
Nepal,NPL,2020-12-30,60.19
Nepal,NPL,2020-12-31,60.19
Nepal,NPL,2021-01-01,60.19
Nepal,NPL,2021-01-02,60.19
Nepal,NPL,2021-01-03,60.19
Nepal,NPL,2021-01-04,60.19
Nepal,NPL,2021-01-05,60.19
Nepal,NPL,2021-01-06,60.19
Nepal,NPL,2021-01-07,60.19
Nepal,NPL,2021-01-08,60.19
Nepal,NPL,2021-01-09,60.19
Nepal,NPL,2021-01-10,60.19
Nepal,NPL,2021-01-11,60.19
Nepal,NPL,2021-01-12,60.19
Nepal,NPL,2021-01-13,60.19
Nepal,NPL,2021-01-14,60.19
Nepal,NPL,2021-01-15,60.19
Nepal,NPL,2021-01-16,60.19
Nepal,NPL,2021-01-17,60.19
Nepal,NPL,2021-01-18,60.19
Nepal,NPL,2021-01-19,60.19
Nepal,NPL,2021-01-20,57.41
Nepal,NPL,2021-01-21,57.41
Nepal,NPL,2021-01-22,57.41
Nepal,NPL,2021-01-23,57.41
Nepal,NPL,2021-01-24,57.41
Nepal,NPL,2021-01-25,57.41
Nepal,NPL,2021-01-26,57.41
Nepal,NPL,2021-01-27,57.41
Nepal,NPL,2021-01-28,57.41
Nepal,NPL,2021-01-29,57.41
Nepal,NPL,2021-01-30,57.41
Nepal,NPL,2021-01-31,57.41
Nepal,NPL,2021-02-01,57.41
Nepal,NPL,2021-02-02,57.41
Nepal,NPL,2021-02-03,57.41
Nepal,NPL,2021-02-04,57.41
Nepal,NPL,2021-02-05,57.41
Nepal,NPL,2021-02-06,57.41
Nepal,NPL,2021-02-07,57.41
Nepal,NPL,2021-02-08,57.41
Nepal,NPL,2021-02-09,57.41
Nepal,NPL,2021-02-10,57.41
Nepal,NPL,2021-02-11,57.41
Nepal,NPL,2021-02-12,57.41
Nepal,NPL,2021-02-13,57.41
Nepal,NPL,2021-02-14,57.41
Nepal,NPL,2021-02-15,57.41
Nepal,NPL,2021-02-16,57.41
Nepal,NPL,2021-02-17,57.41
Nepal,NPL,2021-02-18,57.41
Nepal,NPL,2021-02-19,57.41
Nepal,NPL,2021-02-20,57.41
Nepal,NPL,2021-02-21,57.41
Nepal,NPL,2021-02-22,57.41
Nepal,NPL,2021-02-23,57.41
Nepal,NPL,2021-02-24,57.41
Nepal,NPL,2021-02-25,57.41
Nepal,NPL,2021-02-26,57.41
Nepal,NPL,2021-02-27,57.41
Nepal,NPL,2021-02-28,57.41
Nepal,NPL,2021-03-01,57.41
Nepal,NPL,2021-03-02,16.67
Nepal,NPL,2021-03-03,16.67
Nepal,NPL,2021-03-04,16.67
Nepal,NPL,2021-03-05,16.67
Nepal,NPL,2021-03-06,16.67
Nepal,NPL,2021-03-07,16.67
Nepal,NPL,2021-03-08,16.67
Netherlands,NLD,2020-01-01,0
Netherlands,NLD,2020-01-02,0
Netherlands,NLD,2020-01-03,0
Netherlands,NLD,2020-01-04,0
Netherlands,NLD,2020-01-05,0
Netherlands,NLD,2020-01-06,0
Netherlands,NLD,2020-01-07,0
Netherlands,NLD,2020-01-08,0
Netherlands,NLD,2020-01-09,0
Netherlands,NLD,2020-01-10,0
Netherlands,NLD,2020-01-11,0
Netherlands,NLD,2020-01-12,0
Netherlands,NLD,2020-01-13,0
Netherlands,NLD,2020-01-14,0
Netherlands,NLD,2020-01-15,0
Netherlands,NLD,2020-01-16,0
Netherlands,NLD,2020-01-17,0
Netherlands,NLD,2020-01-18,0
Netherlands,NLD,2020-01-19,0
Netherlands,NLD,2020-01-20,0
Netherlands,NLD,2020-01-21,0
Netherlands,NLD,2020-01-22,0
Netherlands,NLD,2020-01-23,0
Netherlands,NLD,2020-01-24,0
Netherlands,NLD,2020-01-25,0
Netherlands,NLD,2020-01-26,0
Netherlands,NLD,2020-01-27,0
Netherlands,NLD,2020-01-28,0
Netherlands,NLD,2020-01-29,0
Netherlands,NLD,2020-01-30,0
Netherlands,NLD,2020-01-31,0
Netherlands,NLD,2020-02-01,0
Netherlands,NLD,2020-02-02,0
Netherlands,NLD,2020-02-03,0
Netherlands,NLD,2020-02-04,0
Netherlands,NLD,2020-02-05,0
Netherlands,NLD,2020-02-06,0
Netherlands,NLD,2020-02-07,0
Netherlands,NLD,2020-02-08,0
Netherlands,NLD,2020-02-09,0
Netherlands,NLD,2020-02-10,0
Netherlands,NLD,2020-02-11,0
Netherlands,NLD,2020-02-12,0
Netherlands,NLD,2020-02-13,0
Netherlands,NLD,2020-02-14,0
Netherlands,NLD,2020-02-15,0
Netherlands,NLD,2020-02-16,0
Netherlands,NLD,2020-02-17,0
Netherlands,NLD,2020-02-18,0
Netherlands,NLD,2020-02-19,0
Netherlands,NLD,2020-02-20,0
Netherlands,NLD,2020-02-21,0
Netherlands,NLD,2020-02-22,0
Netherlands,NLD,2020-02-23,0
Netherlands,NLD,2020-02-24,0
Netherlands,NLD,2020-02-25,0
Netherlands,NLD,2020-02-26,0
Netherlands,NLD,2020-02-27,0
Netherlands,NLD,2020-02-28,0
Netherlands,NLD,2020-02-29,0
Netherlands,NLD,2020-03-01,0
Netherlands,NLD,2020-03-02,0
Netherlands,NLD,2020-03-03,0
Netherlands,NLD,2020-03-04,0
Netherlands,NLD,2020-03-05,0
Netherlands,NLD,2020-03-06,1.85
Netherlands,NLD,2020-03-07,1.85
Netherlands,NLD,2020-03-08,1.85
Netherlands,NLD,2020-03-09,10.19
Netherlands,NLD,2020-03-10,18.52
Netherlands,NLD,2020-03-11,18.52
Netherlands,NLD,2020-03-12,41.67
Netherlands,NLD,2020-03-13,41.67
Netherlands,NLD,2020-03-14,41.67
Netherlands,NLD,2020-03-15,54.63
Netherlands,NLD,2020-03-16,62.04
Netherlands,NLD,2020-03-17,62.04
Netherlands,NLD,2020-03-18,62.04
Netherlands,NLD,2020-03-19,70.37
Netherlands,NLD,2020-03-20,70.37
Netherlands,NLD,2020-03-21,70.37
Netherlands,NLD,2020-03-22,70.37
Netherlands,NLD,2020-03-23,74.07
Netherlands,NLD,2020-03-24,74.07
Netherlands,NLD,2020-03-25,74.07
Netherlands,NLD,2020-03-26,74.07
Netherlands,NLD,2020-03-27,74.07
Netherlands,NLD,2020-03-28,74.07
Netherlands,NLD,2020-03-29,74.07
Netherlands,NLD,2020-03-30,74.07
Netherlands,NLD,2020-03-31,79.63
Netherlands,NLD,2020-04-01,79.63
Netherlands,NLD,2020-04-02,79.63
Netherlands,NLD,2020-04-03,79.63
Netherlands,NLD,2020-04-04,79.63
Netherlands,NLD,2020-04-05,79.63
Netherlands,NLD,2020-04-06,79.63
Netherlands,NLD,2020-04-07,79.63
Netherlands,NLD,2020-04-08,79.63
Netherlands,NLD,2020-04-09,79.63
Netherlands,NLD,2020-04-10,79.63
Netherlands,NLD,2020-04-11,79.63
Netherlands,NLD,2020-04-12,79.63
Netherlands,NLD,2020-04-13,79.63
Netherlands,NLD,2020-04-14,79.63
Netherlands,NLD,2020-04-15,79.63
Netherlands,NLD,2020-04-16,79.63
Netherlands,NLD,2020-04-17,79.63
Netherlands,NLD,2020-04-18,79.63
Netherlands,NLD,2020-04-19,79.63
Netherlands,NLD,2020-04-20,79.63
Netherlands,NLD,2020-04-21,79.63
Netherlands,NLD,2020-04-22,79.63
Netherlands,NLD,2020-04-23,79.63
Netherlands,NLD,2020-04-24,79.63
Netherlands,NLD,2020-04-25,79.63
Netherlands,NLD,2020-04-26,79.63
Netherlands,NLD,2020-04-27,79.63
Netherlands,NLD,2020-04-28,79.63
Netherlands,NLD,2020-04-29,79.63
Netherlands,NLD,2020-04-30,79.63
Netherlands,NLD,2020-05-01,79.63
Netherlands,NLD,2020-05-02,79.63
Netherlands,NLD,2020-05-03,79.63
Netherlands,NLD,2020-05-04,79.63
Netherlands,NLD,2020-05-05,79.63
Netherlands,NLD,2020-05-06,79.63
Netherlands,NLD,2020-05-07,79.63
Netherlands,NLD,2020-05-08,79.63
Netherlands,NLD,2020-05-09,79.63
Netherlands,NLD,2020-05-10,79.63
Netherlands,NLD,2020-05-11,68.52
Netherlands,NLD,2020-05-12,68.52
Netherlands,NLD,2020-05-13,68.52
Netherlands,NLD,2020-05-14,68.52
Netherlands,NLD,2020-05-15,68.52
Netherlands,NLD,2020-05-16,68.52
Netherlands,NLD,2020-05-17,68.52
Netherlands,NLD,2020-05-18,68.52
Netherlands,NLD,2020-05-19,68.52
Netherlands,NLD,2020-05-20,68.52
Netherlands,NLD,2020-05-21,68.52
Netherlands,NLD,2020-05-22,68.52
Netherlands,NLD,2020-05-23,68.52
Netherlands,NLD,2020-05-24,68.52
Netherlands,NLD,2020-05-25,68.52
Netherlands,NLD,2020-05-26,68.52
Netherlands,NLD,2020-05-27,68.52
Netherlands,NLD,2020-05-28,68.52
Netherlands,NLD,2020-05-29,68.52
Netherlands,NLD,2020-05-30,68.52
Netherlands,NLD,2020-05-31,68.52
Netherlands,NLD,2020-06-01,62.96
Netherlands,NLD,2020-06-02,62.96
Netherlands,NLD,2020-06-03,62.96
Netherlands,NLD,2020-06-04,62.96
Netherlands,NLD,2020-06-05,62.96
Netherlands,NLD,2020-06-06,62.96
Netherlands,NLD,2020-06-07,62.96
Netherlands,NLD,2020-06-08,62.96
Netherlands,NLD,2020-06-09,62.96
Netherlands,NLD,2020-06-10,62.96
Netherlands,NLD,2020-06-11,62.96
Netherlands,NLD,2020-06-12,62.96
Netherlands,NLD,2020-06-13,62.96
Netherlands,NLD,2020-06-14,62.96
Netherlands,NLD,2020-06-15,59.26
Netherlands,NLD,2020-06-16,59.26
Netherlands,NLD,2020-06-17,59.26
Netherlands,NLD,2020-06-18,59.26
Netherlands,NLD,2020-06-19,59.26
Netherlands,NLD,2020-06-20,59.26
Netherlands,NLD,2020-06-21,59.26
Netherlands,NLD,2020-06-22,59.26
Netherlands,NLD,2020-06-23,59.26
Netherlands,NLD,2020-06-24,59.26
Netherlands,NLD,2020-06-25,59.26
Netherlands,NLD,2020-06-26,59.26
Netherlands,NLD,2020-06-27,59.26
Netherlands,NLD,2020-06-28,59.26
Netherlands,NLD,2020-06-29,59.26
Netherlands,NLD,2020-06-30,59.26
Netherlands,NLD,2020-07-01,39.81
Netherlands,NLD,2020-07-02,39.81
Netherlands,NLD,2020-07-03,39.81
Netherlands,NLD,2020-07-04,39.81
Netherlands,NLD,2020-07-05,39.81
Netherlands,NLD,2020-07-06,39.81
Netherlands,NLD,2020-07-07,39.81
Netherlands,NLD,2020-07-08,39.81
Netherlands,NLD,2020-07-09,39.81
Netherlands,NLD,2020-07-10,39.81
Netherlands,NLD,2020-07-11,39.81
Netherlands,NLD,2020-07-12,39.81
Netherlands,NLD,2020-07-13,39.81
Netherlands,NLD,2020-07-14,39.81
Netherlands,NLD,2020-07-15,39.81
Netherlands,NLD,2020-07-16,39.81
Netherlands,NLD,2020-07-17,39.81
Netherlands,NLD,2020-07-18,39.81
Netherlands,NLD,2020-07-19,39.81
Netherlands,NLD,2020-07-20,39.81
Netherlands,NLD,2020-07-21,39.81
Netherlands,NLD,2020-07-22,39.81
Netherlands,NLD,2020-07-23,39.81
Netherlands,NLD,2020-07-24,39.81
Netherlands,NLD,2020-07-25,39.81
Netherlands,NLD,2020-07-26,39.81
Netherlands,NLD,2020-07-27,39.81
Netherlands,NLD,2020-07-28,39.81
Netherlands,NLD,2020-07-29,39.81
Netherlands,NLD,2020-07-30,39.81
Netherlands,NLD,2020-07-31,39.81
Netherlands,NLD,2020-08-01,39.81
Netherlands,NLD,2020-08-02,39.81
Netherlands,NLD,2020-08-03,39.81
Netherlands,NLD,2020-08-04,39.81
Netherlands,NLD,2020-08-05,39.81
Netherlands,NLD,2020-08-06,39.81
Netherlands,NLD,2020-08-07,39.81
Netherlands,NLD,2020-08-08,39.81
Netherlands,NLD,2020-08-09,39.81
Netherlands,NLD,2020-08-10,39.81
Netherlands,NLD,2020-08-11,39.81
Netherlands,NLD,2020-08-12,39.81
Netherlands,NLD,2020-08-13,39.81
Netherlands,NLD,2020-08-14,39.81
Netherlands,NLD,2020-08-15,39.81
Netherlands,NLD,2020-08-16,39.81
Netherlands,NLD,2020-08-17,39.81
Netherlands,NLD,2020-08-18,50.93
Netherlands,NLD,2020-08-19,50.93
Netherlands,NLD,2020-08-20,50.93
Netherlands,NLD,2020-08-21,50.93
Netherlands,NLD,2020-08-22,50.93
Netherlands,NLD,2020-08-23,50.93
Netherlands,NLD,2020-08-24,50.93
Netherlands,NLD,2020-08-25,50.93
Netherlands,NLD,2020-08-26,50.93
Netherlands,NLD,2020-08-27,50.93
Netherlands,NLD,2020-08-28,50.93
Netherlands,NLD,2020-08-29,50.93
Netherlands,NLD,2020-08-30,50.93
Netherlands,NLD,2020-08-31,50.93
Netherlands,NLD,2020-09-01,50.93
Netherlands,NLD,2020-09-02,50.93
Netherlands,NLD,2020-09-03,50.93
Netherlands,NLD,2020-09-04,50.93
Netherlands,NLD,2020-09-05,50.93
Netherlands,NLD,2020-09-06,50.93
Netherlands,NLD,2020-09-07,50.93
Netherlands,NLD,2020-09-08,50.93
Netherlands,NLD,2020-09-09,50.93
Netherlands,NLD,2020-09-10,50.93
Netherlands,NLD,2020-09-11,50.93
Netherlands,NLD,2020-09-12,50.93
Netherlands,NLD,2020-09-13,50.93
Netherlands,NLD,2020-09-14,50.93
Netherlands,NLD,2020-09-15,50.93
Netherlands,NLD,2020-09-16,50.93
Netherlands,NLD,2020-09-17,50.93
Netherlands,NLD,2020-09-18,50.93
Netherlands,NLD,2020-09-19,50.93
Netherlands,NLD,2020-09-20,48.15
Netherlands,NLD,2020-09-21,48.15
Netherlands,NLD,2020-09-22,48.15
Netherlands,NLD,2020-09-23,48.15
Netherlands,NLD,2020-09-24,48.15
Netherlands,NLD,2020-09-25,48.15
Netherlands,NLD,2020-09-26,48.15
Netherlands,NLD,2020-09-27,48.15
Netherlands,NLD,2020-09-28,48.15
Netherlands,NLD,2020-09-29,62.04
Netherlands,NLD,2020-09-30,62.04
Netherlands,NLD,2020-10-01,62.04
Netherlands,NLD,2020-10-02,62.04
Netherlands,NLD,2020-10-03,62.04
Netherlands,NLD,2020-10-04,62.04
Netherlands,NLD,2020-10-05,62.04
Netherlands,NLD,2020-10-06,62.04
Netherlands,NLD,2020-10-07,62.04
Netherlands,NLD,2020-10-08,62.04
Netherlands,NLD,2020-10-09,62.04
Netherlands,NLD,2020-10-10,62.04
Netherlands,NLD,2020-10-11,62.04
Netherlands,NLD,2020-10-12,62.04
Netherlands,NLD,2020-10-13,62.04
Netherlands,NLD,2020-10-14,62.04
Netherlands,NLD,2020-10-15,62.04
Netherlands,NLD,2020-10-16,62.04
Netherlands,NLD,2020-10-17,62.04
Netherlands,NLD,2020-10-18,62.04
Netherlands,NLD,2020-10-19,62.04
Netherlands,NLD,2020-10-20,62.04
Netherlands,NLD,2020-10-21,62.04
Netherlands,NLD,2020-10-22,62.04
Netherlands,NLD,2020-10-23,62.04
Netherlands,NLD,2020-10-24,62.04
Netherlands,NLD,2020-10-25,62.04
Netherlands,NLD,2020-10-26,62.04
Netherlands,NLD,2020-10-27,62.04
Netherlands,NLD,2020-10-28,62.04
Netherlands,NLD,2020-10-29,62.04
Netherlands,NLD,2020-10-30,62.04
Netherlands,NLD,2020-10-31,62.04
Netherlands,NLD,2020-11-01,62.04
Netherlands,NLD,2020-11-02,62.04
Netherlands,NLD,2020-11-03,62.04
Netherlands,NLD,2020-11-04,65.74
Netherlands,NLD,2020-11-05,65.74
Netherlands,NLD,2020-11-06,65.74
Netherlands,NLD,2020-11-07,65.74
Netherlands,NLD,2020-11-08,65.74
Netherlands,NLD,2020-11-09,65.74
Netherlands,NLD,2020-11-10,65.74
Netherlands,NLD,2020-11-11,65.74
Netherlands,NLD,2020-11-12,65.74
Netherlands,NLD,2020-11-13,65.74
Netherlands,NLD,2020-11-14,65.74
Netherlands,NLD,2020-11-15,65.74
Netherlands,NLD,2020-11-16,65.74
Netherlands,NLD,2020-11-17,65.74
Netherlands,NLD,2020-11-18,65.74
Netherlands,NLD,2020-11-19,65.74
Netherlands,NLD,2020-11-20,65.74
Netherlands,NLD,2020-11-21,65.74
Netherlands,NLD,2020-11-22,56.48
Netherlands,NLD,2020-11-23,56.48
Netherlands,NLD,2020-11-24,56.48
Netherlands,NLD,2020-11-25,56.48
Netherlands,NLD,2020-11-26,56.48
Netherlands,NLD,2020-11-27,56.48
Netherlands,NLD,2020-11-28,56.48
Netherlands,NLD,2020-11-29,56.48
Netherlands,NLD,2020-11-30,56.48
Netherlands,NLD,2020-12-01,56.48
Netherlands,NLD,2020-12-02,56.48
Netherlands,NLD,2020-12-03,56.48
Netherlands,NLD,2020-12-04,56.48
Netherlands,NLD,2020-12-05,56.48
Netherlands,NLD,2020-12-06,56.48
Netherlands,NLD,2020-12-07,56.48
Netherlands,NLD,2020-12-08,56.48
Netherlands,NLD,2020-12-09,56.48
Netherlands,NLD,2020-12-10,56.48
Netherlands,NLD,2020-12-11,56.48
Netherlands,NLD,2020-12-12,56.48
Netherlands,NLD,2020-12-13,56.48
Netherlands,NLD,2020-12-14,56.48
Netherlands,NLD,2020-12-15,71.3
Netherlands,NLD,2020-12-16,78.7
Netherlands,NLD,2020-12-17,78.7
Netherlands,NLD,2020-12-18,78.7
Netherlands,NLD,2020-12-19,78.7
Netherlands,NLD,2020-12-20,78.7
Netherlands,NLD,2020-12-21,78.7
Netherlands,NLD,2020-12-22,78.7
Netherlands,NLD,2020-12-23,78.7
Netherlands,NLD,2020-12-24,78.7
Netherlands,NLD,2020-12-25,78.7
Netherlands,NLD,2020-12-26,78.7
Netherlands,NLD,2020-12-27,78.7
Netherlands,NLD,2020-12-28,78.7
Netherlands,NLD,2020-12-29,78.7
Netherlands,NLD,2020-12-30,78.7
Netherlands,NLD,2020-12-31,78.7
Netherlands,NLD,2021-01-01,78.7
Netherlands,NLD,2021-01-02,78.7
Netherlands,NLD,2021-01-03,78.7
Netherlands,NLD,2021-01-04,78.7
Netherlands,NLD,2021-01-05,78.7
Netherlands,NLD,2021-01-06,78.7
Netherlands,NLD,2021-01-07,78.7
Netherlands,NLD,2021-01-08,78.7
Netherlands,NLD,2021-01-09,78.7
Netherlands,NLD,2021-01-10,78.7
Netherlands,NLD,2021-01-11,78.7
Netherlands,NLD,2021-01-12,78.7
Netherlands,NLD,2021-01-13,78.7
Netherlands,NLD,2021-01-14,78.7
Netherlands,NLD,2021-01-15,78.7
Netherlands,NLD,2021-01-16,78.7
Netherlands,NLD,2021-01-17,78.7
Netherlands,NLD,2021-01-18,78.7
Netherlands,NLD,2021-01-19,78.7
Netherlands,NLD,2021-01-20,78.7
Netherlands,NLD,2021-01-21,78.7
Netherlands,NLD,2021-01-22,78.7
Netherlands,NLD,2021-01-23,82.41
Netherlands,NLD,2021-01-24,82.41
Netherlands,NLD,2021-01-25,82.41
Netherlands,NLD,2021-01-26,82.41
Netherlands,NLD,2021-01-27,82.41
Netherlands,NLD,2021-01-28,82.41
Netherlands,NLD,2021-01-29,82.41
Netherlands,NLD,2021-01-30,82.41
Netherlands,NLD,2021-01-31,82.41
Netherlands,NLD,2021-02-01,82.41
Netherlands,NLD,2021-02-02,82.41
Netherlands,NLD,2021-02-03,82.41
Netherlands,NLD,2021-02-04,82.41
Netherlands,NLD,2021-02-05,82.41
Netherlands,NLD,2021-02-06,82.41
Netherlands,NLD,2021-02-07,82.41
Netherlands,NLD,2021-02-08,78.7
Netherlands,NLD,2021-02-09,78.7
Netherlands,NLD,2021-02-10,78.7
Netherlands,NLD,2021-02-11,78.7
Netherlands,NLD,2021-02-12,78.7
Netherlands,NLD,2021-02-13,78.7
Netherlands,NLD,2021-02-14,78.7
Netherlands,NLD,2021-02-15,78.7
Netherlands,NLD,2021-02-16,78.7
Netherlands,NLD,2021-02-17,78.7
Netherlands,NLD,2021-02-18,78.7
Netherlands,NLD,2021-02-19,78.7
Netherlands,NLD,2021-02-20,78.7
Netherlands,NLD,2021-02-21,78.7
Netherlands,NLD,2021-02-22,78.7
Netherlands,NLD,2021-02-23,78.7
Netherlands,NLD,2021-02-24,78.7
Netherlands,NLD,2021-02-25,78.7
Netherlands,NLD,2021-02-26,78.7
Netherlands,NLD,2021-02-27,78.7
Netherlands,NLD,2021-02-28,78.7
Netherlands,NLD,2021-03-01,78.7
Netherlands,NLD,2021-03-02,78.7
Netherlands,NLD,2021-03-03,75
Netherlands,NLD,2021-03-04,75
Netherlands,NLD,2021-03-05,75
New Zealand,NZL,2020-01-01,0
New Zealand,NZL,2020-01-02,0
New Zealand,NZL,2020-01-03,0
New Zealand,NZL,2020-01-04,0
New Zealand,NZL,2020-01-05,0
New Zealand,NZL,2020-01-06,0
New Zealand,NZL,2020-01-07,0
New Zealand,NZL,2020-01-08,0
New Zealand,NZL,2020-01-09,0
New Zealand,NZL,2020-01-10,0
New Zealand,NZL,2020-01-11,0
New Zealand,NZL,2020-01-12,0
New Zealand,NZL,2020-01-13,0
New Zealand,NZL,2020-01-14,0
New Zealand,NZL,2020-01-15,0
New Zealand,NZL,2020-01-16,0
New Zealand,NZL,2020-01-17,0
New Zealand,NZL,2020-01-18,0
New Zealand,NZL,2020-01-19,0
New Zealand,NZL,2020-01-20,0
New Zealand,NZL,2020-01-21,0
New Zealand,NZL,2020-01-22,11.11
New Zealand,NZL,2020-01-23,11.11
New Zealand,NZL,2020-01-24,11.11
New Zealand,NZL,2020-01-25,11.11
New Zealand,NZL,2020-01-26,11.11
New Zealand,NZL,2020-01-27,11.11
New Zealand,NZL,2020-01-28,11.11
New Zealand,NZL,2020-01-29,11.11
New Zealand,NZL,2020-01-30,11.11
New Zealand,NZL,2020-01-31,11.11
New Zealand,NZL,2020-02-01,11.11
New Zealand,NZL,2020-02-02,19.44
New Zealand,NZL,2020-02-03,19.44
New Zealand,NZL,2020-02-04,19.44
New Zealand,NZL,2020-02-05,19.44
New Zealand,NZL,2020-02-06,19.44
New Zealand,NZL,2020-02-07,19.44
New Zealand,NZL,2020-02-08,19.44
New Zealand,NZL,2020-02-09,19.44
New Zealand,NZL,2020-02-10,19.44
New Zealand,NZL,2020-02-11,19.44
New Zealand,NZL,2020-02-12,19.44
New Zealand,NZL,2020-02-13,19.44
New Zealand,NZL,2020-02-14,19.44
New Zealand,NZL,2020-02-15,19.44
New Zealand,NZL,2020-02-16,19.44
New Zealand,NZL,2020-02-17,19.44
New Zealand,NZL,2020-02-18,19.44
New Zealand,NZL,2020-02-19,19.44
New Zealand,NZL,2020-02-20,19.44
New Zealand,NZL,2020-02-21,19.44
New Zealand,NZL,2020-02-22,19.44
New Zealand,NZL,2020-02-23,19.44
New Zealand,NZL,2020-02-24,19.44
New Zealand,NZL,2020-02-25,19.44
New Zealand,NZL,2020-02-26,19.44
New Zealand,NZL,2020-02-27,19.44
New Zealand,NZL,2020-02-28,19.44
New Zealand,NZL,2020-02-29,19.44
New Zealand,NZL,2020-03-01,19.44
New Zealand,NZL,2020-03-02,19.44
New Zealand,NZL,2020-03-03,19.44
New Zealand,NZL,2020-03-04,19.44
New Zealand,NZL,2020-03-05,19.44
New Zealand,NZL,2020-03-06,19.44
New Zealand,NZL,2020-03-07,19.44
New Zealand,NZL,2020-03-08,19.44
New Zealand,NZL,2020-03-09,19.44
New Zealand,NZL,2020-03-10,19.44
New Zealand,NZL,2020-03-11,19.44
New Zealand,NZL,2020-03-12,19.44
New Zealand,NZL,2020-03-13,19.44
New Zealand,NZL,2020-03-14,19.44
New Zealand,NZL,2020-03-15,19.44
New Zealand,NZL,2020-03-16,36.11
New Zealand,NZL,2020-03-17,36.11
New Zealand,NZL,2020-03-18,36.11
New Zealand,NZL,2020-03-19,36.11
New Zealand,NZL,2020-03-20,38.89
New Zealand,NZL,2020-03-21,58.33
New Zealand,NZL,2020-03-22,58.33
New Zealand,NZL,2020-03-23,79.63
New Zealand,NZL,2020-03-24,87.04
New Zealand,NZL,2020-03-25,90.74
New Zealand,NZL,2020-03-26,96.3
New Zealand,NZL,2020-03-27,96.3
New Zealand,NZL,2020-03-28,96.3
New Zealand,NZL,2020-03-29,96.3
New Zealand,NZL,2020-03-30,96.3
New Zealand,NZL,2020-03-31,96.3
New Zealand,NZL,2020-04-01,96.3
New Zealand,NZL,2020-04-02,96.3
New Zealand,NZL,2020-04-03,96.3
New Zealand,NZL,2020-04-04,96.3
New Zealand,NZL,2020-04-05,96.3
New Zealand,NZL,2020-04-06,96.3
New Zealand,NZL,2020-04-07,96.3
New Zealand,NZL,2020-04-08,96.3
New Zealand,NZL,2020-04-09,96.3
New Zealand,NZL,2020-04-10,96.3
New Zealand,NZL,2020-04-11,96.3
New Zealand,NZL,2020-04-12,96.3
New Zealand,NZL,2020-04-13,96.3
New Zealand,NZL,2020-04-14,96.3
New Zealand,NZL,2020-04-15,96.3
New Zealand,NZL,2020-04-16,96.3
New Zealand,NZL,2020-04-17,96.3
New Zealand,NZL,2020-04-18,96.3
New Zealand,NZL,2020-04-19,96.3
New Zealand,NZL,2020-04-20,96.3
New Zealand,NZL,2020-04-21,96.3
New Zealand,NZL,2020-04-22,96.3
New Zealand,NZL,2020-04-23,96.3
New Zealand,NZL,2020-04-24,96.3
New Zealand,NZL,2020-04-25,96.3
New Zealand,NZL,2020-04-26,96.3
New Zealand,NZL,2020-04-27,96.3
New Zealand,NZL,2020-04-28,87.04
New Zealand,NZL,2020-04-29,83.33
New Zealand,NZL,2020-04-30,83.33
New Zealand,NZL,2020-05-01,83.33
New Zealand,NZL,2020-05-02,83.33
New Zealand,NZL,2020-05-03,83.33
New Zealand,NZL,2020-05-04,83.33
New Zealand,NZL,2020-05-05,83.33
New Zealand,NZL,2020-05-06,83.33
New Zealand,NZL,2020-05-07,83.33
New Zealand,NZL,2020-05-08,83.33
New Zealand,NZL,2020-05-09,83.33
New Zealand,NZL,2020-05-10,83.33
New Zealand,NZL,2020-05-11,83.33
New Zealand,NZL,2020-05-12,83.33
New Zealand,NZL,2020-05-13,83.33
New Zealand,NZL,2020-05-14,39.81
New Zealand,NZL,2020-05-15,39.81
New Zealand,NZL,2020-05-16,39.81
New Zealand,NZL,2020-05-17,39.81
New Zealand,NZL,2020-05-18,39.81
New Zealand,NZL,2020-05-19,39.81
New Zealand,NZL,2020-05-20,39.81
New Zealand,NZL,2020-05-21,39.81
New Zealand,NZL,2020-05-22,39.81
New Zealand,NZL,2020-05-23,39.81
New Zealand,NZL,2020-05-24,39.81
New Zealand,NZL,2020-05-25,39.81
New Zealand,NZL,2020-05-26,39.81
New Zealand,NZL,2020-05-27,39.81
New Zealand,NZL,2020-05-28,39.81
New Zealand,NZL,2020-05-29,37.04
New Zealand,NZL,2020-05-30,37.04
New Zealand,NZL,2020-05-31,37.04
New Zealand,NZL,2020-06-01,37.04
New Zealand,NZL,2020-06-02,37.04
New Zealand,NZL,2020-06-03,37.04
New Zealand,NZL,2020-06-04,37.04
New Zealand,NZL,2020-06-05,37.04
New Zealand,NZL,2020-06-06,37.04
New Zealand,NZL,2020-06-07,37.04
New Zealand,NZL,2020-06-08,25.93
New Zealand,NZL,2020-06-09,25.93
New Zealand,NZL,2020-06-10,25.93
New Zealand,NZL,2020-06-11,25.93
New Zealand,NZL,2020-06-12,25.93
New Zealand,NZL,2020-06-13,25.93
New Zealand,NZL,2020-06-14,25.93
New Zealand,NZL,2020-06-15,25.93
New Zealand,NZL,2020-06-16,25.93
New Zealand,NZL,2020-06-17,25.93
New Zealand,NZL,2020-06-18,25.93
New Zealand,NZL,2020-06-19,25.93
New Zealand,NZL,2020-06-20,25.93
New Zealand,NZL,2020-06-21,25.93
New Zealand,NZL,2020-06-22,25.93
New Zealand,NZL,2020-06-23,25.93
New Zealand,NZL,2020-06-24,25.93
New Zealand,NZL,2020-06-25,25.93
New Zealand,NZL,2020-06-26,25.93
New Zealand,NZL,2020-06-27,22.22
New Zealand,NZL,2020-06-28,22.22
New Zealand,NZL,2020-06-29,22.22
New Zealand,NZL,2020-06-30,22.22
New Zealand,NZL,2020-07-01,22.22
New Zealand,NZL,2020-07-02,22.22
New Zealand,NZL,2020-07-03,22.22
New Zealand,NZL,2020-07-04,22.22
New Zealand,NZL,2020-07-05,22.22
New Zealand,NZL,2020-07-06,22.22
New Zealand,NZL,2020-07-07,22.22
New Zealand,NZL,2020-07-08,22.22
New Zealand,NZL,2020-07-09,22.22
New Zealand,NZL,2020-07-10,22.22
New Zealand,NZL,2020-07-11,22.22
New Zealand,NZL,2020-07-12,22.22
New Zealand,NZL,2020-07-13,22.22
New Zealand,NZL,2020-07-14,22.22
New Zealand,NZL,2020-07-15,22.22
New Zealand,NZL,2020-07-16,22.22
New Zealand,NZL,2020-07-17,22.22
New Zealand,NZL,2020-07-18,22.22
New Zealand,NZL,2020-07-19,22.22
New Zealand,NZL,2020-07-20,22.22
New Zealand,NZL,2020-07-21,22.22
New Zealand,NZL,2020-07-22,22.22
New Zealand,NZL,2020-07-23,22.22
New Zealand,NZL,2020-07-24,22.22
New Zealand,NZL,2020-07-25,22.22
New Zealand,NZL,2020-07-26,22.22
New Zealand,NZL,2020-07-27,22.22
New Zealand,NZL,2020-07-28,22.22
New Zealand,NZL,2020-07-29,22.22
New Zealand,NZL,2020-07-30,22.22
New Zealand,NZL,2020-07-31,22.22
New Zealand,NZL,2020-08-01,22.22
New Zealand,NZL,2020-08-02,22.22
New Zealand,NZL,2020-08-03,22.22
New Zealand,NZL,2020-08-04,22.22
New Zealand,NZL,2020-08-05,22.22
New Zealand,NZL,2020-08-06,22.22
New Zealand,NZL,2020-08-07,22.22
New Zealand,NZL,2020-08-08,22.22
New Zealand,NZL,2020-08-09,22.22
New Zealand,NZL,2020-08-10,22.22
New Zealand,NZL,2020-08-11,22.22
New Zealand,NZL,2020-08-12,68.98
New Zealand,NZL,2020-08-13,68.98
New Zealand,NZL,2020-08-14,68.98
New Zealand,NZL,2020-08-15,68.98
New Zealand,NZL,2020-08-16,68.98
New Zealand,NZL,2020-08-17,68.98
New Zealand,NZL,2020-08-18,68.98
New Zealand,NZL,2020-08-19,68.98
New Zealand,NZL,2020-08-20,68.98
New Zealand,NZL,2020-08-21,68.98
New Zealand,NZL,2020-08-22,68.98
New Zealand,NZL,2020-08-23,68.98
New Zealand,NZL,2020-08-24,68.98
New Zealand,NZL,2020-08-25,68.98
New Zealand,NZL,2020-08-26,68.98
New Zealand,NZL,2020-08-27,68.98
New Zealand,NZL,2020-08-28,68.98
New Zealand,NZL,2020-08-29,68.98
New Zealand,NZL,2020-08-30,68.98
New Zealand,NZL,2020-08-31,40.28
New Zealand,NZL,2020-09-01,34.72
New Zealand,NZL,2020-09-02,34.72
New Zealand,NZL,2020-09-03,34.72
New Zealand,NZL,2020-09-04,34.72
New Zealand,NZL,2020-09-05,34.72
New Zealand,NZL,2020-09-06,34.72
New Zealand,NZL,2020-09-07,34.72
New Zealand,NZL,2020-09-08,34.72
New Zealand,NZL,2020-09-09,34.72
New Zealand,NZL,2020-09-10,34.72
New Zealand,NZL,2020-09-11,34.72
New Zealand,NZL,2020-09-12,34.72
New Zealand,NZL,2020-09-13,34.72
New Zealand,NZL,2020-09-14,34.72
New Zealand,NZL,2020-09-15,34.72
New Zealand,NZL,2020-09-16,34.72
New Zealand,NZL,2020-09-17,34.72
New Zealand,NZL,2020-09-18,34.72
New Zealand,NZL,2020-09-19,34.72
New Zealand,NZL,2020-09-20,34.72
New Zealand,NZL,2020-09-21,34.72
New Zealand,NZL,2020-09-22,34.72
New Zealand,NZL,2020-09-23,31.94
New Zealand,NZL,2020-09-24,31.94
New Zealand,NZL,2020-09-25,31.94
New Zealand,NZL,2020-09-26,31.94
New Zealand,NZL,2020-09-27,31.94
New Zealand,NZL,2020-09-28,31.94
New Zealand,NZL,2020-09-29,31.94
New Zealand,NZL,2020-09-30,31.94
New Zealand,NZL,2020-10-01,31.94
New Zealand,NZL,2020-10-02,31.94
New Zealand,NZL,2020-10-03,31.94
New Zealand,NZL,2020-10-04,31.94
New Zealand,NZL,2020-10-05,31.94
New Zealand,NZL,2020-10-06,31.94
New Zealand,NZL,2020-10-07,22.22
New Zealand,NZL,2020-10-08,22.22
New Zealand,NZL,2020-10-09,22.22
New Zealand,NZL,2020-10-10,22.22
New Zealand,NZL,2020-10-11,22.22
New Zealand,NZL,2020-10-12,22.22
New Zealand,NZL,2020-10-13,22.22
New Zealand,NZL,2020-10-14,22.22
New Zealand,NZL,2020-10-15,22.22
New Zealand,NZL,2020-10-16,22.22
New Zealand,NZL,2020-10-17,22.22
New Zealand,NZL,2020-10-18,22.22
New Zealand,NZL,2020-10-19,22.22
New Zealand,NZL,2020-10-20,22.22
New Zealand,NZL,2020-10-21,22.22
New Zealand,NZL,2020-10-22,22.22
New Zealand,NZL,2020-10-23,22.22
New Zealand,NZL,2020-10-24,22.22
New Zealand,NZL,2020-10-25,22.22
New Zealand,NZL,2020-10-26,22.22
New Zealand,NZL,2020-10-27,22.22
New Zealand,NZL,2020-10-28,22.22
New Zealand,NZL,2020-10-29,22.22
New Zealand,NZL,2020-10-30,22.22
New Zealand,NZL,2020-10-31,22.22
New Zealand,NZL,2020-11-01,22.22
New Zealand,NZL,2020-11-02,22.22
New Zealand,NZL,2020-11-03,22.22
New Zealand,NZL,2020-11-04,22.22
New Zealand,NZL,2020-11-05,22.22
New Zealand,NZL,2020-11-06,22.22
New Zealand,NZL,2020-11-07,22.22
New Zealand,NZL,2020-11-08,22.22
New Zealand,NZL,2020-11-09,22.22
New Zealand,NZL,2020-11-10,22.22
New Zealand,NZL,2020-11-11,22.22
New Zealand,NZL,2020-11-12,22.22
New Zealand,NZL,2020-11-13,22.22
New Zealand,NZL,2020-11-14,22.22
New Zealand,NZL,2020-11-15,22.22
New Zealand,NZL,2020-11-16,22.22
New Zealand,NZL,2020-11-17,22.22
New Zealand,NZL,2020-11-18,22.22
New Zealand,NZL,2020-11-19,22.22
New Zealand,NZL,2020-11-20,22.22
New Zealand,NZL,2020-11-21,22.22
New Zealand,NZL,2020-11-22,22.22
New Zealand,NZL,2020-11-23,22.22
New Zealand,NZL,2020-11-24,22.22
New Zealand,NZL,2020-11-25,22.22
New Zealand,NZL,2020-11-26,22.22
New Zealand,NZL,2020-11-27,22.22
New Zealand,NZL,2020-11-28,22.22
New Zealand,NZL,2020-11-29,22.22
New Zealand,NZL,2020-11-30,22.22
New Zealand,NZL,2020-12-01,22.22
New Zealand,NZL,2020-12-02,22.22
New Zealand,NZL,2020-12-03,22.22
New Zealand,NZL,2020-12-04,22.22
New Zealand,NZL,2020-12-05,22.22
New Zealand,NZL,2020-12-06,22.22
New Zealand,NZL,2020-12-07,22.22
New Zealand,NZL,2020-12-08,22.22
New Zealand,NZL,2020-12-09,22.22
New Zealand,NZL,2020-12-10,22.22
New Zealand,NZL,2020-12-11,22.22
New Zealand,NZL,2020-12-12,22.22
New Zealand,NZL,2020-12-13,22.22
New Zealand,NZL,2020-12-14,22.22
New Zealand,NZL,2020-12-15,22.22
New Zealand,NZL,2020-12-16,22.22
New Zealand,NZL,2020-12-17,22.22
New Zealand,NZL,2020-12-18,22.22
New Zealand,NZL,2020-12-19,22.22
New Zealand,NZL,2020-12-20,22.22
New Zealand,NZL,2020-12-21,22.22
New Zealand,NZL,2020-12-22,22.22
New Zealand,NZL,2020-12-23,22.22
New Zealand,NZL,2020-12-24,22.22
New Zealand,NZL,2020-12-25,22.22
New Zealand,NZL,2020-12-26,22.22
New Zealand,NZL,2020-12-27,22.22
New Zealand,NZL,2020-12-28,22.22
New Zealand,NZL,2020-12-29,22.22
New Zealand,NZL,2020-12-30,22.22
New Zealand,NZL,2020-12-31,22.22
New Zealand,NZL,2021-01-01,22.22
New Zealand,NZL,2021-01-02,22.22
New Zealand,NZL,2021-01-03,22.22
New Zealand,NZL,2021-01-04,22.22
New Zealand,NZL,2021-01-05,22.22
New Zealand,NZL,2021-01-06,22.22
New Zealand,NZL,2021-01-07,22.22
New Zealand,NZL,2021-01-08,22.22
New Zealand,NZL,2021-01-09,22.22
New Zealand,NZL,2021-01-10,22.22
New Zealand,NZL,2021-01-11,22.22
New Zealand,NZL,2021-01-12,22.22
New Zealand,NZL,2021-01-13,22.22
New Zealand,NZL,2021-01-14,22.22
New Zealand,NZL,2021-01-15,22.22
New Zealand,NZL,2021-01-16,22.22
New Zealand,NZL,2021-01-17,22.22
New Zealand,NZL,2021-01-18,22.22
New Zealand,NZL,2021-01-19,22.22
New Zealand,NZL,2021-01-20,22.22
New Zealand,NZL,2021-01-21,22.22
New Zealand,NZL,2021-01-22,22.22
New Zealand,NZL,2021-01-23,22.22
New Zealand,NZL,2021-01-24,22.22
New Zealand,NZL,2021-01-25,22.22
New Zealand,NZL,2021-01-26,22.22
New Zealand,NZL,2021-01-27,22.22
New Zealand,NZL,2021-01-28,22.22
New Zealand,NZL,2021-01-29,22.22
New Zealand,NZL,2021-01-30,22.22
New Zealand,NZL,2021-01-31,22.22
New Zealand,NZL,2021-02-01,22.22
New Zealand,NZL,2021-02-02,22.22
New Zealand,NZL,2021-02-03,22.22
New Zealand,NZL,2021-02-04,22.22
New Zealand,NZL,2021-02-05,22.22
New Zealand,NZL,2021-02-06,22.22
New Zealand,NZL,2021-02-07,22.22
New Zealand,NZL,2021-02-08,22.22
New Zealand,NZL,2021-02-09,22.22
New Zealand,NZL,2021-02-10,22.22
New Zealand,NZL,2021-02-11,22.22
New Zealand,NZL,2021-02-12,22.22
New Zealand,NZL,2021-02-13,22.22
New Zealand,NZL,2021-02-14,22.22
New Zealand,NZL,2021-02-15,62.5
New Zealand,NZL,2021-02-16,62.5
New Zealand,NZL,2021-02-17,62.5
New Zealand,NZL,2021-02-18,39.35
New Zealand,NZL,2021-02-19,39.35
New Zealand,NZL,2021-02-20,39.35
New Zealand,NZL,2021-02-21,39.35
New Zealand,NZL,2021-02-22,39.35
New Zealand,NZL,2021-02-23,22.22
New Zealand,NZL,2021-02-24,22.22
Nicaragua,NIC,2020-01-01,0
Nicaragua,NIC,2020-01-02,0
Nicaragua,NIC,2020-01-03,0
Nicaragua,NIC,2020-01-04,0
Nicaragua,NIC,2020-01-05,0
Nicaragua,NIC,2020-01-06,0
Nicaragua,NIC,2020-01-07,0
Nicaragua,NIC,2020-01-08,0
Nicaragua,NIC,2020-01-09,0
Nicaragua,NIC,2020-01-10,0
Nicaragua,NIC,2020-01-11,0
Nicaragua,NIC,2020-01-12,0
Nicaragua,NIC,2020-01-13,0
Nicaragua,NIC,2020-01-14,0
Nicaragua,NIC,2020-01-15,0
Nicaragua,NIC,2020-01-16,0
Nicaragua,NIC,2020-01-17,0
Nicaragua,NIC,2020-01-18,0
Nicaragua,NIC,2020-01-19,0
Nicaragua,NIC,2020-01-20,0
Nicaragua,NIC,2020-01-21,0
Nicaragua,NIC,2020-01-22,0
Nicaragua,NIC,2020-01-23,0
Nicaragua,NIC,2020-01-24,0
Nicaragua,NIC,2020-01-25,0
Nicaragua,NIC,2020-01-26,0
Nicaragua,NIC,2020-01-27,0
Nicaragua,NIC,2020-01-28,0
Nicaragua,NIC,2020-01-29,0
Nicaragua,NIC,2020-01-30,0
Nicaragua,NIC,2020-01-31,0
Nicaragua,NIC,2020-02-01,0
Nicaragua,NIC,2020-02-02,0
Nicaragua,NIC,2020-02-03,0
Nicaragua,NIC,2020-02-04,0
Nicaragua,NIC,2020-02-05,0
Nicaragua,NIC,2020-02-06,0
Nicaragua,NIC,2020-02-07,0
Nicaragua,NIC,2020-02-08,0
Nicaragua,NIC,2020-02-09,0
Nicaragua,NIC,2020-02-10,0
Nicaragua,NIC,2020-02-11,0
Nicaragua,NIC,2020-02-12,0
Nicaragua,NIC,2020-02-13,0
Nicaragua,NIC,2020-02-14,0
Nicaragua,NIC,2020-02-15,0
Nicaragua,NIC,2020-02-16,0
Nicaragua,NIC,2020-02-17,0
Nicaragua,NIC,2020-02-18,0
Nicaragua,NIC,2020-02-19,0
Nicaragua,NIC,2020-02-20,0
Nicaragua,NIC,2020-02-21,2.78
Nicaragua,NIC,2020-02-22,2.78
Nicaragua,NIC,2020-02-23,2.78
Nicaragua,NIC,2020-02-24,2.78
Nicaragua,NIC,2020-02-25,8.33
Nicaragua,NIC,2020-02-26,8.33
Nicaragua,NIC,2020-02-27,8.33
Nicaragua,NIC,2020-02-28,8.33
Nicaragua,NIC,2020-02-29,8.33
Nicaragua,NIC,2020-03-01,8.33
Nicaragua,NIC,2020-03-02,8.33
Nicaragua,NIC,2020-03-03,8.33
Nicaragua,NIC,2020-03-04,8.33
Nicaragua,NIC,2020-03-05,8.33
Nicaragua,NIC,2020-03-06,8.33
Nicaragua,NIC,2020-03-07,8.33
Nicaragua,NIC,2020-03-08,8.33
Nicaragua,NIC,2020-03-09,8.33
Nicaragua,NIC,2020-03-10,8.33
Nicaragua,NIC,2020-03-11,8.33
Nicaragua,NIC,2020-03-12,8.33
Nicaragua,NIC,2020-03-13,8.33
Nicaragua,NIC,2020-03-14,8.33
Nicaragua,NIC,2020-03-15,8.33
Nicaragua,NIC,2020-03-16,8.33
Nicaragua,NIC,2020-03-17,8.33
Nicaragua,NIC,2020-03-18,8.33
Nicaragua,NIC,2020-03-19,15.74
Nicaragua,NIC,2020-03-20,15.74
Nicaragua,NIC,2020-03-21,15.74
Nicaragua,NIC,2020-03-22,15.74
Nicaragua,NIC,2020-03-23,15.74
Nicaragua,NIC,2020-03-24,15.74
Nicaragua,NIC,2020-03-25,15.74
Nicaragua,NIC,2020-03-26,15.74
Nicaragua,NIC,2020-03-27,15.74
Nicaragua,NIC,2020-03-28,15.74
Nicaragua,NIC,2020-03-29,15.74
Nicaragua,NIC,2020-03-30,15.74
Nicaragua,NIC,2020-03-31,15.74
Nicaragua,NIC,2020-04-01,15.74
Nicaragua,NIC,2020-04-02,15.74
Nicaragua,NIC,2020-04-03,15.74
Nicaragua,NIC,2020-04-04,15.74
Nicaragua,NIC,2020-04-05,15.74
Nicaragua,NIC,2020-04-06,15.74
Nicaragua,NIC,2020-04-07,15.74
Nicaragua,NIC,2020-04-08,15.74
Nicaragua,NIC,2020-04-09,15.74
Nicaragua,NIC,2020-04-10,15.74
Nicaragua,NIC,2020-04-11,15.74
Nicaragua,NIC,2020-04-12,15.74
Nicaragua,NIC,2020-04-13,15.74
Nicaragua,NIC,2020-04-14,15.74
Nicaragua,NIC,2020-04-15,24.07
Nicaragua,NIC,2020-04-16,24.07
Nicaragua,NIC,2020-04-17,24.07
Nicaragua,NIC,2020-04-18,24.07
Nicaragua,NIC,2020-04-19,24.07
Nicaragua,NIC,2020-04-20,24.07
Nicaragua,NIC,2020-04-21,24.07
Nicaragua,NIC,2020-04-22,24.07
Nicaragua,NIC,2020-04-23,24.07
Nicaragua,NIC,2020-04-24,24.07
Nicaragua,NIC,2020-04-25,24.07
Nicaragua,NIC,2020-04-26,24.07
Nicaragua,NIC,2020-04-27,24.07
Nicaragua,NIC,2020-04-28,24.07
Nicaragua,NIC,2020-04-29,24.07
Nicaragua,NIC,2020-04-30,24.07
Nicaragua,NIC,2020-05-01,24.07
Nicaragua,NIC,2020-05-02,24.07
Nicaragua,NIC,2020-05-03,24.07
Nicaragua,NIC,2020-05-04,24.07
Nicaragua,NIC,2020-05-05,24.07
Nicaragua,NIC,2020-05-06,24.07
Nicaragua,NIC,2020-05-07,18.52
Nicaragua,NIC,2020-05-08,18.52
Nicaragua,NIC,2020-05-09,18.52
Nicaragua,NIC,2020-05-10,18.52
Nicaragua,NIC,2020-05-11,18.52
Nicaragua,NIC,2020-05-12,18.52
Nicaragua,NIC,2020-05-13,18.52
Nicaragua,NIC,2020-05-14,18.52
Nicaragua,NIC,2020-05-15,18.52
Nicaragua,NIC,2020-05-16,18.52
Nicaragua,NIC,2020-05-17,18.52
Nicaragua,NIC,2020-05-18,18.52
Nicaragua,NIC,2020-05-19,18.52
Nicaragua,NIC,2020-05-20,18.52
Nicaragua,NIC,2020-05-21,18.52
Nicaragua,NIC,2020-05-22,18.52
Nicaragua,NIC,2020-05-23,18.52
Nicaragua,NIC,2020-05-24,18.52
Nicaragua,NIC,2020-05-25,18.52
Nicaragua,NIC,2020-05-26,18.52
Nicaragua,NIC,2020-05-27,18.52
Nicaragua,NIC,2020-05-28,18.52
Nicaragua,NIC,2020-05-29,18.52
Nicaragua,NIC,2020-05-30,18.52
Nicaragua,NIC,2020-05-31,18.52
Nicaragua,NIC,2020-06-01,18.52
Nicaragua,NIC,2020-06-02,18.52
Nicaragua,NIC,2020-06-03,18.52
Nicaragua,NIC,2020-06-04,18.52
Nicaragua,NIC,2020-06-05,18.52
Nicaragua,NIC,2020-06-06,18.52
Nicaragua,NIC,2020-06-07,18.52
Nicaragua,NIC,2020-06-08,18.52
Nicaragua,NIC,2020-06-09,18.52
Nicaragua,NIC,2020-06-10,18.52
Nicaragua,NIC,2020-06-11,18.52
Nicaragua,NIC,2020-06-12,18.52
Nicaragua,NIC,2020-06-13,18.52
Nicaragua,NIC,2020-06-14,18.52
Nicaragua,NIC,2020-06-15,18.52
Nicaragua,NIC,2020-06-16,18.52
Nicaragua,NIC,2020-06-17,18.52
Nicaragua,NIC,2020-06-18,18.52
Nicaragua,NIC,2020-06-19,18.52
Nicaragua,NIC,2020-06-20,18.52
Nicaragua,NIC,2020-06-21,18.52
Nicaragua,NIC,2020-06-22,18.52
Nicaragua,NIC,2020-06-23,18.52
Nicaragua,NIC,2020-06-24,18.52
Nicaragua,NIC,2020-06-25,18.52
Nicaragua,NIC,2020-06-26,18.52
Nicaragua,NIC,2020-06-27,18.52
Nicaragua,NIC,2020-06-28,18.52
Nicaragua,NIC,2020-06-29,18.52
Nicaragua,NIC,2020-06-30,18.52
Nicaragua,NIC,2020-07-01,18.52
Nicaragua,NIC,2020-07-02,18.52
Nicaragua,NIC,2020-07-03,18.52
Nicaragua,NIC,2020-07-04,18.52
Nicaragua,NIC,2020-07-05,18.52
Nicaragua,NIC,2020-07-06,22.22
Nicaragua,NIC,2020-07-07,22.22
Nicaragua,NIC,2020-07-08,22.22
Nicaragua,NIC,2020-07-09,22.22
Nicaragua,NIC,2020-07-10,22.22
Nicaragua,NIC,2020-07-11,22.22
Nicaragua,NIC,2020-07-12,22.22
Nicaragua,NIC,2020-07-13,22.22
Nicaragua,NIC,2020-07-14,20.37
Nicaragua,NIC,2020-07-15,20.37
Nicaragua,NIC,2020-07-16,20.37
Nicaragua,NIC,2020-07-17,20.37
Nicaragua,NIC,2020-07-18,20.37
Nicaragua,NIC,2020-07-19,20.37
Nicaragua,NIC,2020-07-20,20.37
Nicaragua,NIC,2020-07-21,20.37
Nicaragua,NIC,2020-07-22,20.37
Nicaragua,NIC,2020-07-23,20.37
Nicaragua,NIC,2020-07-24,20.37
Nicaragua,NIC,2020-07-25,20.37
Nicaragua,NIC,2020-07-26,20.37
Nicaragua,NIC,2020-07-27,20.37
Nicaragua,NIC,2020-07-28,20.37
Nicaragua,NIC,2020-07-29,20.37
Nicaragua,NIC,2020-07-30,20.37
Nicaragua,NIC,2020-07-31,20.37
Nicaragua,NIC,2020-08-01,20.37
Nicaragua,NIC,2020-08-02,20.37
Nicaragua,NIC,2020-08-03,20.37
Nicaragua,NIC,2020-08-04,20.37
Nicaragua,NIC,2020-08-05,20.37
Nicaragua,NIC,2020-08-06,20.37
Nicaragua,NIC,2020-08-07,20.37
Nicaragua,NIC,2020-08-08,20.37
Nicaragua,NIC,2020-08-09,20.37
Nicaragua,NIC,2020-08-10,20.37
Nicaragua,NIC,2020-08-11,20.37
Nicaragua,NIC,2020-08-12,20.37
Nicaragua,NIC,2020-08-13,20.37
Nicaragua,NIC,2020-08-14,20.37
Nicaragua,NIC,2020-08-15,20.37
Nicaragua,NIC,2020-08-16,20.37
Nicaragua,NIC,2020-08-17,20.37
Nicaragua,NIC,2020-08-18,20.37
Nicaragua,NIC,2020-08-19,20.37
Nicaragua,NIC,2020-08-20,20.37
Nicaragua,NIC,2020-08-21,20.37
Nicaragua,NIC,2020-08-22,20.37
Nicaragua,NIC,2020-08-23,20.37
Nicaragua,NIC,2020-08-24,20.37
Nicaragua,NIC,2020-08-25,20.37
Nicaragua,NIC,2020-08-26,20.37
Nicaragua,NIC,2020-08-27,20.37
Nicaragua,NIC,2020-08-28,16.67
Nicaragua,NIC,2020-08-29,16.67
Nicaragua,NIC,2020-08-30,16.67
Nicaragua,NIC,2020-08-31,16.67
Nicaragua,NIC,2020-09-01,16.67
Nicaragua,NIC,2020-09-02,16.67
Nicaragua,NIC,2020-09-03,16.67
Nicaragua,NIC,2020-09-04,16.67
Nicaragua,NIC,2020-09-05,16.67
Nicaragua,NIC,2020-09-06,16.67
Nicaragua,NIC,2020-09-07,11.11
Nicaragua,NIC,2020-09-08,11.11
Nicaragua,NIC,2020-09-09,11.11
Nicaragua,NIC,2020-09-10,11.11
Nicaragua,NIC,2020-09-11,11.11
Nicaragua,NIC,2020-09-12,11.11
Nicaragua,NIC,2020-09-13,11.11
Nicaragua,NIC,2020-09-14,11.11
Nicaragua,NIC,2020-09-15,11.11
Nicaragua,NIC,2020-09-16,11.11
Nicaragua,NIC,2020-09-17,11.11
Nicaragua,NIC,2020-09-18,11.11
Nicaragua,NIC,2020-09-19,11.11
Nicaragua,NIC,2020-09-20,11.11
Nicaragua,NIC,2020-09-21,11.11
Nicaragua,NIC,2020-09-22,11.11
Nicaragua,NIC,2020-09-23,11.11
Nicaragua,NIC,2020-09-24,11.11
Nicaragua,NIC,2020-09-25,11.11
Nicaragua,NIC,2020-09-26,11.11
Nicaragua,NIC,2020-09-27,11.11
Nicaragua,NIC,2020-09-28,11.11
Nicaragua,NIC,2020-09-29,11.11
Nicaragua,NIC,2020-09-30,11.11
Nicaragua,NIC,2020-10-01,8.33
Nicaragua,NIC,2020-10-02,8.33
Nicaragua,NIC,2020-10-03,8.33
Nicaragua,NIC,2020-10-04,8.33
Nicaragua,NIC,2020-10-05,8.33
Nicaragua,NIC,2020-10-06,8.33
Nicaragua,NIC,2020-10-07,8.33
Nicaragua,NIC,2020-10-08,8.33
Nicaragua,NIC,2020-10-09,8.33
Nicaragua,NIC,2020-10-10,8.33
Nicaragua,NIC,2020-10-11,8.33
Nicaragua,NIC,2020-10-12,8.33
Nicaragua,NIC,2020-10-13,8.33
Nicaragua,NIC,2020-10-14,8.33
Nicaragua,NIC,2020-10-15,8.33
Nicaragua,NIC,2020-10-16,8.33
Nicaragua,NIC,2020-10-17,8.33
Nicaragua,NIC,2020-10-18,8.33
Nicaragua,NIC,2020-10-19,8.33
Nicaragua,NIC,2020-10-20,8.33
Nicaragua,NIC,2020-10-21,8.33
Nicaragua,NIC,2020-10-22,8.33
Nicaragua,NIC,2020-10-23,8.33
Nicaragua,NIC,2020-10-24,8.33
Nicaragua,NIC,2020-10-25,8.33
Nicaragua,NIC,2020-10-26,8.33
Nicaragua,NIC,2020-10-27,8.33
Nicaragua,NIC,2020-10-28,8.33
Nicaragua,NIC,2020-10-29,8.33
Nicaragua,NIC,2020-10-30,8.33
Nicaragua,NIC,2020-10-31,8.33
Nicaragua,NIC,2020-11-01,8.33
Nicaragua,NIC,2020-11-02,8.33
Nicaragua,NIC,2020-11-03,8.33
Nicaragua,NIC,2020-11-04,8.33
Nicaragua,NIC,2020-11-05,8.33
Nicaragua,NIC,2020-11-06,8.33
Nicaragua,NIC,2020-11-07,8.33
Nicaragua,NIC,2020-11-08,8.33
Nicaragua,NIC,2020-11-09,8.33
Nicaragua,NIC,2020-11-10,8.33
Nicaragua,NIC,2020-11-11,8.33
Nicaragua,NIC,2020-11-12,8.33
Nicaragua,NIC,2020-11-13,8.33
Nicaragua,NIC,2020-11-14,8.33
Nicaragua,NIC,2020-11-15,8.33
Nicaragua,NIC,2020-11-16,8.33
Nicaragua,NIC,2020-11-17,8.33
Nicaragua,NIC,2020-11-18,8.33
Nicaragua,NIC,2020-11-19,8.33
Nicaragua,NIC,2020-11-20,8.33
Nicaragua,NIC,2020-11-21,8.33
Nicaragua,NIC,2020-11-22,8.33
Nicaragua,NIC,2020-11-23,8.33
Nicaragua,NIC,2020-11-24,8.33
Nicaragua,NIC,2020-11-25,8.33
Nicaragua,NIC,2020-11-26,8.33
Nicaragua,NIC,2020-11-27,8.33
Nicaragua,NIC,2020-11-28,8.33
Nicaragua,NIC,2020-11-29,8.33
Nicaragua,NIC,2020-11-30,8.33
Nicaragua,NIC,2020-12-01,8.33
Nicaragua,NIC,2020-12-02,8.33
Nicaragua,NIC,2020-12-03,8.33
Nicaragua,NIC,2020-12-04,8.33
Nicaragua,NIC,2020-12-05,8.33
Nicaragua,NIC,2020-12-06,8.33
Nicaragua,NIC,2020-12-07,8.33
Nicaragua,NIC,2020-12-08,8.33
Nicaragua,NIC,2020-12-09,8.33
Nicaragua,NIC,2020-12-10,8.33
Nicaragua,NIC,2020-12-11,8.33
Nicaragua,NIC,2020-12-12,8.33
Nicaragua,NIC,2020-12-13,8.33
Nicaragua,NIC,2020-12-14,8.33
Nicaragua,NIC,2020-12-15,8.33
Nicaragua,NIC,2020-12-16,8.33
Nicaragua,NIC,2020-12-17,8.33
Nicaragua,NIC,2020-12-18,8.33
Nicaragua,NIC,2020-12-19,8.33
Nicaragua,NIC,2020-12-20,8.33
Nicaragua,NIC,2020-12-21,8.33
Nicaragua,NIC,2020-12-22,8.33
Nicaragua,NIC,2020-12-23,8.33
Nicaragua,NIC,2020-12-24,8.33
Nicaragua,NIC,2020-12-25,8.33
Nicaragua,NIC,2020-12-26,8.33
Nicaragua,NIC,2020-12-27,8.33
Nicaragua,NIC,2020-12-28,8.33
Nicaragua,NIC,2020-12-29,8.33
Nicaragua,NIC,2020-12-30,8.33
Nicaragua,NIC,2020-12-31,8.33
Nicaragua,NIC,2021-01-01,8.33
Nicaragua,NIC,2021-01-02,8.33
Nicaragua,NIC,2021-01-03,8.33
Nicaragua,NIC,2021-01-04,8.33
Nicaragua,NIC,2021-01-05,8.33
Nicaragua,NIC,2021-01-06,8.33
Nicaragua,NIC,2021-01-07,8.33
Nicaragua,NIC,2021-01-08,8.33
Nicaragua,NIC,2021-01-09,8.33
Nicaragua,NIC,2021-01-10,8.33
Nicaragua,NIC,2021-01-11,8.33
Nicaragua,NIC,2021-01-12,8.33
Nicaragua,NIC,2021-01-13,8.33
Nicaragua,NIC,2021-01-14,8.33
Nicaragua,NIC,2021-01-15,8.33
Nicaragua,NIC,2021-01-16,8.33
Nicaragua,NIC,2021-01-17,8.33
Nicaragua,NIC,2021-01-18,8.33
Nicaragua,NIC,2021-01-19,8.33
Nicaragua,NIC,2021-01-20,8.33
Nicaragua,NIC,2021-01-21,8.33
Nicaragua,NIC,2021-01-22,8.33
Nicaragua,NIC,2021-01-23,8.33
Nicaragua,NIC,2021-01-24,8.33
Nicaragua,NIC,2021-01-25,8.33
Nicaragua,NIC,2021-01-26,8.33
Nicaragua,NIC,2021-01-27,8.33
Nicaragua,NIC,2021-01-28,8.33
Nicaragua,NIC,2021-01-29,8.33
Nicaragua,NIC,2021-01-30,8.33
Nicaragua,NIC,2021-01-31,8.33
Nicaragua,NIC,2021-02-01,8.33
Nicaragua,NIC,2021-02-02,8.33
Nicaragua,NIC,2021-02-03,8.33
Nicaragua,NIC,2021-02-04,8.33
Nicaragua,NIC,2021-02-05,8.33
Nicaragua,NIC,2021-02-06,8.33
Nicaragua,NIC,2021-02-07,8.33
Nicaragua,NIC,2021-02-08,8.33
Nicaragua,NIC,2021-02-09,8.33
Nicaragua,NIC,2021-02-10,8.33
Nicaragua,NIC,2021-02-11,8.33
Nicaragua,NIC,2021-02-12,8.33
Nicaragua,NIC,2021-02-13,8.33
Nicaragua,NIC,2021-02-14,8.33
Nicaragua,NIC,2021-02-15,8.33
Nicaragua,NIC,2021-02-16,8.33
Nicaragua,NIC,2021-02-17,8.33
Nicaragua,NIC,2021-02-18,8.33
Nicaragua,NIC,2021-02-19,8.33
Nicaragua,NIC,2021-02-20,8.33
Nicaragua,NIC,2021-02-21,8.33
Nicaragua,NIC,2021-02-22,8.33
Nicaragua,NIC,2021-02-23,8.33
Nicaragua,NIC,2021-02-24,8.33
Nicaragua,NIC,2021-02-25,8.33
Nicaragua,NIC,2021-02-26,8.33
Nicaragua,NIC,2021-02-27,8.33
Nicaragua,NIC,2021-02-28,8.33
Nicaragua,NIC,2021-03-01,8.33
Nicaragua,NIC,2021-03-02,8.33
Nicaragua,NIC,2021-03-03,8.33
Nicaragua,NIC,2021-03-04,8.33
Nicaragua,NIC,2021-03-05,8.33
Nicaragua,NIC,2021-03-06,8.33
Nicaragua,NIC,2021-03-07,8.33
Nicaragua,NIC,2021-03-08,8.33
Niger,NER,2020-01-01,0
Niger,NER,2020-01-02,0
Niger,NER,2020-01-03,0
Niger,NER,2020-01-04,0
Niger,NER,2020-01-05,0
Niger,NER,2020-01-06,0
Niger,NER,2020-01-07,0
Niger,NER,2020-01-08,0
Niger,NER,2020-01-09,0
Niger,NER,2020-01-10,0
Niger,NER,2020-01-11,0
Niger,NER,2020-01-12,0
Niger,NER,2020-01-13,0
Niger,NER,2020-01-14,0
Niger,NER,2020-01-15,0
Niger,NER,2020-01-16,0
Niger,NER,2020-01-17,0
Niger,NER,2020-01-18,0
Niger,NER,2020-01-19,0
Niger,NER,2020-01-20,0
Niger,NER,2020-01-21,0
Niger,NER,2020-01-22,0
Niger,NER,2020-01-23,0
Niger,NER,2020-01-24,0
Niger,NER,2020-01-25,0
Niger,NER,2020-01-26,0
Niger,NER,2020-01-27,0
Niger,NER,2020-01-28,0
Niger,NER,2020-01-29,0
Niger,NER,2020-01-30,0
Niger,NER,2020-01-31,0
Niger,NER,2020-02-01,0
Niger,NER,2020-02-02,0
Niger,NER,2020-02-03,0
Niger,NER,2020-02-04,0
Niger,NER,2020-02-05,0
Niger,NER,2020-02-06,0
Niger,NER,2020-02-07,0
Niger,NER,2020-02-08,0
Niger,NER,2020-02-09,0
Niger,NER,2020-02-10,0
Niger,NER,2020-02-11,0
Niger,NER,2020-02-12,0
Niger,NER,2020-02-13,0
Niger,NER,2020-02-14,0
Niger,NER,2020-02-15,0
Niger,NER,2020-02-16,0
Niger,NER,2020-02-17,0
Niger,NER,2020-02-18,0
Niger,NER,2020-02-19,0
Niger,NER,2020-02-20,0
Niger,NER,2020-02-21,0
Niger,NER,2020-02-22,0
Niger,NER,2020-02-23,0
Niger,NER,2020-02-24,0
Niger,NER,2020-02-25,0
Niger,NER,2020-02-26,0
Niger,NER,2020-02-27,0
Niger,NER,2020-02-28,0
Niger,NER,2020-02-29,0
Niger,NER,2020-03-01,0
Niger,NER,2020-03-02,0
Niger,NER,2020-03-03,0
Niger,NER,2020-03-04,0
Niger,NER,2020-03-05,0
Niger,NER,2020-03-06,0
Niger,NER,2020-03-07,0
Niger,NER,2020-03-08,0
Niger,NER,2020-03-09,0
Niger,NER,2020-03-10,0
Niger,NER,2020-03-11,0
Niger,NER,2020-03-12,0
Niger,NER,2020-03-13,13.89
Niger,NER,2020-03-14,13.89
Niger,NER,2020-03-15,13.89
Niger,NER,2020-03-16,13.89
Niger,NER,2020-03-17,25
Niger,NER,2020-03-18,25
Niger,NER,2020-03-19,41.67
Niger,NER,2020-03-20,52.78
Niger,NER,2020-03-21,52.78
Niger,NER,2020-03-22,52.78
Niger,NER,2020-03-23,52.78
Niger,NER,2020-03-24,52.78
Niger,NER,2020-03-25,52.78
Niger,NER,2020-03-26,52.78
Niger,NER,2020-03-27,52.78
Niger,NER,2020-03-28,61.11
Niger,NER,2020-03-29,61.11
Niger,NER,2020-03-30,61.11
Niger,NER,2020-03-31,61.11
Niger,NER,2020-04-01,61.11
Niger,NER,2020-04-02,61.11
Niger,NER,2020-04-03,61.11
Niger,NER,2020-04-04,61.11
Niger,NER,2020-04-05,61.11
Niger,NER,2020-04-06,61.11
Niger,NER,2020-04-07,61.11
Niger,NER,2020-04-08,61.11
Niger,NER,2020-04-09,61.11
Niger,NER,2020-04-10,61.11
Niger,NER,2020-04-11,61.11
Niger,NER,2020-04-12,61.11
Niger,NER,2020-04-13,61.11
Niger,NER,2020-04-14,61.11
Niger,NER,2020-04-15,61.11
Niger,NER,2020-04-16,61.11
Niger,NER,2020-04-17,61.11
Niger,NER,2020-04-18,61.11
Niger,NER,2020-04-19,61.11
Niger,NER,2020-04-20,61.11
Niger,NER,2020-04-21,61.11
Niger,NER,2020-04-22,61.11
Niger,NER,2020-04-23,61.11
Niger,NER,2020-04-24,61.11
Niger,NER,2020-04-25,61.11
Niger,NER,2020-04-26,61.11
Niger,NER,2020-04-27,61.11
Niger,NER,2020-04-28,61.11
Niger,NER,2020-04-29,61.11
Niger,NER,2020-04-30,61.11
Niger,NER,2020-05-01,61.11
Niger,NER,2020-05-02,61.11
Niger,NER,2020-05-03,61.11
Niger,NER,2020-05-04,61.11
Niger,NER,2020-05-05,61.11
Niger,NER,2020-05-06,61.11
Niger,NER,2020-05-07,61.11
Niger,NER,2020-05-08,61.11
Niger,NER,2020-05-09,61.11
Niger,NER,2020-05-10,61.11
Niger,NER,2020-05-11,61.11
Niger,NER,2020-05-12,61.11
Niger,NER,2020-05-13,33.33
Niger,NER,2020-05-14,33.33
Niger,NER,2020-05-15,33.33
Niger,NER,2020-05-16,33.33
Niger,NER,2020-05-17,33.33
Niger,NER,2020-05-18,33.33
Niger,NER,2020-05-19,33.33
Niger,NER,2020-05-20,33.33
Niger,NER,2020-05-21,33.33
Niger,NER,2020-05-22,33.33
Niger,NER,2020-05-23,33.33
Niger,NER,2020-05-24,33.33
Niger,NER,2020-05-25,33.33
Niger,NER,2020-05-26,33.33
Niger,NER,2020-05-27,33.33
Niger,NER,2020-05-28,33.33
Niger,NER,2020-05-29,33.33
Niger,NER,2020-05-30,33.33
Niger,NER,2020-05-31,33.33
Niger,NER,2020-06-01,25.93
Niger,NER,2020-06-02,25.93
Niger,NER,2020-06-03,25.93
Niger,NER,2020-06-04,25.93
Niger,NER,2020-06-05,25.93
Niger,NER,2020-06-06,25.93
Niger,NER,2020-06-07,25.93
Niger,NER,2020-06-08,25.93
Niger,NER,2020-06-09,25.93
Niger,NER,2020-06-10,25.93
Niger,NER,2020-06-11,25.93
Niger,NER,2020-06-12,25.93
Niger,NER,2020-06-13,25.93
Niger,NER,2020-06-14,25.93
Niger,NER,2020-06-15,25.93
Niger,NER,2020-06-16,25.93
Niger,NER,2020-06-17,25.93
Niger,NER,2020-06-18,25.93
Niger,NER,2020-06-19,25.93
Niger,NER,2020-06-20,25.93
Niger,NER,2020-06-21,25.93
Niger,NER,2020-06-22,25.93
Niger,NER,2020-06-23,25.93
Niger,NER,2020-06-24,25.93
Niger,NER,2020-06-25,25.93
Niger,NER,2020-06-26,25.93
Niger,NER,2020-06-27,25.93
Niger,NER,2020-06-28,25.93
Niger,NER,2020-06-29,25.93
Niger,NER,2020-06-30,25.93
Niger,NER,2020-07-01,25.93
Niger,NER,2020-07-02,25.93
Niger,NER,2020-07-03,25.93
Niger,NER,2020-07-04,25.93
Niger,NER,2020-07-05,25.93
Niger,NER,2020-07-06,25.93
Niger,NER,2020-07-07,25.93
Niger,NER,2020-07-08,25.93
Niger,NER,2020-07-09,25.93
Niger,NER,2020-07-10,25.93
Niger,NER,2020-07-11,25.93
Niger,NER,2020-07-12,25.93
Niger,NER,2020-07-13,25.93
Niger,NER,2020-07-14,25.93
Niger,NER,2020-07-15,25.93
Niger,NER,2020-07-16,25.93
Niger,NER,2020-07-17,25.93
Niger,NER,2020-07-18,25.93
Niger,NER,2020-07-19,25.93
Niger,NER,2020-07-20,25.93
Niger,NER,2020-07-21,25.93
Niger,NER,2020-07-22,25.93
Niger,NER,2020-07-23,25.93
Niger,NER,2020-07-24,25.93
Niger,NER,2020-07-25,25.93
Niger,NER,2020-07-26,25.93
Niger,NER,2020-07-27,25.93
Niger,NER,2020-07-28,25.93
Niger,NER,2020-07-29,25.93
Niger,NER,2020-07-30,25.93
Niger,NER,2020-07-31,25.93
Niger,NER,2020-08-01,25.93
Niger,NER,2020-08-02,25.93
Niger,NER,2020-08-03,25.93
Niger,NER,2020-08-04,25.93
Niger,NER,2020-08-05,25.93
Niger,NER,2020-08-06,25.93
Niger,NER,2020-08-07,25.93
Niger,NER,2020-08-08,17.59
Niger,NER,2020-08-09,17.59
Niger,NER,2020-08-10,17.59
Niger,NER,2020-08-11,17.59
Niger,NER,2020-08-12,17.59
Niger,NER,2020-08-13,17.59
Niger,NER,2020-08-14,17.59
Niger,NER,2020-08-15,17.59
Niger,NER,2020-08-16,17.59
Niger,NER,2020-08-17,17.59
Niger,NER,2020-08-18,17.59
Niger,NER,2020-08-19,17.59
Niger,NER,2020-08-20,17.59
Niger,NER,2020-08-21,17.59
Niger,NER,2020-08-22,17.59
Niger,NER,2020-08-23,17.59
Niger,NER,2020-08-24,17.59
Niger,NER,2020-08-25,17.59
Niger,NER,2020-08-26,17.59
Niger,NER,2020-08-27,17.59
Niger,NER,2020-08-28,17.59
Niger,NER,2020-08-29,17.59
Niger,NER,2020-08-30,17.59
Niger,NER,2020-08-31,17.59
Niger,NER,2020-09-01,17.59
Niger,NER,2020-09-02,17.59
Niger,NER,2020-09-03,17.59
Niger,NER,2020-09-04,17.59
Niger,NER,2020-09-05,17.59
Niger,NER,2020-09-06,14.81
Niger,NER,2020-09-07,14.81
Niger,NER,2020-09-08,14.81
Niger,NER,2020-09-09,14.81
Niger,NER,2020-09-10,14.81
Niger,NER,2020-09-11,14.81
Niger,NER,2020-09-12,14.81
Niger,NER,2020-09-13,14.81
Niger,NER,2020-09-14,14.81
Niger,NER,2020-09-15,14.81
Niger,NER,2020-09-16,14.81
Niger,NER,2020-09-17,14.81
Niger,NER,2020-09-18,14.81
Niger,NER,2020-09-19,14.81
Niger,NER,2020-09-20,14.81
Niger,NER,2020-09-21,14.81
Niger,NER,2020-09-22,14.81
Niger,NER,2020-09-23,14.81
Niger,NER,2020-09-24,14.81
Niger,NER,2020-09-25,14.81
Niger,NER,2020-09-26,14.81
Niger,NER,2020-09-27,14.81
Niger,NER,2020-09-28,14.81
Niger,NER,2020-09-29,14.81
Niger,NER,2020-09-30,14.81
Niger,NER,2020-10-01,14.81
Niger,NER,2020-10-02,23.15
Niger,NER,2020-10-03,21.3
Niger,NER,2020-10-04,21.3
Niger,NER,2020-10-05,21.3
Niger,NER,2020-10-06,21.3
Niger,NER,2020-10-07,21.3
Niger,NER,2020-10-08,21.3
Niger,NER,2020-10-09,21.3
Niger,NER,2020-10-10,21.3
Niger,NER,2020-10-11,21.3
Niger,NER,2020-10-12,21.3
Niger,NER,2020-10-13,12.04
Niger,NER,2020-10-14,12.04
Niger,NER,2020-10-15,12.04
Niger,NER,2020-10-16,12.04
Niger,NER,2020-10-17,12.04
Niger,NER,2020-10-18,12.04
Niger,NER,2020-10-19,12.04
Niger,NER,2020-10-20,12.04
Niger,NER,2020-10-21,12.04
Niger,NER,2020-10-22,14.81
Niger,NER,2020-10-23,14.81
Niger,NER,2020-10-24,14.81
Niger,NER,2020-10-25,14.81
Niger,NER,2020-10-26,14.81
Niger,NER,2020-10-27,14.81
Niger,NER,2020-10-28,14.81
Niger,NER,2020-10-29,14.81
Niger,NER,2020-10-30,14.81
Niger,NER,2020-10-31,14.81
Niger,NER,2020-11-01,14.81
Niger,NER,2020-11-02,24.07
Niger,NER,2020-11-03,24.07
Niger,NER,2020-11-04,24.07
Niger,NER,2020-11-05,24.07
Niger,NER,2020-11-06,24.07
Niger,NER,2020-11-07,24.07
Niger,NER,2020-11-08,24.07
Niger,NER,2020-11-09,24.07
Niger,NER,2020-11-10,24.07
Niger,NER,2020-11-11,24.07
Niger,NER,2020-11-12,24.07
Niger,NER,2020-11-13,24.07
Niger,NER,2020-11-14,24.07
Niger,NER,2020-11-15,24.07
Niger,NER,2020-11-16,24.07
Niger,NER,2020-11-17,24.07
Niger,NER,2020-11-18,24.07
Niger,NER,2020-11-19,24.07
Niger,NER,2020-11-20,24.07
Niger,NER,2020-11-21,24.07
Niger,NER,2020-11-22,24.07
Niger,NER,2020-11-23,24.07
Niger,NER,2020-11-24,24.07
Niger,NER,2020-11-25,24.07
Niger,NER,2020-11-26,24.07
Niger,NER,2020-11-27,24.07
Niger,NER,2020-11-28,24.07
Niger,NER,2020-11-29,24.07
Niger,NER,2020-11-30,24.07
Niger,NER,2020-12-01,24.07
Niger,NER,2020-12-02,24.07
Niger,NER,2020-12-03,24.07
Niger,NER,2020-12-04,24.07
Niger,NER,2020-12-05,24.07
Niger,NER,2020-12-06,24.07
Niger,NER,2020-12-07,24.07
Niger,NER,2020-12-08,24.07
Niger,NER,2020-12-09,24.07
Niger,NER,2020-12-10,24.07
Niger,NER,2020-12-11,24.07
Niger,NER,2020-12-12,24.07
Niger,NER,2020-12-13,24.07
Niger,NER,2020-12-14,24.07
Niger,NER,2020-12-15,31.48
Niger,NER,2020-12-16,31.48
Niger,NER,2020-12-17,31.48
Niger,NER,2020-12-18,31.48
Niger,NER,2020-12-19,31.48
Niger,NER,2020-12-20,31.48
Niger,NER,2020-12-21,31.48
Niger,NER,2020-12-22,31.48
Niger,NER,2020-12-23,31.48
Niger,NER,2020-12-24,31.48
Niger,NER,2020-12-25,31.48
Niger,NER,2020-12-26,31.48
Niger,NER,2020-12-27,31.48
Niger,NER,2020-12-28,31.48
Niger,NER,2020-12-29,31.48
Niger,NER,2020-12-30,31.48
Niger,NER,2020-12-31,31.48
Niger,NER,2021-01-01,31.48
Niger,NER,2021-01-02,31.48
Niger,NER,2021-01-03,31.48
Niger,NER,2021-01-04,31.48
Niger,NER,2021-01-05,31.48
Niger,NER,2021-01-06,31.48
Niger,NER,2021-01-07,31.48
Niger,NER,2021-01-08,31.48
Niger,NER,2021-01-09,31.48
Niger,NER,2021-01-10,31.48
Niger,NER,2021-01-11,31.48
Niger,NER,2021-01-12,31.48
Niger,NER,2021-01-13,31.48
Niger,NER,2021-01-14,31.48
Niger,NER,2021-01-15,31.48
Niger,NER,2021-01-16,31.48
Niger,NER,2021-01-17,31.48
Niger,NER,2021-01-18,31.48
Niger,NER,2021-01-19,31.48
Niger,NER,2021-01-20,31.48
Niger,NER,2021-01-21,31.48
Niger,NER,2021-01-22,31.48
Niger,NER,2021-01-23,31.48
Niger,NER,2021-01-24,31.48
Niger,NER,2021-01-25,31.48
Niger,NER,2021-01-26,31.48
Niger,NER,2021-01-27,31.48
Niger,NER,2021-01-28,31.48
Niger,NER,2021-01-29,31.48
Niger,NER,2021-01-30,31.48
Niger,NER,2021-01-31,31.48
Niger,NER,2021-02-01,31.48
Niger,NER,2021-02-02,28.7
Niger,NER,2021-02-03,28.7
Niger,NER,2021-02-04,28.7
Niger,NER,2021-02-05,28.7
Niger,NER,2021-02-06,28.7
Niger,NER,2021-02-07,28.7
Niger,NER,2021-02-08,28.7
Niger,NER,2021-02-09,34.26
Niger,NER,2021-02-10,34.26
Niger,NER,2021-02-11,34.26
Niger,NER,2021-02-12,34.26
Niger,NER,2021-02-13,34.26
Niger,NER,2021-02-14,34.26
Niger,NER,2021-02-15,34.26
Niger,NER,2021-02-16,34.26
Niger,NER,2021-02-17,34.26
Niger,NER,2021-02-18,34.26
Niger,NER,2021-02-19,34.26
Niger,NER,2021-02-20,34.26
Niger,NER,2021-02-21,34.26
Niger,NER,2021-02-22,34.26
Niger,NER,2021-02-23,34.26
Niger,NER,2021-02-24,34.26
Niger,NER,2021-02-25,34.26
Niger,NER,2021-02-26,34.26
Niger,NER,2021-02-27,34.26
Niger,NER,2021-02-28,34.26
Niger,NER,2021-03-01,34.26
Niger,NER,2021-03-02,34.26
Niger,NER,2021-03-03,34.26
Niger,NER,2021-03-04,34.26
Niger,NER,2021-03-05,34.26
Niger,NER,2021-03-06,34.26
Niger,NER,2021-03-07,34.26
Niger,NER,2021-03-08,34.26
Nigeria,NGA,2020-01-01,0
Nigeria,NGA,2020-01-02,0
Nigeria,NGA,2020-01-03,0
Nigeria,NGA,2020-01-04,0
Nigeria,NGA,2020-01-05,0
Nigeria,NGA,2020-01-06,0
Nigeria,NGA,2020-01-07,0
Nigeria,NGA,2020-01-08,0
Nigeria,NGA,2020-01-09,0
Nigeria,NGA,2020-01-10,0
Nigeria,NGA,2020-01-11,0
Nigeria,NGA,2020-01-12,0
Nigeria,NGA,2020-01-13,0
Nigeria,NGA,2020-01-14,0
Nigeria,NGA,2020-01-15,0
Nigeria,NGA,2020-01-16,0
Nigeria,NGA,2020-01-17,0
Nigeria,NGA,2020-01-18,0
Nigeria,NGA,2020-01-19,0
Nigeria,NGA,2020-01-20,0
Nigeria,NGA,2020-01-21,0
Nigeria,NGA,2020-01-22,5.56
Nigeria,NGA,2020-01-23,5.56
Nigeria,NGA,2020-01-24,5.56
Nigeria,NGA,2020-01-25,5.56
Nigeria,NGA,2020-01-26,5.56
Nigeria,NGA,2020-01-27,5.56
Nigeria,NGA,2020-01-28,5.56
Nigeria,NGA,2020-01-29,5.56
Nigeria,NGA,2020-01-30,5.56
Nigeria,NGA,2020-01-31,11.11
Nigeria,NGA,2020-02-01,11.11
Nigeria,NGA,2020-02-02,11.11
Nigeria,NGA,2020-02-03,11.11
Nigeria,NGA,2020-02-04,11.11
Nigeria,NGA,2020-02-05,11.11
Nigeria,NGA,2020-02-06,11.11
Nigeria,NGA,2020-02-07,11.11
Nigeria,NGA,2020-02-08,11.11
Nigeria,NGA,2020-02-09,11.11
Nigeria,NGA,2020-02-10,11.11
Nigeria,NGA,2020-02-11,11.11
Nigeria,NGA,2020-02-12,11.11
Nigeria,NGA,2020-02-13,11.11
Nigeria,NGA,2020-02-14,11.11
Nigeria,NGA,2020-02-15,11.11
Nigeria,NGA,2020-02-16,11.11
Nigeria,NGA,2020-02-17,11.11
Nigeria,NGA,2020-02-18,11.11
Nigeria,NGA,2020-02-19,11.11
Nigeria,NGA,2020-02-20,11.11
Nigeria,NGA,2020-02-21,11.11
Nigeria,NGA,2020-02-22,11.11
Nigeria,NGA,2020-02-23,11.11
Nigeria,NGA,2020-02-24,11.11
Nigeria,NGA,2020-02-25,11.11
Nigeria,NGA,2020-02-26,11.11
Nigeria,NGA,2020-02-27,11.11
Nigeria,NGA,2020-02-28,11.11
Nigeria,NGA,2020-02-29,11.11
Nigeria,NGA,2020-03-01,11.11
Nigeria,NGA,2020-03-02,11.11
Nigeria,NGA,2020-03-03,11.11
Nigeria,NGA,2020-03-04,11.11
Nigeria,NGA,2020-03-05,11.11
Nigeria,NGA,2020-03-06,11.11
Nigeria,NGA,2020-03-07,11.11
Nigeria,NGA,2020-03-08,11.11
Nigeria,NGA,2020-03-09,11.11
Nigeria,NGA,2020-03-10,11.11
Nigeria,NGA,2020-03-11,11.11
Nigeria,NGA,2020-03-12,11.11
Nigeria,NGA,2020-03-13,11.11
Nigeria,NGA,2020-03-14,11.11
Nigeria,NGA,2020-03-15,11.11
Nigeria,NGA,2020-03-16,11.11
Nigeria,NGA,2020-03-17,11.11
Nigeria,NGA,2020-03-18,25.46
Nigeria,NGA,2020-03-19,25.46
Nigeria,NGA,2020-03-20,33.8
Nigeria,NGA,2020-03-21,33.8
Nigeria,NGA,2020-03-22,33.8
Nigeria,NGA,2020-03-23,48.61
Nigeria,NGA,2020-03-24,48.61
Nigeria,NGA,2020-03-25,48.61
Nigeria,NGA,2020-03-26,52.31
Nigeria,NGA,2020-03-27,52.31
Nigeria,NGA,2020-03-28,55.09
Nigeria,NGA,2020-03-29,82.87
Nigeria,NGA,2020-03-30,82.87
Nigeria,NGA,2020-03-31,82.87
Nigeria,NGA,2020-04-01,82.87
Nigeria,NGA,2020-04-02,82.87
Nigeria,NGA,2020-04-03,82.87
Nigeria,NGA,2020-04-04,82.87
Nigeria,NGA,2020-04-05,82.87
Nigeria,NGA,2020-04-06,82.87
Nigeria,NGA,2020-04-07,82.87
Nigeria,NGA,2020-04-08,82.87
Nigeria,NGA,2020-04-09,82.87
Nigeria,NGA,2020-04-10,82.87
Nigeria,NGA,2020-04-11,82.87
Nigeria,NGA,2020-04-12,82.87
Nigeria,NGA,2020-04-13,82.87
Nigeria,NGA,2020-04-14,82.87
Nigeria,NGA,2020-04-15,82.87
Nigeria,NGA,2020-04-16,82.87
Nigeria,NGA,2020-04-17,82.87
Nigeria,NGA,2020-04-18,82.87
Nigeria,NGA,2020-04-19,82.87
Nigeria,NGA,2020-04-20,82.87
Nigeria,NGA,2020-04-21,82.87
Nigeria,NGA,2020-04-22,82.87
Nigeria,NGA,2020-04-23,85.65
Nigeria,NGA,2020-04-24,85.65
Nigeria,NGA,2020-04-25,85.65
Nigeria,NGA,2020-04-26,85.65
Nigeria,NGA,2020-04-27,85.65
Nigeria,NGA,2020-04-28,85.65
Nigeria,NGA,2020-04-29,85.65
Nigeria,NGA,2020-04-30,85.65
Nigeria,NGA,2020-05-01,85.65
Nigeria,NGA,2020-05-02,85.65
Nigeria,NGA,2020-05-03,85.65
Nigeria,NGA,2020-05-04,84.26
Nigeria,NGA,2020-05-05,84.26
Nigeria,NGA,2020-05-06,84.26
Nigeria,NGA,2020-05-07,84.26
Nigeria,NGA,2020-05-08,84.26
Nigeria,NGA,2020-05-09,84.26
Nigeria,NGA,2020-05-10,84.26
Nigeria,NGA,2020-05-11,84.26
Nigeria,NGA,2020-05-12,84.26
Nigeria,NGA,2020-05-13,84.26
Nigeria,NGA,2020-05-14,84.26
Nigeria,NGA,2020-05-15,84.26
Nigeria,NGA,2020-05-16,84.26
Nigeria,NGA,2020-05-17,84.26
Nigeria,NGA,2020-05-18,84.26
Nigeria,NGA,2020-05-19,84.26
Nigeria,NGA,2020-05-20,84.26
Nigeria,NGA,2020-05-21,84.26
Nigeria,NGA,2020-05-22,84.26
Nigeria,NGA,2020-05-23,84.26
Nigeria,NGA,2020-05-24,84.26
Nigeria,NGA,2020-05-25,84.26
Nigeria,NGA,2020-05-26,84.26
Nigeria,NGA,2020-05-27,84.26
Nigeria,NGA,2020-05-28,84.26
Nigeria,NGA,2020-05-29,84.26
Nigeria,NGA,2020-05-30,84.26
Nigeria,NGA,2020-05-31,84.26
Nigeria,NGA,2020-06-01,84.26
Nigeria,NGA,2020-06-02,84.26
Nigeria,NGA,2020-06-03,84.26
Nigeria,NGA,2020-06-04,84.26
Nigeria,NGA,2020-06-05,84.26
Nigeria,NGA,2020-06-06,84.26
Nigeria,NGA,2020-06-07,84.26
Nigeria,NGA,2020-06-08,84.26
Nigeria,NGA,2020-06-09,84.26
Nigeria,NGA,2020-06-10,84.26
Nigeria,NGA,2020-06-11,84.26
Nigeria,NGA,2020-06-12,84.26
Nigeria,NGA,2020-06-13,84.26
Nigeria,NGA,2020-06-14,84.26
Nigeria,NGA,2020-06-15,84.26
Nigeria,NGA,2020-06-16,80.09
Nigeria,NGA,2020-06-17,80.09
Nigeria,NGA,2020-06-18,80.09
Nigeria,NGA,2020-06-19,80.09
Nigeria,NGA,2020-06-20,80.09
Nigeria,NGA,2020-06-21,80.09
Nigeria,NGA,2020-06-22,80.09
Nigeria,NGA,2020-06-23,80.09
Nigeria,NGA,2020-06-24,80.09
Nigeria,NGA,2020-06-25,80.09
Nigeria,NGA,2020-06-26,80.09
Nigeria,NGA,2020-06-27,80.09
Nigeria,NGA,2020-06-28,80.09
Nigeria,NGA,2020-06-29,80.09
Nigeria,NGA,2020-06-30,80.09
Nigeria,NGA,2020-07-01,71.76
Nigeria,NGA,2020-07-02,71.76
Nigeria,NGA,2020-07-03,71.76
Nigeria,NGA,2020-07-04,71.76
Nigeria,NGA,2020-07-05,71.76
Nigeria,NGA,2020-07-06,71.76
Nigeria,NGA,2020-07-07,71.76
Nigeria,NGA,2020-07-08,71.76
Nigeria,NGA,2020-07-09,71.76
Nigeria,NGA,2020-07-10,71.76
Nigeria,NGA,2020-07-11,71.76
Nigeria,NGA,2020-07-12,71.76
Nigeria,NGA,2020-07-13,71.76
Nigeria,NGA,2020-07-14,71.76
Nigeria,NGA,2020-07-15,71.76
Nigeria,NGA,2020-07-16,71.76
Nigeria,NGA,2020-07-17,71.76
Nigeria,NGA,2020-07-18,71.76
Nigeria,NGA,2020-07-19,71.76
Nigeria,NGA,2020-07-20,71.76
Nigeria,NGA,2020-07-21,71.76
Nigeria,NGA,2020-07-22,71.76
Nigeria,NGA,2020-07-23,71.76
Nigeria,NGA,2020-07-24,71.76
Nigeria,NGA,2020-07-25,71.76
Nigeria,NGA,2020-07-26,71.76
Nigeria,NGA,2020-07-27,71.76
Nigeria,NGA,2020-07-28,71.76
Nigeria,NGA,2020-07-29,71.76
Nigeria,NGA,2020-07-30,71.76
Nigeria,NGA,2020-07-31,73.15
Nigeria,NGA,2020-08-01,73.15
Nigeria,NGA,2020-08-02,73.15
Nigeria,NGA,2020-08-03,73.15
Nigeria,NGA,2020-08-04,69.44
Nigeria,NGA,2020-08-05,69.44
Nigeria,NGA,2020-08-06,69.44
Nigeria,NGA,2020-08-07,69.44
Nigeria,NGA,2020-08-08,69.44
Nigeria,NGA,2020-08-09,69.44
Nigeria,NGA,2020-08-10,69.44
Nigeria,NGA,2020-08-11,69.44
Nigeria,NGA,2020-08-12,69.44
Nigeria,NGA,2020-08-13,69.44
Nigeria,NGA,2020-08-14,65.74
Nigeria,NGA,2020-08-15,65.74
Nigeria,NGA,2020-08-16,65.74
Nigeria,NGA,2020-08-17,65.74
Nigeria,NGA,2020-08-18,65.74
Nigeria,NGA,2020-08-19,65.74
Nigeria,NGA,2020-08-20,65.74
Nigeria,NGA,2020-08-21,65.74
Nigeria,NGA,2020-08-22,65.74
Nigeria,NGA,2020-08-23,65.74
Nigeria,NGA,2020-08-24,65.74
Nigeria,NGA,2020-08-25,65.74
Nigeria,NGA,2020-08-26,65.74
Nigeria,NGA,2020-08-27,65.74
Nigeria,NGA,2020-08-28,65.74
Nigeria,NGA,2020-08-29,65.74
Nigeria,NGA,2020-08-30,65.74
Nigeria,NGA,2020-08-31,65.74
Nigeria,NGA,2020-09-01,65.74
Nigeria,NGA,2020-09-02,65.74
Nigeria,NGA,2020-09-03,65.74
Nigeria,NGA,2020-09-04,65.74
Nigeria,NGA,2020-09-05,65.74
Nigeria,NGA,2020-09-06,65.74
Nigeria,NGA,2020-09-07,65.74
Nigeria,NGA,2020-09-08,65.74
Nigeria,NGA,2020-09-09,65.74
Nigeria,NGA,2020-09-10,65.74
Nigeria,NGA,2020-09-11,60.19
Nigeria,NGA,2020-09-12,60.19
Nigeria,NGA,2020-09-13,60.19
Nigeria,NGA,2020-09-14,60.19
Nigeria,NGA,2020-09-15,60.19
Nigeria,NGA,2020-09-16,60.19
Nigeria,NGA,2020-09-17,60.19
Nigeria,NGA,2020-09-18,60.19
Nigeria,NGA,2020-09-19,60.19
Nigeria,NGA,2020-09-20,60.19
Nigeria,NGA,2020-09-21,60.19
Nigeria,NGA,2020-09-22,60.19
Nigeria,NGA,2020-09-23,60.19
Nigeria,NGA,2020-09-24,60.19
Nigeria,NGA,2020-09-25,54.63
Nigeria,NGA,2020-09-26,54.63
Nigeria,NGA,2020-09-27,54.63
Nigeria,NGA,2020-09-28,54.63
Nigeria,NGA,2020-09-29,54.63
Nigeria,NGA,2020-09-30,54.63
Nigeria,NGA,2020-10-01,54.63
Nigeria,NGA,2020-10-02,54.63
Nigeria,NGA,2020-10-03,54.63
Nigeria,NGA,2020-10-04,54.63
Nigeria,NGA,2020-10-05,54.63
Nigeria,NGA,2020-10-06,54.63
Nigeria,NGA,2020-10-07,54.63
Nigeria,NGA,2020-10-08,54.63
Nigeria,NGA,2020-10-09,54.63
Nigeria,NGA,2020-10-10,54.63
Nigeria,NGA,2020-10-11,54.63
Nigeria,NGA,2020-10-12,50.93
Nigeria,NGA,2020-10-13,50.93
Nigeria,NGA,2020-10-14,50.93
Nigeria,NGA,2020-10-15,50.93
Nigeria,NGA,2020-10-16,50.93
Nigeria,NGA,2020-10-17,50.93
Nigeria,NGA,2020-10-18,50.93
Nigeria,NGA,2020-10-19,50.93
Nigeria,NGA,2020-10-20,50.93
Nigeria,NGA,2020-10-21,50.93
Nigeria,NGA,2020-10-22,50.93
Nigeria,NGA,2020-10-23,50.93
Nigeria,NGA,2020-10-24,50.93
Nigeria,NGA,2020-10-25,50.93
Nigeria,NGA,2020-10-26,50.93
Nigeria,NGA,2020-10-27,50.93
Nigeria,NGA,2020-10-28,50.93
Nigeria,NGA,2020-10-29,50.93
Nigeria,NGA,2020-10-30,50.93
Nigeria,NGA,2020-10-31,50.93
Nigeria,NGA,2020-11-01,50.93
Nigeria,NGA,2020-11-02,50.93
Nigeria,NGA,2020-11-03,50.93
Nigeria,NGA,2020-11-04,50.93
Nigeria,NGA,2020-11-05,50.93
Nigeria,NGA,2020-11-06,50.93
Nigeria,NGA,2020-11-07,50.93
Nigeria,NGA,2020-11-08,50.93
Nigeria,NGA,2020-11-09,50.93
Nigeria,NGA,2020-11-10,50.93
Nigeria,NGA,2020-11-11,50.93
Nigeria,NGA,2020-11-12,50.93
Nigeria,NGA,2020-11-13,50.93
Nigeria,NGA,2020-11-14,50.93
Nigeria,NGA,2020-11-15,50.93
Nigeria,NGA,2020-11-16,50.93
Nigeria,NGA,2020-11-17,50.93
Nigeria,NGA,2020-11-18,50.93
Nigeria,NGA,2020-11-19,50.93
Nigeria,NGA,2020-11-20,50.93
Nigeria,NGA,2020-11-21,50.93
Nigeria,NGA,2020-11-22,50.93
Nigeria,NGA,2020-11-23,50.93
Nigeria,NGA,2020-11-24,50.93
Nigeria,NGA,2020-11-25,50.93
Nigeria,NGA,2020-11-26,50.93
Nigeria,NGA,2020-11-27,50.93
Nigeria,NGA,2020-11-28,50.93
Nigeria,NGA,2020-11-29,50.93
Nigeria,NGA,2020-11-30,50.93
Nigeria,NGA,2020-12-01,50.93
Nigeria,NGA,2020-12-02,50.93
Nigeria,NGA,2020-12-03,50.93
Nigeria,NGA,2020-12-04,50.93
Nigeria,NGA,2020-12-05,50.93
Nigeria,NGA,2020-12-06,50.93
Nigeria,NGA,2020-12-07,50.93
Nigeria,NGA,2020-12-08,50.93
Nigeria,NGA,2020-12-09,50.93
Nigeria,NGA,2020-12-10,50.93
Nigeria,NGA,2020-12-11,50.93
Nigeria,NGA,2020-12-12,50.93
Nigeria,NGA,2020-12-13,50.93
Nigeria,NGA,2020-12-14,50.93
Nigeria,NGA,2020-12-15,50.93
Nigeria,NGA,2020-12-16,50.93
Nigeria,NGA,2020-12-17,50.93
Nigeria,NGA,2020-12-18,50.93
Nigeria,NGA,2020-12-19,50.93
Nigeria,NGA,2020-12-20,50.93
Nigeria,NGA,2020-12-21,50.93
Nigeria,NGA,2020-12-22,58.33
Nigeria,NGA,2020-12-23,58.33
Nigeria,NGA,2020-12-24,58.33
Nigeria,NGA,2020-12-25,58.33
Nigeria,NGA,2020-12-26,58.33
Nigeria,NGA,2020-12-27,58.33
Nigeria,NGA,2020-12-28,58.33
Nigeria,NGA,2020-12-29,58.33
Nigeria,NGA,2020-12-30,58.33
Nigeria,NGA,2020-12-31,58.33
Nigeria,NGA,2021-01-01,58.33
Nigeria,NGA,2021-01-02,58.33
Nigeria,NGA,2021-01-03,58.33
Nigeria,NGA,2021-01-04,58.33
Nigeria,NGA,2021-01-05,58.33
Nigeria,NGA,2021-01-06,58.33
Nigeria,NGA,2021-01-07,58.33
Nigeria,NGA,2021-01-08,58.33
Nigeria,NGA,2021-01-09,58.33
Nigeria,NGA,2021-01-10,58.33
Nigeria,NGA,2021-01-11,58.33
Nigeria,NGA,2021-01-12,58.33
Nigeria,NGA,2021-01-13,58.33
Nigeria,NGA,2021-01-14,58.33
Nigeria,NGA,2021-01-15,58.33
Nigeria,NGA,2021-01-16,58.33
Nigeria,NGA,2021-01-17,58.33
Nigeria,NGA,2021-01-18,58.33
Nigeria,NGA,2021-01-19,58.33
Nigeria,NGA,2021-01-20,58.33
Nigeria,NGA,2021-01-21,58.33
Nigeria,NGA,2021-01-22,58.33
Nigeria,NGA,2021-01-23,58.33
Nigeria,NGA,2021-01-24,58.33
Nigeria,NGA,2021-01-25,58.33
Nigeria,NGA,2021-01-26,58.33
Nigeria,NGA,2021-01-27,58.33
Nigeria,NGA,2021-01-28,58.33
Nigeria,NGA,2021-01-29,58.33
Nigeria,NGA,2021-01-30,58.33
Nigeria,NGA,2021-01-31,58.33
Nigeria,NGA,2021-02-01,58.33
Nigeria,NGA,2021-02-02,58.33
Nigeria,NGA,2021-02-03,58.33
Nigeria,NGA,2021-02-04,58.33
Nigeria,NGA,2021-02-05,58.33
Nigeria,NGA,2021-02-06,58.33
Nigeria,NGA,2021-02-07,58.33
Nigeria,NGA,2021-02-08,58.33
Nigeria,NGA,2021-02-09,58.33
Nigeria,NGA,2021-02-10,58.33
Nigeria,NGA,2021-02-11,58.33
Nigeria,NGA,2021-02-12,58.33
Nigeria,NGA,2021-02-13,58.33
Nigeria,NGA,2021-02-14,58.33
Nigeria,NGA,2021-02-15,58.33
Nigeria,NGA,2021-02-16,58.33
Nigeria,NGA,2021-02-17,58.33
Nigeria,NGA,2021-02-18,58.33
Nigeria,NGA,2021-02-19,58.33
Nigeria,NGA,2021-02-20,58.33
Nigeria,NGA,2021-02-21,58.33
Nigeria,NGA,2021-02-22,58.33
Nigeria,NGA,2021-02-23,58.33
Nigeria,NGA,2021-02-24,58.33
Nigeria,NGA,2021-02-25,58.33
Nigeria,NGA,2021-02-26,58.33
Nigeria,NGA,2021-02-27,58.33
Nigeria,NGA,2021-02-28,58.33
Nigeria,NGA,2021-03-01,58.33
Nigeria,NGA,2021-03-02,58.33
Nigeria,NGA,2021-03-03,58.33
Nigeria,NGA,2021-03-04,58.33
Nigeria,NGA,2021-03-05,58.33
Nigeria,NGA,2021-03-06,58.33
Nigeria,NGA,2021-03-07,58.33
Nigeria,NGA,2021-03-08,58.33
Norway,NOR,2020-01-01,0
Norway,NOR,2020-01-02,0
Norway,NOR,2020-01-03,0
Norway,NOR,2020-01-04,0
Norway,NOR,2020-01-05,0
Norway,NOR,2020-01-06,0
Norway,NOR,2020-01-07,0
Norway,NOR,2020-01-08,0
Norway,NOR,2020-01-09,0
Norway,NOR,2020-01-10,0
Norway,NOR,2020-01-11,0
Norway,NOR,2020-01-12,0
Norway,NOR,2020-01-13,0
Norway,NOR,2020-01-14,0
Norway,NOR,2020-01-15,0
Norway,NOR,2020-01-16,0
Norway,NOR,2020-01-17,0
Norway,NOR,2020-01-18,0
Norway,NOR,2020-01-19,0
Norway,NOR,2020-01-20,0
Norway,NOR,2020-01-21,0
Norway,NOR,2020-01-22,0
Norway,NOR,2020-01-23,0
Norway,NOR,2020-01-24,0
Norway,NOR,2020-01-25,0
Norway,NOR,2020-01-26,0
Norway,NOR,2020-01-27,0
Norway,NOR,2020-01-28,0
Norway,NOR,2020-01-29,0
Norway,NOR,2020-01-30,0
Norway,NOR,2020-01-31,11.11
Norway,NOR,2020-02-01,11.11
Norway,NOR,2020-02-02,11.11
Norway,NOR,2020-02-03,11.11
Norway,NOR,2020-02-04,11.11
Norway,NOR,2020-02-05,11.11
Norway,NOR,2020-02-06,11.11
Norway,NOR,2020-02-07,11.11
Norway,NOR,2020-02-08,11.11
Norway,NOR,2020-02-09,11.11
Norway,NOR,2020-02-10,11.11
Norway,NOR,2020-02-11,11.11
Norway,NOR,2020-02-12,11.11
Norway,NOR,2020-02-13,11.11
Norway,NOR,2020-02-14,11.11
Norway,NOR,2020-02-15,11.11
Norway,NOR,2020-02-16,11.11
Norway,NOR,2020-02-17,11.11
Norway,NOR,2020-02-18,11.11
Norway,NOR,2020-02-19,11.11
Norway,NOR,2020-02-20,11.11
Norway,NOR,2020-02-21,11.11
Norway,NOR,2020-02-22,11.11
Norway,NOR,2020-02-23,11.11
Norway,NOR,2020-02-24,11.11
Norway,NOR,2020-02-25,11.11
Norway,NOR,2020-02-26,11.11
Norway,NOR,2020-02-27,11.11
Norway,NOR,2020-02-28,11.11
Norway,NOR,2020-02-29,11.11
Norway,NOR,2020-03-01,11.11
Norway,NOR,2020-03-02,11.11
Norway,NOR,2020-03-03,11.11
Norway,NOR,2020-03-04,11.11
Norway,NOR,2020-03-05,11.11
Norway,NOR,2020-03-06,11.11
Norway,NOR,2020-03-07,11.11
Norway,NOR,2020-03-08,11.11
Norway,NOR,2020-03-09,11.11
Norway,NOR,2020-03-10,14.81
Norway,NOR,2020-03-11,20.37
Norway,NOR,2020-03-12,40.74
Norway,NOR,2020-03-13,40.74
Norway,NOR,2020-03-14,46.3
Norway,NOR,2020-03-15,51.85
Norway,NOR,2020-03-16,60.19
Norway,NOR,2020-03-17,60.19
Norway,NOR,2020-03-18,60.19
Norway,NOR,2020-03-19,62.96
Norway,NOR,2020-03-20,62.96
Norway,NOR,2020-03-21,62.96
Norway,NOR,2020-03-22,62.96
Norway,NOR,2020-03-23,62.96
Norway,NOR,2020-03-24,79.63
Norway,NOR,2020-03-25,79.63
Norway,NOR,2020-03-26,79.63
Norway,NOR,2020-03-27,79.63
Norway,NOR,2020-03-28,79.63
Norway,NOR,2020-03-29,79.63
Norway,NOR,2020-03-30,79.63
Norway,NOR,2020-03-31,79.63
Norway,NOR,2020-04-01,79.63
Norway,NOR,2020-04-02,79.63
Norway,NOR,2020-04-03,79.63
Norway,NOR,2020-04-04,79.63
Norway,NOR,2020-04-05,79.63
Norway,NOR,2020-04-06,79.63
Norway,NOR,2020-04-07,79.63
Norway,NOR,2020-04-08,79.63
Norway,NOR,2020-04-09,79.63
Norway,NOR,2020-04-10,79.63
Norway,NOR,2020-04-11,79.63
Norway,NOR,2020-04-12,79.63
Norway,NOR,2020-04-13,79.63
Norway,NOR,2020-04-14,79.63
Norway,NOR,2020-04-15,79.63
Norway,NOR,2020-04-16,79.63
Norway,NOR,2020-04-17,79.63
Norway,NOR,2020-04-18,79.63
Norway,NOR,2020-04-19,79.63
Norway,NOR,2020-04-20,74.07
Norway,NOR,2020-04-21,71.3
Norway,NOR,2020-04-22,71.3
Norway,NOR,2020-04-23,71.3
Norway,NOR,2020-04-24,71.3
Norway,NOR,2020-04-25,71.3
Norway,NOR,2020-04-26,71.3
Norway,NOR,2020-04-27,67.59
Norway,NOR,2020-04-28,67.59
Norway,NOR,2020-04-29,67.59
Norway,NOR,2020-04-30,67.59
Norway,NOR,2020-05-01,67.59
Norway,NOR,2020-05-02,67.59
Norway,NOR,2020-05-03,67.59
Norway,NOR,2020-05-04,67.59
Norway,NOR,2020-05-05,67.59
Norway,NOR,2020-05-06,67.59
Norway,NOR,2020-05-07,67.59
Norway,NOR,2020-05-08,67.59
Norway,NOR,2020-05-09,67.59
Norway,NOR,2020-05-10,67.59
Norway,NOR,2020-05-11,63.89
Norway,NOR,2020-05-12,63.89
Norway,NOR,2020-05-13,63.89
Norway,NOR,2020-05-14,58.33
Norway,NOR,2020-05-15,58.33
Norway,NOR,2020-05-16,58.33
Norway,NOR,2020-05-17,58.33
Norway,NOR,2020-05-18,58.33
Norway,NOR,2020-05-19,58.33
Norway,NOR,2020-05-20,58.33
Norway,NOR,2020-05-21,58.33
Norway,NOR,2020-05-22,58.33
Norway,NOR,2020-05-23,58.33
Norway,NOR,2020-05-24,58.33
Norway,NOR,2020-05-25,58.33
Norway,NOR,2020-05-26,58.33
Norway,NOR,2020-05-27,58.33
Norway,NOR,2020-05-28,58.33
Norway,NOR,2020-05-29,58.33
Norway,NOR,2020-05-30,58.33
Norway,NOR,2020-05-31,58.33
Norway,NOR,2020-06-01,58.33
Norway,NOR,2020-06-02,43.52
Norway,NOR,2020-06-03,43.52
Norway,NOR,2020-06-04,43.52
Norway,NOR,2020-06-05,43.52
Norway,NOR,2020-06-06,43.52
Norway,NOR,2020-06-07,43.52
Norway,NOR,2020-06-08,43.52
Norway,NOR,2020-06-09,43.52
Norway,NOR,2020-06-10,43.52
Norway,NOR,2020-06-11,43.52
Norway,NOR,2020-06-12,43.52
Norway,NOR,2020-06-13,43.52
Norway,NOR,2020-06-14,43.52
Norway,NOR,2020-06-15,40.74
Norway,NOR,2020-06-16,40.74
Norway,NOR,2020-06-17,40.74
Norway,NOR,2020-06-18,40.74
Norway,NOR,2020-06-19,40.74
Norway,NOR,2020-06-20,40.74
Norway,NOR,2020-06-21,40.74
Norway,NOR,2020-06-22,40.74
Norway,NOR,2020-06-23,40.74
Norway,NOR,2020-06-24,40.74
Norway,NOR,2020-06-25,40.74
Norway,NOR,2020-06-26,40.74
Norway,NOR,2020-06-27,40.74
Norway,NOR,2020-06-28,40.74
Norway,NOR,2020-06-29,40.74
Norway,NOR,2020-06-30,40.74
Norway,NOR,2020-07-01,40.74
Norway,NOR,2020-07-02,40.74
Norway,NOR,2020-07-03,40.74
Norway,NOR,2020-07-04,40.74
Norway,NOR,2020-07-05,40.74
Norway,NOR,2020-07-06,40.74
Norway,NOR,2020-07-07,40.74
Norway,NOR,2020-07-08,40.74
Norway,NOR,2020-07-09,40.74
Norway,NOR,2020-07-10,40.74
Norway,NOR,2020-07-11,40.74
Norway,NOR,2020-07-12,40.74
Norway,NOR,2020-07-13,40.74
Norway,NOR,2020-07-14,40.74
Norway,NOR,2020-07-15,40.74
Norway,NOR,2020-07-16,40.74
Norway,NOR,2020-07-17,40.74
Norway,NOR,2020-07-18,40.74
Norway,NOR,2020-07-19,40.74
Norway,NOR,2020-07-20,40.74
Norway,NOR,2020-07-21,40.74
Norway,NOR,2020-07-22,40.74
Norway,NOR,2020-07-23,40.74
Norway,NOR,2020-07-24,40.74
Norway,NOR,2020-07-25,40.74
Norway,NOR,2020-07-26,40.74
Norway,NOR,2020-07-27,40.74
Norway,NOR,2020-07-28,40.74
Norway,NOR,2020-07-29,40.74
Norway,NOR,2020-07-30,40.74
Norway,NOR,2020-07-31,40.74
Norway,NOR,2020-08-01,40.74
Norway,NOR,2020-08-02,40.74
Norway,NOR,2020-08-03,40.74
Norway,NOR,2020-08-04,40.74
Norway,NOR,2020-08-05,40.74
Norway,NOR,2020-08-06,40.74
Norway,NOR,2020-08-07,40.74
Norway,NOR,2020-08-08,40.74
Norway,NOR,2020-08-09,40.74
Norway,NOR,2020-08-10,40.74
Norway,NOR,2020-08-11,40.74
Norway,NOR,2020-08-12,40.74
Norway,NOR,2020-08-13,40.74
Norway,NOR,2020-08-14,40.74
Norway,NOR,2020-08-15,40.74
Norway,NOR,2020-08-16,40.74
Norway,NOR,2020-08-17,40.74
Norway,NOR,2020-08-18,40.74
Norway,NOR,2020-08-19,40.74
Norway,NOR,2020-08-20,40.74
Norway,NOR,2020-08-21,37.96
Norway,NOR,2020-08-22,37.96
Norway,NOR,2020-08-23,37.96
Norway,NOR,2020-08-24,37.96
Norway,NOR,2020-08-25,37.96
Norway,NOR,2020-08-26,37.96
Norway,NOR,2020-08-27,37.96
Norway,NOR,2020-08-28,37.96
Norway,NOR,2020-08-29,37.96
Norway,NOR,2020-08-30,37.96
Norway,NOR,2020-08-31,37.96
Norway,NOR,2020-09-01,37.96
Norway,NOR,2020-09-02,37.96
Norway,NOR,2020-09-03,37.96
Norway,NOR,2020-09-04,37.96
Norway,NOR,2020-09-05,37.96
Norway,NOR,2020-09-06,37.96
Norway,NOR,2020-09-07,37.96
Norway,NOR,2020-09-08,37.96
Norway,NOR,2020-09-09,37.96
Norway,NOR,2020-09-10,37.96
Norway,NOR,2020-09-11,37.96
Norway,NOR,2020-09-12,37.96
Norway,NOR,2020-09-13,37.96
Norway,NOR,2020-09-14,37.96
Norway,NOR,2020-09-15,37.96
Norway,NOR,2020-09-16,37.96
Norway,NOR,2020-09-17,37.96
Norway,NOR,2020-09-18,37.96
Norway,NOR,2020-09-19,37.96
Norway,NOR,2020-09-20,37.96
Norway,NOR,2020-09-21,32.41
Norway,NOR,2020-09-22,32.41
Norway,NOR,2020-09-23,32.41
Norway,NOR,2020-09-24,32.41
Norway,NOR,2020-09-25,32.41
Norway,NOR,2020-09-26,32.41
Norway,NOR,2020-09-27,32.41
Norway,NOR,2020-09-28,32.41
Norway,NOR,2020-09-29,32.41
Norway,NOR,2020-09-30,32.41
Norway,NOR,2020-10-01,32.41
Norway,NOR,2020-10-02,32.41
Norway,NOR,2020-10-03,32.41
Norway,NOR,2020-10-04,32.41
Norway,NOR,2020-10-05,32.41
Norway,NOR,2020-10-06,32.41
Norway,NOR,2020-10-07,32.41
Norway,NOR,2020-10-08,32.41
Norway,NOR,2020-10-09,32.41
Norway,NOR,2020-10-10,32.41
Norway,NOR,2020-10-11,32.41
Norway,NOR,2020-10-12,32.41
Norway,NOR,2020-10-13,32.41
Norway,NOR,2020-10-14,32.41
Norway,NOR,2020-10-15,32.41
Norway,NOR,2020-10-16,32.41
Norway,NOR,2020-10-17,32.41
Norway,NOR,2020-10-18,32.41
Norway,NOR,2020-10-19,32.41
Norway,NOR,2020-10-20,32.41
Norway,NOR,2020-10-21,32.41
Norway,NOR,2020-10-22,32.41
Norway,NOR,2020-10-23,32.41
Norway,NOR,2020-10-24,32.41
Norway,NOR,2020-10-25,32.41
Norway,NOR,2020-10-26,43.52
Norway,NOR,2020-10-27,43.52
Norway,NOR,2020-10-28,43.52
Norway,NOR,2020-10-29,43.52
Norway,NOR,2020-10-30,43.52
Norway,NOR,2020-10-31,43.52
Norway,NOR,2020-11-01,43.52
Norway,NOR,2020-11-02,43.52
Norway,NOR,2020-11-03,43.52
Norway,NOR,2020-11-04,43.52
Norway,NOR,2020-11-05,52.78
Norway,NOR,2020-11-06,52.78
Norway,NOR,2020-11-07,52.78
Norway,NOR,2020-11-08,52.78
Norway,NOR,2020-11-09,54.63
Norway,NOR,2020-11-10,54.63
Norway,NOR,2020-11-11,56.02
Norway,NOR,2020-11-12,56.02
Norway,NOR,2020-11-13,56.02
Norway,NOR,2020-11-14,56.02
Norway,NOR,2020-11-15,56.02
Norway,NOR,2020-11-16,56.02
Norway,NOR,2020-11-17,56.02
Norway,NOR,2020-11-18,56.02
Norway,NOR,2020-11-19,56.02
Norway,NOR,2020-11-20,56.02
Norway,NOR,2020-11-21,56.02
Norway,NOR,2020-11-22,56.02
Norway,NOR,2020-11-23,56.02
Norway,NOR,2020-11-24,56.02
Norway,NOR,2020-11-25,56.02
Norway,NOR,2020-11-26,56.02
Norway,NOR,2020-11-27,56.02
Norway,NOR,2020-11-28,56.02
Norway,NOR,2020-11-29,56.02
Norway,NOR,2020-11-30,56.02
Norway,NOR,2020-12-01,56.02
Norway,NOR,2020-12-02,56.02
Norway,NOR,2020-12-03,56.02
Norway,NOR,2020-12-04,56.02
Norway,NOR,2020-12-05,56.02
Norway,NOR,2020-12-06,56.02
Norway,NOR,2020-12-07,56.02
Norway,NOR,2020-12-08,56.02
Norway,NOR,2020-12-09,56.02
Norway,NOR,2020-12-10,56.02
Norway,NOR,2020-12-11,56.02
Norway,NOR,2020-12-12,56.02
Norway,NOR,2020-12-13,56.02
Norway,NOR,2020-12-14,56.02
Norway,NOR,2020-12-15,56.02
Norway,NOR,2020-12-16,56.02
Norway,NOR,2020-12-17,56.02
Norway,NOR,2020-12-18,56.02
Norway,NOR,2020-12-19,56.02
Norway,NOR,2020-12-20,56.02
Norway,NOR,2020-12-21,56.02
Norway,NOR,2020-12-22,56.02
Norway,NOR,2020-12-23,56.02
Norway,NOR,2020-12-24,56.02
Norway,NOR,2020-12-25,56.02
Norway,NOR,2020-12-26,56.02
Norway,NOR,2020-12-27,56.02
Norway,NOR,2020-12-28,56.02
Norway,NOR,2020-12-29,56.02
Norway,NOR,2020-12-30,56.02
Norway,NOR,2020-12-31,56.02
Norway,NOR,2021-01-01,56.02
Norway,NOR,2021-01-02,56.02
Norway,NOR,2021-01-03,56.02
Norway,NOR,2021-01-04,61.11
Norway,NOR,2021-01-05,61.11
Norway,NOR,2021-01-06,61.11
Norway,NOR,2021-01-07,61.11
Norway,NOR,2021-01-08,61.11
Norway,NOR,2021-01-09,61.11
Norway,NOR,2021-01-10,61.11
Norway,NOR,2021-01-11,61.11
Norway,NOR,2021-01-12,61.11
Norway,NOR,2021-01-13,61.11
Norway,NOR,2021-01-14,61.11
Norway,NOR,2021-01-15,61.11
Norway,NOR,2021-01-16,66.67
Norway,NOR,2021-01-17,66.67
Norway,NOR,2021-01-18,66.67
Norway,NOR,2021-01-19,66.67
Norway,NOR,2021-01-20,66.67
Norway,NOR,2021-01-21,66.67
Norway,NOR,2021-01-22,66.67
Norway,NOR,2021-01-23,70.37
Norway,NOR,2021-01-24,70.37
Norway,NOR,2021-01-25,70.37
Norway,NOR,2021-01-26,70.37
Norway,NOR,2021-01-27,70.37
Norway,NOR,2021-01-28,70.37
Norway,NOR,2021-01-29,73.15
Norway,NOR,2021-01-30,73.15
Norway,NOR,2021-01-31,73.15
Norway,NOR,2021-02-01,73.15
Norway,NOR,2021-02-02,73.15
Norway,NOR,2021-02-03,73.15
Norway,NOR,2021-02-04,73.15
Norway,NOR,2021-02-05,73.15
Norway,NOR,2021-02-06,73.15
Norway,NOR,2021-02-07,73.15
Norway,NOR,2021-02-08,73.15
Norway,NOR,2021-02-09,73.15
Norway,NOR,2021-02-10,73.15
Norway,NOR,2021-02-11,73.15
Norway,NOR,2021-02-12,73.15
Norway,NOR,2021-02-13,73.15
Norway,NOR,2021-02-14,73.15
Norway,NOR,2021-02-15,73.15
Norway,NOR,2021-02-16,73.15
Norway,NOR,2021-02-17,73.15
Norway,NOR,2021-02-18,73.15
Norway,NOR,2021-02-19,73.15
Norway,NOR,2021-02-20,73.15
Norway,NOR,2021-02-21,73.15
Norway,NOR,2021-02-22,71.3
Norway,NOR,2021-02-23,67.59
Norway,NOR,2021-02-24,67.59
Norway,NOR,2021-02-25,67.59
Norway,NOR,2021-02-26,67.59
Norway,NOR,2021-02-27,67.59
Norway,NOR,2021-02-28,67.59
Norway,NOR,2021-03-01,67.59
Norway,NOR,2021-03-02,69.44
Norway,NOR,2021-03-03,69.44
Norway,NOR,2021-03-04,69.44
Norway,NOR,2021-03-05,69.44
Oman,OMN,2020-01-01,0
Oman,OMN,2020-01-02,0
Oman,OMN,2020-01-03,0
Oman,OMN,2020-01-04,0
Oman,OMN,2020-01-05,0
Oman,OMN,2020-01-06,0
Oman,OMN,2020-01-07,0
Oman,OMN,2020-01-08,0
Oman,OMN,2020-01-09,0
Oman,OMN,2020-01-10,0
Oman,OMN,2020-01-11,0
Oman,OMN,2020-01-12,0
Oman,OMN,2020-01-13,0
Oman,OMN,2020-01-14,0
Oman,OMN,2020-01-15,0
Oman,OMN,2020-01-16,0
Oman,OMN,2020-01-17,0
Oman,OMN,2020-01-18,0
Oman,OMN,2020-01-19,0
Oman,OMN,2020-01-20,5.56
Oman,OMN,2020-01-21,5.56
Oman,OMN,2020-01-22,5.56
Oman,OMN,2020-01-23,5.56
Oman,OMN,2020-01-24,5.56
Oman,OMN,2020-01-25,5.56
Oman,OMN,2020-01-26,11.11
Oman,OMN,2020-01-27,11.11
Oman,OMN,2020-01-28,11.11
Oman,OMN,2020-01-29,11.11
Oman,OMN,2020-01-30,11.11
Oman,OMN,2020-01-31,11.11
Oman,OMN,2020-02-01,11.11
Oman,OMN,2020-02-02,11.11
Oman,OMN,2020-02-03,19.44
Oman,OMN,2020-02-04,19.44
Oman,OMN,2020-02-05,19.44
Oman,OMN,2020-02-06,19.44
Oman,OMN,2020-02-07,19.44
Oman,OMN,2020-02-08,19.44
Oman,OMN,2020-02-09,19.44
Oman,OMN,2020-02-10,19.44
Oman,OMN,2020-02-11,19.44
Oman,OMN,2020-02-12,19.44
Oman,OMN,2020-02-13,19.44
Oman,OMN,2020-02-14,19.44
Oman,OMN,2020-02-15,19.44
Oman,OMN,2020-02-16,19.44
Oman,OMN,2020-02-17,19.44
Oman,OMN,2020-02-18,19.44
Oman,OMN,2020-02-19,19.44
Oman,OMN,2020-02-20,19.44
Oman,OMN,2020-02-21,19.44
Oman,OMN,2020-02-22,19.44
Oman,OMN,2020-02-23,19.44
Oman,OMN,2020-02-24,19.44
Oman,OMN,2020-02-25,19.44
Oman,OMN,2020-02-26,19.44
Oman,OMN,2020-02-27,19.44
Oman,OMN,2020-02-28,19.44
Oman,OMN,2020-02-29,19.44
Oman,OMN,2020-03-01,19.44
Oman,OMN,2020-03-02,19.44
Oman,OMN,2020-03-03,19.44
Oman,OMN,2020-03-04,19.44
Oman,OMN,2020-03-05,19.44
Oman,OMN,2020-03-06,19.44
Oman,OMN,2020-03-07,19.44
Oman,OMN,2020-03-08,19.44
Oman,OMN,2020-03-09,19.44
Oman,OMN,2020-03-10,19.44
Oman,OMN,2020-03-11,19.44
Oman,OMN,2020-03-12,19.44
Oman,OMN,2020-03-13,19.44
Oman,OMN,2020-03-14,19.44
Oman,OMN,2020-03-15,30.56
Oman,OMN,2020-03-16,30.56
Oman,OMN,2020-03-17,52.78
Oman,OMN,2020-03-18,66.67
Oman,OMN,2020-03-19,77.78
Oman,OMN,2020-03-20,77.78
Oman,OMN,2020-03-21,81.48
Oman,OMN,2020-03-22,81.48
Oman,OMN,2020-03-23,81.48
Oman,OMN,2020-03-24,81.48
Oman,OMN,2020-03-25,81.48
Oman,OMN,2020-03-26,81.48
Oman,OMN,2020-03-27,81.48
Oman,OMN,2020-03-28,81.48
Oman,OMN,2020-03-29,81.48
Oman,OMN,2020-03-30,81.48
Oman,OMN,2020-03-31,85.19
Oman,OMN,2020-04-01,85.19
Oman,OMN,2020-04-02,85.19
Oman,OMN,2020-04-03,85.19
Oman,OMN,2020-04-04,85.19
Oman,OMN,2020-04-05,85.19
Oman,OMN,2020-04-06,85.19
Oman,OMN,2020-04-07,85.19
Oman,OMN,2020-04-08,85.19
Oman,OMN,2020-04-09,85.19
Oman,OMN,2020-04-10,92.59
Oman,OMN,2020-04-11,92.59
Oman,OMN,2020-04-12,92.59
Oman,OMN,2020-04-13,92.59
Oman,OMN,2020-04-14,92.59
Oman,OMN,2020-04-15,92.59
Oman,OMN,2020-04-16,92.59
Oman,OMN,2020-04-17,92.59
Oman,OMN,2020-04-18,92.59
Oman,OMN,2020-04-19,92.59
Oman,OMN,2020-04-20,92.59
Oman,OMN,2020-04-21,92.59
Oman,OMN,2020-04-22,92.59
Oman,OMN,2020-04-23,92.59
Oman,OMN,2020-04-24,92.59
Oman,OMN,2020-04-25,92.59
Oman,OMN,2020-04-26,92.59
Oman,OMN,2020-04-27,92.59
Oman,OMN,2020-04-28,92.59
Oman,OMN,2020-04-29,92.59
Oman,OMN,2020-04-30,87.96
Oman,OMN,2020-05-01,87.96
Oman,OMN,2020-05-02,87.96
Oman,OMN,2020-05-03,87.96
Oman,OMN,2020-05-04,87.96
Oman,OMN,2020-05-05,87.96
Oman,OMN,2020-05-06,87.96
Oman,OMN,2020-05-07,87.96
Oman,OMN,2020-05-08,87.96
Oman,OMN,2020-05-09,87.96
Oman,OMN,2020-05-10,87.96
Oman,OMN,2020-05-11,87.96
Oman,OMN,2020-05-12,87.96
Oman,OMN,2020-05-13,87.96
Oman,OMN,2020-05-14,87.96
Oman,OMN,2020-05-15,87.96
Oman,OMN,2020-05-16,87.96
Oman,OMN,2020-05-17,87.96
Oman,OMN,2020-05-18,87.96
Oman,OMN,2020-05-19,87.96
Oman,OMN,2020-05-20,87.96
Oman,OMN,2020-05-21,86.11
Oman,OMN,2020-05-22,86.11
Oman,OMN,2020-05-23,86.11
Oman,OMN,2020-05-24,86.11
Oman,OMN,2020-05-25,86.11
Oman,OMN,2020-05-26,86.11
Oman,OMN,2020-05-27,86.11
Oman,OMN,2020-05-28,86.11
Oman,OMN,2020-05-29,86.11
Oman,OMN,2020-05-30,86.11
Oman,OMN,2020-05-31,86.11
Oman,OMN,2020-06-01,86.11
Oman,OMN,2020-06-02,86.11
Oman,OMN,2020-06-03,86.11
Oman,OMN,2020-06-04,86.11
Oman,OMN,2020-06-05,86.11
Oman,OMN,2020-06-06,86.11
Oman,OMN,2020-06-07,86.11
Oman,OMN,2020-06-08,86.11
Oman,OMN,2020-06-09,86.11
Oman,OMN,2020-06-10,86.11
Oman,OMN,2020-06-11,86.11
Oman,OMN,2020-06-12,86.11
Oman,OMN,2020-06-13,87.96
Oman,OMN,2020-06-14,87.96
Oman,OMN,2020-06-15,87.96
Oman,OMN,2020-06-16,87.96
Oman,OMN,2020-06-17,87.96
Oman,OMN,2020-06-18,87.96
Oman,OMN,2020-06-19,87.96
Oman,OMN,2020-06-20,87.96
Oman,OMN,2020-06-21,87.96
Oman,OMN,2020-06-22,87.96
Oman,OMN,2020-06-23,87.96
Oman,OMN,2020-06-24,87.96
Oman,OMN,2020-06-25,87.96
Oman,OMN,2020-06-26,87.96
Oman,OMN,2020-06-27,87.96
Oman,OMN,2020-06-28,87.96
Oman,OMN,2020-06-29,87.96
Oman,OMN,2020-06-30,87.96
Oman,OMN,2020-07-01,87.96
Oman,OMN,2020-07-02,87.96
Oman,OMN,2020-07-03,87.96
Oman,OMN,2020-07-04,87.96
Oman,OMN,2020-07-05,87.96
Oman,OMN,2020-07-06,87.96
Oman,OMN,2020-07-07,87.96
Oman,OMN,2020-07-08,87.96
Oman,OMN,2020-07-09,87.96
Oman,OMN,2020-07-10,87.96
Oman,OMN,2020-07-11,87.96
Oman,OMN,2020-07-12,87.96
Oman,OMN,2020-07-13,87.96
Oman,OMN,2020-07-14,87.96
Oman,OMN,2020-07-15,87.96
Oman,OMN,2020-07-16,87.96
Oman,OMN,2020-07-17,87.96
Oman,OMN,2020-07-18,87.96
Oman,OMN,2020-07-19,87.96
Oman,OMN,2020-07-20,87.96
Oman,OMN,2020-07-21,87.96
Oman,OMN,2020-07-22,87.96
Oman,OMN,2020-07-23,86.11
Oman,OMN,2020-07-24,86.11
Oman,OMN,2020-07-25,100
Oman,OMN,2020-07-26,100
Oman,OMN,2020-07-27,94.44
Oman,OMN,2020-07-28,94.44
Oman,OMN,2020-07-29,94.44
Oman,OMN,2020-07-30,94.44
Oman,OMN,2020-07-31,94.44
Oman,OMN,2020-08-01,94.44
Oman,OMN,2020-08-02,94.44
Oman,OMN,2020-08-03,94.44
Oman,OMN,2020-08-04,94.44
Oman,OMN,2020-08-05,94.44
Oman,OMN,2020-08-06,94.44
Oman,OMN,2020-08-07,94.44
Oman,OMN,2020-08-08,89.81
Oman,OMN,2020-08-09,89.81
Oman,OMN,2020-08-10,89.81
Oman,OMN,2020-08-11,89.81
Oman,OMN,2020-08-12,89.81
Oman,OMN,2020-08-13,89.81
Oman,OMN,2020-08-14,89.81
Oman,OMN,2020-08-15,89.81
Oman,OMN,2020-08-16,89.81
Oman,OMN,2020-08-17,89.81
Oman,OMN,2020-08-18,86.11
Oman,OMN,2020-08-19,86.11
Oman,OMN,2020-08-20,86.11
Oman,OMN,2020-08-21,86.11
Oman,OMN,2020-08-22,86.11
Oman,OMN,2020-08-23,86.11
Oman,OMN,2020-08-24,86.11
Oman,OMN,2020-08-25,86.11
Oman,OMN,2020-08-26,86.11
Oman,OMN,2020-08-27,86.11
Oman,OMN,2020-08-28,86.11
Oman,OMN,2020-08-29,86.11
Oman,OMN,2020-08-30,86.11
Oman,OMN,2020-08-31,86.11
Oman,OMN,2020-09-01,86.11
Oman,OMN,2020-09-02,86.11
Oman,OMN,2020-09-03,86.11
Oman,OMN,2020-09-04,86.11
Oman,OMN,2020-09-05,86.11
Oman,OMN,2020-09-06,86.11
Oman,OMN,2020-09-07,86.11
Oman,OMN,2020-09-08,86.11
Oman,OMN,2020-09-09,86.11
Oman,OMN,2020-09-10,86.11
Oman,OMN,2020-09-11,86.11
Oman,OMN,2020-09-12,86.11
Oman,OMN,2020-09-13,86.11
Oman,OMN,2020-09-14,86.11
Oman,OMN,2020-09-15,86.11
Oman,OMN,2020-09-16,86.11
Oman,OMN,2020-09-17,86.11
Oman,OMN,2020-09-18,86.11
Oman,OMN,2020-09-19,86.11
Oman,OMN,2020-09-20,86.11
Oman,OMN,2020-09-21,86.11
Oman,OMN,2020-09-22,86.11
Oman,OMN,2020-09-23,86.11
Oman,OMN,2020-09-24,86.11
Oman,OMN,2020-09-25,86.11
Oman,OMN,2020-09-26,86.11
Oman,OMN,2020-09-27,86.11
Oman,OMN,2020-09-28,86.11
Oman,OMN,2020-09-29,86.11
Oman,OMN,2020-09-30,86.11
Oman,OMN,2020-10-01,80.56
Oman,OMN,2020-10-02,80.56
Oman,OMN,2020-10-03,80.56
Oman,OMN,2020-10-04,80.56
Oman,OMN,2020-10-05,80.56
Oman,OMN,2020-10-06,80.56
Oman,OMN,2020-10-07,80.56
Oman,OMN,2020-10-08,80.56
Oman,OMN,2020-10-09,80.56
Oman,OMN,2020-10-10,80.56
Oman,OMN,2020-10-11,78.7
Oman,OMN,2020-10-12,78.7
Oman,OMN,2020-10-13,73.15
Oman,OMN,2020-10-14,73.15
Oman,OMN,2020-10-15,73.15
Oman,OMN,2020-10-16,73.15
Oman,OMN,2020-10-17,73.15
Oman,OMN,2020-10-18,73.15
Oman,OMN,2020-10-19,73.15
Oman,OMN,2020-10-20,73.15
Oman,OMN,2020-10-21,73.15
Oman,OMN,2020-10-22,73.15
Oman,OMN,2020-10-23,51.85
Oman,OMN,2020-10-24,44.44
Oman,OMN,2020-10-25,44.44
Oman,OMN,2020-10-26,44.44
Oman,OMN,2020-10-27,44.44
Oman,OMN,2020-10-28,44.44
Oman,OMN,2020-10-29,44.44
Oman,OMN,2020-10-30,44.44
Oman,OMN,2020-10-31,44.44
Oman,OMN,2020-11-01,37.04
Oman,OMN,2020-11-02,37.04
Oman,OMN,2020-11-03,37.04
Oman,OMN,2020-11-04,37.04
Oman,OMN,2020-11-05,37.04
Oman,OMN,2020-11-06,37.04
Oman,OMN,2020-11-07,37.04
Oman,OMN,2020-11-08,37.04
Oman,OMN,2020-11-09,37.04
Oman,OMN,2020-11-10,37.04
Oman,OMN,2020-11-11,37.04
Oman,OMN,2020-11-12,37.04
Oman,OMN,2020-11-13,37.04
Oman,OMN,2020-11-14,37.04
Oman,OMN,2020-11-15,37.04
Oman,OMN,2020-11-16,37.04
Oman,OMN,2020-11-17,37.04
Oman,OMN,2020-11-18,37.04
Oman,OMN,2020-11-19,37.04
Oman,OMN,2020-11-20,37.04
Oman,OMN,2020-11-21,37.04
Oman,OMN,2020-11-22,37.04
Oman,OMN,2020-11-23,37.04
Oman,OMN,2020-11-24,37.04
Oman,OMN,2020-11-25,37.04
Oman,OMN,2020-11-26,37.04
Oman,OMN,2020-11-27,37.04
Oman,OMN,2020-11-28,37.04
Oman,OMN,2020-11-29,37.04
Oman,OMN,2020-11-30,37.04
Oman,OMN,2020-12-01,37.04
Oman,OMN,2020-12-02,37.04
Oman,OMN,2020-12-03,37.04
Oman,OMN,2020-12-04,37.04
Oman,OMN,2020-12-05,37.04
Oman,OMN,2020-12-06,37.04
Oman,OMN,2020-12-07,37.04
Oman,OMN,2020-12-08,37.04
Oman,OMN,2020-12-09,37.04
Oman,OMN,2020-12-10,37.04
Oman,OMN,2020-12-11,37.04
Oman,OMN,2020-12-12,37.04
Oman,OMN,2020-12-13,37.04
Oman,OMN,2020-12-14,37.04
Oman,OMN,2020-12-15,37.04
Oman,OMN,2020-12-16,37.04
Oman,OMN,2020-12-17,37.04
Oman,OMN,2020-12-18,37.04
Oman,OMN,2020-12-19,37.04
Oman,OMN,2020-12-20,37.04
Oman,OMN,2020-12-21,37.04
Oman,OMN,2020-12-22,42.59
Oman,OMN,2020-12-23,42.59
Oman,OMN,2020-12-24,42.59
Oman,OMN,2020-12-25,42.59
Oman,OMN,2020-12-26,42.59
Oman,OMN,2020-12-27,42.59
Oman,OMN,2020-12-28,42.59
Oman,OMN,2020-12-29,37.04
Oman,OMN,2020-12-30,37.04
Oman,OMN,2020-12-31,37.04
Oman,OMN,2021-01-01,37.04
Oman,OMN,2021-01-02,37.04
Oman,OMN,2021-01-03,37.04
Oman,OMN,2021-01-04,37.04
Oman,OMN,2021-01-05,37.04
Oman,OMN,2021-01-06,37.04
Oman,OMN,2021-01-07,37.04
Oman,OMN,2021-01-08,37.04
Oman,OMN,2021-01-09,37.04
Oman,OMN,2021-01-10,37.04
Oman,OMN,2021-01-11,37.04
Oman,OMN,2021-01-12,37.04
Oman,OMN,2021-01-13,37.04
Oman,OMN,2021-01-14,37.04
Oman,OMN,2021-01-15,37.04
Oman,OMN,2021-01-16,37.04
Oman,OMN,2021-01-17,37.04
Oman,OMN,2021-01-18,39.81
Oman,OMN,2021-01-19,38.89
Oman,OMN,2021-01-20,38.89
Oman,OMN,2021-01-21,38.89
Oman,OMN,2021-01-22,38.89
Oman,OMN,2021-01-23,38.89
Oman,OMN,2021-01-24,38.89
Oman,OMN,2021-01-25,38.89
Oman,OMN,2021-01-26,41.67
Oman,OMN,2021-01-27,41.67
Oman,OMN,2021-01-28,45.37
Oman,OMN,2021-01-29,45.37
Oman,OMN,2021-01-30,45.37
Oman,OMN,2021-01-31,45.37
Oman,OMN,2021-02-01,45.37
Oman,OMN,2021-02-02,45.37
Oman,OMN,2021-02-03,45.37
Oman,OMN,2021-02-04,45.37
Oman,OMN,2021-02-05,45.37
Oman,OMN,2021-02-06,45.37
Oman,OMN,2021-02-07,45.37
Oman,OMN,2021-02-08,45.37
Oman,OMN,2021-02-09,45.37
Oman,OMN,2021-02-10,45.37
Oman,OMN,2021-02-11,45.37
Oman,OMN,2021-02-12,56.48
Oman,OMN,2021-02-13,56.48
Oman,OMN,2021-02-14,56.48
Oman,OMN,2021-02-15,56.48
Oman,OMN,2021-02-16,56.48
Oman,OMN,2021-02-17,56.48
Oman,OMN,2021-02-18,56.48
Oman,OMN,2021-02-19,56.48
Oman,OMN,2021-02-20,56.48
Oman,OMN,2021-02-21,56.48
Oman,OMN,2021-02-22,56.48
Oman,OMN,2021-02-23,56.48
Oman,OMN,2021-02-24,56.48
Oman,OMN,2021-02-25,56.48
Oman,OMN,2021-02-26,56.48
Oman,OMN,2021-02-27,56.48
Oman,OMN,2021-02-28,56.48
Oman,OMN,2021-03-01,56.48
Oman,OMN,2021-03-02,56.48
Oman,OMN,2021-03-03,56.48
Oman,OMN,2021-03-04,60.19
Oman,OMN,2021-03-05,60.19
Oman,OMN,2021-03-06,60.19
Oman,OMN,2021-03-07,63.89
Pakistan,PAK,2020-01-01,0
Pakistan,PAK,2020-01-02,0
Pakistan,PAK,2020-01-03,0
Pakistan,PAK,2020-01-04,0
Pakistan,PAK,2020-01-05,0
Pakistan,PAK,2020-01-06,0
Pakistan,PAK,2020-01-07,0
Pakistan,PAK,2020-01-08,0
Pakistan,PAK,2020-01-09,0
Pakistan,PAK,2020-01-10,0
Pakistan,PAK,2020-01-11,0
Pakistan,PAK,2020-01-12,0
Pakistan,PAK,2020-01-13,0
Pakistan,PAK,2020-01-14,0
Pakistan,PAK,2020-01-15,0
Pakistan,PAK,2020-01-16,0
Pakistan,PAK,2020-01-17,0
Pakistan,PAK,2020-01-18,0
Pakistan,PAK,2020-01-19,0
Pakistan,PAK,2020-01-20,0
Pakistan,PAK,2020-01-21,0
Pakistan,PAK,2020-01-22,0
Pakistan,PAK,2020-01-23,0
Pakistan,PAK,2020-01-24,0
Pakistan,PAK,2020-01-25,0
Pakistan,PAK,2020-01-26,0
Pakistan,PAK,2020-01-27,0
Pakistan,PAK,2020-01-28,0
Pakistan,PAK,2020-01-29,0
Pakistan,PAK,2020-01-30,0
Pakistan,PAK,2020-01-31,8.33
Pakistan,PAK,2020-02-01,8.33
Pakistan,PAK,2020-02-02,8.33
Pakistan,PAK,2020-02-03,0
Pakistan,PAK,2020-02-04,0
Pakistan,PAK,2020-02-05,0
Pakistan,PAK,2020-02-06,0
Pakistan,PAK,2020-02-07,0
Pakistan,PAK,2020-02-08,0
Pakistan,PAK,2020-02-09,0
Pakistan,PAK,2020-02-10,0
Pakistan,PAK,2020-02-11,0
Pakistan,PAK,2020-02-12,11.11
Pakistan,PAK,2020-02-13,11.11
Pakistan,PAK,2020-02-14,11.11
Pakistan,PAK,2020-02-15,11.11
Pakistan,PAK,2020-02-16,11.11
Pakistan,PAK,2020-02-17,11.11
Pakistan,PAK,2020-02-18,11.11
Pakistan,PAK,2020-02-19,11.11
Pakistan,PAK,2020-02-20,11.11
Pakistan,PAK,2020-02-21,11.11
Pakistan,PAK,2020-02-22,11.11
Pakistan,PAK,2020-02-23,19.44
Pakistan,PAK,2020-02-24,19.44
Pakistan,PAK,2020-02-25,19.44
Pakistan,PAK,2020-02-26,19.44
Pakistan,PAK,2020-02-27,28.7
Pakistan,PAK,2020-02-28,28.7
Pakistan,PAK,2020-02-29,28.7
Pakistan,PAK,2020-03-01,28.7
Pakistan,PAK,2020-03-02,28.7
Pakistan,PAK,2020-03-03,28.7
Pakistan,PAK,2020-03-04,28.7
Pakistan,PAK,2020-03-05,28.7
Pakistan,PAK,2020-03-06,28.7
Pakistan,PAK,2020-03-07,28.7
Pakistan,PAK,2020-03-08,28.7
Pakistan,PAK,2020-03-09,28.7
Pakistan,PAK,2020-03-10,28.7
Pakistan,PAK,2020-03-11,28.7
Pakistan,PAK,2020-03-12,28.7
Pakistan,PAK,2020-03-13,52.78
Pakistan,PAK,2020-03-14,52.78
Pakistan,PAK,2020-03-15,52.78
Pakistan,PAK,2020-03-16,52.78
Pakistan,PAK,2020-03-17,52.78
Pakistan,PAK,2020-03-18,52.78
Pakistan,PAK,2020-03-19,52.78
Pakistan,PAK,2020-03-20,52.78
Pakistan,PAK,2020-03-21,55.56
Pakistan,PAK,2020-03-22,55.56
Pakistan,PAK,2020-03-23,85.19
Pakistan,PAK,2020-03-24,93.52
Pakistan,PAK,2020-03-25,93.52
Pakistan,PAK,2020-03-26,96.3
Pakistan,PAK,2020-03-27,96.3
Pakistan,PAK,2020-03-28,96.3
Pakistan,PAK,2020-03-29,96.3
Pakistan,PAK,2020-03-30,96.3
Pakistan,PAK,2020-03-31,96.3
Pakistan,PAK,2020-04-01,96.3
Pakistan,PAK,2020-04-02,96.3
Pakistan,PAK,2020-04-03,96.3
Pakistan,PAK,2020-04-04,96.3
Pakistan,PAK,2020-04-05,96.3
Pakistan,PAK,2020-04-06,96.3
Pakistan,PAK,2020-04-07,96.3
Pakistan,PAK,2020-04-08,96.3
Pakistan,PAK,2020-04-09,96.3
Pakistan,PAK,2020-04-10,96.3
Pakistan,PAK,2020-04-11,96.3
Pakistan,PAK,2020-04-12,96.3
Pakistan,PAK,2020-04-13,96.3
Pakistan,PAK,2020-04-14,96.3
Pakistan,PAK,2020-04-15,92.59
Pakistan,PAK,2020-04-16,92.59
Pakistan,PAK,2020-04-17,92.59
Pakistan,PAK,2020-04-18,92.59
Pakistan,PAK,2020-04-19,92.59
Pakistan,PAK,2020-04-20,92.59
Pakistan,PAK,2020-04-21,92.59
Pakistan,PAK,2020-04-22,92.59
Pakistan,PAK,2020-04-23,92.59
Pakistan,PAK,2020-04-24,89.81
Pakistan,PAK,2020-04-25,89.81
Pakistan,PAK,2020-04-26,89.81
Pakistan,PAK,2020-04-27,89.81
Pakistan,PAK,2020-04-28,89.81
Pakistan,PAK,2020-04-29,89.81
Pakistan,PAK,2020-04-30,89.81
Pakistan,PAK,2020-05-01,89.81
Pakistan,PAK,2020-05-02,89.81
Pakistan,PAK,2020-05-03,89.81
Pakistan,PAK,2020-05-04,89.81
Pakistan,PAK,2020-05-05,89.81
Pakistan,PAK,2020-05-06,89.81
Pakistan,PAK,2020-05-07,89.81
Pakistan,PAK,2020-05-08,89.81
Pakistan,PAK,2020-05-09,89.81
Pakistan,PAK,2020-05-10,89.81
Pakistan,PAK,2020-05-11,89.81
Pakistan,PAK,2020-05-12,89.81
Pakistan,PAK,2020-05-13,89.81
Pakistan,PAK,2020-05-14,89.81
Pakistan,PAK,2020-05-15,89.81
Pakistan,PAK,2020-05-16,78.7
Pakistan,PAK,2020-05-17,85.19
Pakistan,PAK,2020-05-18,85.19
Pakistan,PAK,2020-05-19,85.19
Pakistan,PAK,2020-05-20,85.19
Pakistan,PAK,2020-05-21,82.41
Pakistan,PAK,2020-05-22,82.41
Pakistan,PAK,2020-05-23,82.41
Pakistan,PAK,2020-05-24,82.41
Pakistan,PAK,2020-05-25,82.41
Pakistan,PAK,2020-05-26,82.41
Pakistan,PAK,2020-05-27,82.41
Pakistan,PAK,2020-05-28,82.41
Pakistan,PAK,2020-05-29,82.41
Pakistan,PAK,2020-05-30,82.41
Pakistan,PAK,2020-05-31,82.41
Pakistan,PAK,2020-06-01,82.41
Pakistan,PAK,2020-06-02,82.41
Pakistan,PAK,2020-06-03,82.41
Pakistan,PAK,2020-06-04,69.44
Pakistan,PAK,2020-06-05,69.44
Pakistan,PAK,2020-06-06,69.44
Pakistan,PAK,2020-06-07,61.11
Pakistan,PAK,2020-06-08,61.11
Pakistan,PAK,2020-06-09,61.11
Pakistan,PAK,2020-06-10,61.11
Pakistan,PAK,2020-06-11,61.11
Pakistan,PAK,2020-06-12,61.11
Pakistan,PAK,2020-06-13,61.11
Pakistan,PAK,2020-06-14,61.11
Pakistan,PAK,2020-06-15,61.11
Pakistan,PAK,2020-06-16,61.11
Pakistan,PAK,2020-06-17,61.11
Pakistan,PAK,2020-06-18,61.11
Pakistan,PAK,2020-06-19,61.11
Pakistan,PAK,2020-06-20,58.33
Pakistan,PAK,2020-06-21,58.33
Pakistan,PAK,2020-06-22,60.19
Pakistan,PAK,2020-06-23,60.19
Pakistan,PAK,2020-06-24,60.19
Pakistan,PAK,2020-06-25,60.19
Pakistan,PAK,2020-06-26,60.19
Pakistan,PAK,2020-06-27,60.19
Pakistan,PAK,2020-06-28,60.19
Pakistan,PAK,2020-06-29,60.19
Pakistan,PAK,2020-06-30,60.19
Pakistan,PAK,2020-07-01,60.19
Pakistan,PAK,2020-07-02,66.67
Pakistan,PAK,2020-07-03,66.67
Pakistan,PAK,2020-07-04,66.67
Pakistan,PAK,2020-07-05,66.67
Pakistan,PAK,2020-07-06,66.67
Pakistan,PAK,2020-07-07,66.67
Pakistan,PAK,2020-07-08,66.67
Pakistan,PAK,2020-07-09,66.67
Pakistan,PAK,2020-07-10,66.67
Pakistan,PAK,2020-07-11,66.67
Pakistan,PAK,2020-07-12,66.67
Pakistan,PAK,2020-07-13,66.67
Pakistan,PAK,2020-07-14,66.67
Pakistan,PAK,2020-07-15,66.67
Pakistan,PAK,2020-07-16,66.67
Pakistan,PAK,2020-07-17,66.67
Pakistan,PAK,2020-07-18,66.67
Pakistan,PAK,2020-07-19,66.67
Pakistan,PAK,2020-07-20,66.67
Pakistan,PAK,2020-07-21,66.67
Pakistan,PAK,2020-07-22,66.67
Pakistan,PAK,2020-07-23,66.67
Pakistan,PAK,2020-07-24,66.67
Pakistan,PAK,2020-07-25,66.67
Pakistan,PAK,2020-07-26,66.67
Pakistan,PAK,2020-07-27,66.67
Pakistan,PAK,2020-07-28,66.67
Pakistan,PAK,2020-07-29,66.67
Pakistan,PAK,2020-07-30,66.67
Pakistan,PAK,2020-07-31,66.67
Pakistan,PAK,2020-08-01,66.67
Pakistan,PAK,2020-08-02,66.67
Pakistan,PAK,2020-08-03,66.67
Pakistan,PAK,2020-08-04,66.67
Pakistan,PAK,2020-08-05,66.67
Pakistan,PAK,2020-08-06,66.67
Pakistan,PAK,2020-08-07,66.67
Pakistan,PAK,2020-08-08,66.67
Pakistan,PAK,2020-08-09,66.67
Pakistan,PAK,2020-08-10,47.69
Pakistan,PAK,2020-08-11,47.69
Pakistan,PAK,2020-08-12,47.69
Pakistan,PAK,2020-08-13,47.69
Pakistan,PAK,2020-08-14,47.69
Pakistan,PAK,2020-08-15,47.69
Pakistan,PAK,2020-08-16,47.69
Pakistan,PAK,2020-08-17,47.69
Pakistan,PAK,2020-08-18,47.69
Pakistan,PAK,2020-08-19,47.69
Pakistan,PAK,2020-08-20,47.69
Pakistan,PAK,2020-08-21,47.69
Pakistan,PAK,2020-08-22,47.69
Pakistan,PAK,2020-08-23,47.69
Pakistan,PAK,2020-08-24,47.69
Pakistan,PAK,2020-08-25,47.69
Pakistan,PAK,2020-08-26,47.69
Pakistan,PAK,2020-08-27,47.69
Pakistan,PAK,2020-08-28,47.69
Pakistan,PAK,2020-08-29,47.69
Pakistan,PAK,2020-08-30,47.69
Pakistan,PAK,2020-08-31,47.69
Pakistan,PAK,2020-09-01,47.69
Pakistan,PAK,2020-09-02,47.69
Pakistan,PAK,2020-09-03,47.69
Pakistan,PAK,2020-09-04,47.69
Pakistan,PAK,2020-09-05,47.69
Pakistan,PAK,2020-09-06,47.69
Pakistan,PAK,2020-09-07,47.69
Pakistan,PAK,2020-09-08,47.69
Pakistan,PAK,2020-09-09,47.69
Pakistan,PAK,2020-09-10,47.69
Pakistan,PAK,2020-09-11,47.69
Pakistan,PAK,2020-09-12,47.69
Pakistan,PAK,2020-09-13,47.69
Pakistan,PAK,2020-09-14,47.69
Pakistan,PAK,2020-09-15,43.98
Pakistan,PAK,2020-09-16,43.98
Pakistan,PAK,2020-09-17,41.2
Pakistan,PAK,2020-09-18,41.2
Pakistan,PAK,2020-09-19,41.2
Pakistan,PAK,2020-09-20,41.2
Pakistan,PAK,2020-09-21,41.2
Pakistan,PAK,2020-09-22,41.2
Pakistan,PAK,2020-09-23,41.2
Pakistan,PAK,2020-09-24,41.2
Pakistan,PAK,2020-09-25,41.2
Pakistan,PAK,2020-09-26,41.2
Pakistan,PAK,2020-09-27,41.2
Pakistan,PAK,2020-09-28,41.2
Pakistan,PAK,2020-09-29,41.2
Pakistan,PAK,2020-09-30,39.35
Pakistan,PAK,2020-10-01,67.13
Pakistan,PAK,2020-10-02,67.13
Pakistan,PAK,2020-10-03,67.13
Pakistan,PAK,2020-10-04,67.13
Pakistan,PAK,2020-10-05,67.13
Pakistan,PAK,2020-10-06,67.13
Pakistan,PAK,2020-10-07,67.13
Pakistan,PAK,2020-10-08,67.13
Pakistan,PAK,2020-10-09,67.13
Pakistan,PAK,2020-10-10,67.13
Pakistan,PAK,2020-10-11,67.13
Pakistan,PAK,2020-10-12,67.13
Pakistan,PAK,2020-10-13,67.13
Pakistan,PAK,2020-10-14,67.13
Pakistan,PAK,2020-10-15,67.13
Pakistan,PAK,2020-10-16,53.24
Pakistan,PAK,2020-10-17,53.24
Pakistan,PAK,2020-10-18,53.24
Pakistan,PAK,2020-10-19,53.24
Pakistan,PAK,2020-10-20,53.24
Pakistan,PAK,2020-10-21,53.24
Pakistan,PAK,2020-10-22,53.24
Pakistan,PAK,2020-10-23,53.24
Pakistan,PAK,2020-10-24,53.24
Pakistan,PAK,2020-10-25,53.24
Pakistan,PAK,2020-10-26,53.24
Pakistan,PAK,2020-10-27,53.24
Pakistan,PAK,2020-10-28,53.24
Pakistan,PAK,2020-10-29,53.24
Pakistan,PAK,2020-10-30,53.24
Pakistan,PAK,2020-10-31,53.24
Pakistan,PAK,2020-11-01,53.24
Pakistan,PAK,2020-11-02,53.24
Pakistan,PAK,2020-11-03,53.24
Pakistan,PAK,2020-11-04,53.24
Pakistan,PAK,2020-11-05,53.24
Pakistan,PAK,2020-11-06,53.24
Pakistan,PAK,2020-11-07,53.24
Pakistan,PAK,2020-11-08,53.24
Pakistan,PAK,2020-11-09,47.69
Pakistan,PAK,2020-11-10,47.69
Pakistan,PAK,2020-11-11,47.69
Pakistan,PAK,2020-11-12,47.69
Pakistan,PAK,2020-11-13,47.69
Pakistan,PAK,2020-11-14,47.69
Pakistan,PAK,2020-11-15,47.69
Pakistan,PAK,2020-11-16,47.69
Pakistan,PAK,2020-11-17,47.69
Pakistan,PAK,2020-11-18,47.69
Pakistan,PAK,2020-11-19,47.69
Pakistan,PAK,2020-11-20,58.8
Pakistan,PAK,2020-11-21,58.8
Pakistan,PAK,2020-11-22,58.8
Pakistan,PAK,2020-11-23,58.8
Pakistan,PAK,2020-11-24,58.8
Pakistan,PAK,2020-11-25,58.8
Pakistan,PAK,2020-11-26,64.35
Pakistan,PAK,2020-11-27,64.35
Pakistan,PAK,2020-11-28,64.35
Pakistan,PAK,2020-11-29,64.35
Pakistan,PAK,2020-11-30,64.35
Pakistan,PAK,2020-12-01,64.35
Pakistan,PAK,2020-12-02,64.35
Pakistan,PAK,2020-12-03,64.35
Pakistan,PAK,2020-12-04,64.35
Pakistan,PAK,2020-12-05,64.35
Pakistan,PAK,2020-12-06,64.35
Pakistan,PAK,2020-12-07,64.35
Pakistan,PAK,2020-12-08,64.35
Pakistan,PAK,2020-12-09,64.35
Pakistan,PAK,2020-12-10,64.35
Pakistan,PAK,2020-12-11,64.35
Pakistan,PAK,2020-12-12,64.35
Pakistan,PAK,2020-12-13,64.35
Pakistan,PAK,2020-12-14,64.35
Pakistan,PAK,2020-12-15,64.35
Pakistan,PAK,2020-12-16,64.35
Pakistan,PAK,2020-12-17,64.35
Pakistan,PAK,2020-12-18,64.35
Pakistan,PAK,2020-12-19,64.35
Pakistan,PAK,2020-12-20,64.35
Pakistan,PAK,2020-12-21,64.35
Pakistan,PAK,2020-12-22,64.35
Pakistan,PAK,2020-12-23,64.35
Pakistan,PAK,2020-12-24,64.35
Pakistan,PAK,2020-12-25,64.35
Pakistan,PAK,2020-12-26,64.35
Pakistan,PAK,2020-12-27,64.35
Pakistan,PAK,2020-12-28,64.35
Pakistan,PAK,2020-12-29,64.35
Pakistan,PAK,2020-12-30,64.35
Pakistan,PAK,2020-12-31,64.35
Pakistan,PAK,2021-01-01,64.35
Pakistan,PAK,2021-01-02,64.35
Pakistan,PAK,2021-01-03,64.35
Pakistan,PAK,2021-01-04,64.35
Pakistan,PAK,2021-01-05,64.35
Pakistan,PAK,2021-01-06,64.35
Pakistan,PAK,2021-01-07,64.35
Pakistan,PAK,2021-01-08,64.35
Pakistan,PAK,2021-01-09,64.35
Pakistan,PAK,2021-01-10,64.35
Pakistan,PAK,2021-01-11,64.35
Pakistan,PAK,2021-01-12,64.35
Pakistan,PAK,2021-01-13,64.35
Pakistan,PAK,2021-01-14,64.35
Pakistan,PAK,2021-01-15,64.35
Pakistan,PAK,2021-01-16,64.35
Pakistan,PAK,2021-01-17,64.35
Pakistan,PAK,2021-01-18,60.65
Pakistan,PAK,2021-01-19,60.65
Pakistan,PAK,2021-01-20,57.87
Pakistan,PAK,2021-01-21,57.87
Pakistan,PAK,2021-01-22,57.87
Pakistan,PAK,2021-01-23,57.87
Pakistan,PAK,2021-01-24,57.87
Pakistan,PAK,2021-01-25,57.87
Pakistan,PAK,2021-01-26,57.87
Pakistan,PAK,2021-01-27,57.87
Pakistan,PAK,2021-01-28,57.87
Pakistan,PAK,2021-01-29,57.87
Pakistan,PAK,2021-01-30,57.87
Pakistan,PAK,2021-01-31,57.87
Pakistan,PAK,2021-02-01,50.46
Pakistan,PAK,2021-02-02,50.46
Pakistan,PAK,2021-02-03,50.46
Pakistan,PAK,2021-02-04,50.46
Pakistan,PAK,2021-02-05,50.46
Pakistan,PAK,2021-02-06,50.46
Pakistan,PAK,2021-02-07,50.46
Pakistan,PAK,2021-02-08,50.46
Pakistan,PAK,2021-02-09,50.46
Pakistan,PAK,2021-02-10,50.46
Pakistan,PAK,2021-02-11,50.46
Pakistan,PAK,2021-02-12,50.46
Pakistan,PAK,2021-02-13,50.46
Pakistan,PAK,2021-02-14,50.46
Pakistan,PAK,2021-02-15,50.46
Pakistan,PAK,2021-02-16,50.46
Pakistan,PAK,2021-02-17,50.46
Pakistan,PAK,2021-02-18,50.46
Pakistan,PAK,2021-02-19,50.46
Pakistan,PAK,2021-02-20,50.46
Pakistan,PAK,2021-02-21,50.46
Pakistan,PAK,2021-02-22,50.46
Pakistan,PAK,2021-02-23,50.46
Pakistan,PAK,2021-02-24,50.46
Pakistan,PAK,2021-02-25,50.46
Pakistan,PAK,2021-02-26,50.46
Pakistan,PAK,2021-02-27,50.46
Pakistan,PAK,2021-02-28,50.46
Pakistan,PAK,2021-03-01,50.46
Pakistan,PAK,2021-03-02,50.46
Pakistan,PAK,2021-03-03,50.46
Pakistan,PAK,2021-03-04,50.46
Pakistan,PAK,2021-03-05,50.46
Pakistan,PAK,2021-03-06,50.46
Pakistan,PAK,2021-03-07,50.46
Pakistan,PAK,2021-03-08,50.46
Pakistan,PAK,2021-03-09,50.46
Palestine,PSE,2020-01-01,0
Palestine,PSE,2020-01-02,0
Palestine,PSE,2020-01-03,0
Palestine,PSE,2020-01-04,0
Palestine,PSE,2020-01-05,0
Palestine,PSE,2020-01-06,0
Palestine,PSE,2020-01-07,0
Palestine,PSE,2020-01-08,0
Palestine,PSE,2020-01-09,0
Palestine,PSE,2020-01-10,0
Palestine,PSE,2020-01-11,0
Palestine,PSE,2020-01-12,0
Palestine,PSE,2020-01-13,0
Palestine,PSE,2020-01-14,0
Palestine,PSE,2020-01-15,0
Palestine,PSE,2020-01-16,0
Palestine,PSE,2020-01-17,0
Palestine,PSE,2020-01-18,0
Palestine,PSE,2020-01-19,0
Palestine,PSE,2020-01-20,0
Palestine,PSE,2020-01-21,0
Palestine,PSE,2020-01-22,0
Palestine,PSE,2020-01-23,0
Palestine,PSE,2020-01-24,0
Palestine,PSE,2020-01-25,0
Palestine,PSE,2020-01-26,0
Palestine,PSE,2020-01-27,0
Palestine,PSE,2020-01-28,0
Palestine,PSE,2020-01-29,0
Palestine,PSE,2020-01-30,0
Palestine,PSE,2020-01-31,0
Palestine,PSE,2020-02-01,0
Palestine,PSE,2020-02-02,0
Palestine,PSE,2020-02-03,0
Palestine,PSE,2020-02-04,0
Palestine,PSE,2020-02-05,0
Palestine,PSE,2020-02-06,0
Palestine,PSE,2020-02-07,0
Palestine,PSE,2020-02-08,0
Palestine,PSE,2020-02-09,0
Palestine,PSE,2020-02-10,0
Palestine,PSE,2020-02-11,0
Palestine,PSE,2020-02-12,0
Palestine,PSE,2020-02-13,0
Palestine,PSE,2020-02-14,0
Palestine,PSE,2020-02-15,0
Palestine,PSE,2020-02-16,0
Palestine,PSE,2020-02-17,0
Palestine,PSE,2020-02-18,0
Palestine,PSE,2020-02-19,0
Palestine,PSE,2020-02-20,0
Palestine,PSE,2020-02-21,0
Palestine,PSE,2020-02-22,5.56
Palestine,PSE,2020-02-23,5.56
Palestine,PSE,2020-02-24,5.56
Palestine,PSE,2020-02-25,5.56
Palestine,PSE,2020-02-26,5.56
Palestine,PSE,2020-02-27,5.56
Palestine,PSE,2020-02-28,5.56
Palestine,PSE,2020-02-29,5.56
Palestine,PSE,2020-03-01,5.56
Palestine,PSE,2020-03-02,5.56
Palestine,PSE,2020-03-03,5.56
Palestine,PSE,2020-03-04,5.56
Palestine,PSE,2020-03-05,55.56
Palestine,PSE,2020-03-06,74.07
Palestine,PSE,2020-03-07,74.07
Palestine,PSE,2020-03-08,74.07
Palestine,PSE,2020-03-09,74.07
Palestine,PSE,2020-03-10,74.07
Palestine,PSE,2020-03-11,74.07
Palestine,PSE,2020-03-12,74.07
Palestine,PSE,2020-03-13,74.07
Palestine,PSE,2020-03-14,74.07
Palestine,PSE,2020-03-15,74.07
Palestine,PSE,2020-03-16,74.07
Palestine,PSE,2020-03-17,74.07
Palestine,PSE,2020-03-18,74.07
Palestine,PSE,2020-03-19,74.07
Palestine,PSE,2020-03-20,74.07
Palestine,PSE,2020-03-21,74.07
Palestine,PSE,2020-03-22,96.3
Palestine,PSE,2020-03-23,96.3
Palestine,PSE,2020-03-24,96.3
Palestine,PSE,2020-03-25,96.3
Palestine,PSE,2020-03-26,96.3
Palestine,PSE,2020-03-27,96.3
Palestine,PSE,2020-03-28,96.3
Palestine,PSE,2020-03-29,96.3
Palestine,PSE,2020-03-30,96.3
Palestine,PSE,2020-03-31,96.3
Palestine,PSE,2020-04-01,96.3
Palestine,PSE,2020-04-02,96.3
Palestine,PSE,2020-04-03,96.3
Palestine,PSE,2020-04-04,96.3
Palestine,PSE,2020-04-05,96.3
Palestine,PSE,2020-04-06,96.3
Palestine,PSE,2020-04-07,96.3
Palestine,PSE,2020-04-08,96.3
Palestine,PSE,2020-04-09,96.3
Palestine,PSE,2020-04-10,96.3
Palestine,PSE,2020-04-11,96.3
Palestine,PSE,2020-04-12,96.3
Palestine,PSE,2020-04-13,96.3
Palestine,PSE,2020-04-14,96.3
Palestine,PSE,2020-04-15,96.3
Palestine,PSE,2020-04-16,96.3
Palestine,PSE,2020-04-17,96.3
Palestine,PSE,2020-04-18,96.3
Palestine,PSE,2020-04-19,96.3
Palestine,PSE,2020-04-20,96.3
Palestine,PSE,2020-04-21,96.3
Palestine,PSE,2020-04-22,96.3
Palestine,PSE,2020-04-23,96.3
Palestine,PSE,2020-04-24,96.3
Palestine,PSE,2020-04-25,96.3
Palestine,PSE,2020-04-26,96.3
Palestine,PSE,2020-04-27,96.3
Palestine,PSE,2020-04-28,96.3
Palestine,PSE,2020-04-29,96.3
Palestine,PSE,2020-04-30,96.3
Palestine,PSE,2020-05-01,96.3
Palestine,PSE,2020-05-02,96.3
Palestine,PSE,2020-05-03,96.3
Palestine,PSE,2020-05-04,96.3
Palestine,PSE,2020-05-05,96.3
Palestine,PSE,2020-05-06,96.3
Palestine,PSE,2020-05-07,96.3
Palestine,PSE,2020-05-08,96.3
Palestine,PSE,2020-05-09,96.3
Palestine,PSE,2020-05-10,96.3
Palestine,PSE,2020-05-11,96.3
Palestine,PSE,2020-05-12,96.3
Palestine,PSE,2020-05-13,96.3
Palestine,PSE,2020-05-14,96.3
Palestine,PSE,2020-05-15,96.3
Palestine,PSE,2020-05-16,96.3
Palestine,PSE,2020-05-17,96.3
Palestine,PSE,2020-05-18,96.3
Palestine,PSE,2020-05-19,96.3
Palestine,PSE,2020-05-20,96.3
Palestine,PSE,2020-05-21,96.3
Palestine,PSE,2020-05-22,96.3
Palestine,PSE,2020-05-23,96.3
Palestine,PSE,2020-05-24,96.3
Palestine,PSE,2020-05-25,96.3
Palestine,PSE,2020-05-26,80.56
Palestine,PSE,2020-05-27,80.56
Palestine,PSE,2020-05-28,80.56
Palestine,PSE,2020-05-29,80.56
Palestine,PSE,2020-05-30,80.56
Palestine,PSE,2020-05-31,80.56
Palestine,PSE,2020-06-01,80.56
Palestine,PSE,2020-06-02,80.56
Palestine,PSE,2020-06-03,80.56
Palestine,PSE,2020-06-04,80.56
Palestine,PSE,2020-06-05,80.56
Palestine,PSE,2020-06-06,80.56
Palestine,PSE,2020-06-07,80.56
Palestine,PSE,2020-06-08,80.56
Palestine,PSE,2020-06-09,80.56
Palestine,PSE,2020-06-10,80.56
Palestine,PSE,2020-06-11,80.56
Palestine,PSE,2020-06-12,80.56
Palestine,PSE,2020-06-13,80.56
Palestine,PSE,2020-06-14,80.56
Palestine,PSE,2020-06-15,80.56
Palestine,PSE,2020-06-16,80.56
Palestine,PSE,2020-06-17,80.56
Palestine,PSE,2020-06-18,80.56
Palestine,PSE,2020-06-19,80.56
Palestine,PSE,2020-06-20,80.56
Palestine,PSE,2020-06-21,80.56
Palestine,PSE,2020-06-22,80.56
Palestine,PSE,2020-06-23,80.56
Palestine,PSE,2020-06-24,80.56
Palestine,PSE,2020-06-25,80.56
Palestine,PSE,2020-06-26,80.56
Palestine,PSE,2020-06-27,80.56
Palestine,PSE,2020-06-28,80.56
Palestine,PSE,2020-06-29,80.56
Palestine,PSE,2020-06-30,80.56
Palestine,PSE,2020-07-01,80.56
Palestine,PSE,2020-07-02,83.33
Palestine,PSE,2020-07-03,83.33
Palestine,PSE,2020-07-04,83.33
Palestine,PSE,2020-07-05,83.33
Palestine,PSE,2020-07-06,83.33
Palestine,PSE,2020-07-07,83.33
Palestine,PSE,2020-07-08,83.33
Palestine,PSE,2020-07-09,83.33
Palestine,PSE,2020-07-10,83.33
Palestine,PSE,2020-07-11,83.33
Palestine,PSE,2020-07-12,83.33
Palestine,PSE,2020-07-13,83.33
Palestine,PSE,2020-07-14,83.33
Palestine,PSE,2020-07-15,83.33
Palestine,PSE,2020-07-16,83.33
Palestine,PSE,2020-07-17,83.33
Palestine,PSE,2020-07-18,83.33
Palestine,PSE,2020-07-19,83.33
Palestine,PSE,2020-07-20,83.33
Palestine,PSE,2020-07-21,83.33
Palestine,PSE,2020-07-22,83.33
Palestine,PSE,2020-07-23,83.33
Palestine,PSE,2020-07-24,83.33
Palestine,PSE,2020-07-25,83.33
Palestine,PSE,2020-07-26,83.33
Palestine,PSE,2020-07-27,83.33
Palestine,PSE,2020-07-28,77.78
Palestine,PSE,2020-07-29,83.33
Palestine,PSE,2020-07-30,83.33
Palestine,PSE,2020-07-31,83.33
Palestine,PSE,2020-08-01,83.33
Palestine,PSE,2020-08-02,83.33
Palestine,PSE,2020-08-03,83.33
Palestine,PSE,2020-08-04,83.33
Palestine,PSE,2020-08-05,83.33
Palestine,PSE,2020-08-06,83.33
Palestine,PSE,2020-08-07,83.33
Palestine,PSE,2020-08-08,83.33
Palestine,PSE,2020-08-09,83.33
Palestine,PSE,2020-08-10,83.33
Palestine,PSE,2020-08-11,83.33
Palestine,PSE,2020-08-12,83.33
Palestine,PSE,2020-08-13,83.33
Palestine,PSE,2020-08-14,83.33
Palestine,PSE,2020-08-15,83.33
Palestine,PSE,2020-08-16,83.33
Palestine,PSE,2020-08-17,83.33
Palestine,PSE,2020-08-18,83.33
Palestine,PSE,2020-08-19,83.33
Palestine,PSE,2020-08-20,83.33
Palestine,PSE,2020-08-21,83.33
Palestine,PSE,2020-08-22,83.33
Palestine,PSE,2020-08-23,83.33
Palestine,PSE,2020-08-24,83.33
Palestine,PSE,2020-08-25,83.33
Palestine,PSE,2020-08-26,83.33
Palestine,PSE,2020-08-27,83.33
Palestine,PSE,2020-08-28,83.33
Palestine,PSE,2020-08-29,83.33
Palestine,PSE,2020-08-30,83.33
Palestine,PSE,2020-08-31,83.33
Palestine,PSE,2020-09-01,83.33
Palestine,PSE,2020-09-02,83.33
Palestine,PSE,2020-09-03,83.33
Palestine,PSE,2020-09-04,83.33
Palestine,PSE,2020-09-05,83.33
Palestine,PSE,2020-09-06,83.33
Palestine,PSE,2020-09-07,83.33
Palestine,PSE,2020-09-08,83.33
Palestine,PSE,2020-09-09,83.33
Palestine,PSE,2020-09-10,83.33
Palestine,PSE,2020-09-11,83.33
Palestine,PSE,2020-09-12,83.33
Palestine,PSE,2020-09-13,83.33
Palestine,PSE,2020-09-14,83.33
Palestine,PSE,2020-09-15,83.33
Palestine,PSE,2020-09-16,83.33
Palestine,PSE,2020-09-17,83.33
Palestine,PSE,2020-09-18,87.04
Palestine,PSE,2020-09-19,87.04
Palestine,PSE,2020-09-20,85.19
Palestine,PSE,2020-09-21,85.19
Palestine,PSE,2020-09-22,85.19
Palestine,PSE,2020-09-23,85.19
Palestine,PSE,2020-09-24,85.19
Palestine,PSE,2020-09-25,85.19
Palestine,PSE,2020-09-26,85.19
Palestine,PSE,2020-09-27,85.19
Palestine,PSE,2020-09-28,82.41
Palestine,PSE,2020-09-29,82.41
Palestine,PSE,2020-09-30,82.41
Palestine,PSE,2020-10-01,82.41
Palestine,PSE,2020-10-02,82.41
Palestine,PSE,2020-10-03,82.41
Palestine,PSE,2020-10-04,82.41
Palestine,PSE,2020-10-05,82.41
Palestine,PSE,2020-10-06,82.41
Palestine,PSE,2020-10-07,82.41
Palestine,PSE,2020-10-08,82.41
Palestine,PSE,2020-10-09,82.41
Palestine,PSE,2020-10-10,82.41
Palestine,PSE,2020-10-11,82.41
Palestine,PSE,2020-10-12,82.41
Palestine,PSE,2020-10-13,82.41
Palestine,PSE,2020-10-14,82.41
Palestine,PSE,2020-10-15,82.41
Palestine,PSE,2020-10-16,82.41
Palestine,PSE,2020-10-17,82.41
Palestine,PSE,2020-10-18,82.41
Palestine,PSE,2020-10-19,82.41
Palestine,PSE,2020-10-20,82.41
Palestine,PSE,2020-10-21,82.41
Palestine,PSE,2020-10-22,82.41
Palestine,PSE,2020-10-23,82.41
Palestine,PSE,2020-10-24,40.74
Palestine,PSE,2020-10-25,40.74
Palestine,PSE,2020-10-26,40.74
Palestine,PSE,2020-10-27,40.74
Palestine,PSE,2020-10-28,40.74
Palestine,PSE,2020-10-29,40.74
Palestine,PSE,2020-10-30,40.74
Palestine,PSE,2020-10-31,40.74
Palestine,PSE,2020-11-01,40.74
Palestine,PSE,2020-11-02,40.74
Palestine,PSE,2020-11-03,40.74
Palestine,PSE,2020-11-04,40.74
Palestine,PSE,2020-11-05,40.74
Palestine,PSE,2020-11-06,40.74
Palestine,PSE,2020-11-07,40.74
Palestine,PSE,2020-11-08,40.74
Palestine,PSE,2020-11-09,40.74
Palestine,PSE,2020-11-10,40.74
Palestine,PSE,2020-11-11,40.74
Palestine,PSE,2020-11-12,40.74
Palestine,PSE,2020-11-13,40.74
Palestine,PSE,2020-11-14,40.74
Palestine,PSE,2020-11-15,62.5
Palestine,PSE,2020-11-16,62.5
Palestine,PSE,2020-11-17,62.5
Palestine,PSE,2020-11-18,62.5
Palestine,PSE,2020-11-19,62.5
Palestine,PSE,2020-11-20,62.5
Palestine,PSE,2020-11-21,62.5
Palestine,PSE,2020-11-22,62.5
Palestine,PSE,2020-11-23,62.5
Palestine,PSE,2020-11-24,62.5
Palestine,PSE,2020-11-25,62.5
Palestine,PSE,2020-11-26,62.5
Palestine,PSE,2020-11-27,62.5
Palestine,PSE,2020-11-28,62.5
Palestine,PSE,2020-11-29,62.5
Palestine,PSE,2020-11-30,62.5
Palestine,PSE,2020-12-01,62.5
Palestine,PSE,2020-12-02,62.5
Palestine,PSE,2020-12-03,62.5
Palestine,PSE,2020-12-04,62.5
Palestine,PSE,2020-12-05,62.5
Palestine,PSE,2020-12-06,62.5
Palestine,PSE,2020-12-07,62.5
Palestine,PSE,2020-12-08,62.5
Palestine,PSE,2020-12-09,62.5
Palestine,PSE,2020-12-10,62.5
Palestine,PSE,2020-12-11,62.5
Palestine,PSE,2020-12-12,62.5
Palestine,PSE,2020-12-13,62.5
Palestine,PSE,2020-12-14,62.5
Palestine,PSE,2020-12-15,62.5
Palestine,PSE,2020-12-16,62.5
Palestine,PSE,2020-12-17,62.5
Palestine,PSE,2020-12-18,62.5
Palestine,PSE,2020-12-19,62.5
Palestine,PSE,2020-12-20,62.5
Palestine,PSE,2020-12-21,62.5
Palestine,PSE,2020-12-22,62.5
Palestine,PSE,2020-12-23,62.5
Palestine,PSE,2020-12-24,62.5
Palestine,PSE,2020-12-25,62.5
Palestine,PSE,2020-12-26,62.5
Palestine,PSE,2020-12-27,62.5
Palestine,PSE,2020-12-28,62.5
Palestine,PSE,2020-12-29,62.5
Palestine,PSE,2020-12-30,62.5
Palestine,PSE,2020-12-31,62.5
Palestine,PSE,2021-01-01,62.5
Palestine,PSE,2021-01-02,62.5
Palestine,PSE,2021-01-03,62.5
Palestine,PSE,2021-01-04,62.5
Palestine,PSE,2021-01-05,62.5
Palestine,PSE,2021-01-06,62.5
Palestine,PSE,2021-01-07,62.5
Palestine,PSE,2021-01-08,62.5
Palestine,PSE,2021-01-09,62.5
Palestine,PSE,2021-01-10,62.5
Palestine,PSE,2021-01-11,62.5
Palestine,PSE,2021-01-12,66.2
Palestine,PSE,2021-01-13,66.2
Palestine,PSE,2021-01-14,78.7
Palestine,PSE,2021-01-15,78.7
Palestine,PSE,2021-01-16,78.7
Palestine,PSE,2021-01-17,78.7
Palestine,PSE,2021-01-18,78.7
Palestine,PSE,2021-01-19,78.7
Palestine,PSE,2021-01-20,78.7
Palestine,PSE,2021-01-21,78.7
Palestine,PSE,2021-01-22,78.7
Palestine,PSE,2021-01-23,78.7
Palestine,PSE,2021-01-24,78.7
Palestine,PSE,2021-01-25,78.7
Palestine,PSE,2021-01-26,77.78
Palestine,PSE,2021-01-27,77.78
Palestine,PSE,2021-01-28,77.78
Palestine,PSE,2021-01-29,77.78
Palestine,PSE,2021-01-30,77.78
Palestine,PSE,2021-01-31,77.78
Palestine,PSE,2021-02-01,77.78
Palestine,PSE,2021-02-02,77.78
Palestine,PSE,2021-02-03,77.78
Palestine,PSE,2021-02-04,77.78
Palestine,PSE,2021-02-05,77.78
Palestine,PSE,2021-02-06,77.78
Palestine,PSE,2021-02-07,77.78
Palestine,PSE,2021-02-08,77.78
Palestine,PSE,2021-02-09,77.78
Palestine,PSE,2021-02-10,77.78
Palestine,PSE,2021-02-11,77.78
Palestine,PSE,2021-02-12,77.78
Palestine,PSE,2021-02-13,77.78
Palestine,PSE,2021-02-14,77.78
Palestine,PSE,2021-02-15,83.33
Palestine,PSE,2021-02-16,83.33
Palestine,PSE,2021-02-17,83.33
Palestine,PSE,2021-02-18,83.33
Palestine,PSE,2021-02-19,83.33
Palestine,PSE,2021-02-20,83.33
Palestine,PSE,2021-02-21,83.33
Palestine,PSE,2021-02-22,83.33
Palestine,PSE,2021-02-23,83.33
Palestine,PSE,2021-02-24,83.33
Palestine,PSE,2021-02-25,83.33
Palestine,PSE,2021-02-26,83.33
Palestine,PSE,2021-02-27,83.33
Palestine,PSE,2021-02-28,75.46
Palestine,PSE,2021-03-01,75.46
Palestine,PSE,2021-03-02,75.46
Palestine,PSE,2021-03-03,75.46
Palestine,PSE,2021-03-04,75.46
Palestine,PSE,2021-03-05,75.46
Palestine,PSE,2021-03-06,75.46
Palestine,PSE,2021-03-07,75.46
Palestine,PSE,2021-03-08,75.46
Panama,PAN,2020-01-01,0
Panama,PAN,2020-01-02,0
Panama,PAN,2020-01-03,0
Panama,PAN,2020-01-04,0
Panama,PAN,2020-01-05,0
Panama,PAN,2020-01-06,0
Panama,PAN,2020-01-07,0
Panama,PAN,2020-01-08,0
Panama,PAN,2020-01-09,0
Panama,PAN,2020-01-10,0
Panama,PAN,2020-01-11,0
Panama,PAN,2020-01-12,0
Panama,PAN,2020-01-13,0
Panama,PAN,2020-01-14,0
Panama,PAN,2020-01-15,0
Panama,PAN,2020-01-16,0
Panama,PAN,2020-01-17,0
Panama,PAN,2020-01-18,0
Panama,PAN,2020-01-19,0
Panama,PAN,2020-01-20,0
Panama,PAN,2020-01-21,5.56
Panama,PAN,2020-01-22,8.33
Panama,PAN,2020-01-23,8.33
Panama,PAN,2020-01-24,8.33
Panama,PAN,2020-01-25,8.33
Panama,PAN,2020-01-26,8.33
Panama,PAN,2020-01-27,8.33
Panama,PAN,2020-01-28,8.33
Panama,PAN,2020-01-29,8.33
Panama,PAN,2020-01-30,8.33
Panama,PAN,2020-01-31,8.33
Panama,PAN,2020-02-01,8.33
Panama,PAN,2020-02-02,8.33
Panama,PAN,2020-02-03,8.33
Panama,PAN,2020-02-04,8.33
Panama,PAN,2020-02-05,8.33
Panama,PAN,2020-02-06,8.33
Panama,PAN,2020-02-07,8.33
Panama,PAN,2020-02-08,8.33
Panama,PAN,2020-02-09,8.33
Panama,PAN,2020-02-10,8.33
Panama,PAN,2020-02-11,8.33
Panama,PAN,2020-02-12,8.33
Panama,PAN,2020-02-13,8.33
Panama,PAN,2020-02-14,8.33
Panama,PAN,2020-02-15,8.33
Panama,PAN,2020-02-16,8.33
Panama,PAN,2020-02-17,8.33
Panama,PAN,2020-02-18,8.33
Panama,PAN,2020-02-19,8.33
Panama,PAN,2020-02-20,8.33
Panama,PAN,2020-02-21,8.33
Panama,PAN,2020-02-22,8.33
Panama,PAN,2020-02-23,8.33
Panama,PAN,2020-02-24,8.33
Panama,PAN,2020-02-25,8.33
Panama,PAN,2020-02-26,8.33
Panama,PAN,2020-02-27,8.33
Panama,PAN,2020-02-28,8.33
Panama,PAN,2020-02-29,8.33
Panama,PAN,2020-03-01,8.33
Panama,PAN,2020-03-02,8.33
Panama,PAN,2020-03-03,8.33
Panama,PAN,2020-03-04,8.33
Panama,PAN,2020-03-05,8.33
Panama,PAN,2020-03-06,8.33
Panama,PAN,2020-03-07,8.33
Panama,PAN,2020-03-08,8.33
Panama,PAN,2020-03-09,8.33
Panama,PAN,2020-03-10,8.33
Panama,PAN,2020-03-11,8.33
Panama,PAN,2020-03-12,19.44
Panama,PAN,2020-03-13,44.44
Panama,PAN,2020-03-14,44.44
Panama,PAN,2020-03-15,44.44
Panama,PAN,2020-03-16,48.15
Panama,PAN,2020-03-17,51.85
Panama,PAN,2020-03-18,51.85
Panama,PAN,2020-03-19,51.85
Panama,PAN,2020-03-20,59.26
Panama,PAN,2020-03-21,59.26
Panama,PAN,2020-03-22,59.26
Panama,PAN,2020-03-23,70.37
Panama,PAN,2020-03-24,75.93
Panama,PAN,2020-03-25,75.93
Panama,PAN,2020-03-26,75.93
Panama,PAN,2020-03-27,75.93
Panama,PAN,2020-03-28,75.93
Panama,PAN,2020-03-29,75.93
Panama,PAN,2020-03-30,75.93
Panama,PAN,2020-03-31,75.93
Panama,PAN,2020-04-01,79.63
Panama,PAN,2020-04-02,79.63
Panama,PAN,2020-04-03,90.74
Panama,PAN,2020-04-04,90.74
Panama,PAN,2020-04-05,90.74
Panama,PAN,2020-04-06,90.74
Panama,PAN,2020-04-07,90.74
Panama,PAN,2020-04-08,90.74
Panama,PAN,2020-04-09,90.74
Panama,PAN,2020-04-10,90.74
Panama,PAN,2020-04-11,90.74
Panama,PAN,2020-04-12,90.74
Panama,PAN,2020-04-13,90.74
Panama,PAN,2020-04-14,90.74
Panama,PAN,2020-04-15,90.74
Panama,PAN,2020-04-16,90.74
Panama,PAN,2020-04-17,90.74
Panama,PAN,2020-04-18,93.52
Panama,PAN,2020-04-19,93.52
Panama,PAN,2020-04-20,93.52
Panama,PAN,2020-04-21,93.52
Panama,PAN,2020-04-22,93.52
Panama,PAN,2020-04-23,93.52
Panama,PAN,2020-04-24,93.52
Panama,PAN,2020-04-25,93.52
Panama,PAN,2020-04-26,93.52
Panama,PAN,2020-04-27,93.52
Panama,PAN,2020-04-28,93.52
Panama,PAN,2020-04-29,93.52
Panama,PAN,2020-04-30,93.52
Panama,PAN,2020-05-01,93.52
Panama,PAN,2020-05-02,93.52
Panama,PAN,2020-05-03,93.52
Panama,PAN,2020-05-04,93.52
Panama,PAN,2020-05-05,93.52
Panama,PAN,2020-05-06,93.52
Panama,PAN,2020-05-07,93.52
Panama,PAN,2020-05-08,93.52
Panama,PAN,2020-05-09,93.52
Panama,PAN,2020-05-10,93.52
Panama,PAN,2020-05-11,93.52
Panama,PAN,2020-05-12,93.52
Panama,PAN,2020-05-13,89.81
Panama,PAN,2020-05-14,89.81
Panama,PAN,2020-05-15,89.81
Panama,PAN,2020-05-16,89.81
Panama,PAN,2020-05-17,89.81
Panama,PAN,2020-05-18,89.81
Panama,PAN,2020-05-19,89.81
Panama,PAN,2020-05-20,89.81
Panama,PAN,2020-05-21,89.81
Panama,PAN,2020-05-22,89.81
Panama,PAN,2020-05-23,89.81
Panama,PAN,2020-05-24,89.81
Panama,PAN,2020-05-25,89.81
Panama,PAN,2020-05-26,89.81
Panama,PAN,2020-05-27,89.81
Panama,PAN,2020-05-28,89.81
Panama,PAN,2020-05-29,89.81
Panama,PAN,2020-05-30,89.81
Panama,PAN,2020-05-31,89.81
Panama,PAN,2020-06-01,89.81
Panama,PAN,2020-06-02,89.81
Panama,PAN,2020-06-03,89.81
Panama,PAN,2020-06-04,89.81
Panama,PAN,2020-06-05,89.81
Panama,PAN,2020-06-06,91.67
Panama,PAN,2020-06-07,83.33
Panama,PAN,2020-06-08,83.33
Panama,PAN,2020-06-09,83.33
Panama,PAN,2020-06-10,83.33
Panama,PAN,2020-06-11,83.33
Panama,PAN,2020-06-12,83.33
Panama,PAN,2020-06-13,83.33
Panama,PAN,2020-06-14,83.33
Panama,PAN,2020-06-15,83.33
Panama,PAN,2020-06-16,83.33
Panama,PAN,2020-06-17,83.33
Panama,PAN,2020-06-18,83.33
Panama,PAN,2020-06-19,83.33
Panama,PAN,2020-06-20,83.33
Panama,PAN,2020-06-21,83.33
Panama,PAN,2020-06-22,83.33
Panama,PAN,2020-06-23,83.33
Panama,PAN,2020-06-24,83.33
Panama,PAN,2020-06-25,83.33
Panama,PAN,2020-06-26,83.33
Panama,PAN,2020-06-27,83.33
Panama,PAN,2020-06-28,83.33
Panama,PAN,2020-06-29,83.33
Panama,PAN,2020-06-30,83.33
Panama,PAN,2020-07-01,83.33
Panama,PAN,2020-07-02,83.33
Panama,PAN,2020-07-03,83.33
Panama,PAN,2020-07-04,83.33
Panama,PAN,2020-07-05,83.33
Panama,PAN,2020-07-06,83.33
Panama,PAN,2020-07-07,83.33
Panama,PAN,2020-07-08,83.33
Panama,PAN,2020-07-09,83.33
Panama,PAN,2020-07-10,83.33
Panama,PAN,2020-07-11,83.33
Panama,PAN,2020-07-12,83.33
Panama,PAN,2020-07-13,83.33
Panama,PAN,2020-07-14,83.33
Panama,PAN,2020-07-15,83.33
Panama,PAN,2020-07-16,83.33
Panama,PAN,2020-07-17,83.33
Panama,PAN,2020-07-18,83.33
Panama,PAN,2020-07-19,83.33
Panama,PAN,2020-07-20,81.48
Panama,PAN,2020-07-21,81.48
Panama,PAN,2020-07-22,84.26
Panama,PAN,2020-07-23,84.26
Panama,PAN,2020-07-24,84.26
Panama,PAN,2020-07-25,84.26
Panama,PAN,2020-07-26,84.26
Panama,PAN,2020-07-27,80.56
Panama,PAN,2020-07-28,80.56
Panama,PAN,2020-07-29,80.56
Panama,PAN,2020-07-30,80.56
Panama,PAN,2020-07-31,80.56
Panama,PAN,2020-08-01,80.56
Panama,PAN,2020-08-02,80.56
Panama,PAN,2020-08-03,80.56
Panama,PAN,2020-08-04,80.56
Panama,PAN,2020-08-05,80.56
Panama,PAN,2020-08-06,80.56
Panama,PAN,2020-08-07,80.56
Panama,PAN,2020-08-08,80.56
Panama,PAN,2020-08-09,80.56
Panama,PAN,2020-08-10,80.56
Panama,PAN,2020-08-11,83.33
Panama,PAN,2020-08-12,83.33
Panama,PAN,2020-08-13,83.33
Panama,PAN,2020-08-14,83.33
Panama,PAN,2020-08-15,83.33
Panama,PAN,2020-08-16,83.33
Panama,PAN,2020-08-17,83.33
Panama,PAN,2020-08-18,83.33
Panama,PAN,2020-08-19,83.33
Panama,PAN,2020-08-20,83.33
Panama,PAN,2020-08-21,81.48
Panama,PAN,2020-08-22,81.48
Panama,PAN,2020-08-23,81.48
Panama,PAN,2020-08-24,81.48
Panama,PAN,2020-08-25,81.48
Panama,PAN,2020-08-26,81.48
Panama,PAN,2020-08-27,81.48
Panama,PAN,2020-08-28,81.48
Panama,PAN,2020-08-29,81.48
Panama,PAN,2020-08-30,81.48
Panama,PAN,2020-08-31,81.48
Panama,PAN,2020-09-01,81.48
Panama,PAN,2020-09-02,81.48
Panama,PAN,2020-09-03,81.48
Panama,PAN,2020-09-04,81.48
Panama,PAN,2020-09-05,81.48
Panama,PAN,2020-09-06,81.48
Panama,PAN,2020-09-07,81.48
Panama,PAN,2020-09-08,81.48
Panama,PAN,2020-09-09,81.48
Panama,PAN,2020-09-10,81.48
Panama,PAN,2020-09-11,81.48
Panama,PAN,2020-09-12,81.48
Panama,PAN,2020-09-13,81.48
Panama,PAN,2020-09-14,87.04
Panama,PAN,2020-09-15,87.04
Panama,PAN,2020-09-16,87.04
Panama,PAN,2020-09-17,87.04
Panama,PAN,2020-09-18,87.04
Panama,PAN,2020-09-19,87.04
Panama,PAN,2020-09-20,87.04
Panama,PAN,2020-09-21,87.04
Panama,PAN,2020-09-22,87.04
Panama,PAN,2020-09-23,87.04
Panama,PAN,2020-09-24,87.04
Panama,PAN,2020-09-25,87.04
Panama,PAN,2020-09-26,87.04
Panama,PAN,2020-09-27,87.04
Panama,PAN,2020-09-28,87.04
Panama,PAN,2020-09-29,87.04
Panama,PAN,2020-09-30,87.04
Panama,PAN,2020-10-01,87.04
Panama,PAN,2020-10-02,87.04
Panama,PAN,2020-10-03,87.04
Panama,PAN,2020-10-04,87.04
Panama,PAN,2020-10-05,87.04
Panama,PAN,2020-10-06,87.04
Panama,PAN,2020-10-07,87.04
Panama,PAN,2020-10-08,87.04
Panama,PAN,2020-10-09,87.04
Panama,PAN,2020-10-10,87.04
Panama,PAN,2020-10-11,87.04
Panama,PAN,2020-10-12,59.26
Panama,PAN,2020-10-13,59.26
Panama,PAN,2020-10-14,59.26
Panama,PAN,2020-10-15,59.26
Panama,PAN,2020-10-16,59.26
Panama,PAN,2020-10-17,59.26
Panama,PAN,2020-10-18,59.26
Panama,PAN,2020-10-19,59.26
Panama,PAN,2020-10-20,62.04
Panama,PAN,2020-10-21,62.04
Panama,PAN,2020-10-22,62.04
Panama,PAN,2020-10-23,62.04
Panama,PAN,2020-10-24,62.04
Panama,PAN,2020-10-25,58.33
Panama,PAN,2020-10-26,58.33
Panama,PAN,2020-10-27,58.33
Panama,PAN,2020-10-28,58.33
Panama,PAN,2020-10-29,58.33
Panama,PAN,2020-10-30,58.33
Panama,PAN,2020-10-31,58.33
Panama,PAN,2020-11-01,58.33
Panama,PAN,2020-11-02,58.33
Panama,PAN,2020-11-03,58.33
Panama,PAN,2020-11-04,58.33
Panama,PAN,2020-11-05,58.33
Panama,PAN,2020-11-06,58.33
Panama,PAN,2020-11-07,58.33
Panama,PAN,2020-11-08,58.33
Panama,PAN,2020-11-09,58.33
Panama,PAN,2020-11-10,58.33
Panama,PAN,2020-11-11,58.33
Panama,PAN,2020-11-12,58.33
Panama,PAN,2020-11-13,58.33
Panama,PAN,2020-11-14,58.33
Panama,PAN,2020-11-15,58.33
Panama,PAN,2020-11-16,58.33
Panama,PAN,2020-11-17,58.33
Panama,PAN,2020-11-18,58.33
Panama,PAN,2020-11-19,58.33
Panama,PAN,2020-11-20,58.33
Panama,PAN,2020-11-21,58.33
Panama,PAN,2020-11-22,58.33
Panama,PAN,2020-11-23,58.33
Panama,PAN,2020-11-24,58.33
Panama,PAN,2020-11-25,58.33
Panama,PAN,2020-11-26,58.33
Panama,PAN,2020-11-27,58.33
Panama,PAN,2020-11-28,58.33
Panama,PAN,2020-11-29,58.33
Panama,PAN,2020-11-30,58.33
Panama,PAN,2020-12-01,66.67
Panama,PAN,2020-12-02,70.37
Panama,PAN,2020-12-03,70.37
Panama,PAN,2020-12-04,70.37
Panama,PAN,2020-12-05,70.37
Panama,PAN,2020-12-06,70.37
Panama,PAN,2020-12-07,70.37
Panama,PAN,2020-12-08,70.37
Panama,PAN,2020-12-09,70.37
Panama,PAN,2020-12-10,70.37
Panama,PAN,2020-12-11,70.37
Panama,PAN,2020-12-12,70.37
Panama,PAN,2020-12-13,70.37
Panama,PAN,2020-12-14,70.37
Panama,PAN,2020-12-15,62.04
Panama,PAN,2020-12-16,62.04
Panama,PAN,2020-12-17,62.04
Panama,PAN,2020-12-18,62.04
Panama,PAN,2020-12-19,62.04
Panama,PAN,2020-12-20,62.04
Panama,PAN,2020-12-21,62.04
Panama,PAN,2020-12-22,62.04
Panama,PAN,2020-12-23,62.04
Panama,PAN,2020-12-24,62.04
Panama,PAN,2020-12-25,62.04
Panama,PAN,2020-12-26,62.04
Panama,PAN,2020-12-27,62.04
Panama,PAN,2020-12-28,67.59
Panama,PAN,2020-12-29,67.59
Panama,PAN,2020-12-30,67.59
Panama,PAN,2020-12-31,76.85
Panama,PAN,2021-01-01,76.85
Panama,PAN,2021-01-02,76.85
Panama,PAN,2021-01-03,76.85
Panama,PAN,2021-01-04,76.85
Panama,PAN,2021-01-05,76.85
Panama,PAN,2021-01-06,76.85
Panama,PAN,2021-01-07,76.85
Panama,PAN,2021-01-08,76.85
Panama,PAN,2021-01-09,76.85
Panama,PAN,2021-01-10,76.85
Panama,PAN,2021-01-11,76.85
Panama,PAN,2021-01-12,74.07
Panama,PAN,2021-01-13,74.07
Panama,PAN,2021-01-14,74.07
Panama,PAN,2021-01-15,74.07
Panama,PAN,2021-01-16,74.07
Panama,PAN,2021-01-17,74.07
Panama,PAN,2021-01-18,74.07
Panama,PAN,2021-01-19,74.07
Panama,PAN,2021-01-20,74.07
Panama,PAN,2021-01-21,74.07
Panama,PAN,2021-01-22,76.85
Panama,PAN,2021-01-23,76.85
Panama,PAN,2021-01-24,76.85
Panama,PAN,2021-01-25,76.85
Panama,PAN,2021-01-26,76.85
Panama,PAN,2021-01-27,76.85
Panama,PAN,2021-01-28,76.85
Panama,PAN,2021-01-29,76.85
Panama,PAN,2021-01-30,76.85
Panama,PAN,2021-01-31,76.85
Panama,PAN,2021-02-01,74.07
Panama,PAN,2021-02-02,74.07
Panama,PAN,2021-02-03,74.07
Panama,PAN,2021-02-04,74.07
Panama,PAN,2021-02-05,74.07
Panama,PAN,2021-02-06,74.07
Panama,PAN,2021-02-07,74.07
Panama,PAN,2021-02-08,74.07
Panama,PAN,2021-02-09,74.07
Panama,PAN,2021-02-10,74.07
Panama,PAN,2021-02-11,74.07
Panama,PAN,2021-02-12,74.07
Panama,PAN,2021-02-13,74.07
Panama,PAN,2021-02-14,74.07
Panama,PAN,2021-02-15,74.07
Panama,PAN,2021-02-16,74.07
Panama,PAN,2021-02-17,74.07
Panama,PAN,2021-02-18,74.07
Panama,PAN,2021-02-19,74.07
Panama,PAN,2021-02-20,74.07
Panama,PAN,2021-02-21,74.07
Panama,PAN,2021-02-22,74.07
Panama,PAN,2021-02-23,74.07
Panama,PAN,2021-02-24,74.07
Panama,PAN,2021-02-25,74.07
Panama,PAN,2021-02-26,74.07
Panama,PAN,2021-02-27,74.07
Panama,PAN,2021-02-28,74.07
Panama,PAN,2021-03-01,74.07
Panama,PAN,2021-03-02,74.07
Panama,PAN,2021-03-03,74.07
Panama,PAN,2021-03-04,74.07
Panama,PAN,2021-03-05,74.07
Panama,PAN,2021-03-06,74.07
Panama,PAN,2021-03-07,74.07
Panama,PAN,2021-03-08,74.07
Papua New Guinea,PNG,2020-01-01,0
Papua New Guinea,PNG,2020-01-02,0
Papua New Guinea,PNG,2020-01-03,0
Papua New Guinea,PNG,2020-01-04,0
Papua New Guinea,PNG,2020-01-05,0
Papua New Guinea,PNG,2020-01-06,0
Papua New Guinea,PNG,2020-01-07,0
Papua New Guinea,PNG,2020-01-08,0
Papua New Guinea,PNG,2020-01-09,0
Papua New Guinea,PNG,2020-01-10,0
Papua New Guinea,PNG,2020-01-11,0
Papua New Guinea,PNG,2020-01-12,0
Papua New Guinea,PNG,2020-01-13,0
Papua New Guinea,PNG,2020-01-14,0
Papua New Guinea,PNG,2020-01-15,0
Papua New Guinea,PNG,2020-01-16,0
Papua New Guinea,PNG,2020-01-17,0
Papua New Guinea,PNG,2020-01-18,0
Papua New Guinea,PNG,2020-01-19,0
Papua New Guinea,PNG,2020-01-20,0
Papua New Guinea,PNG,2020-01-21,0
Papua New Guinea,PNG,2020-01-22,0
Papua New Guinea,PNG,2020-01-23,0
Papua New Guinea,PNG,2020-01-24,0
Papua New Guinea,PNG,2020-01-25,0
Papua New Guinea,PNG,2020-01-26,0
Papua New Guinea,PNG,2020-01-27,8.33
Papua New Guinea,PNG,2020-01-28,8.33
Papua New Guinea,PNG,2020-01-29,13.89
Papua New Guinea,PNG,2020-01-30,13.89
Papua New Guinea,PNG,2020-01-31,13.89
Papua New Guinea,PNG,2020-02-01,13.89
Papua New Guinea,PNG,2020-02-02,13.89
Papua New Guinea,PNG,2020-02-03,13.89
Papua New Guinea,PNG,2020-02-04,13.89
Papua New Guinea,PNG,2020-02-05,13.89
Papua New Guinea,PNG,2020-02-06,13.89
Papua New Guinea,PNG,2020-02-07,13.89
Papua New Guinea,PNG,2020-02-08,13.89
Papua New Guinea,PNG,2020-02-09,13.89
Papua New Guinea,PNG,2020-02-10,13.89
Papua New Guinea,PNG,2020-02-11,13.89
Papua New Guinea,PNG,2020-02-12,13.89
Papua New Guinea,PNG,2020-02-13,13.89
Papua New Guinea,PNG,2020-02-14,13.89
Papua New Guinea,PNG,2020-02-15,13.89
Papua New Guinea,PNG,2020-02-16,13.89
Papua New Guinea,PNG,2020-02-17,13.89
Papua New Guinea,PNG,2020-02-18,13.89
Papua New Guinea,PNG,2020-02-19,13.89
Papua New Guinea,PNG,2020-02-20,13.89
Papua New Guinea,PNG,2020-02-21,13.89
Papua New Guinea,PNG,2020-02-22,13.89
Papua New Guinea,PNG,2020-02-23,13.89
Papua New Guinea,PNG,2020-02-24,13.89
Papua New Guinea,PNG,2020-02-25,13.89
Papua New Guinea,PNG,2020-02-26,13.89
Papua New Guinea,PNG,2020-02-27,13.89
Papua New Guinea,PNG,2020-02-28,13.89
Papua New Guinea,PNG,2020-02-29,13.89
Papua New Guinea,PNG,2020-03-01,13.89
Papua New Guinea,PNG,2020-03-02,13.89
Papua New Guinea,PNG,2020-03-03,13.89
Papua New Guinea,PNG,2020-03-04,13.89
Papua New Guinea,PNG,2020-03-05,13.89
Papua New Guinea,PNG,2020-03-06,13.89
Papua New Guinea,PNG,2020-03-07,13.89
Papua New Guinea,PNG,2020-03-08,13.89
Papua New Guinea,PNG,2020-03-09,13.89
Papua New Guinea,PNG,2020-03-10,13.89
Papua New Guinea,PNG,2020-03-11,13.89
Papua New Guinea,PNG,2020-03-12,13.89
Papua New Guinea,PNG,2020-03-13,13.89
Papua New Guinea,PNG,2020-03-14,13.89
Papua New Guinea,PNG,2020-03-15,13.89
Papua New Guinea,PNG,2020-03-16,13.89
Papua New Guinea,PNG,2020-03-17,13.89
Papua New Guinea,PNG,2020-03-18,13.89
Papua New Guinea,PNG,2020-03-19,13.89
Papua New Guinea,PNG,2020-03-20,19.44
Papua New Guinea,PNG,2020-03-21,22.22
Papua New Guinea,PNG,2020-03-22,22.22
Papua New Guinea,PNG,2020-03-23,33.33
Papua New Guinea,PNG,2020-03-24,74.07
Papua New Guinea,PNG,2020-03-25,74.07
Papua New Guinea,PNG,2020-03-26,74.07
Papua New Guinea,PNG,2020-03-27,74.07
Papua New Guinea,PNG,2020-03-28,74.07
Papua New Guinea,PNG,2020-03-29,74.07
Papua New Guinea,PNG,2020-03-30,74.07
Papua New Guinea,PNG,2020-03-31,74.07
Papua New Guinea,PNG,2020-04-01,74.07
Papua New Guinea,PNG,2020-04-02,74.07
Papua New Guinea,PNG,2020-04-03,74.07
Papua New Guinea,PNG,2020-04-04,74.07
Papua New Guinea,PNG,2020-04-05,74.07
Papua New Guinea,PNG,2020-04-06,74.07
Papua New Guinea,PNG,2020-04-07,65.74
Papua New Guinea,PNG,2020-04-08,76.85
Papua New Guinea,PNG,2020-04-09,82.41
Papua New Guinea,PNG,2020-04-10,82.41
Papua New Guinea,PNG,2020-04-11,82.41
Papua New Guinea,PNG,2020-04-12,82.41
Papua New Guinea,PNG,2020-04-13,82.41
Papua New Guinea,PNG,2020-04-14,76.85
Papua New Guinea,PNG,2020-04-15,76.85
Papua New Guinea,PNG,2020-04-16,83.8
Papua New Guinea,PNG,2020-04-17,83.8
Papua New Guinea,PNG,2020-04-18,83.8
Papua New Guinea,PNG,2020-04-19,83.8
Papua New Guinea,PNG,2020-04-20,83.8
Papua New Guinea,PNG,2020-04-21,83.8
Papua New Guinea,PNG,2020-04-22,83.8
Papua New Guinea,PNG,2020-04-23,83.8
Papua New Guinea,PNG,2020-04-24,83.8
Papua New Guinea,PNG,2020-04-25,78.24
Papua New Guinea,PNG,2020-04-26,78.24
Papua New Guinea,PNG,2020-04-27,70.83
Papua New Guinea,PNG,2020-04-28,70.83
Papua New Guinea,PNG,2020-04-29,70.83
Papua New Guinea,PNG,2020-04-30,70.83
Papua New Guinea,PNG,2020-05-01,68.06
Papua New Guinea,PNG,2020-05-02,68.06
Papua New Guinea,PNG,2020-05-03,68.06
Papua New Guinea,PNG,2020-05-04,64.35
Papua New Guinea,PNG,2020-05-05,64.35
Papua New Guinea,PNG,2020-05-06,64.35
Papua New Guinea,PNG,2020-05-07,64.35
Papua New Guinea,PNG,2020-05-08,64.35
Papua New Guinea,PNG,2020-05-09,64.35
Papua New Guinea,PNG,2020-05-10,64.35
Papua New Guinea,PNG,2020-05-11,64.35
Papua New Guinea,PNG,2020-05-12,64.35
Papua New Guinea,PNG,2020-05-13,56.02
Papua New Guinea,PNG,2020-05-14,56.02
Papua New Guinea,PNG,2020-05-15,56.02
Papua New Guinea,PNG,2020-05-16,56.02
Papua New Guinea,PNG,2020-05-17,56.02
Papua New Guinea,PNG,2020-05-18,56.02
Papua New Guinea,PNG,2020-05-19,56.02
Papua New Guinea,PNG,2020-05-20,56.02
Papua New Guinea,PNG,2020-05-21,56.02
Papua New Guinea,PNG,2020-05-22,56.02
Papua New Guinea,PNG,2020-05-23,56.02
Papua New Guinea,PNG,2020-05-24,56.02
Papua New Guinea,PNG,2020-05-25,56.02
Papua New Guinea,PNG,2020-05-26,56.02
Papua New Guinea,PNG,2020-05-27,56.02
Papua New Guinea,PNG,2020-05-28,56.02
Papua New Guinea,PNG,2020-05-29,56.02
Papua New Guinea,PNG,2020-05-30,56.02
Papua New Guinea,PNG,2020-05-31,56.02
Papua New Guinea,PNG,2020-06-01,56.02
Papua New Guinea,PNG,2020-06-02,56.02
Papua New Guinea,PNG,2020-06-03,56.02
Papua New Guinea,PNG,2020-06-04,56.02
Papua New Guinea,PNG,2020-06-05,56.02
Papua New Guinea,PNG,2020-06-06,56.02
Papua New Guinea,PNG,2020-06-07,56.02
Papua New Guinea,PNG,2020-06-08,56.02
Papua New Guinea,PNG,2020-06-09,56.02
Papua New Guinea,PNG,2020-06-10,56.02
Papua New Guinea,PNG,2020-06-11,56.02
Papua New Guinea,PNG,2020-06-12,56.02
Papua New Guinea,PNG,2020-06-13,56.02
Papua New Guinea,PNG,2020-06-14,56.02
Papua New Guinea,PNG,2020-06-15,56.02
Papua New Guinea,PNG,2020-06-16,56.02
Papua New Guinea,PNG,2020-06-17,56.02
Papua New Guinea,PNG,2020-06-18,56.02
Papua New Guinea,PNG,2020-06-19,56.02
Papua New Guinea,PNG,2020-06-20,56.02
Papua New Guinea,PNG,2020-06-21,56.02
Papua New Guinea,PNG,2020-06-22,56.02
Papua New Guinea,PNG,2020-06-23,49.07
Papua New Guinea,PNG,2020-06-24,49.07
Papua New Guinea,PNG,2020-06-25,49.07
Papua New Guinea,PNG,2020-06-26,49.07
Papua New Guinea,PNG,2020-06-27,49.07
Papua New Guinea,PNG,2020-06-28,49.07
Papua New Guinea,PNG,2020-06-29,49.07
Papua New Guinea,PNG,2020-06-30,49.07
Papua New Guinea,PNG,2020-07-01,49.07
Papua New Guinea,PNG,2020-07-02,49.07
Papua New Guinea,PNG,2020-07-03,49.07
Papua New Guinea,PNG,2020-07-04,49.07
Papua New Guinea,PNG,2020-07-05,49.07
Papua New Guinea,PNG,2020-07-06,49.07
Papua New Guinea,PNG,2020-07-07,49.07
Papua New Guinea,PNG,2020-07-08,49.07
Papua New Guinea,PNG,2020-07-09,49.07
Papua New Guinea,PNG,2020-07-10,49.07
Papua New Guinea,PNG,2020-07-11,49.07
Papua New Guinea,PNG,2020-07-12,49.07
Papua New Guinea,PNG,2020-07-13,49.07
Papua New Guinea,PNG,2020-07-14,49.07
Papua New Guinea,PNG,2020-07-15,49.07
Papua New Guinea,PNG,2020-07-16,49.07
Papua New Guinea,PNG,2020-07-17,49.07
Papua New Guinea,PNG,2020-07-18,49.07
Papua New Guinea,PNG,2020-07-19,49.07
Papua New Guinea,PNG,2020-07-20,49.07
Papua New Guinea,PNG,2020-07-21,49.07
Papua New Guinea,PNG,2020-07-22,49.07
Papua New Guinea,PNG,2020-07-23,49.07
Papua New Guinea,PNG,2020-07-24,49.07
Papua New Guinea,PNG,2020-07-25,49.07
Papua New Guinea,PNG,2020-07-26,49.07
Papua New Guinea,PNG,2020-07-27,49.07
Papua New Guinea,PNG,2020-07-28,49.07
Papua New Guinea,PNG,2020-07-29,49.07
Papua New Guinea,PNG,2020-07-30,49.07
Papua New Guinea,PNG,2020-07-31,49.07
Papua New Guinea,PNG,2020-08-01,49.07
Papua New Guinea,PNG,2020-08-02,49.07
Papua New Guinea,PNG,2020-08-03,49.07
Papua New Guinea,PNG,2020-08-04,56.48
Papua New Guinea,PNG,2020-08-05,56.48
Papua New Guinea,PNG,2020-08-06,56.48
Papua New Guinea,PNG,2020-08-07,80.56
Papua New Guinea,PNG,2020-08-08,80.56
Papua New Guinea,PNG,2020-08-09,80.56
Papua New Guinea,PNG,2020-08-10,80.56
Papua New Guinea,PNG,2020-08-11,80.56
Papua New Guinea,PNG,2020-08-12,52.78
Papua New Guinea,PNG,2020-08-13,55.56
Papua New Guinea,PNG,2020-08-14,55.56
Papua New Guinea,PNG,2020-08-15,55.56
Papua New Guinea,PNG,2020-08-16,55.56
Papua New Guinea,PNG,2020-08-17,47.22
Papua New Guinea,PNG,2020-08-18,47.22
Papua New Guinea,PNG,2020-08-19,47.22
Papua New Guinea,PNG,2020-08-20,47.22
Papua New Guinea,PNG,2020-08-21,47.22
Papua New Guinea,PNG,2020-08-22,47.22
Papua New Guinea,PNG,2020-08-23,47.22
Papua New Guinea,PNG,2020-08-24,47.22
Papua New Guinea,PNG,2020-08-25,47.22
Papua New Guinea,PNG,2020-08-26,47.22
Papua New Guinea,PNG,2020-08-27,47.22
Papua New Guinea,PNG,2020-08-28,47.22
Papua New Guinea,PNG,2020-08-29,47.22
Papua New Guinea,PNG,2020-08-30,47.22
Papua New Guinea,PNG,2020-08-31,47.22
Papua New Guinea,PNG,2020-09-01,47.22
Papua New Guinea,PNG,2020-09-02,47.22
Papua New Guinea,PNG,2020-09-03,47.22
Papua New Guinea,PNG,2020-09-04,47.22
Papua New Guinea,PNG,2020-09-05,47.22
Papua New Guinea,PNG,2020-09-06,47.22
Papua New Guinea,PNG,2020-09-07,47.22
Papua New Guinea,PNG,2020-09-08,47.22
Papua New Guinea,PNG,2020-09-09,47.22
Papua New Guinea,PNG,2020-09-10,47.22
Papua New Guinea,PNG,2020-09-11,47.22
Papua New Guinea,PNG,2020-09-12,47.22
Papua New Guinea,PNG,2020-09-13,47.22
Papua New Guinea,PNG,2020-09-14,47.22
Papua New Guinea,PNG,2020-09-15,47.22
Papua New Guinea,PNG,2020-09-16,47.22
Papua New Guinea,PNG,2020-09-17,47.22
Papua New Guinea,PNG,2020-09-18,47.22
Papua New Guinea,PNG,2020-09-19,47.22
Papua New Guinea,PNG,2020-09-20,47.22
Papua New Guinea,PNG,2020-09-21,47.22
Papua New Guinea,PNG,2020-09-22,47.22
Papua New Guinea,PNG,2020-09-23,47.22
Papua New Guinea,PNG,2020-09-24,47.22
Papua New Guinea,PNG,2020-09-25,45.37
Papua New Guinea,PNG,2020-09-26,45.37
Papua New Guinea,PNG,2020-09-27,45.37
Papua New Guinea,PNG,2020-09-28,45.37
Papua New Guinea,PNG,2020-09-29,45.37
Papua New Guinea,PNG,2020-09-30,45.37
Papua New Guinea,PNG,2020-10-01,45.37
Papua New Guinea,PNG,2020-10-02,45.37
Papua New Guinea,PNG,2020-10-03,45.37
Papua New Guinea,PNG,2020-10-04,45.37
Papua New Guinea,PNG,2020-10-05,45.37
Papua New Guinea,PNG,2020-10-06,45.37
Papua New Guinea,PNG,2020-10-07,45.37
Papua New Guinea,PNG,2020-10-08,45.37
Papua New Guinea,PNG,2020-10-09,45.37
Papua New Guinea,PNG,2020-10-10,45.37
Papua New Guinea,PNG,2020-10-11,45.37
Papua New Guinea,PNG,2020-10-12,45.37
Papua New Guinea,PNG,2020-10-13,45.37
Papua New Guinea,PNG,2020-10-14,45.37
Papua New Guinea,PNG,2020-10-15,45.37
Papua New Guinea,PNG,2020-10-16,45.37
Papua New Guinea,PNG,2020-10-17,45.37
Papua New Guinea,PNG,2020-10-18,45.37
Papua New Guinea,PNG,2020-10-19,45.37
Papua New Guinea,PNG,2020-10-20,45.37
Papua New Guinea,PNG,2020-10-21,45.37
Papua New Guinea,PNG,2020-10-22,45.37
Papua New Guinea,PNG,2020-10-23,45.37
Papua New Guinea,PNG,2020-10-24,45.37
Papua New Guinea,PNG,2020-10-25,45.37
Papua New Guinea,PNG,2020-10-26,45.37
Papua New Guinea,PNG,2020-10-27,45.37
Papua New Guinea,PNG,2020-10-28,45.37
Papua New Guinea,PNG,2020-10-29,41.67
Papua New Guinea,PNG,2020-10-30,41.67
Papua New Guinea,PNG,2020-10-31,41.67
Papua New Guinea,PNG,2020-11-01,41.67
Papua New Guinea,PNG,2020-11-02,41.67
Papua New Guinea,PNG,2020-11-03,41.67
Papua New Guinea,PNG,2020-11-04,41.67
Papua New Guinea,PNG,2020-11-05,41.67
Papua New Guinea,PNG,2020-11-06,41.67
Papua New Guinea,PNG,2020-11-07,41.67
Papua New Guinea,PNG,2020-11-08,41.67
Papua New Guinea,PNG,2020-11-09,41.67
Papua New Guinea,PNG,2020-11-10,37.96
Papua New Guinea,PNG,2020-11-11,37.96
Papua New Guinea,PNG,2020-11-12,37.96
Papua New Guinea,PNG,2020-11-13,37.96
Papua New Guinea,PNG,2020-11-14,37.96
Papua New Guinea,PNG,2020-11-15,37.96
Papua New Guinea,PNG,2020-11-16,37.96
Papua New Guinea,PNG,2020-11-17,37.96
Papua New Guinea,PNG,2020-11-18,37.96
Papua New Guinea,PNG,2020-11-19,37.96
Papua New Guinea,PNG,2020-11-20,37.96
Papua New Guinea,PNG,2020-11-21,37.96
Papua New Guinea,PNG,2020-11-22,37.96
Papua New Guinea,PNG,2020-11-23,37.96
Papua New Guinea,PNG,2020-11-24,37.96
Papua New Guinea,PNG,2020-11-25,37.96
Papua New Guinea,PNG,2020-11-26,37.96
Papua New Guinea,PNG,2020-11-27,37.96
Papua New Guinea,PNG,2020-11-28,37.96
Papua New Guinea,PNG,2020-11-29,37.96
Papua New Guinea,PNG,2020-11-30,37.96
Papua New Guinea,PNG,2020-12-01,37.96
Papua New Guinea,PNG,2020-12-02,37.96
Papua New Guinea,PNG,2020-12-03,37.96
Papua New Guinea,PNG,2020-12-04,37.96
Papua New Guinea,PNG,2020-12-05,37.96
Papua New Guinea,PNG,2020-12-06,37.96
Papua New Guinea,PNG,2020-12-07,37.96
Papua New Guinea,PNG,2020-12-08,37.96
Papua New Guinea,PNG,2020-12-09,37.96
Papua New Guinea,PNG,2020-12-10,37.96
Papua New Guinea,PNG,2020-12-11,37.96
Papua New Guinea,PNG,2020-12-12,37.96
Papua New Guinea,PNG,2020-12-13,37.96
Papua New Guinea,PNG,2020-12-14,37.96
Papua New Guinea,PNG,2020-12-15,37.96
Papua New Guinea,PNG,2020-12-16,37.96
Papua New Guinea,PNG,2020-12-17,37.96
Papua New Guinea,PNG,2020-12-18,37.96
Papua New Guinea,PNG,2020-12-19,37.96
Papua New Guinea,PNG,2020-12-20,37.96
Papua New Guinea,PNG,2020-12-21,37.96
Papua New Guinea,PNG,2020-12-22,37.96
Papua New Guinea,PNG,2020-12-23,37.96
Papua New Guinea,PNG,2020-12-24,37.96
Papua New Guinea,PNG,2020-12-25,37.96
Papua New Guinea,PNG,2020-12-26,37.96
Papua New Guinea,PNG,2020-12-27,37.96
Papua New Guinea,PNG,2020-12-28,29.63
Papua New Guinea,PNG,2020-12-29,29.63
Papua New Guinea,PNG,2020-12-30,29.63
Papua New Guinea,PNG,2020-12-31,29.63
Papua New Guinea,PNG,2021-01-01,29.63
Papua New Guinea,PNG,2021-01-02,29.63
Papua New Guinea,PNG,2021-01-03,64.35
Papua New Guinea,PNG,2021-01-04,64.35
Papua New Guinea,PNG,2021-01-05,64.35
Papua New Guinea,PNG,2021-01-06,64.35
Papua New Guinea,PNG,2021-01-07,64.35
Papua New Guinea,PNG,2021-01-08,64.35
Papua New Guinea,PNG,2021-01-09,64.35
Papua New Guinea,PNG,2021-01-10,64.35
Papua New Guinea,PNG,2021-01-11,64.35
Papua New Guinea,PNG,2021-01-12,64.35
Papua New Guinea,PNG,2021-01-13,64.35
Papua New Guinea,PNG,2021-01-14,64.35
Papua New Guinea,PNG,2021-01-15,64.35
Papua New Guinea,PNG,2021-01-16,64.35
Papua New Guinea,PNG,2021-01-17,64.35
Papua New Guinea,PNG,2021-01-18,64.35
Papua New Guinea,PNG,2021-01-19,64.35
Papua New Guinea,PNG,2021-01-20,59.72
Papua New Guinea,PNG,2021-01-21,59.72
Papua New Guinea,PNG,2021-01-22,59.72
Papua New Guinea,PNG,2021-01-23,59.72
Papua New Guinea,PNG,2021-01-24,59.72
Papua New Guinea,PNG,2021-01-25,59.72
Papua New Guinea,PNG,2021-01-26,59.72
Papua New Guinea,PNG,2021-01-27,59.72
Papua New Guinea,PNG,2021-01-28,59.72
Papua New Guinea,PNG,2021-01-29,59.72
Papua New Guinea,PNG,2021-01-30,59.72
Papua New Guinea,PNG,2021-01-31,59.72
Papua New Guinea,PNG,2021-02-01,59.72
Papua New Guinea,PNG,2021-02-02,44.91
Papua New Guinea,PNG,2021-02-03,44.91
Papua New Guinea,PNG,2021-02-04,44.91
Papua New Guinea,PNG,2021-02-05,44.91
Papua New Guinea,PNG,2021-02-06,44.91
Papua New Guinea,PNG,2021-02-07,44.91
Papua New Guinea,PNG,2021-02-08,44.91
Papua New Guinea,PNG,2021-02-09,44.91
Papua New Guinea,PNG,2021-02-10,44.91
Papua New Guinea,PNG,2021-02-11,44.91
Papua New Guinea,PNG,2021-02-12,44.91
Papua New Guinea,PNG,2021-02-13,44.91
Papua New Guinea,PNG,2021-02-14,44.91
Papua New Guinea,PNG,2021-02-15,44.91
Papua New Guinea,PNG,2021-02-16,60.19
Papua New Guinea,PNG,2021-02-17,60.19
Papua New Guinea,PNG,2021-02-18,60.19
Papua New Guinea,PNG,2021-02-19,60.19
Papua New Guinea,PNG,2021-02-20,60.19
Papua New Guinea,PNG,2021-02-21,60.19
Papua New Guinea,PNG,2021-02-22,60.19
Papua New Guinea,PNG,2021-02-23,60.19
Papua New Guinea,PNG,2021-02-24,60.19
Papua New Guinea,PNG,2021-02-25,60.19
Papua New Guinea,PNG,2021-02-26,60.19
Papua New Guinea,PNG,2021-02-27,60.19
Papua New Guinea,PNG,2021-02-28,60.19
Papua New Guinea,PNG,2021-03-01,60.19
Papua New Guinea,PNG,2021-03-02,60.19
Papua New Guinea,PNG,2021-03-03,60.19
Papua New Guinea,PNG,2021-03-04,60.19
Papua New Guinea,PNG,2021-03-05,60.19
Papua New Guinea,PNG,2021-03-06,60.19
Papua New Guinea,PNG,2021-03-07,60.19
Paraguay,PRY,2020-01-01,0
Paraguay,PRY,2020-01-02,0
Paraguay,PRY,2020-01-03,0
Paraguay,PRY,2020-01-04,0
Paraguay,PRY,2020-01-05,0
Paraguay,PRY,2020-01-06,0
Paraguay,PRY,2020-01-07,0
Paraguay,PRY,2020-01-08,0
Paraguay,PRY,2020-01-09,0
Paraguay,PRY,2020-01-10,0
Paraguay,PRY,2020-01-11,0
Paraguay,PRY,2020-01-12,0
Paraguay,PRY,2020-01-13,0
Paraguay,PRY,2020-01-14,0
Paraguay,PRY,2020-01-15,0
Paraguay,PRY,2020-01-16,0
Paraguay,PRY,2020-01-17,0
Paraguay,PRY,2020-01-18,0
Paraguay,PRY,2020-01-19,0
Paraguay,PRY,2020-01-20,0
Paraguay,PRY,2020-01-21,0
Paraguay,PRY,2020-01-22,0
Paraguay,PRY,2020-01-23,5.56
Paraguay,PRY,2020-01-24,5.56
Paraguay,PRY,2020-01-25,5.56
Paraguay,PRY,2020-01-26,5.56
Paraguay,PRY,2020-01-27,5.56
Paraguay,PRY,2020-01-28,5.56
Paraguay,PRY,2020-01-29,5.56
Paraguay,PRY,2020-01-30,5.56
Paraguay,PRY,2020-01-31,5.56
Paraguay,PRY,2020-02-01,5.56
Paraguay,PRY,2020-02-02,5.56
Paraguay,PRY,2020-02-03,5.56
Paraguay,PRY,2020-02-04,5.56
Paraguay,PRY,2020-02-05,5.56
Paraguay,PRY,2020-02-06,5.56
Paraguay,PRY,2020-02-07,5.56
Paraguay,PRY,2020-02-08,5.56
Paraguay,PRY,2020-02-09,5.56
Paraguay,PRY,2020-02-10,5.56
Paraguay,PRY,2020-02-11,5.56
Paraguay,PRY,2020-02-12,5.56
Paraguay,PRY,2020-02-13,5.56
Paraguay,PRY,2020-02-14,5.56
Paraguay,PRY,2020-02-15,5.56
Paraguay,PRY,2020-02-16,5.56
Paraguay,PRY,2020-02-17,5.56
Paraguay,PRY,2020-02-18,5.56
Paraguay,PRY,2020-02-19,5.56
Paraguay,PRY,2020-02-20,5.56
Paraguay,PRY,2020-02-21,5.56
Paraguay,PRY,2020-02-22,5.56
Paraguay,PRY,2020-02-23,5.56
Paraguay,PRY,2020-02-24,5.56
Paraguay,PRY,2020-02-25,5.56
Paraguay,PRY,2020-02-26,5.56
Paraguay,PRY,2020-02-27,5.56
Paraguay,PRY,2020-02-28,5.56
Paraguay,PRY,2020-02-29,5.56
Paraguay,PRY,2020-03-01,5.56
Paraguay,PRY,2020-03-02,5.56
Paraguay,PRY,2020-03-03,5.56
Paraguay,PRY,2020-03-04,5.56
Paraguay,PRY,2020-03-05,5.56
Paraguay,PRY,2020-03-06,5.56
Paraguay,PRY,2020-03-07,5.56
Paraguay,PRY,2020-03-08,5.56
Paraguay,PRY,2020-03-09,5.56
Paraguay,PRY,2020-03-10,39.81
Paraguay,PRY,2020-03-11,39.81
Paraguay,PRY,2020-03-12,39.81
Paraguay,PRY,2020-03-13,50.93
Paraguay,PRY,2020-03-14,50.93
Paraguay,PRY,2020-03-15,50.93
Paraguay,PRY,2020-03-16,70.37
Paraguay,PRY,2020-03-17,74.07
Paraguay,PRY,2020-03-18,74.07
Paraguay,PRY,2020-03-19,74.07
Paraguay,PRY,2020-03-20,74.07
Paraguay,PRY,2020-03-21,85.19
Paraguay,PRY,2020-03-22,85.19
Paraguay,PRY,2020-03-23,90.74
Paraguay,PRY,2020-03-24,93.52
Paraguay,PRY,2020-03-25,93.52
Paraguay,PRY,2020-03-26,93.52
Paraguay,PRY,2020-03-27,93.52
Paraguay,PRY,2020-03-28,93.52
Paraguay,PRY,2020-03-29,93.52
Paraguay,PRY,2020-03-30,93.52
Paraguay,PRY,2020-03-31,93.52
Paraguay,PRY,2020-04-01,93.52
Paraguay,PRY,2020-04-02,93.52
Paraguay,PRY,2020-04-03,93.52
Paraguay,PRY,2020-04-04,93.52
Paraguay,PRY,2020-04-05,93.52
Paraguay,PRY,2020-04-06,93.52
Paraguay,PRY,2020-04-07,93.52
Paraguay,PRY,2020-04-08,93.52
Paraguay,PRY,2020-04-09,94.44
Paraguay,PRY,2020-04-10,94.44
Paraguay,PRY,2020-04-11,94.44
Paraguay,PRY,2020-04-12,94.44
Paraguay,PRY,2020-04-13,94.44
Paraguay,PRY,2020-04-14,94.44
Paraguay,PRY,2020-04-15,94.44
Paraguay,PRY,2020-04-16,94.44
Paraguay,PRY,2020-04-17,94.44
Paraguay,PRY,2020-04-18,94.44
Paraguay,PRY,2020-04-19,94.44
Paraguay,PRY,2020-04-20,94.44
Paraguay,PRY,2020-04-21,94.44
Paraguay,PRY,2020-04-22,94.44
Paraguay,PRY,2020-04-23,94.44
Paraguay,PRY,2020-04-24,94.44
Paraguay,PRY,2020-04-25,94.44
Paraguay,PRY,2020-04-26,94.44
Paraguay,PRY,2020-04-27,94.44
Paraguay,PRY,2020-04-28,94.44
Paraguay,PRY,2020-04-29,94.44
Paraguay,PRY,2020-04-30,94.44
Paraguay,PRY,2020-05-01,94.44
Paraguay,PRY,2020-05-02,94.44
Paraguay,PRY,2020-05-03,94.44
Paraguay,PRY,2020-05-04,94.44
Paraguay,PRY,2020-05-05,94.44
Paraguay,PRY,2020-05-06,94.44
Paraguay,PRY,2020-05-07,94.44
Paraguay,PRY,2020-05-08,94.44
Paraguay,PRY,2020-05-09,94.44
Paraguay,PRY,2020-05-10,94.44
Paraguay,PRY,2020-05-11,94.44
Paraguay,PRY,2020-05-12,94.44
Paraguay,PRY,2020-05-13,94.44
Paraguay,PRY,2020-05-14,94.44
Paraguay,PRY,2020-05-15,94.44
Paraguay,PRY,2020-05-16,94.44
Paraguay,PRY,2020-05-17,94.44
Paraguay,PRY,2020-05-18,94.44
Paraguay,PRY,2020-05-19,94.44
Paraguay,PRY,2020-05-20,94.44
Paraguay,PRY,2020-05-21,94.44
Paraguay,PRY,2020-05-22,94.44
Paraguay,PRY,2020-05-23,94.44
Paraguay,PRY,2020-05-24,94.44
Paraguay,PRY,2020-05-25,81.48
Paraguay,PRY,2020-05-26,81.48
Paraguay,PRY,2020-05-27,81.48
Paraguay,PRY,2020-05-28,81.48
Paraguay,PRY,2020-05-29,81.48
Paraguay,PRY,2020-05-30,81.48
Paraguay,PRY,2020-05-31,81.48
Paraguay,PRY,2020-06-01,81.48
Paraguay,PRY,2020-06-02,81.48
Paraguay,PRY,2020-06-03,81.48
Paraguay,PRY,2020-06-04,81.48
Paraguay,PRY,2020-06-05,81.48
Paraguay,PRY,2020-06-06,81.48
Paraguay,PRY,2020-06-07,81.48
Paraguay,PRY,2020-06-08,81.48
Paraguay,PRY,2020-06-09,81.48
Paraguay,PRY,2020-06-10,83.33
Paraguay,PRY,2020-06-11,83.33
Paraguay,PRY,2020-06-12,83.33
Paraguay,PRY,2020-06-13,83.33
Paraguay,PRY,2020-06-14,83.33
Paraguay,PRY,2020-06-15,83.33
Paraguay,PRY,2020-06-16,83.33
Paraguay,PRY,2020-06-17,83.33
Paraguay,PRY,2020-06-18,83.33
Paraguay,PRY,2020-06-19,83.33
Paraguay,PRY,2020-06-20,83.33
Paraguay,PRY,2020-06-21,83.33
Paraguay,PRY,2020-06-22,83.33
Paraguay,PRY,2020-06-23,83.33
Paraguay,PRY,2020-06-24,83.33
Paraguay,PRY,2020-06-25,81.48
Paraguay,PRY,2020-06-26,81.48
Paraguay,PRY,2020-06-27,81.48
Paraguay,PRY,2020-06-28,81.48
Paraguay,PRY,2020-06-29,81.48
Paraguay,PRY,2020-06-30,81.48
Paraguay,PRY,2020-07-01,81.48
Paraguay,PRY,2020-07-02,81.48
Paraguay,PRY,2020-07-03,81.48
Paraguay,PRY,2020-07-04,81.48
Paraguay,PRY,2020-07-05,75.93
Paraguay,PRY,2020-07-06,75.93
Paraguay,PRY,2020-07-07,75.93
Paraguay,PRY,2020-07-08,75.93
Paraguay,PRY,2020-07-09,75.93
Paraguay,PRY,2020-07-10,75.93
Paraguay,PRY,2020-07-11,75.93
Paraguay,PRY,2020-07-12,75.93
Paraguay,PRY,2020-07-13,75.93
Paraguay,PRY,2020-07-14,75.93
Paraguay,PRY,2020-07-15,75.93
Paraguay,PRY,2020-07-16,75.93
Paraguay,PRY,2020-07-17,75.93
Paraguay,PRY,2020-07-18,75.93
Paraguay,PRY,2020-07-19,75.93
Paraguay,PRY,2020-07-20,78.7
Paraguay,PRY,2020-07-21,78.7
Paraguay,PRY,2020-07-22,78.7
Paraguay,PRY,2020-07-23,78.7
Paraguay,PRY,2020-07-24,78.7
Paraguay,PRY,2020-07-25,78.7
Paraguay,PRY,2020-07-26,78.7
Paraguay,PRY,2020-07-27,78.7
Paraguay,PRY,2020-07-28,78.7
Paraguay,PRY,2020-07-29,78.7
Paraguay,PRY,2020-07-30,78.7
Paraguay,PRY,2020-07-31,78.7
Paraguay,PRY,2020-08-01,78.7
Paraguay,PRY,2020-08-02,78.7
Paraguay,PRY,2020-08-03,78.7
Paraguay,PRY,2020-08-04,78.7
Paraguay,PRY,2020-08-05,78.7
Paraguay,PRY,2020-08-06,78.7
Paraguay,PRY,2020-08-07,78.7
Paraguay,PRY,2020-08-08,78.7
Paraguay,PRY,2020-08-09,78.7
Paraguay,PRY,2020-08-10,78.7
Paraguay,PRY,2020-08-11,78.7
Paraguay,PRY,2020-08-12,78.7
Paraguay,PRY,2020-08-13,78.7
Paraguay,PRY,2020-08-14,78.7
Paraguay,PRY,2020-08-15,78.7
Paraguay,PRY,2020-08-16,78.7
Paraguay,PRY,2020-08-17,78.7
Paraguay,PRY,2020-08-18,78.7
Paraguay,PRY,2020-08-19,78.7
Paraguay,PRY,2020-08-20,78.7
Paraguay,PRY,2020-08-21,78.7
Paraguay,PRY,2020-08-22,78.7
Paraguay,PRY,2020-08-23,78.7
Paraguay,PRY,2020-08-24,78.7
Paraguay,PRY,2020-08-25,81.48
Paraguay,PRY,2020-08-26,81.48
Paraguay,PRY,2020-08-27,81.48
Paraguay,PRY,2020-08-28,81.48
Paraguay,PRY,2020-08-29,81.48
Paraguay,PRY,2020-08-30,81.48
Paraguay,PRY,2020-08-31,81.48
Paraguay,PRY,2020-09-01,81.48
Paraguay,PRY,2020-09-02,81.48
Paraguay,PRY,2020-09-03,81.48
Paraguay,PRY,2020-09-04,81.48
Paraguay,PRY,2020-09-05,81.48
Paraguay,PRY,2020-09-06,81.48
Paraguay,PRY,2020-09-07,81.48
Paraguay,PRY,2020-09-08,81.48
Paraguay,PRY,2020-09-09,81.48
Paraguay,PRY,2020-09-10,81.48
Paraguay,PRY,2020-09-11,81.48
Paraguay,PRY,2020-09-12,81.48
Paraguay,PRY,2020-09-13,81.48
Paraguay,PRY,2020-09-14,81.48
Paraguay,PRY,2020-09-15,81.48
Paraguay,PRY,2020-09-16,81.48
Paraguay,PRY,2020-09-17,81.48
Paraguay,PRY,2020-09-18,81.48
Paraguay,PRY,2020-09-19,81.48
Paraguay,PRY,2020-09-20,81.48
Paraguay,PRY,2020-09-21,81.48
Paraguay,PRY,2020-09-22,81.48
Paraguay,PRY,2020-09-23,81.48
Paraguay,PRY,2020-09-24,81.48
Paraguay,PRY,2020-09-25,81.48
Paraguay,PRY,2020-09-26,81.48
Paraguay,PRY,2020-09-27,81.48
Paraguay,PRY,2020-09-28,81.48
Paraguay,PRY,2020-09-29,81.48
Paraguay,PRY,2020-09-30,81.48
Paraguay,PRY,2020-10-01,81.48
Paraguay,PRY,2020-10-02,81.48
Paraguay,PRY,2020-10-03,81.48
Paraguay,PRY,2020-10-04,81.48
Paraguay,PRY,2020-10-05,67.59
Paraguay,PRY,2020-10-06,67.59
Paraguay,PRY,2020-10-07,67.59
Paraguay,PRY,2020-10-08,67.59
Paraguay,PRY,2020-10-09,67.59
Paraguay,PRY,2020-10-10,67.59
Paraguay,PRY,2020-10-11,67.59
Paraguay,PRY,2020-10-12,67.59
Paraguay,PRY,2020-10-13,67.59
Paraguay,PRY,2020-10-14,67.59
Paraguay,PRY,2020-10-15,64.81
Paraguay,PRY,2020-10-16,64.81
Paraguay,PRY,2020-10-17,64.81
Paraguay,PRY,2020-10-18,64.81
Paraguay,PRY,2020-10-19,64.81
Paraguay,PRY,2020-10-20,64.81
Paraguay,PRY,2020-10-21,64.81
Paraguay,PRY,2020-10-22,64.81
Paraguay,PRY,2020-10-23,64.81
Paraguay,PRY,2020-10-24,64.81
Paraguay,PRY,2020-10-25,64.81
Paraguay,PRY,2020-10-26,64.81
Paraguay,PRY,2020-10-27,64.81
Paraguay,PRY,2020-10-28,64.81
Paraguay,PRY,2020-10-29,64.81
Paraguay,PRY,2020-10-30,64.81
Paraguay,PRY,2020-10-31,64.81
Paraguay,PRY,2020-11-01,64.81
Paraguay,PRY,2020-11-02,64.81
Paraguay,PRY,2020-11-03,64.81
Paraguay,PRY,2020-11-04,64.81
Paraguay,PRY,2020-11-05,64.81
Paraguay,PRY,2020-11-06,64.81
Paraguay,PRY,2020-11-07,64.81
Paraguay,PRY,2020-11-08,64.81
Paraguay,PRY,2020-11-09,64.81
Paraguay,PRY,2020-11-10,64.81
Paraguay,PRY,2020-11-11,64.81
Paraguay,PRY,2020-11-12,64.81
Paraguay,PRY,2020-11-13,64.81
Paraguay,PRY,2020-11-14,61.11
Paraguay,PRY,2020-11-15,61.11
Paraguay,PRY,2020-11-16,66.67
Paraguay,PRY,2020-11-17,63.89
Paraguay,PRY,2020-11-18,63.89
Paraguay,PRY,2020-11-19,63.89
Paraguay,PRY,2020-11-20,63.89
Paraguay,PRY,2020-11-21,63.89
Paraguay,PRY,2020-11-22,63.89
Paraguay,PRY,2020-11-23,63.89
Paraguay,PRY,2020-11-24,63.89
Paraguay,PRY,2020-11-25,63.89
Paraguay,PRY,2020-11-26,63.89
Paraguay,PRY,2020-11-27,63.89
Paraguay,PRY,2020-11-28,63.89
Paraguay,PRY,2020-11-29,63.89
Paraguay,PRY,2020-11-30,63.89
Paraguay,PRY,2020-12-01,63.89
Paraguay,PRY,2020-12-02,63.89
Paraguay,PRY,2020-12-03,63.89
Paraguay,PRY,2020-12-04,63.89
Paraguay,PRY,2020-12-05,58.33
Paraguay,PRY,2020-12-06,58.33
Paraguay,PRY,2020-12-07,58.33
Paraguay,PRY,2020-12-08,58.33
Paraguay,PRY,2020-12-09,58.33
Paraguay,PRY,2020-12-10,58.33
Paraguay,PRY,2020-12-11,58.33
Paraguay,PRY,2020-12-12,58.33
Paraguay,PRY,2020-12-13,58.33
Paraguay,PRY,2020-12-14,58.33
Paraguay,PRY,2020-12-15,58.33
Paraguay,PRY,2020-12-16,58.33
Paraguay,PRY,2020-12-17,52.78
Paraguay,PRY,2020-12-18,52.78
Paraguay,PRY,2020-12-19,52.78
Paraguay,PRY,2020-12-20,52.78
Paraguay,PRY,2020-12-21,52.78
Paraguay,PRY,2020-12-22,52.78
Paraguay,PRY,2020-12-23,52.78
Paraguay,PRY,2020-12-24,52.78
Paraguay,PRY,2020-12-25,52.78
Paraguay,PRY,2020-12-26,52.78
Paraguay,PRY,2020-12-27,52.78
Paraguay,PRY,2020-12-28,52.78
Paraguay,PRY,2020-12-29,52.78
Paraguay,PRY,2020-12-30,52.78
Paraguay,PRY,2020-12-31,52.78
Paraguay,PRY,2021-01-01,52.78
Paraguay,PRY,2021-01-02,52.78
Paraguay,PRY,2021-01-03,52.78
Paraguay,PRY,2021-01-04,52.78
Paraguay,PRY,2021-01-05,52.78
Paraguay,PRY,2021-01-06,52.78
Paraguay,PRY,2021-01-07,52.78
Paraguay,PRY,2021-01-08,52.78
Paraguay,PRY,2021-01-09,52.78
Paraguay,PRY,2021-01-10,52.78
Paraguay,PRY,2021-01-11,55.56
Paraguay,PRY,2021-01-12,55.56
Paraguay,PRY,2021-01-13,55.56
Paraguay,PRY,2021-01-14,55.56
Paraguay,PRY,2021-01-15,55.56
Paraguay,PRY,2021-01-16,55.56
Paraguay,PRY,2021-01-17,55.56
Paraguay,PRY,2021-01-18,55.56
Paraguay,PRY,2021-01-19,55.56
Paraguay,PRY,2021-01-20,55.56
Paraguay,PRY,2021-01-21,55.56
Paraguay,PRY,2021-01-22,55.56
Paraguay,PRY,2021-01-23,55.56
Paraguay,PRY,2021-01-24,55.56
Paraguay,PRY,2021-01-25,55.56
Paraguay,PRY,2021-01-26,55.56
Paraguay,PRY,2021-01-27,55.56
Paraguay,PRY,2021-01-28,55.56
Paraguay,PRY,2021-01-29,55.56
Paraguay,PRY,2021-01-30,55.56
Paraguay,PRY,2021-01-31,55.56
Paraguay,PRY,2021-02-01,50
Paraguay,PRY,2021-02-02,50
Paraguay,PRY,2021-02-03,50
Paraguay,PRY,2021-02-04,50
Paraguay,PRY,2021-02-05,50
Paraguay,PRY,2021-02-06,50
Paraguay,PRY,2021-02-07,50
Paraguay,PRY,2021-02-08,50
Paraguay,PRY,2021-02-09,50
Paraguay,PRY,2021-02-10,50
Paraguay,PRY,2021-02-11,50
Paraguay,PRY,2021-02-12,50
Paraguay,PRY,2021-02-13,50
Paraguay,PRY,2021-02-14,50
Paraguay,PRY,2021-02-15,50
Paraguay,PRY,2021-02-16,50
Paraguay,PRY,2021-02-17,50
Paraguay,PRY,2021-02-18,50
Paraguay,PRY,2021-02-19,50
Paraguay,PRY,2021-02-20,50
Paraguay,PRY,2021-02-21,50
Paraguay,PRY,2021-02-22,50
Paraguay,PRY,2021-02-23,50
Paraguay,PRY,2021-02-24,50
Paraguay,PRY,2021-02-25,50
Paraguay,PRY,2021-02-26,50
Paraguay,PRY,2021-02-27,50
Paraguay,PRY,2021-02-28,50
Paraguay,PRY,2021-03-01,50
Paraguay,PRY,2021-03-02,46.3
Paraguay,PRY,2021-03-03,46.3
Paraguay,PRY,2021-03-04,46.3
Paraguay,PRY,2021-03-05,46.3
Peru,PER,2020-01-01,0
Peru,PER,2020-01-02,0
Peru,PER,2020-01-03,0
Peru,PER,2020-01-04,0
Peru,PER,2020-01-05,0
Peru,PER,2020-01-06,0
Peru,PER,2020-01-07,0
Peru,PER,2020-01-08,0
Peru,PER,2020-01-09,0
Peru,PER,2020-01-10,0
Peru,PER,2020-01-11,0
Peru,PER,2020-01-12,0
Peru,PER,2020-01-13,0
Peru,PER,2020-01-14,0
Peru,PER,2020-01-15,0
Peru,PER,2020-01-16,0
Peru,PER,2020-01-17,0
Peru,PER,2020-01-18,0
Peru,PER,2020-01-19,0
Peru,PER,2020-01-20,0
Peru,PER,2020-01-21,0
Peru,PER,2020-01-22,0
Peru,PER,2020-01-23,0
Peru,PER,2020-01-24,0
Peru,PER,2020-01-25,0
Peru,PER,2020-01-26,0
Peru,PER,2020-01-27,0
Peru,PER,2020-01-28,0
Peru,PER,2020-01-29,0
Peru,PER,2020-01-30,0
Peru,PER,2020-01-31,0
Peru,PER,2020-02-01,0
Peru,PER,2020-02-02,0
Peru,PER,2020-02-03,0
Peru,PER,2020-02-04,0
Peru,PER,2020-02-05,0
Peru,PER,2020-02-06,0
Peru,PER,2020-02-07,0
Peru,PER,2020-02-08,0
Peru,PER,2020-02-09,0
Peru,PER,2020-02-10,0
Peru,PER,2020-02-11,0
Peru,PER,2020-02-12,0
Peru,PER,2020-02-13,0
Peru,PER,2020-02-14,0
Peru,PER,2020-02-15,0
Peru,PER,2020-02-16,0
Peru,PER,2020-02-17,0
Peru,PER,2020-02-18,0
Peru,PER,2020-02-19,0
Peru,PER,2020-02-20,0
Peru,PER,2020-02-21,0
Peru,PER,2020-02-22,0
Peru,PER,2020-02-23,0
Peru,PER,2020-02-24,0
Peru,PER,2020-02-25,0
Peru,PER,2020-02-26,0
Peru,PER,2020-02-27,0
Peru,PER,2020-02-28,0
Peru,PER,2020-02-29,0
Peru,PER,2020-03-01,0
Peru,PER,2020-03-02,0
Peru,PER,2020-03-03,0
Peru,PER,2020-03-04,0
Peru,PER,2020-03-05,11.11
Peru,PER,2020-03-06,13.89
Peru,PER,2020-03-07,13.89
Peru,PER,2020-03-08,13.89
Peru,PER,2020-03-09,13.89
Peru,PER,2020-03-10,13.89
Peru,PER,2020-03-11,16.67
Peru,PER,2020-03-12,44.44
Peru,PER,2020-03-13,44.44
Peru,PER,2020-03-14,50
Peru,PER,2020-03-15,74.07
Peru,PER,2020-03-16,90.74
Peru,PER,2020-03-17,90.74
Peru,PER,2020-03-18,94.44
Peru,PER,2020-03-19,94.44
Peru,PER,2020-03-20,94.44
Peru,PER,2020-03-21,94.44
Peru,PER,2020-03-22,94.44
Peru,PER,2020-03-23,94.44
Peru,PER,2020-03-24,94.44
Peru,PER,2020-03-25,94.44
Peru,PER,2020-03-26,94.44
Peru,PER,2020-03-27,94.44
Peru,PER,2020-03-28,94.44
Peru,PER,2020-03-29,94.44
Peru,PER,2020-03-30,94.44
Peru,PER,2020-03-31,94.44
Peru,PER,2020-04-01,94.44
Peru,PER,2020-04-02,94.44
Peru,PER,2020-04-03,94.44
Peru,PER,2020-04-04,94.44
Peru,PER,2020-04-05,94.44
Peru,PER,2020-04-06,94.44
Peru,PER,2020-04-07,94.44
Peru,PER,2020-04-08,94.44
Peru,PER,2020-04-09,94.44
Peru,PER,2020-04-10,94.44
Peru,PER,2020-04-11,94.44
Peru,PER,2020-04-12,94.44
Peru,PER,2020-04-13,94.44
Peru,PER,2020-04-14,94.44
Peru,PER,2020-04-15,94.44
Peru,PER,2020-04-16,94.44
Peru,PER,2020-04-17,94.44
Peru,PER,2020-04-18,94.44
Peru,PER,2020-04-19,94.44
Peru,PER,2020-04-20,94.44
Peru,PER,2020-04-21,94.44
Peru,PER,2020-04-22,94.44
Peru,PER,2020-04-23,94.44
Peru,PER,2020-04-24,94.44
Peru,PER,2020-04-25,94.44
Peru,PER,2020-04-26,94.44
Peru,PER,2020-04-27,94.44
Peru,PER,2020-04-28,94.44
Peru,PER,2020-04-29,94.44
Peru,PER,2020-04-30,94.44
Peru,PER,2020-05-01,96.3
Peru,PER,2020-05-02,96.3
Peru,PER,2020-05-03,96.3
Peru,PER,2020-05-04,96.3
Peru,PER,2020-05-05,96.3
Peru,PER,2020-05-06,96.3
Peru,PER,2020-05-07,96.3
Peru,PER,2020-05-08,96.3
Peru,PER,2020-05-09,96.3
Peru,PER,2020-05-10,96.3
Peru,PER,2020-05-11,92.59
Peru,PER,2020-05-12,92.59
Peru,PER,2020-05-13,92.59
Peru,PER,2020-05-14,92.59
Peru,PER,2020-05-15,92.59
Peru,PER,2020-05-16,92.59
Peru,PER,2020-05-17,92.59
Peru,PER,2020-05-18,92.59
Peru,PER,2020-05-19,92.59
Peru,PER,2020-05-20,92.59
Peru,PER,2020-05-21,92.59
Peru,PER,2020-05-22,92.59
Peru,PER,2020-05-23,92.59
Peru,PER,2020-05-24,92.59
Peru,PER,2020-05-25,89.81
Peru,PER,2020-05-26,89.81
Peru,PER,2020-05-27,89.81
Peru,PER,2020-05-28,89.81
Peru,PER,2020-05-29,89.81
Peru,PER,2020-05-30,89.81
Peru,PER,2020-05-31,89.81
Peru,PER,2020-06-01,89.81
Peru,PER,2020-06-02,89.81
Peru,PER,2020-06-03,89.81
Peru,PER,2020-06-04,89.81
Peru,PER,2020-06-05,89.81
Peru,PER,2020-06-06,89.81
Peru,PER,2020-06-07,89.81
Peru,PER,2020-06-08,89.81
Peru,PER,2020-06-09,89.81
Peru,PER,2020-06-10,89.81
Peru,PER,2020-06-11,89.81
Peru,PER,2020-06-12,89.81
Peru,PER,2020-06-13,89.81
Peru,PER,2020-06-14,89.81
Peru,PER,2020-06-15,89.81
Peru,PER,2020-06-16,89.81
Peru,PER,2020-06-17,89.81
Peru,PER,2020-06-18,89.81
Peru,PER,2020-06-19,89.81
Peru,PER,2020-06-20,89.81
Peru,PER,2020-06-21,89.81
Peru,PER,2020-06-22,89.81
Peru,PER,2020-06-23,89.81
Peru,PER,2020-06-24,89.81
Peru,PER,2020-06-25,89.81
Peru,PER,2020-06-26,89.81
Peru,PER,2020-06-27,89.81
Peru,PER,2020-06-28,89.81
Peru,PER,2020-06-29,89.81
Peru,PER,2020-06-30,89.81
Peru,PER,2020-07-01,78.7
Peru,PER,2020-07-02,78.7
Peru,PER,2020-07-03,78.7
Peru,PER,2020-07-04,78.7
Peru,PER,2020-07-05,78.7
Peru,PER,2020-07-06,78.7
Peru,PER,2020-07-07,78.7
Peru,PER,2020-07-08,78.7
Peru,PER,2020-07-09,78.7
Peru,PER,2020-07-10,78.7
Peru,PER,2020-07-11,75.93
Peru,PER,2020-07-12,75.93
Peru,PER,2020-07-13,75.93
Peru,PER,2020-07-14,75.93
Peru,PER,2020-07-15,75.93
Peru,PER,2020-07-16,75.93
Peru,PER,2020-07-17,75.93
Peru,PER,2020-07-18,75.93
Peru,PER,2020-07-19,75.93
Peru,PER,2020-07-20,75.93
Peru,PER,2020-07-21,75.93
Peru,PER,2020-07-22,75.93
Peru,PER,2020-07-23,75.93
Peru,PER,2020-07-24,81.48
Peru,PER,2020-07-25,81.48
Peru,PER,2020-07-26,81.48
Peru,PER,2020-07-27,81.48
Peru,PER,2020-07-28,81.48
Peru,PER,2020-07-29,81.48
Peru,PER,2020-07-30,81.48
Peru,PER,2020-07-31,81.48
Peru,PER,2020-08-01,81.48
Peru,PER,2020-08-02,81.48
Peru,PER,2020-08-03,81.48
Peru,PER,2020-08-04,81.48
Peru,PER,2020-08-05,81.48
Peru,PER,2020-08-06,81.48
Peru,PER,2020-08-07,81.48
Peru,PER,2020-08-08,81.48
Peru,PER,2020-08-09,81.48
Peru,PER,2020-08-10,81.48
Peru,PER,2020-08-11,81.48
Peru,PER,2020-08-12,85.19
Peru,PER,2020-08-13,85.19
Peru,PER,2020-08-14,85.19
Peru,PER,2020-08-15,85.19
Peru,PER,2020-08-16,85.19
Peru,PER,2020-08-17,85.19
Peru,PER,2020-08-18,85.19
Peru,PER,2020-08-19,85.19
Peru,PER,2020-08-20,85.19
Peru,PER,2020-08-21,85.19
Peru,PER,2020-08-22,85.19
Peru,PER,2020-08-23,85.19
Peru,PER,2020-08-24,85.19
Peru,PER,2020-08-25,85.19
Peru,PER,2020-08-26,85.19
Peru,PER,2020-08-27,85.19
Peru,PER,2020-08-28,85.19
Peru,PER,2020-08-29,85.19
Peru,PER,2020-08-30,85.19
Peru,PER,2020-08-31,85.19
Peru,PER,2020-09-01,85.19
Peru,PER,2020-09-02,85.19
Peru,PER,2020-09-03,85.19
Peru,PER,2020-09-04,85.19
Peru,PER,2020-09-05,85.19
Peru,PER,2020-09-06,85.19
Peru,PER,2020-09-07,85.19
Peru,PER,2020-09-08,85.19
Peru,PER,2020-09-09,85.19
Peru,PER,2020-09-10,85.19
Peru,PER,2020-09-11,85.19
Peru,PER,2020-09-12,85.19
Peru,PER,2020-09-13,85.19
Peru,PER,2020-09-14,85.19
Peru,PER,2020-09-15,85.19
Peru,PER,2020-09-16,85.19
Peru,PER,2020-09-17,85.19
Peru,PER,2020-09-18,85.19
Peru,PER,2020-09-19,85.19
Peru,PER,2020-09-20,85.19
Peru,PER,2020-09-21,85.19
Peru,PER,2020-09-22,85.19
Peru,PER,2020-09-23,85.19
Peru,PER,2020-09-24,85.19
Peru,PER,2020-09-25,85.19
Peru,PER,2020-09-26,85.19
Peru,PER,2020-09-27,85.19
Peru,PER,2020-09-28,85.19
Peru,PER,2020-09-29,85.19
Peru,PER,2020-09-30,85.19
Peru,PER,2020-10-01,82.41
Peru,PER,2020-10-02,82.41
Peru,PER,2020-10-03,82.41
Peru,PER,2020-10-04,82.41
Peru,PER,2020-10-05,82.41
Peru,PER,2020-10-06,82.41
Peru,PER,2020-10-07,82.41
Peru,PER,2020-10-08,82.41
Peru,PER,2020-10-09,82.41
Peru,PER,2020-10-10,82.41
Peru,PER,2020-10-11,82.41
Peru,PER,2020-10-12,82.41
Peru,PER,2020-10-13,82.41
Peru,PER,2020-10-14,82.41
Peru,PER,2020-10-15,82.41
Peru,PER,2020-10-16,82.41
Peru,PER,2020-10-17,82.41
Peru,PER,2020-10-18,82.41
Peru,PER,2020-10-19,82.41
Peru,PER,2020-10-20,82.41
Peru,PER,2020-10-21,82.41
Peru,PER,2020-10-22,79.63
Peru,PER,2020-10-23,79.63
Peru,PER,2020-10-24,79.63
Peru,PER,2020-10-25,79.63
Peru,PER,2020-10-26,79.63
Peru,PER,2020-10-27,74.07
Peru,PER,2020-10-28,74.07
Peru,PER,2020-10-29,74.07
Peru,PER,2020-10-30,74.07
Peru,PER,2020-10-31,74.07
Peru,PER,2020-11-01,74.07
Peru,PER,2020-11-02,74.07
Peru,PER,2020-11-03,74.07
Peru,PER,2020-11-04,74.07
Peru,PER,2020-11-05,74.07
Peru,PER,2020-11-06,74.07
Peru,PER,2020-11-07,74.07
Peru,PER,2020-11-08,74.07
Peru,PER,2020-11-09,74.07
Peru,PER,2020-11-10,74.07
Peru,PER,2020-11-11,74.07
Peru,PER,2020-11-12,74.07
Peru,PER,2020-11-13,74.07
Peru,PER,2020-11-14,74.07
Peru,PER,2020-11-15,74.07
Peru,PER,2020-11-16,74.07
Peru,PER,2020-11-17,67.59
Peru,PER,2020-11-18,67.59
Peru,PER,2020-11-19,67.59
Peru,PER,2020-11-20,67.59
Peru,PER,2020-11-21,67.59
Peru,PER,2020-11-22,67.59
Peru,PER,2020-11-23,67.59
Peru,PER,2020-11-24,67.59
Peru,PER,2020-11-25,67.59
Peru,PER,2020-11-26,67.59
Peru,PER,2020-11-27,67.59
Peru,PER,2020-11-28,67.59
Peru,PER,2020-11-29,67.59
Peru,PER,2020-11-30,67.59
Peru,PER,2020-12-01,67.59
Peru,PER,2020-12-02,67.59
Peru,PER,2020-12-03,67.59
Peru,PER,2020-12-04,67.59
Peru,PER,2020-12-05,67.59
Peru,PER,2020-12-06,67.59
Peru,PER,2020-12-07,67.59
Peru,PER,2020-12-08,67.59
Peru,PER,2020-12-09,67.59
Peru,PER,2020-12-10,67.59
Peru,PER,2020-12-11,67.59
Peru,PER,2020-12-12,67.59
Peru,PER,2020-12-13,67.59
Peru,PER,2020-12-14,67.59
Peru,PER,2020-12-15,67.59
Peru,PER,2020-12-16,67.59
Peru,PER,2020-12-17,67.59
Peru,PER,2020-12-18,67.59
Peru,PER,2020-12-19,67.59
Peru,PER,2020-12-20,67.59
Peru,PER,2020-12-21,61.11
Peru,PER,2020-12-22,61.11
Peru,PER,2020-12-23,61.11
Peru,PER,2020-12-24,61.11
Peru,PER,2020-12-25,61.11
Peru,PER,2020-12-26,61.11
Peru,PER,2020-12-27,61.11
Peru,PER,2020-12-28,61.11
Peru,PER,2020-12-29,61.11
Peru,PER,2020-12-30,61.11
Peru,PER,2020-12-31,61.11
Peru,PER,2021-01-01,61.11
Peru,PER,2021-01-02,61.11
Peru,PER,2021-01-03,61.11
Peru,PER,2021-01-04,61.11
Peru,PER,2021-01-05,61.11
Peru,PER,2021-01-06,61.11
Peru,PER,2021-01-07,61.11
Peru,PER,2021-01-08,61.11
Peru,PER,2021-01-09,61.11
Peru,PER,2021-01-10,61.11
Peru,PER,2021-01-11,61.11
Peru,PER,2021-01-12,61.11
Peru,PER,2021-01-13,61.11
Peru,PER,2021-01-14,61.11
Peru,PER,2021-01-15,61.11
Peru,PER,2021-01-16,61.11
Peru,PER,2021-01-17,61.11
Peru,PER,2021-01-18,61.11
Peru,PER,2021-01-19,61.11
Peru,PER,2021-01-20,61.11
Peru,PER,2021-01-21,61.11
Peru,PER,2021-01-22,61.11
Peru,PER,2021-01-23,61.11
Peru,PER,2021-01-24,61.11
Peru,PER,2021-01-25,61.11
Peru,PER,2021-01-26,61.11
Peru,PER,2021-01-27,74.07
Peru,PER,2021-01-28,74.07
Peru,PER,2021-01-29,74.07
Peru,PER,2021-01-30,74.07
Peru,PER,2021-01-31,77.78
Peru,PER,2021-02-01,80.56
Peru,PER,2021-02-02,80.56
Peru,PER,2021-02-03,80.56
Peru,PER,2021-02-04,80.56
Peru,PER,2021-02-05,80.56
Peru,PER,2021-02-06,86.11
Peru,PER,2021-02-07,86.11
Peru,PER,2021-02-08,86.11
Peru,PER,2021-02-09,86.11
Peru,PER,2021-02-10,86.11
Peru,PER,2021-02-11,86.11
Peru,PER,2021-02-12,86.11
Peru,PER,2021-02-13,86.11
Peru,PER,2021-02-14,86.11
Peru,PER,2021-02-15,86.11
Peru,PER,2021-02-16,86.11
Peru,PER,2021-02-17,86.11
Peru,PER,2021-02-18,86.11
Peru,PER,2021-02-19,86.11
Peru,PER,2021-02-20,86.11
Peru,PER,2021-02-21,86.11
Peru,PER,2021-02-22,86.11
Peru,PER,2021-02-23,86.11
Peru,PER,2021-02-24,86.11
Peru,PER,2021-02-25,86.11
Peru,PER,2021-02-26,86.11
Peru,PER,2021-02-27,86.11
Peru,PER,2021-02-28,86.11
Peru,PER,2021-03-01,86.11
Peru,PER,2021-03-02,86.11
Peru,PER,2021-03-03,86.11
Peru,PER,2021-03-04,86.11
Peru,PER,2021-03-05,86.11
Peru,PER,2021-03-06,86.11
Peru,PER,2021-03-07,86.11
Peru,PER,2021-03-08,86.11
Philippines,PHL,2020-01-01,0
Philippines,PHL,2020-01-02,0
Philippines,PHL,2020-01-03,0
Philippines,PHL,2020-01-04,0
Philippines,PHL,2020-01-05,0
Philippines,PHL,2020-01-06,0
Philippines,PHL,2020-01-07,0
Philippines,PHL,2020-01-08,0
Philippines,PHL,2020-01-09,0
Philippines,PHL,2020-01-10,0
Philippines,PHL,2020-01-11,0
Philippines,PHL,2020-01-12,0
Philippines,PHL,2020-01-13,0
Philippines,PHL,2020-01-14,0
Philippines,PHL,2020-01-15,0
Philippines,PHL,2020-01-16,0
Philippines,PHL,2020-01-17,0
Philippines,PHL,2020-01-18,0
Philippines,PHL,2020-01-19,0
Philippines,PHL,2020-01-20,0
Philippines,PHL,2020-01-21,0
Philippines,PHL,2020-01-22,0
Philippines,PHL,2020-01-23,0
Philippines,PHL,2020-01-24,11.11
Philippines,PHL,2020-01-25,11.11
Philippines,PHL,2020-01-26,11.11
Philippines,PHL,2020-01-27,11.11
Philippines,PHL,2020-01-28,11.11
Philippines,PHL,2020-01-29,11.11
Philippines,PHL,2020-01-30,11.11
Philippines,PHL,2020-01-31,19.44
Philippines,PHL,2020-02-01,19.44
Philippines,PHL,2020-02-02,19.44
Philippines,PHL,2020-02-03,19.44
Philippines,PHL,2020-02-04,19.44
Philippines,PHL,2020-02-05,19.44
Philippines,PHL,2020-02-06,19.44
Philippines,PHL,2020-02-07,25
Philippines,PHL,2020-02-08,25
Philippines,PHL,2020-02-09,25
Philippines,PHL,2020-02-10,25
Philippines,PHL,2020-02-11,25
Philippines,PHL,2020-02-12,25
Philippines,PHL,2020-02-13,25
Philippines,PHL,2020-02-14,25
Philippines,PHL,2020-02-15,25
Philippines,PHL,2020-02-16,25
Philippines,PHL,2020-02-17,25
Philippines,PHL,2020-02-18,25
Philippines,PHL,2020-02-19,25
Philippines,PHL,2020-02-20,25
Philippines,PHL,2020-02-21,25
Philippines,PHL,2020-02-22,25
Philippines,PHL,2020-02-23,25
Philippines,PHL,2020-02-24,25
Philippines,PHL,2020-02-25,25
Philippines,PHL,2020-02-26,25
Philippines,PHL,2020-02-27,25
Philippines,PHL,2020-02-28,25
Philippines,PHL,2020-02-29,25
Philippines,PHL,2020-03-01,25
Philippines,PHL,2020-03-02,25
Philippines,PHL,2020-03-03,25
Philippines,PHL,2020-03-04,25
Philippines,PHL,2020-03-05,25
Philippines,PHL,2020-03-06,25
Philippines,PHL,2020-03-07,25
Philippines,PHL,2020-03-08,25
Philippines,PHL,2020-03-09,25
Philippines,PHL,2020-03-10,34.26
Philippines,PHL,2020-03-11,34.26
Philippines,PHL,2020-03-12,34.26
Philippines,PHL,2020-03-13,34.26
Philippines,PHL,2020-03-14,34.26
Philippines,PHL,2020-03-15,75
Philippines,PHL,2020-03-16,75
Philippines,PHL,2020-03-17,75
Philippines,PHL,2020-03-18,97.22
Philippines,PHL,2020-03-19,97.22
Philippines,PHL,2020-03-20,97.22
Philippines,PHL,2020-03-21,97.22
Philippines,PHL,2020-03-22,100
Philippines,PHL,2020-03-23,100
Philippines,PHL,2020-03-24,100
Philippines,PHL,2020-03-25,100
Philippines,PHL,2020-03-26,100
Philippines,PHL,2020-03-27,100
Philippines,PHL,2020-03-28,100
Philippines,PHL,2020-03-29,100
Philippines,PHL,2020-03-30,100
Philippines,PHL,2020-03-31,100
Philippines,PHL,2020-04-01,100
Philippines,PHL,2020-04-02,100
Philippines,PHL,2020-04-03,100
Philippines,PHL,2020-04-04,100
Philippines,PHL,2020-04-05,100
Philippines,PHL,2020-04-06,100
Philippines,PHL,2020-04-07,100
Philippines,PHL,2020-04-08,100
Philippines,PHL,2020-04-09,100
Philippines,PHL,2020-04-10,100
Philippines,PHL,2020-04-11,100
Philippines,PHL,2020-04-12,100
Philippines,PHL,2020-04-13,100
Philippines,PHL,2020-04-14,100
Philippines,PHL,2020-04-15,100
Philippines,PHL,2020-04-16,100
Philippines,PHL,2020-04-17,100
Philippines,PHL,2020-04-18,100
Philippines,PHL,2020-04-19,100
Philippines,PHL,2020-04-20,100
Philippines,PHL,2020-04-21,100
Philippines,PHL,2020-04-22,100
Philippines,PHL,2020-04-23,100
Philippines,PHL,2020-04-24,100
Philippines,PHL,2020-04-25,100
Philippines,PHL,2020-04-26,100
Philippines,PHL,2020-04-27,100
Philippines,PHL,2020-04-28,100
Philippines,PHL,2020-04-29,100
Philippines,PHL,2020-04-30,100
Philippines,PHL,2020-05-01,96.3
Philippines,PHL,2020-05-02,96.3
Philippines,PHL,2020-05-03,96.3
Philippines,PHL,2020-05-04,96.3
Philippines,PHL,2020-05-05,96.3
Philippines,PHL,2020-05-06,96.3
Philippines,PHL,2020-05-07,96.3
Philippines,PHL,2020-05-08,96.3
Philippines,PHL,2020-05-09,96.3
Philippines,PHL,2020-05-10,96.3
Philippines,PHL,2020-05-11,96.3
Philippines,PHL,2020-05-12,96.3
Philippines,PHL,2020-05-13,96.3
Philippines,PHL,2020-05-14,96.3
Philippines,PHL,2020-05-15,96.3
Philippines,PHL,2020-05-16,96.3
Philippines,PHL,2020-05-17,96.3
Philippines,PHL,2020-05-18,96.3
Philippines,PHL,2020-05-19,96.3
Philippines,PHL,2020-05-20,96.3
Philippines,PHL,2020-05-21,96.3
Philippines,PHL,2020-05-22,96.3
Philippines,PHL,2020-05-23,96.3
Philippines,PHL,2020-05-24,96.3
Philippines,PHL,2020-05-25,96.3
Philippines,PHL,2020-05-26,96.3
Philippines,PHL,2020-05-27,96.3
Philippines,PHL,2020-05-28,96.3
Philippines,PHL,2020-05-29,77.78
Philippines,PHL,2020-05-30,77.78
Philippines,PHL,2020-05-31,77.78
Philippines,PHL,2020-06-01,77.78
Philippines,PHL,2020-06-02,77.78
Philippines,PHL,2020-06-03,77.78
Philippines,PHL,2020-06-04,77.78
Philippines,PHL,2020-06-05,77.78
Philippines,PHL,2020-06-06,77.78
Philippines,PHL,2020-06-07,77.78
Philippines,PHL,2020-06-08,77.78
Philippines,PHL,2020-06-09,77.78
Philippines,PHL,2020-06-10,77.78
Philippines,PHL,2020-06-11,77.78
Philippines,PHL,2020-06-12,77.78
Philippines,PHL,2020-06-13,77.78
Philippines,PHL,2020-06-14,77.78
Philippines,PHL,2020-06-15,83.33
Philippines,PHL,2020-06-16,83.33
Philippines,PHL,2020-06-17,83.33
Philippines,PHL,2020-06-18,83.33
Philippines,PHL,2020-06-19,83.33
Philippines,PHL,2020-06-20,83.33
Philippines,PHL,2020-06-21,83.33
Philippines,PHL,2020-06-22,83.33
Philippines,PHL,2020-06-23,83.33
Philippines,PHL,2020-06-24,83.33
Philippines,PHL,2020-06-25,83.33
Philippines,PHL,2020-06-26,83.33
Philippines,PHL,2020-06-27,83.33
Philippines,PHL,2020-06-28,83.33
Philippines,PHL,2020-06-29,83.33
Philippines,PHL,2020-06-30,83.33
Philippines,PHL,2020-07-01,83.33
Philippines,PHL,2020-07-02,83.33
Philippines,PHL,2020-07-03,83.33
Philippines,PHL,2020-07-04,83.33
Philippines,PHL,2020-07-05,83.33
Philippines,PHL,2020-07-06,83.33
Philippines,PHL,2020-07-07,80.56
Philippines,PHL,2020-07-08,80.56
Philippines,PHL,2020-07-09,80.56
Philippines,PHL,2020-07-10,80.56
Philippines,PHL,2020-07-11,80.56
Philippines,PHL,2020-07-12,80.56
Philippines,PHL,2020-07-13,80.56
Philippines,PHL,2020-07-14,80.56
Philippines,PHL,2020-07-15,80.56
Philippines,PHL,2020-07-16,80.56
Philippines,PHL,2020-07-17,80.56
Philippines,PHL,2020-07-18,80.56
Philippines,PHL,2020-07-19,80.56
Philippines,PHL,2020-07-20,80.56
Philippines,PHL,2020-07-21,80.56
Philippines,PHL,2020-07-22,80.56
Philippines,PHL,2020-07-23,76.85
Philippines,PHL,2020-07-24,76.85
Philippines,PHL,2020-07-25,76.85
Philippines,PHL,2020-07-26,76.85
Philippines,PHL,2020-07-27,76.85
Philippines,PHL,2020-07-28,76.85
Philippines,PHL,2020-07-29,76.85
Philippines,PHL,2020-07-30,76.85
Philippines,PHL,2020-07-31,76.85
Philippines,PHL,2020-08-01,76.85
Philippines,PHL,2020-08-02,76.85
Philippines,PHL,2020-08-03,79.63
Philippines,PHL,2020-08-04,79.63
Philippines,PHL,2020-08-05,79.63
Philippines,PHL,2020-08-06,79.63
Philippines,PHL,2020-08-07,79.63
Philippines,PHL,2020-08-08,79.63
Philippines,PHL,2020-08-09,79.63
Philippines,PHL,2020-08-10,79.63
Philippines,PHL,2020-08-11,79.63
Philippines,PHL,2020-08-12,79.63
Philippines,PHL,2020-08-13,79.63
Philippines,PHL,2020-08-14,79.63
Philippines,PHL,2020-08-15,76.85
Philippines,PHL,2020-08-16,76.85
Philippines,PHL,2020-08-17,76.85
Philippines,PHL,2020-08-18,75.46
Philippines,PHL,2020-08-19,71.76
Philippines,PHL,2020-08-20,71.76
Philippines,PHL,2020-08-21,71.76
Philippines,PHL,2020-08-22,71.76
Philippines,PHL,2020-08-23,71.76
Philippines,PHL,2020-08-24,71.76
Philippines,PHL,2020-08-25,68.98
Philippines,PHL,2020-08-26,68.98
Philippines,PHL,2020-08-27,68.98
Philippines,PHL,2020-08-28,68.98
Philippines,PHL,2020-08-29,68.98
Philippines,PHL,2020-08-30,68.98
Philippines,PHL,2020-08-31,68.98
Philippines,PHL,2020-09-01,68.98
Philippines,PHL,2020-09-02,68.98
Philippines,PHL,2020-09-03,68.98
Philippines,PHL,2020-09-04,68.98
Philippines,PHL,2020-09-05,68.98
Philippines,PHL,2020-09-06,68.98
Philippines,PHL,2020-09-07,68.98
Philippines,PHL,2020-09-08,68.98
Philippines,PHL,2020-09-09,68.98
Philippines,PHL,2020-09-10,68.98
Philippines,PHL,2020-09-11,68.98
Philippines,PHL,2020-09-12,68.98
Philippines,PHL,2020-09-13,68.98
Philippines,PHL,2020-09-14,68.98
Philippines,PHL,2020-09-15,68.98
Philippines,PHL,2020-09-16,68.98
Philippines,PHL,2020-09-17,68.98
Philippines,PHL,2020-09-18,68.98
Philippines,PHL,2020-09-19,68.98
Philippines,PHL,2020-09-20,68.98
Philippines,PHL,2020-09-21,67.13
Philippines,PHL,2020-09-22,67.13
Philippines,PHL,2020-09-23,67.13
Philippines,PHL,2020-09-24,67.13
Philippines,PHL,2020-09-25,67.13
Philippines,PHL,2020-09-26,67.13
Philippines,PHL,2020-09-27,67.13
Philippines,PHL,2020-09-28,67.13
Philippines,PHL,2020-09-29,67.13
Philippines,PHL,2020-09-30,67.13
Philippines,PHL,2020-10-01,70.83
Philippines,PHL,2020-10-02,70.83
Philippines,PHL,2020-10-03,70.83
Philippines,PHL,2020-10-04,70.83
Philippines,PHL,2020-10-05,68.98
Philippines,PHL,2020-10-06,68.98
Philippines,PHL,2020-10-07,68.98
Philippines,PHL,2020-10-08,68.98
Philippines,PHL,2020-10-09,68.98
Philippines,PHL,2020-10-10,68.98
Philippines,PHL,2020-10-11,68.98
Philippines,PHL,2020-10-12,68.98
Philippines,PHL,2020-10-13,68.98
Philippines,PHL,2020-10-14,68.98
Philippines,PHL,2020-10-15,68.98
Philippines,PHL,2020-10-16,68.98
Philippines,PHL,2020-10-17,68.98
Philippines,PHL,2020-10-18,68.98
Philippines,PHL,2020-10-19,68.98
Philippines,PHL,2020-10-20,68.98
Philippines,PHL,2020-10-21,68.98
Philippines,PHL,2020-10-22,68.98
Philippines,PHL,2020-10-23,68.98
Philippines,PHL,2020-10-24,68.98
Philippines,PHL,2020-10-25,68.98
Philippines,PHL,2020-10-26,68.98
Philippines,PHL,2020-10-27,68.98
Philippines,PHL,2020-10-28,68.98
Philippines,PHL,2020-10-29,68.98
Philippines,PHL,2020-10-30,68.98
Philippines,PHL,2020-10-31,68.98
Philippines,PHL,2020-11-01,68.98
Philippines,PHL,2020-11-02,68.98
Philippines,PHL,2020-11-03,68.98
Philippines,PHL,2020-11-04,68.98
Philippines,PHL,2020-11-05,68.98
Philippines,PHL,2020-11-06,68.98
Philippines,PHL,2020-11-07,68.98
Philippines,PHL,2020-11-08,68.98
Philippines,PHL,2020-11-09,68.98
Philippines,PHL,2020-11-10,68.98
Philippines,PHL,2020-11-11,68.98
Philippines,PHL,2020-11-12,68.98
Philippines,PHL,2020-11-13,68.98
Philippines,PHL,2020-11-14,68.98
Philippines,PHL,2020-11-15,68.98
Philippines,PHL,2020-11-16,68.98
Philippines,PHL,2020-11-17,71.76
Philippines,PHL,2020-11-18,71.76
Philippines,PHL,2020-11-19,71.76
Philippines,PHL,2020-11-20,71.76
Philippines,PHL,2020-11-21,71.76
Philippines,PHL,2020-11-22,71.76
Philippines,PHL,2020-11-23,71.76
Philippines,PHL,2020-11-24,68.98
Philippines,PHL,2020-11-25,68.98
Philippines,PHL,2020-11-26,68.98
Philippines,PHL,2020-11-27,68.98
Philippines,PHL,2020-11-28,68.98
Philippines,PHL,2020-11-29,68.98
Philippines,PHL,2020-11-30,68.98
Philippines,PHL,2020-12-01,68.98
Philippines,PHL,2020-12-02,68.98
Philippines,PHL,2020-12-03,68.98
Philippines,PHL,2020-12-04,68.98
Philippines,PHL,2020-12-05,68.98
Philippines,PHL,2020-12-06,68.98
Philippines,PHL,2020-12-07,68.98
Philippines,PHL,2020-12-08,64.81
Philippines,PHL,2020-12-09,64.81
Philippines,PHL,2020-12-10,64.81
Philippines,PHL,2020-12-11,64.81
Philippines,PHL,2020-12-12,64.81
Philippines,PHL,2020-12-13,64.81
Philippines,PHL,2020-12-14,64.81
Philippines,PHL,2020-12-15,64.81
Philippines,PHL,2020-12-16,64.81
Philippines,PHL,2020-12-17,64.81
Philippines,PHL,2020-12-18,64.81
Philippines,PHL,2020-12-19,64.81
Philippines,PHL,2020-12-20,64.81
Philippines,PHL,2020-12-21,64.81
Philippines,PHL,2020-12-22,64.81
Philippines,PHL,2020-12-23,64.81
Philippines,PHL,2020-12-24,64.81
Philippines,PHL,2020-12-25,64.81
Philippines,PHL,2020-12-26,64.81
Philippines,PHL,2020-12-27,64.81
Philippines,PHL,2020-12-28,64.81
Philippines,PHL,2020-12-29,55.09
Philippines,PHL,2020-12-30,55.09
Philippines,PHL,2020-12-31,55.09
Philippines,PHL,2021-01-01,55.09
Philippines,PHL,2021-01-02,55.09
Philippines,PHL,2021-01-03,55.09
Philippines,PHL,2021-01-04,55.09
Philippines,PHL,2021-01-05,55.09
Philippines,PHL,2021-01-06,55.09
Philippines,PHL,2021-01-07,55.09
Philippines,PHL,2021-01-08,55.09
Philippines,PHL,2021-01-09,55.09
Philippines,PHL,2021-01-10,55.09
Philippines,PHL,2021-01-11,55.09
Philippines,PHL,2021-01-12,63.43
Philippines,PHL,2021-01-13,63.43
Philippines,PHL,2021-01-14,63.43
Philippines,PHL,2021-01-15,63.43
Philippines,PHL,2021-01-16,63.43
Philippines,PHL,2021-01-17,63.43
Philippines,PHL,2021-01-18,63.43
Philippines,PHL,2021-01-19,63.43
Philippines,PHL,2021-01-20,63.43
Philippines,PHL,2021-01-21,63.43
Philippines,PHL,2021-01-22,63.43
Philippines,PHL,2021-01-23,63.43
Philippines,PHL,2021-01-24,63.43
Philippines,PHL,2021-01-25,63.43
Philippines,PHL,2021-01-26,63.43
Philippines,PHL,2021-01-27,63.43
Philippines,PHL,2021-01-28,63.43
Philippines,PHL,2021-01-29,63.43
Philippines,PHL,2021-01-30,63.43
Philippines,PHL,2021-01-31,63.43
Philippines,PHL,2021-02-01,60.65
Philippines,PHL,2021-02-02,60.65
Philippines,PHL,2021-02-03,60.65
Philippines,PHL,2021-02-04,60.65
Philippines,PHL,2021-02-05,60.65
Philippines,PHL,2021-02-06,60.65
Philippines,PHL,2021-02-07,60.65
Philippines,PHL,2021-02-08,60.65
Philippines,PHL,2021-02-09,62.5
Philippines,PHL,2021-02-10,62.5
Philippines,PHL,2021-02-11,62.5
Philippines,PHL,2021-02-12,62.5
Philippines,PHL,2021-02-13,62.5
Philippines,PHL,2021-02-14,62.5
Philippines,PHL,2021-02-15,62.5
Philippines,PHL,2021-02-16,62.5
Philippines,PHL,2021-02-17,62.5
Philippines,PHL,2021-02-18,62.5
Philippines,PHL,2021-02-19,62.5
Philippines,PHL,2021-02-20,62.5
Philippines,PHL,2021-02-21,62.5
Philippines,PHL,2021-02-22,75.46
Philippines,PHL,2021-02-23,75.46
Philippines,PHL,2021-02-24,75.46
Philippines,PHL,2021-02-25,75.46
Philippines,PHL,2021-02-26,75.46
Philippines,PHL,2021-02-27,75.46
Philippines,PHL,2021-02-28,75.46
Philippines,PHL,2021-03-01,67.13
Philippines,PHL,2021-03-02,67.13
Philippines,PHL,2021-03-03,67.13
Philippines,PHL,2021-03-04,67.13
Philippines,PHL,2021-03-05,67.13
Philippines,PHL,2021-03-06,67.13
Philippines,PHL,2021-03-07,67.13
Philippines,PHL,2021-03-08,67.13
Philippines,PHL,2021-03-09,67.13
Poland,POL,2020-01-01,0
Poland,POL,2020-01-02,0
Poland,POL,2020-01-03,0
Poland,POL,2020-01-04,0
Poland,POL,2020-01-05,0
Poland,POL,2020-01-06,0
Poland,POL,2020-01-07,0
Poland,POL,2020-01-08,0
Poland,POL,2020-01-09,0
Poland,POL,2020-01-10,0
Poland,POL,2020-01-11,0
Poland,POL,2020-01-12,0
Poland,POL,2020-01-13,0
Poland,POL,2020-01-14,0
Poland,POL,2020-01-15,0
Poland,POL,2020-01-16,0
Poland,POL,2020-01-17,0
Poland,POL,2020-01-18,0
Poland,POL,2020-01-19,0
Poland,POL,2020-01-20,0
Poland,POL,2020-01-21,0
Poland,POL,2020-01-22,0
Poland,POL,2020-01-23,5.56
Poland,POL,2020-01-24,5.56
Poland,POL,2020-01-25,5.56
Poland,POL,2020-01-26,5.56
Poland,POL,2020-01-27,5.56
Poland,POL,2020-01-28,5.56
Poland,POL,2020-01-29,5.56
Poland,POL,2020-01-30,5.56
Poland,POL,2020-01-31,5.56
Poland,POL,2020-02-01,5.56
Poland,POL,2020-02-02,5.56
Poland,POL,2020-02-03,5.56
Poland,POL,2020-02-04,5.56
Poland,POL,2020-02-05,5.56
Poland,POL,2020-02-06,5.56
Poland,POL,2020-02-07,5.56
Poland,POL,2020-02-08,5.56
Poland,POL,2020-02-09,5.56
Poland,POL,2020-02-10,5.56
Poland,POL,2020-02-11,5.56
Poland,POL,2020-02-12,5.56
Poland,POL,2020-02-13,5.56
Poland,POL,2020-02-14,5.56
Poland,POL,2020-02-15,5.56
Poland,POL,2020-02-16,5.56
Poland,POL,2020-02-17,5.56
Poland,POL,2020-02-18,5.56
Poland,POL,2020-02-19,5.56
Poland,POL,2020-02-20,5.56
Poland,POL,2020-02-21,5.56
Poland,POL,2020-02-22,5.56
Poland,POL,2020-02-23,5.56
Poland,POL,2020-02-24,5.56
Poland,POL,2020-02-25,5.56
Poland,POL,2020-02-26,5.56
Poland,POL,2020-02-27,11.11
Poland,POL,2020-02-28,11.11
Poland,POL,2020-02-29,11.11
Poland,POL,2020-03-01,11.11
Poland,POL,2020-03-02,11.11
Poland,POL,2020-03-03,11.11
Poland,POL,2020-03-04,11.11
Poland,POL,2020-03-05,11.11
Poland,POL,2020-03-06,11.11
Poland,POL,2020-03-07,11.11
Poland,POL,2020-03-08,11.11
Poland,POL,2020-03-09,13.89
Poland,POL,2020-03-10,25
Poland,POL,2020-03-11,25
Poland,POL,2020-03-12,41.67
Poland,POL,2020-03-13,41.67
Poland,POL,2020-03-14,49.07
Poland,POL,2020-03-15,57.41
Poland,POL,2020-03-16,57.41
Poland,POL,2020-03-17,57.41
Poland,POL,2020-03-18,57.41
Poland,POL,2020-03-19,57.41
Poland,POL,2020-03-20,57.41
Poland,POL,2020-03-21,57.41
Poland,POL,2020-03-22,57.41
Poland,POL,2020-03-23,57.41
Poland,POL,2020-03-24,57.41
Poland,POL,2020-03-25,57.41
Poland,POL,2020-03-26,57.41
Poland,POL,2020-03-27,57.41
Poland,POL,2020-03-28,57.41
Poland,POL,2020-03-29,57.41
Poland,POL,2020-03-30,57.41
Poland,POL,2020-03-31,81.48
Poland,POL,2020-04-01,81.48
Poland,POL,2020-04-02,81.48
Poland,POL,2020-04-03,81.48
Poland,POL,2020-04-04,81.48
Poland,POL,2020-04-05,81.48
Poland,POL,2020-04-06,81.48
Poland,POL,2020-04-07,81.48
Poland,POL,2020-04-08,81.48
Poland,POL,2020-04-09,83.33
Poland,POL,2020-04-10,83.33
Poland,POL,2020-04-11,83.33
Poland,POL,2020-04-12,83.33
Poland,POL,2020-04-13,83.33
Poland,POL,2020-04-14,83.33
Poland,POL,2020-04-15,83.33
Poland,POL,2020-04-16,83.33
Poland,POL,2020-04-17,83.33
Poland,POL,2020-04-18,83.33
Poland,POL,2020-04-19,83.33
Poland,POL,2020-04-20,83.33
Poland,POL,2020-04-21,83.33
Poland,POL,2020-04-22,83.33
Poland,POL,2020-04-23,83.33
Poland,POL,2020-04-24,83.33
Poland,POL,2020-04-25,83.33
Poland,POL,2020-04-26,83.33
Poland,POL,2020-04-27,83.33
Poland,POL,2020-04-28,83.33
Poland,POL,2020-04-29,83.33
Poland,POL,2020-04-30,83.33
Poland,POL,2020-05-01,83.33
Poland,POL,2020-05-02,83.33
Poland,POL,2020-05-03,83.33
Poland,POL,2020-05-04,83.33
Poland,POL,2020-05-05,83.33
Poland,POL,2020-05-06,83.33
Poland,POL,2020-05-07,83.33
Poland,POL,2020-05-08,83.33
Poland,POL,2020-05-09,83.33
Poland,POL,2020-05-10,83.33
Poland,POL,2020-05-11,83.33
Poland,POL,2020-05-12,83.33
Poland,POL,2020-05-13,83.33
Poland,POL,2020-05-14,83.33
Poland,POL,2020-05-15,83.33
Poland,POL,2020-05-16,83.33
Poland,POL,2020-05-17,83.33
Poland,POL,2020-05-18,83.33
Poland,POL,2020-05-19,83.33
Poland,POL,2020-05-20,83.33
Poland,POL,2020-05-21,83.33
Poland,POL,2020-05-22,83.33
Poland,POL,2020-05-23,83.33
Poland,POL,2020-05-24,83.33
Poland,POL,2020-05-25,79.63
Poland,POL,2020-05-26,79.63
Poland,POL,2020-05-27,79.63
Poland,POL,2020-05-28,79.63
Poland,POL,2020-05-29,79.63
Poland,POL,2020-05-30,64.81
Poland,POL,2020-05-31,64.81
Poland,POL,2020-06-01,64.81
Poland,POL,2020-06-02,53.7
Poland,POL,2020-06-03,53.7
Poland,POL,2020-06-04,53.7
Poland,POL,2020-06-05,53.7
Poland,POL,2020-06-06,53.7
Poland,POL,2020-06-07,53.7
Poland,POL,2020-06-08,53.7
Poland,POL,2020-06-09,53.7
Poland,POL,2020-06-10,53.7
Poland,POL,2020-06-11,53.7
Poland,POL,2020-06-12,53.7
Poland,POL,2020-06-13,53.7
Poland,POL,2020-06-14,53.7
Poland,POL,2020-06-15,50.93
Poland,POL,2020-06-16,50.93
Poland,POL,2020-06-17,50.93
Poland,POL,2020-06-18,50.93
Poland,POL,2020-06-19,50.93
Poland,POL,2020-06-20,50.93
Poland,POL,2020-06-21,50.93
Poland,POL,2020-06-22,50.93
Poland,POL,2020-06-23,50.93
Poland,POL,2020-06-24,50.93
Poland,POL,2020-06-25,50.93
Poland,POL,2020-06-26,50.93
Poland,POL,2020-06-27,50.93
Poland,POL,2020-06-28,50.93
Poland,POL,2020-06-29,50.93
Poland,POL,2020-06-30,50.93
Poland,POL,2020-07-01,50.93
Poland,POL,2020-07-02,50.93
Poland,POL,2020-07-03,50.93
Poland,POL,2020-07-04,50.93
Poland,POL,2020-07-05,50.93
Poland,POL,2020-07-06,50.93
Poland,POL,2020-07-07,50.93
Poland,POL,2020-07-08,50.93
Poland,POL,2020-07-09,39.81
Poland,POL,2020-07-10,39.81
Poland,POL,2020-07-11,39.81
Poland,POL,2020-07-12,39.81
Poland,POL,2020-07-13,39.81
Poland,POL,2020-07-14,39.81
Poland,POL,2020-07-15,39.81
Poland,POL,2020-07-16,39.81
Poland,POL,2020-07-17,39.81
Poland,POL,2020-07-18,39.81
Poland,POL,2020-07-19,39.81
Poland,POL,2020-07-20,39.81
Poland,POL,2020-07-21,39.81
Poland,POL,2020-07-22,39.81
Poland,POL,2020-07-23,39.81
Poland,POL,2020-07-24,39.81
Poland,POL,2020-07-25,39.81
Poland,POL,2020-07-26,39.81
Poland,POL,2020-07-27,39.81
Poland,POL,2020-07-28,39.81
Poland,POL,2020-07-29,39.81
Poland,POL,2020-07-30,39.81
Poland,POL,2020-07-31,39.81
Poland,POL,2020-08-01,39.81
Poland,POL,2020-08-02,39.81
Poland,POL,2020-08-03,39.81
Poland,POL,2020-08-04,39.81
Poland,POL,2020-08-05,39.81
Poland,POL,2020-08-06,39.81
Poland,POL,2020-08-07,39.81
Poland,POL,2020-08-08,39.81
Poland,POL,2020-08-09,39.81
Poland,POL,2020-08-10,39.81
Poland,POL,2020-08-11,39.81
Poland,POL,2020-08-12,39.81
Poland,POL,2020-08-13,39.81
Poland,POL,2020-08-14,39.81
Poland,POL,2020-08-15,39.81
Poland,POL,2020-08-16,39.81
Poland,POL,2020-08-17,39.81
Poland,POL,2020-08-18,39.81
Poland,POL,2020-08-19,39.81
Poland,POL,2020-08-20,39.81
Poland,POL,2020-08-21,39.81
Poland,POL,2020-08-22,39.81
Poland,POL,2020-08-23,39.81
Poland,POL,2020-08-24,39.81
Poland,POL,2020-08-25,39.81
Poland,POL,2020-08-26,39.81
Poland,POL,2020-08-27,39.81
Poland,POL,2020-08-28,39.81
Poland,POL,2020-08-29,39.81
Poland,POL,2020-08-30,39.81
Poland,POL,2020-08-31,39.81
Poland,POL,2020-09-01,36.11
Poland,POL,2020-09-02,36.11
Poland,POL,2020-09-03,36.11
Poland,POL,2020-09-04,36.11
Poland,POL,2020-09-05,36.11
Poland,POL,2020-09-06,36.11
Poland,POL,2020-09-07,36.11
Poland,POL,2020-09-08,36.11
Poland,POL,2020-09-09,36.11
Poland,POL,2020-09-10,36.11
Poland,POL,2020-09-11,36.11
Poland,POL,2020-09-12,36.11
Poland,POL,2020-09-13,36.11
Poland,POL,2020-09-14,36.11
Poland,POL,2020-09-15,36.11
Poland,POL,2020-09-16,36.11
Poland,POL,2020-09-17,36.11
Poland,POL,2020-09-18,23.15
Poland,POL,2020-09-19,23.15
Poland,POL,2020-09-20,23.15
Poland,POL,2020-09-21,23.15
Poland,POL,2020-09-22,23.15
Poland,POL,2020-09-23,23.15
Poland,POL,2020-09-24,23.15
Poland,POL,2020-09-25,23.15
Poland,POL,2020-09-26,23.15
Poland,POL,2020-09-27,23.15
Poland,POL,2020-09-28,23.15
Poland,POL,2020-09-29,23.15
Poland,POL,2020-09-30,23.15
Poland,POL,2020-10-01,23.15
Poland,POL,2020-10-02,23.15
Poland,POL,2020-10-03,23.15
Poland,POL,2020-10-04,23.15
Poland,POL,2020-10-05,23.15
Poland,POL,2020-10-06,23.15
Poland,POL,2020-10-07,23.15
Poland,POL,2020-10-08,23.15
Poland,POL,2020-10-09,23.15
Poland,POL,2020-10-10,37.04
Poland,POL,2020-10-11,37.04
Poland,POL,2020-10-12,37.04
Poland,POL,2020-10-13,37.04
Poland,POL,2020-10-14,37.04
Poland,POL,2020-10-15,37.04
Poland,POL,2020-10-16,37.04
Poland,POL,2020-10-17,32.87
Poland,POL,2020-10-18,32.87
Poland,POL,2020-10-19,34.72
Poland,POL,2020-10-20,34.72
Poland,POL,2020-10-21,34.72
Poland,POL,2020-10-22,34.72
Poland,POL,2020-10-23,34.72
Poland,POL,2020-10-24,71.3
Poland,POL,2020-10-25,71.3
Poland,POL,2020-10-26,71.3
Poland,POL,2020-10-27,71.3
Poland,POL,2020-10-28,71.3
Poland,POL,2020-10-29,71.3
Poland,POL,2020-10-30,71.3
Poland,POL,2020-10-31,71.3
Poland,POL,2020-11-01,71.3
Poland,POL,2020-11-02,71.3
Poland,POL,2020-11-03,71.3
Poland,POL,2020-11-04,71.3
Poland,POL,2020-11-05,71.3
Poland,POL,2020-11-06,71.3
Poland,POL,2020-11-07,75
Poland,POL,2020-11-08,75
Poland,POL,2020-11-09,75
Poland,POL,2020-11-10,75
Poland,POL,2020-11-11,75
Poland,POL,2020-11-12,75
Poland,POL,2020-11-13,75
Poland,POL,2020-11-14,75
Poland,POL,2020-11-15,75
Poland,POL,2020-11-16,75
Poland,POL,2020-11-17,75
Poland,POL,2020-11-18,75
Poland,POL,2020-11-19,75
Poland,POL,2020-11-20,75
Poland,POL,2020-11-21,75
Poland,POL,2020-11-22,75
Poland,POL,2020-11-23,75
Poland,POL,2020-11-24,75
Poland,POL,2020-11-25,75
Poland,POL,2020-11-26,75
Poland,POL,2020-11-27,75
Poland,POL,2020-11-28,75
Poland,POL,2020-11-29,75
Poland,POL,2020-11-30,75
Poland,POL,2020-12-01,75
Poland,POL,2020-12-02,75
Poland,POL,2020-12-03,75
Poland,POL,2020-12-04,75
Poland,POL,2020-12-05,75
Poland,POL,2020-12-06,75
Poland,POL,2020-12-07,75
Poland,POL,2020-12-08,75
Poland,POL,2020-12-09,75
Poland,POL,2020-12-10,75
Poland,POL,2020-12-11,75
Poland,POL,2020-12-12,75
Poland,POL,2020-12-13,75
Poland,POL,2020-12-14,75
Poland,POL,2020-12-15,75
Poland,POL,2020-12-16,75
Poland,POL,2020-12-17,75
Poland,POL,2020-12-18,75
Poland,POL,2020-12-19,75
Poland,POL,2020-12-20,75
Poland,POL,2020-12-21,75
Poland,POL,2020-12-22,75
Poland,POL,2020-12-23,75
Poland,POL,2020-12-24,75
Poland,POL,2020-12-25,75
Poland,POL,2020-12-26,75
Poland,POL,2020-12-27,75
Poland,POL,2020-12-28,75
Poland,POL,2020-12-29,75
Poland,POL,2020-12-30,75
Poland,POL,2020-12-31,80.56
Poland,POL,2021-01-01,80.56
Poland,POL,2021-01-02,75
Poland,POL,2021-01-03,75
Poland,POL,2021-01-04,75
Poland,POL,2021-01-05,75
Poland,POL,2021-01-06,75
Poland,POL,2021-01-07,75
Poland,POL,2021-01-08,75
Poland,POL,2021-01-09,75
Poland,POL,2021-01-10,75
Poland,POL,2021-01-11,75
Poland,POL,2021-01-12,75
Poland,POL,2021-01-13,75
Poland,POL,2021-01-14,75
Poland,POL,2021-01-15,75
Poland,POL,2021-01-16,75
Poland,POL,2021-01-17,75
Poland,POL,2021-01-18,71.3
Poland,POL,2021-01-19,71.3
Poland,POL,2021-01-20,71.3
Poland,POL,2021-01-21,71.3
Poland,POL,2021-01-22,71.3
Poland,POL,2021-01-23,71.3
Poland,POL,2021-01-24,71.3
Poland,POL,2021-01-25,71.3
Poland,POL,2021-01-26,71.3
Poland,POL,2021-01-27,71.3
Poland,POL,2021-01-28,71.3
Poland,POL,2021-01-29,71.3
Poland,POL,2021-01-30,71.3
Poland,POL,2021-01-31,71.3
Poland,POL,2021-02-01,71.3
Poland,POL,2021-02-02,71.3
Poland,POL,2021-02-03,71.3
Poland,POL,2021-02-04,71.3
Poland,POL,2021-02-05,71.3
Poland,POL,2021-02-06,71.3
Poland,POL,2021-02-07,71.3
Poland,POL,2021-02-08,71.3
Poland,POL,2021-02-09,71.3
Poland,POL,2021-02-10,71.3
Poland,POL,2021-02-11,71.3
Poland,POL,2021-02-12,71.3
Poland,POL,2021-02-13,71.3
Poland,POL,2021-02-14,71.3
Poland,POL,2021-02-15,71.3
Poland,POL,2021-02-16,71.3
Poland,POL,2021-02-17,71.3
Poland,POL,2021-02-18,71.3
Poland,POL,2021-02-19,71.3
Poland,POL,2021-02-20,71.3
Poland,POL,2021-02-21,71.3
Poland,POL,2021-02-22,71.3
Poland,POL,2021-02-23,71.3
Poland,POL,2021-02-24,71.3
Poland,POL,2021-02-25,71.3
Portugal,PRT,2020-01-01,0
Portugal,PRT,2020-01-02,0
Portugal,PRT,2020-01-03,0
Portugal,PRT,2020-01-04,0
Portugal,PRT,2020-01-05,0
Portugal,PRT,2020-01-06,0
Portugal,PRT,2020-01-07,0
Portugal,PRT,2020-01-08,0
Portugal,PRT,2020-01-09,0
Portugal,PRT,2020-01-10,0
Portugal,PRT,2020-01-11,0
Portugal,PRT,2020-01-12,0
Portugal,PRT,2020-01-13,0
Portugal,PRT,2020-01-14,0
Portugal,PRT,2020-01-15,0
Portugal,PRT,2020-01-16,0
Portugal,PRT,2020-01-17,0
Portugal,PRT,2020-01-18,0
Portugal,PRT,2020-01-19,0
Portugal,PRT,2020-01-20,0
Portugal,PRT,2020-01-21,0
Portugal,PRT,2020-01-22,0
Portugal,PRT,2020-01-23,0
Portugal,PRT,2020-01-24,0
Portugal,PRT,2020-01-25,0
Portugal,PRT,2020-01-26,11.11
Portugal,PRT,2020-01-27,11.11
Portugal,PRT,2020-01-28,11.11
Portugal,PRT,2020-01-29,11.11
Portugal,PRT,2020-01-30,11.11
Portugal,PRT,2020-01-31,11.11
Portugal,PRT,2020-02-01,11.11
Portugal,PRT,2020-02-02,11.11
Portugal,PRT,2020-02-03,11.11
Portugal,PRT,2020-02-04,11.11
Portugal,PRT,2020-02-05,11.11
Portugal,PRT,2020-02-06,11.11
Portugal,PRT,2020-02-07,11.11
Portugal,PRT,2020-02-08,11.11
Portugal,PRT,2020-02-09,11.11
Portugal,PRT,2020-02-10,11.11
Portugal,PRT,2020-02-11,11.11
Portugal,PRT,2020-02-12,11.11
Portugal,PRT,2020-02-13,11.11
Portugal,PRT,2020-02-14,11.11
Portugal,PRT,2020-02-15,11.11
Portugal,PRT,2020-02-16,11.11
Portugal,PRT,2020-02-17,11.11
Portugal,PRT,2020-02-18,11.11
Portugal,PRT,2020-02-19,11.11
Portugal,PRT,2020-02-20,11.11
Portugal,PRT,2020-02-21,11.11
Portugal,PRT,2020-02-22,11.11
Portugal,PRT,2020-02-23,11.11
Portugal,PRT,2020-02-24,11.11
Portugal,PRT,2020-02-25,11.11
Portugal,PRT,2020-02-26,11.11
Portugal,PRT,2020-02-27,11.11
Portugal,PRT,2020-02-28,11.11
Portugal,PRT,2020-02-29,11.11
Portugal,PRT,2020-03-01,11.11
Portugal,PRT,2020-03-02,11.11
Portugal,PRT,2020-03-03,11.11
Portugal,PRT,2020-03-04,11.11
Portugal,PRT,2020-03-05,11.11
Portugal,PRT,2020-03-06,11.11
Portugal,PRT,2020-03-07,11.11
Portugal,PRT,2020-03-08,11.11
Portugal,PRT,2020-03-09,16.67
Portugal,PRT,2020-03-10,25
Portugal,PRT,2020-03-11,25
Portugal,PRT,2020-03-12,32.41
Portugal,PRT,2020-03-13,32.41
Portugal,PRT,2020-03-14,32.41
Portugal,PRT,2020-03-15,32.41
Portugal,PRT,2020-03-16,37.96
Portugal,PRT,2020-03-17,37.96
Portugal,PRT,2020-03-18,37.96
Portugal,PRT,2020-03-19,82.41
Portugal,PRT,2020-03-20,82.41
Portugal,PRT,2020-03-21,82.41
Portugal,PRT,2020-03-22,82.41
Portugal,PRT,2020-03-23,82.41
Portugal,PRT,2020-03-24,82.41
Portugal,PRT,2020-03-25,82.41
Portugal,PRT,2020-03-26,82.41
Portugal,PRT,2020-03-27,82.41
Portugal,PRT,2020-03-28,82.41
Portugal,PRT,2020-03-29,82.41
Portugal,PRT,2020-03-30,82.41
Portugal,PRT,2020-03-31,82.41
Portugal,PRT,2020-04-01,82.41
Portugal,PRT,2020-04-02,82.41
Portugal,PRT,2020-04-03,82.41
Portugal,PRT,2020-04-04,82.41
Portugal,PRT,2020-04-05,82.41
Portugal,PRT,2020-04-06,82.41
Portugal,PRT,2020-04-07,82.41
Portugal,PRT,2020-04-08,82.41
Portugal,PRT,2020-04-09,87.96
Portugal,PRT,2020-04-10,87.96
Portugal,PRT,2020-04-11,87.96
Portugal,PRT,2020-04-12,87.96
Portugal,PRT,2020-04-13,87.96
Portugal,PRT,2020-04-14,82.41
Portugal,PRT,2020-04-15,82.41
Portugal,PRT,2020-04-16,82.41
Portugal,PRT,2020-04-17,82.41
Portugal,PRT,2020-04-18,82.41
Portugal,PRT,2020-04-19,82.41
Portugal,PRT,2020-04-20,82.41
Portugal,PRT,2020-04-21,82.41
Portugal,PRT,2020-04-22,82.41
Portugal,PRT,2020-04-23,82.41
Portugal,PRT,2020-04-24,82.41
Portugal,PRT,2020-04-25,82.41
Portugal,PRT,2020-04-26,82.41
Portugal,PRT,2020-04-27,82.41
Portugal,PRT,2020-04-28,82.41
Portugal,PRT,2020-04-29,82.41
Portugal,PRT,2020-04-30,82.41
Portugal,PRT,2020-05-01,87.96
Portugal,PRT,2020-05-02,87.96
Portugal,PRT,2020-05-03,87.96
Portugal,PRT,2020-05-04,75
Portugal,PRT,2020-05-05,75
Portugal,PRT,2020-05-06,75
Portugal,PRT,2020-05-07,75
Portugal,PRT,2020-05-08,75
Portugal,PRT,2020-05-09,75
Portugal,PRT,2020-05-10,75
Portugal,PRT,2020-05-11,75
Portugal,PRT,2020-05-12,75
Portugal,PRT,2020-05-13,75
Portugal,PRT,2020-05-14,75
Portugal,PRT,2020-05-15,75
Portugal,PRT,2020-05-16,75
Portugal,PRT,2020-05-17,75
Portugal,PRT,2020-05-18,71.3
Portugal,PRT,2020-05-19,71.3
Portugal,PRT,2020-05-20,71.3
Portugal,PRT,2020-05-21,71.3
Portugal,PRT,2020-05-22,71.3
Portugal,PRT,2020-05-23,71.3
Portugal,PRT,2020-05-24,71.3
Portugal,PRT,2020-05-25,71.3
Portugal,PRT,2020-05-26,71.3
Portugal,PRT,2020-05-27,71.3
Portugal,PRT,2020-05-28,71.3
Portugal,PRT,2020-05-29,71.3
Portugal,PRT,2020-05-30,71.3
Portugal,PRT,2020-05-31,71.3
Portugal,PRT,2020-06-01,71.3
Portugal,PRT,2020-06-02,71.3
Portugal,PRT,2020-06-03,71.3
Portugal,PRT,2020-06-04,69.91
Portugal,PRT,2020-06-05,69.91
Portugal,PRT,2020-06-06,69.91
Portugal,PRT,2020-06-07,69.91
Portugal,PRT,2020-06-08,69.91
Portugal,PRT,2020-06-09,69.91
Portugal,PRT,2020-06-10,69.91
Portugal,PRT,2020-06-11,69.91
Portugal,PRT,2020-06-12,69.91
Portugal,PRT,2020-06-13,69.91
Portugal,PRT,2020-06-14,69.91
Portugal,PRT,2020-06-15,69.91
Portugal,PRT,2020-06-16,69.91
Portugal,PRT,2020-06-17,69.91
Portugal,PRT,2020-06-18,69.91
Portugal,PRT,2020-06-19,69.91
Portugal,PRT,2020-06-20,69.91
Portugal,PRT,2020-06-21,69.91
Portugal,PRT,2020-06-22,69.91
Portugal,PRT,2020-06-23,69.91
Portugal,PRT,2020-06-24,69.91
Portugal,PRT,2020-06-25,72.69
Portugal,PRT,2020-06-26,72.69
Portugal,PRT,2020-06-27,72.69
Portugal,PRT,2020-06-28,72.69
Portugal,PRT,2020-06-29,72.69
Portugal,PRT,2020-06-30,72.69
Portugal,PRT,2020-07-01,72.69
Portugal,PRT,2020-07-02,72.69
Portugal,PRT,2020-07-03,72.69
Portugal,PRT,2020-07-04,72.69
Portugal,PRT,2020-07-05,72.69
Portugal,PRT,2020-07-06,71.3
Portugal,PRT,2020-07-07,71.3
Portugal,PRT,2020-07-08,71.3
Portugal,PRT,2020-07-09,71.3
Portugal,PRT,2020-07-10,71.3
Portugal,PRT,2020-07-11,71.3
Portugal,PRT,2020-07-12,71.3
Portugal,PRT,2020-07-13,71.3
Portugal,PRT,2020-07-14,71.3
Portugal,PRT,2020-07-15,71.3
Portugal,PRT,2020-07-16,71.76
Portugal,PRT,2020-07-17,71.76
Portugal,PRT,2020-07-18,71.76
Portugal,PRT,2020-07-19,71.76
Portugal,PRT,2020-07-20,71.76
Portugal,PRT,2020-07-21,71.76
Portugal,PRT,2020-07-22,71.76
Portugal,PRT,2020-07-23,71.76
Portugal,PRT,2020-07-24,71.76
Portugal,PRT,2020-07-25,71.76
Portugal,PRT,2020-07-26,71.76
Portugal,PRT,2020-07-27,71.76
Portugal,PRT,2020-07-28,65.28
Portugal,PRT,2020-07-29,65.28
Portugal,PRT,2020-07-30,65.28
Portugal,PRT,2020-07-31,65.28
Portugal,PRT,2020-08-01,65.28
Portugal,PRT,2020-08-02,65.28
Portugal,PRT,2020-08-03,65.28
Portugal,PRT,2020-08-04,65.28
Portugal,PRT,2020-08-05,65.28
Portugal,PRT,2020-08-06,65.28
Portugal,PRT,2020-08-07,65.28
Portugal,PRT,2020-08-08,65.28
Portugal,PRT,2020-08-09,65.28
Portugal,PRT,2020-08-10,66.2
Portugal,PRT,2020-08-11,66.2
Portugal,PRT,2020-08-12,66.2
Portugal,PRT,2020-08-13,66.2
Portugal,PRT,2020-08-14,66.2
Portugal,PRT,2020-08-15,66.2
Portugal,PRT,2020-08-16,66.2
Portugal,PRT,2020-08-17,66.2
Portugal,PRT,2020-08-18,66.2
Portugal,PRT,2020-08-19,66.2
Portugal,PRT,2020-08-20,66.2
Portugal,PRT,2020-08-21,66.2
Portugal,PRT,2020-08-22,66.2
Portugal,PRT,2020-08-23,66.2
Portugal,PRT,2020-08-24,66.2
Portugal,PRT,2020-08-25,56.94
Portugal,PRT,2020-08-26,56.94
Portugal,PRT,2020-08-27,56.94
Portugal,PRT,2020-08-28,56.94
Portugal,PRT,2020-08-29,56.94
Portugal,PRT,2020-08-30,56.94
Portugal,PRT,2020-08-31,56.94
Portugal,PRT,2020-09-01,56.94
Portugal,PRT,2020-09-02,56.94
Portugal,PRT,2020-09-03,56.94
Portugal,PRT,2020-09-04,56.94
Portugal,PRT,2020-09-05,56.94
Portugal,PRT,2020-09-06,56.94
Portugal,PRT,2020-09-07,56.94
Portugal,PRT,2020-09-08,56.94
Portugal,PRT,2020-09-09,56.94
Portugal,PRT,2020-09-10,56.94
Portugal,PRT,2020-09-11,56.94
Portugal,PRT,2020-09-12,56.94
Portugal,PRT,2020-09-13,56.94
Portugal,PRT,2020-09-14,56.94
Portugal,PRT,2020-09-15,58.33
Portugal,PRT,2020-09-16,58.33
Portugal,PRT,2020-09-17,58.33
Portugal,PRT,2020-09-18,58.33
Portugal,PRT,2020-09-19,58.33
Portugal,PRT,2020-09-20,58.33
Portugal,PRT,2020-09-21,58.33
Portugal,PRT,2020-09-22,58.33
Portugal,PRT,2020-09-23,58.33
Portugal,PRT,2020-09-24,58.33
Portugal,PRT,2020-09-25,58.33
Portugal,PRT,2020-09-26,58.33
Portugal,PRT,2020-09-27,58.33
Portugal,PRT,2020-09-28,58.33
Portugal,PRT,2020-09-29,58.33
Portugal,PRT,2020-09-30,58.33
Portugal,PRT,2020-10-01,58.33
Portugal,PRT,2020-10-02,58.33
Portugal,PRT,2020-10-03,58.33
Portugal,PRT,2020-10-04,58.33
Portugal,PRT,2020-10-05,58.33
Portugal,PRT,2020-10-06,58.33
Portugal,PRT,2020-10-07,58.33
Portugal,PRT,2020-10-08,58.33
Portugal,PRT,2020-10-09,58.33
Portugal,PRT,2020-10-10,58.33
Portugal,PRT,2020-10-11,58.33
Portugal,PRT,2020-10-12,58.33
Portugal,PRT,2020-10-13,58.33
Portugal,PRT,2020-10-14,58.33
Portugal,PRT,2020-10-15,58.33
Portugal,PRT,2020-10-16,58.33
Portugal,PRT,2020-10-17,58.33
Portugal,PRT,2020-10-18,58.33
Portugal,PRT,2020-10-19,58.33
Portugal,PRT,2020-10-20,58.33
Portugal,PRT,2020-10-21,58.33
Portugal,PRT,2020-10-22,58.33
Portugal,PRT,2020-10-23,63.89
Portugal,PRT,2020-10-24,69.44
Portugal,PRT,2020-10-25,69.44
Portugal,PRT,2020-10-26,69.44
Portugal,PRT,2020-10-27,69.44
Portugal,PRT,2020-10-28,69.44
Portugal,PRT,2020-10-29,69.44
Portugal,PRT,2020-10-30,80.56
Portugal,PRT,2020-10-31,80.56
Portugal,PRT,2020-11-01,80.56
Portugal,PRT,2020-11-02,80.56
Portugal,PRT,2020-11-03,80.56
Portugal,PRT,2020-11-04,69.44
Portugal,PRT,2020-11-05,69.44
Portugal,PRT,2020-11-06,63.89
Portugal,PRT,2020-11-07,63.89
Portugal,PRT,2020-11-08,63.89
Portugal,PRT,2020-11-09,63.89
Portugal,PRT,2020-11-10,63.89
Portugal,PRT,2020-11-11,63.89
Portugal,PRT,2020-11-12,63.89
Portugal,PRT,2020-11-13,63.89
Portugal,PRT,2020-11-14,65.74
Portugal,PRT,2020-11-15,65.74
Portugal,PRT,2020-11-16,63.89
Portugal,PRT,2020-11-17,63.89
Portugal,PRT,2020-11-18,63.89
Portugal,PRT,2020-11-19,63.89
Portugal,PRT,2020-11-20,63.89
Portugal,PRT,2020-11-21,65.74
Portugal,PRT,2020-11-22,65.74
Portugal,PRT,2020-11-23,63.89
Portugal,PRT,2020-11-24,63.89
Portugal,PRT,2020-11-25,63.89
Portugal,PRT,2020-11-26,63.89
Portugal,PRT,2020-11-27,63.89
Portugal,PRT,2020-11-28,65.74
Portugal,PRT,2020-11-29,65.74
Portugal,PRT,2020-11-30,63.89
Portugal,PRT,2020-12-01,63.89
Portugal,PRT,2020-12-02,63.89
Portugal,PRT,2020-12-03,63.89
Portugal,PRT,2020-12-04,63.89
Portugal,PRT,2020-12-05,65.74
Portugal,PRT,2020-12-06,65.74
Portugal,PRT,2020-12-07,63.89
Portugal,PRT,2020-12-08,63.89
Portugal,PRT,2020-12-09,63.89
Portugal,PRT,2020-12-10,63.89
Portugal,PRT,2020-12-11,63.89
Portugal,PRT,2020-12-12,63.89
Portugal,PRT,2020-12-13,63.89
Portugal,PRT,2020-12-14,62.04
Portugal,PRT,2020-12-15,62.04
Portugal,PRT,2020-12-16,62.04
Portugal,PRT,2020-12-17,62.04
Portugal,PRT,2020-12-18,62.04
Portugal,PRT,2020-12-19,62.04
Portugal,PRT,2020-12-20,62.04
Portugal,PRT,2020-12-21,62.04
Portugal,PRT,2020-12-22,62.04
Portugal,PRT,2020-12-23,62.04
Portugal,PRT,2020-12-24,62.04
Portugal,PRT,2020-12-25,62.04
Portugal,PRT,2020-12-26,62.04
Portugal,PRT,2020-12-27,62.04
Portugal,PRT,2020-12-28,62.04
Portugal,PRT,2020-12-29,62.04
Portugal,PRT,2020-12-30,62.04
Portugal,PRT,2020-12-31,73.15
Portugal,PRT,2021-01-01,73.15
Portugal,PRT,2021-01-02,73.15
Portugal,PRT,2021-01-03,73.15
Portugal,PRT,2021-01-04,62.04
Portugal,PRT,2021-01-05,62.04
Portugal,PRT,2021-01-06,62.04
Portugal,PRT,2021-01-07,62.04
Portugal,PRT,2021-01-08,62.04
Portugal,PRT,2021-01-09,73.15
Portugal,PRT,2021-01-10,73.15
Portugal,PRT,2021-01-11,62.04
Portugal,PRT,2021-01-12,62.04
Portugal,PRT,2021-01-13,62.04
Portugal,PRT,2021-01-14,62.04
Portugal,PRT,2021-01-15,65.74
Portugal,PRT,2021-01-16,65.74
Portugal,PRT,2021-01-17,65.74
Portugal,PRT,2021-01-18,65.74
Portugal,PRT,2021-01-19,65.74
Portugal,PRT,2021-01-20,69.44
Portugal,PRT,2021-01-21,69.44
Portugal,PRT,2021-01-22,87.96
Portugal,PRT,2021-01-23,87.96
Portugal,PRT,2021-01-24,87.96
Portugal,PRT,2021-01-25,76.85
Portugal,PRT,2021-01-26,76.85
Portugal,PRT,2021-01-27,76.85
Portugal,PRT,2021-01-28,76.85
Portugal,PRT,2021-01-29,87.96
Portugal,PRT,2021-01-30,87.96
Portugal,PRT,2021-01-31,87.96
Portugal,PRT,2021-02-01,76.85
Portugal,PRT,2021-02-02,76.85
Portugal,PRT,2021-02-03,76.85
Portugal,PRT,2021-02-04,76.85
Portugal,PRT,2021-02-05,87.96
Portugal,PRT,2021-02-06,87.96
Portugal,PRT,2021-02-07,87.96
Portugal,PRT,2021-02-08,76.85
Portugal,PRT,2021-02-09,76.85
Portugal,PRT,2021-02-10,76.85
Portugal,PRT,2021-02-11,76.85
Portugal,PRT,2021-02-12,87.96
Portugal,PRT,2021-02-13,87.96
Portugal,PRT,2021-02-14,87.96
Portugal,PRT,2021-02-15,76.85
Portugal,PRT,2021-02-16,76.85
Portugal,PRT,2021-02-17,76.85
Portugal,PRT,2021-02-18,76.85
Portugal,PRT,2021-02-19,87.96
Portugal,PRT,2021-02-20,87.96
Portugal,PRT,2021-02-21,87.96
Portugal,PRT,2021-02-22,76.85
Portugal,PRT,2021-02-23,76.85
Portugal,PRT,2021-02-24,76.85
Portugal,PRT,2021-02-25,76.85
Portugal,PRT,2021-02-26,87.96
Portugal,PRT,2021-02-27,87.96
Portugal,PRT,2021-02-28,87.96
Portugal,PRT,2021-03-01,76.85
Portugal,PRT,2021-03-02,76.85
Portugal,PRT,2021-03-03,76.85
Portugal,PRT,2021-03-04,76.85
Portugal,PRT,2021-03-05,87.96
Portugal,PRT,2021-03-06,87.96
Portugal,PRT,2021-03-07,87.96
Portugal,PRT,2021-03-08,76.85
Portugal,PRT,2021-03-09,76.85
Puerto Rico,PRI,2020-01-01,0
Puerto Rico,PRI,2020-01-02,0
Puerto Rico,PRI,2020-01-03,0
Puerto Rico,PRI,2020-01-04,0
Puerto Rico,PRI,2020-01-05,0
Puerto Rico,PRI,2020-01-06,0
Puerto Rico,PRI,2020-01-07,0
Puerto Rico,PRI,2020-01-08,0
Puerto Rico,PRI,2020-01-09,0
Puerto Rico,PRI,2020-01-10,0
Puerto Rico,PRI,2020-01-11,0
Puerto Rico,PRI,2020-01-12,0
Puerto Rico,PRI,2020-01-13,0
Puerto Rico,PRI,2020-01-14,0
Puerto Rico,PRI,2020-01-15,0
Puerto Rico,PRI,2020-01-16,0
Puerto Rico,PRI,2020-01-17,0
Puerto Rico,PRI,2020-01-18,0
Puerto Rico,PRI,2020-01-19,0
Puerto Rico,PRI,2020-01-20,0
Puerto Rico,PRI,2020-01-21,0
Puerto Rico,PRI,2020-01-22,0
Puerto Rico,PRI,2020-01-23,0
Puerto Rico,PRI,2020-01-24,0
Puerto Rico,PRI,2020-01-25,0
Puerto Rico,PRI,2020-01-26,0
Puerto Rico,PRI,2020-01-27,0
Puerto Rico,PRI,2020-01-28,0
Puerto Rico,PRI,2020-01-29,0
Puerto Rico,PRI,2020-01-30,2.78
Puerto Rico,PRI,2020-01-31,2.78
Puerto Rico,PRI,2020-02-01,2.78
Puerto Rico,PRI,2020-02-02,2.78
Puerto Rico,PRI,2020-02-03,2.78
Puerto Rico,PRI,2020-02-04,2.78
Puerto Rico,PRI,2020-02-05,2.78
Puerto Rico,PRI,2020-02-06,2.78
Puerto Rico,PRI,2020-02-07,2.78
Puerto Rico,PRI,2020-02-08,2.78
Puerto Rico,PRI,2020-02-09,2.78
Puerto Rico,PRI,2020-02-10,2.78
Puerto Rico,PRI,2020-02-11,2.78
Puerto Rico,PRI,2020-02-12,2.78
Puerto Rico,PRI,2020-02-13,2.78
Puerto Rico,PRI,2020-02-14,2.78
Puerto Rico,PRI,2020-02-15,2.78
Puerto Rico,PRI,2020-02-16,2.78
Puerto Rico,PRI,2020-02-17,2.78
Puerto Rico,PRI,2020-02-18,2.78
Puerto Rico,PRI,2020-02-19,2.78
Puerto Rico,PRI,2020-02-20,2.78
Puerto Rico,PRI,2020-02-21,2.78
Puerto Rico,PRI,2020-02-22,2.78
Puerto Rico,PRI,2020-02-23,2.78
Puerto Rico,PRI,2020-02-24,2.78
Puerto Rico,PRI,2020-02-25,2.78
Puerto Rico,PRI,2020-02-26,2.78
Puerto Rico,PRI,2020-02-27,2.78
Puerto Rico,PRI,2020-02-28,2.78
Puerto Rico,PRI,2020-02-29,2.78
Puerto Rico,PRI,2020-03-01,2.78
Puerto Rico,PRI,2020-03-02,13.89
Puerto Rico,PRI,2020-03-03,13.89
Puerto Rico,PRI,2020-03-04,13.89
Puerto Rico,PRI,2020-03-05,13.89
Puerto Rico,PRI,2020-03-06,13.89
Puerto Rico,PRI,2020-03-07,13.89
Puerto Rico,PRI,2020-03-08,13.89
Puerto Rico,PRI,2020-03-09,13.89
Puerto Rico,PRI,2020-03-10,13.89
Puerto Rico,PRI,2020-03-11,13.89
Puerto Rico,PRI,2020-03-12,28.7
Puerto Rico,PRI,2020-03-13,39.81
Puerto Rico,PRI,2020-03-14,39.81
Puerto Rico,PRI,2020-03-15,82.41
Puerto Rico,PRI,2020-03-16,93.52
Puerto Rico,PRI,2020-03-17,93.52
Puerto Rico,PRI,2020-03-18,93.52
Puerto Rico,PRI,2020-03-19,93.52
Puerto Rico,PRI,2020-03-20,93.52
Puerto Rico,PRI,2020-03-21,93.52
Puerto Rico,PRI,2020-03-22,93.52
Puerto Rico,PRI,2020-03-23,93.52
Puerto Rico,PRI,2020-03-24,93.52
Puerto Rico,PRI,2020-03-25,93.52
Puerto Rico,PRI,2020-03-26,93.52
Puerto Rico,PRI,2020-03-27,93.52
Puerto Rico,PRI,2020-03-28,93.52
Puerto Rico,PRI,2020-03-29,93.52
Puerto Rico,PRI,2020-03-30,93.52
Puerto Rico,PRI,2020-03-31,93.52
Puerto Rico,PRI,2020-04-01,93.52
Puerto Rico,PRI,2020-04-02,93.52
Puerto Rico,PRI,2020-04-03,93.52
Puerto Rico,PRI,2020-04-04,93.52
Puerto Rico,PRI,2020-04-05,93.52
Puerto Rico,PRI,2020-04-06,93.52
Puerto Rico,PRI,2020-04-07,93.52
Puerto Rico,PRI,2020-04-08,93.52
Puerto Rico,PRI,2020-04-09,93.52
Puerto Rico,PRI,2020-04-10,93.52
Puerto Rico,PRI,2020-04-11,93.52
Puerto Rico,PRI,2020-04-12,93.52
Puerto Rico,PRI,2020-04-13,93.52
Puerto Rico,PRI,2020-04-14,93.52
Puerto Rico,PRI,2020-04-15,93.52
Puerto Rico,PRI,2020-04-16,93.52
Puerto Rico,PRI,2020-04-17,93.52
Puerto Rico,PRI,2020-04-18,93.52
Puerto Rico,PRI,2020-04-19,93.52
Puerto Rico,PRI,2020-04-20,93.52
Puerto Rico,PRI,2020-04-21,93.52
Puerto Rico,PRI,2020-04-22,93.52
Puerto Rico,PRI,2020-04-23,93.52
Puerto Rico,PRI,2020-04-24,93.52
Puerto Rico,PRI,2020-04-25,93.52
Puerto Rico,PRI,2020-04-26,93.52
Puerto Rico,PRI,2020-04-27,93.52
Puerto Rico,PRI,2020-04-28,93.52
Puerto Rico,PRI,2020-04-29,93.52
Puerto Rico,PRI,2020-04-30,93.52
Puerto Rico,PRI,2020-05-01,93.52
Puerto Rico,PRI,2020-05-02,93.52
Puerto Rico,PRI,2020-05-03,93.52
Puerto Rico,PRI,2020-05-04,89.81
Puerto Rico,PRI,2020-05-05,89.81
Puerto Rico,PRI,2020-05-06,89.81
Puerto Rico,PRI,2020-05-07,89.81
Puerto Rico,PRI,2020-05-08,89.81
Puerto Rico,PRI,2020-05-09,89.81
Puerto Rico,PRI,2020-05-10,89.81
Puerto Rico,PRI,2020-05-11,89.81
Puerto Rico,PRI,2020-05-12,89.81
Puerto Rico,PRI,2020-05-13,89.81
Puerto Rico,PRI,2020-05-14,89.81
Puerto Rico,PRI,2020-05-15,89.81
Puerto Rico,PRI,2020-05-16,89.81
Puerto Rico,PRI,2020-05-17,89.81
Puerto Rico,PRI,2020-05-18,89.81
Puerto Rico,PRI,2020-05-19,89.81
Puerto Rico,PRI,2020-05-20,89.81
Puerto Rico,PRI,2020-05-21,89.81
Puerto Rico,PRI,2020-05-22,89.81
Puerto Rico,PRI,2020-05-23,89.81
Puerto Rico,PRI,2020-05-24,89.81
Puerto Rico,PRI,2020-05-25,89.81
Puerto Rico,PRI,2020-05-26,89.81
Puerto Rico,PRI,2020-05-27,89.81
Puerto Rico,PRI,2020-05-28,89.81
Puerto Rico,PRI,2020-05-29,89.81
Puerto Rico,PRI,2020-05-30,89.81
Puerto Rico,PRI,2020-05-31,89.81
Puerto Rico,PRI,2020-06-01,89.81
Puerto Rico,PRI,2020-06-02,89.81
Puerto Rico,PRI,2020-06-03,89.81
Puerto Rico,PRI,2020-06-04,89.81
Puerto Rico,PRI,2020-06-05,89.81
Puerto Rico,PRI,2020-06-06,89.81
Puerto Rico,PRI,2020-06-07,89.81
Puerto Rico,PRI,2020-06-08,89.81
Puerto Rico,PRI,2020-06-09,89.81
Puerto Rico,PRI,2020-06-10,89.81
Puerto Rico,PRI,2020-06-11,89.81
Puerto Rico,PRI,2020-06-12,89.81
Puerto Rico,PRI,2020-06-13,89.81
Puerto Rico,PRI,2020-06-14,89.81
Puerto Rico,PRI,2020-06-15,89.81
Puerto Rico,PRI,2020-06-16,65.74
Puerto Rico,PRI,2020-06-17,65.74
Puerto Rico,PRI,2020-06-18,65.74
Puerto Rico,PRI,2020-06-19,65.74
Puerto Rico,PRI,2020-06-20,65.74
Puerto Rico,PRI,2020-06-21,65.74
Puerto Rico,PRI,2020-06-22,65.74
Puerto Rico,PRI,2020-06-23,65.74
Puerto Rico,PRI,2020-06-24,65.74
Puerto Rico,PRI,2020-06-25,65.74
Puerto Rico,PRI,2020-06-26,65.74
Puerto Rico,PRI,2020-06-27,65.74
Puerto Rico,PRI,2020-06-28,65.74
Puerto Rico,PRI,2020-06-29,65.74
Puerto Rico,PRI,2020-06-30,65.74
Puerto Rico,PRI,2020-07-01,65.74
Puerto Rico,PRI,2020-07-02,65.74
Puerto Rico,PRI,2020-07-03,65.74
Puerto Rico,PRI,2020-07-04,65.74
Puerto Rico,PRI,2020-07-05,65.74
Puerto Rico,PRI,2020-07-06,65.74
Puerto Rico,PRI,2020-07-07,65.74
Puerto Rico,PRI,2020-07-08,65.74
Puerto Rico,PRI,2020-07-09,65.74
Puerto Rico,PRI,2020-07-10,65.74
Puerto Rico,PRI,2020-07-11,65.74
Puerto Rico,PRI,2020-07-12,65.74
Puerto Rico,PRI,2020-07-13,65.74
Puerto Rico,PRI,2020-07-14,65.74
Puerto Rico,PRI,2020-07-15,60.19
Puerto Rico,PRI,2020-07-16,60.19
Puerto Rico,PRI,2020-07-17,67.59
Puerto Rico,PRI,2020-07-18,67.59
Puerto Rico,PRI,2020-07-19,67.59
Puerto Rico,PRI,2020-07-20,67.59
Puerto Rico,PRI,2020-07-21,67.59
Puerto Rico,PRI,2020-07-22,67.59
Puerto Rico,PRI,2020-07-23,67.59
Puerto Rico,PRI,2020-07-24,67.59
Puerto Rico,PRI,2020-07-25,67.59
Puerto Rico,PRI,2020-07-26,67.59
Puerto Rico,PRI,2020-07-27,67.59
Puerto Rico,PRI,2020-07-28,67.59
Puerto Rico,PRI,2020-07-29,67.59
Puerto Rico,PRI,2020-07-30,67.59
Puerto Rico,PRI,2020-07-31,67.59
Puerto Rico,PRI,2020-08-01,67.59
Puerto Rico,PRI,2020-08-02,67.59
Puerto Rico,PRI,2020-08-03,67.59
Puerto Rico,PRI,2020-08-04,67.59
Puerto Rico,PRI,2020-08-05,67.59
Puerto Rico,PRI,2020-08-06,67.59
Puerto Rico,PRI,2020-08-07,67.59
Puerto Rico,PRI,2020-08-08,67.59
Puerto Rico,PRI,2020-08-09,67.59
Puerto Rico,PRI,2020-08-10,67.59
Puerto Rico,PRI,2020-08-11,67.59
Puerto Rico,PRI,2020-08-12,67.59
Puerto Rico,PRI,2020-08-13,67.59
Puerto Rico,PRI,2020-08-14,67.59
Puerto Rico,PRI,2020-08-15,67.59
Puerto Rico,PRI,2020-08-16,67.59
Puerto Rico,PRI,2020-08-17,67.59
Puerto Rico,PRI,2020-08-18,67.59
Puerto Rico,PRI,2020-08-19,67.59
Puerto Rico,PRI,2020-08-20,70.37
Puerto Rico,PRI,2020-08-21,70.37
Puerto Rico,PRI,2020-08-22,70.37
Puerto Rico,PRI,2020-08-23,77.78
Puerto Rico,PRI,2020-08-24,70.37
Puerto Rico,PRI,2020-08-25,70.37
Puerto Rico,PRI,2020-08-26,70.37
Puerto Rico,PRI,2020-08-27,70.37
Puerto Rico,PRI,2020-08-28,70.37
Puerto Rico,PRI,2020-08-29,70.37
Puerto Rico,PRI,2020-08-30,77.78
Puerto Rico,PRI,2020-08-31,70.37
Puerto Rico,PRI,2020-09-01,70.37
Puerto Rico,PRI,2020-09-02,70.37
Puerto Rico,PRI,2020-09-03,70.37
Puerto Rico,PRI,2020-09-04,70.37
Puerto Rico,PRI,2020-09-05,70.37
Puerto Rico,PRI,2020-09-06,70.37
Puerto Rico,PRI,2020-09-07,70.37
Puerto Rico,PRI,2020-09-08,70.37
Puerto Rico,PRI,2020-09-09,70.37
Puerto Rico,PRI,2020-09-10,70.37
Puerto Rico,PRI,2020-09-11,70.37
Puerto Rico,PRI,2020-09-12,70.37
Puerto Rico,PRI,2020-09-13,70.37
Puerto Rico,PRI,2020-09-14,70.37
Puerto Rico,PRI,2020-09-15,70.37
Puerto Rico,PRI,2020-09-16,70.37
Puerto Rico,PRI,2020-09-17,70.37
Puerto Rico,PRI,2020-09-18,70.37
Puerto Rico,PRI,2020-09-19,70.37
Puerto Rico,PRI,2020-09-20,70.37
Puerto Rico,PRI,2020-09-21,70.37
Puerto Rico,PRI,2020-09-22,70.37
Puerto Rico,PRI,2020-09-23,70.37
Puerto Rico,PRI,2020-09-24,70.37
Puerto Rico,PRI,2020-09-25,70.37
Puerto Rico,PRI,2020-09-26,70.37
Puerto Rico,PRI,2020-09-27,70.37
Puerto Rico,PRI,2020-09-28,70.37
Puerto Rico,PRI,2020-09-29,70.37
Puerto Rico,PRI,2020-09-30,70.37
Puerto Rico,PRI,2020-10-01,70.37
Puerto Rico,PRI,2020-10-02,70.37
Puerto Rico,PRI,2020-10-03,70.37
Puerto Rico,PRI,2020-10-04,70.37
Puerto Rico,PRI,2020-10-05,70.37
Puerto Rico,PRI,2020-10-06,70.37
Puerto Rico,PRI,2020-10-07,70.37
Puerto Rico,PRI,2020-10-08,70.37
Puerto Rico,PRI,2020-10-09,70.37
Puerto Rico,PRI,2020-10-10,70.37
Puerto Rico,PRI,2020-10-11,70.37
Puerto Rico,PRI,2020-10-12,70.37
Puerto Rico,PRI,2020-10-13,70.37
Puerto Rico,PRI,2020-10-14,70.37
Puerto Rico,PRI,2020-10-15,70.37
Puerto Rico,PRI,2020-10-16,70.37
Puerto Rico,PRI,2020-10-17,70.37
Puerto Rico,PRI,2020-10-18,70.37
Puerto Rico,PRI,2020-10-19,70.37
Puerto Rico,PRI,2020-10-20,70.37
Puerto Rico,PRI,2020-10-21,70.37
Puerto Rico,PRI,2020-10-22,70.37
Puerto Rico,PRI,2020-10-23,70.37
Puerto Rico,PRI,2020-10-24,70.37
Puerto Rico,PRI,2020-10-25,70.37
Puerto Rico,PRI,2020-10-26,70.37
Puerto Rico,PRI,2020-10-27,70.37
Puerto Rico,PRI,2020-10-28,70.37
Puerto Rico,PRI,2020-10-29,70.37
Puerto Rico,PRI,2020-10-30,67.59
Puerto Rico,PRI,2020-10-31,67.59
Puerto Rico,PRI,2020-11-01,67.59
Puerto Rico,PRI,2020-11-02,67.59
Puerto Rico,PRI,2020-11-03,67.59
Puerto Rico,PRI,2020-11-04,67.59
Puerto Rico,PRI,2020-11-05,67.59
Puerto Rico,PRI,2020-11-06,67.59
Puerto Rico,PRI,2020-11-07,67.59
Puerto Rico,PRI,2020-11-08,67.59
Puerto Rico,PRI,2020-11-09,67.59
Puerto Rico,PRI,2020-11-10,67.59
Puerto Rico,PRI,2020-11-11,67.59
Puerto Rico,PRI,2020-11-12,67.59
Puerto Rico,PRI,2020-11-13,67.59
Puerto Rico,PRI,2020-11-14,67.59
Puerto Rico,PRI,2020-11-15,67.59
Puerto Rico,PRI,2020-11-16,67.59
Puerto Rico,PRI,2020-11-17,64.81
Puerto Rico,PRI,2020-11-18,64.81
Puerto Rico,PRI,2020-11-19,64.81
Puerto Rico,PRI,2020-11-20,64.81
Puerto Rico,PRI,2020-11-21,64.81
Puerto Rico,PRI,2020-11-22,64.81
Puerto Rico,PRI,2020-11-23,64.81
Puerto Rico,PRI,2020-11-24,64.81
Puerto Rico,PRI,2020-11-25,64.81
Puerto Rico,PRI,2020-11-26,64.81
Puerto Rico,PRI,2020-11-27,64.81
Puerto Rico,PRI,2020-11-28,64.81
Puerto Rico,PRI,2020-11-29,64.81
Puerto Rico,PRI,2020-11-30,64.81
Puerto Rico,PRI,2020-12-01,64.81
Puerto Rico,PRI,2020-12-02,64.81
Puerto Rico,PRI,2020-12-03,64.81
Puerto Rico,PRI,2020-12-04,64.81
Puerto Rico,PRI,2020-12-05,64.81
Puerto Rico,PRI,2020-12-06,64.81
Puerto Rico,PRI,2020-12-07,64.81
Puerto Rico,PRI,2020-12-08,64.81
Puerto Rico,PRI,2020-12-09,64.81
Puerto Rico,PRI,2020-12-10,64.81
Puerto Rico,PRI,2020-12-11,64.81
Puerto Rico,PRI,2020-12-12,64.81
Puerto Rico,PRI,2020-12-13,64.81
Puerto Rico,PRI,2020-12-14,64.81
Puerto Rico,PRI,2020-12-15,64.81
Puerto Rico,PRI,2020-12-16,64.81
Puerto Rico,PRI,2020-12-17,64.81
Puerto Rico,PRI,2020-12-18,64.81
Puerto Rico,PRI,2020-12-19,64.81
Puerto Rico,PRI,2020-12-20,64.81
Puerto Rico,PRI,2020-12-21,64.81
Puerto Rico,PRI,2020-12-22,64.81
Puerto Rico,PRI,2020-12-23,64.81
Puerto Rico,PRI,2020-12-24,64.81
Puerto Rico,PRI,2020-12-25,64.81
Puerto Rico,PRI,2020-12-26,64.81
Puerto Rico,PRI,2020-12-27,64.81
Puerto Rico,PRI,2020-12-28,64.81
Puerto Rico,PRI,2020-12-29,64.81
Puerto Rico,PRI,2020-12-30,64.81
Puerto Rico,PRI,2020-12-31,64.81
Puerto Rico,PRI,2021-01-01,64.81
Puerto Rico,PRI,2021-01-02,64.81
Puerto Rico,PRI,2021-01-03,64.81
Puerto Rico,PRI,2021-01-04,64.81
Puerto Rico,PRI,2021-01-05,64.81
Puerto Rico,PRI,2021-01-06,64.81
Puerto Rico,PRI,2021-01-07,64.81
Puerto Rico,PRI,2021-01-08,64.81
Puerto Rico,PRI,2021-01-09,64.81
Puerto Rico,PRI,2021-01-10,64.81
Puerto Rico,PRI,2021-01-11,64.81
Puerto Rico,PRI,2021-01-12,64.81
Puerto Rico,PRI,2021-01-13,64.81
Puerto Rico,PRI,2021-01-14,64.81
Puerto Rico,PRI,2021-01-15,64.81
Puerto Rico,PRI,2021-01-16,64.81
Puerto Rico,PRI,2021-01-17,64.81
Puerto Rico,PRI,2021-01-18,64.81
Puerto Rico,PRI,2021-01-19,64.81
Puerto Rico,PRI,2021-01-20,64.81
Puerto Rico,PRI,2021-01-21,64.81
Puerto Rico,PRI,2021-01-22,64.81
Puerto Rico,PRI,2021-01-23,64.81
Puerto Rico,PRI,2021-01-24,64.81
Puerto Rico,PRI,2021-01-25,64.81
Puerto Rico,PRI,2021-01-26,64.81
Puerto Rico,PRI,2021-01-27,64.81
Puerto Rico,PRI,2021-01-28,64.81
Puerto Rico,PRI,2021-01-29,64.81
Puerto Rico,PRI,2021-01-30,64.81
Puerto Rico,PRI,2021-01-31,64.81
Puerto Rico,PRI,2021-02-01,64.81
Puerto Rico,PRI,2021-02-02,64.81
Puerto Rico,PRI,2021-02-03,64.81
Puerto Rico,PRI,2021-02-04,64.81
Puerto Rico,PRI,2021-02-05,64.81
Puerto Rico,PRI,2021-02-06,64.81
Puerto Rico,PRI,2021-02-07,64.81
Puerto Rico,PRI,2021-02-08,64.81
Puerto Rico,PRI,2021-02-09,64.81
Puerto Rico,PRI,2021-02-10,64.81
Puerto Rico,PRI,2021-02-11,64.81
Puerto Rico,PRI,2021-02-12,64.81
Puerto Rico,PRI,2021-02-13,64.81
Puerto Rico,PRI,2021-02-14,64.81
Puerto Rico,PRI,2021-02-15,64.81
Puerto Rico,PRI,2021-02-16,64.81
Puerto Rico,PRI,2021-02-17,64.81
Puerto Rico,PRI,2021-02-18,64.81
Puerto Rico,PRI,2021-02-19,64.81
Puerto Rico,PRI,2021-02-20,64.81
Puerto Rico,PRI,2021-02-21,64.81
Puerto Rico,PRI,2021-02-22,64.81
Puerto Rico,PRI,2021-02-23,64.81
Puerto Rico,PRI,2021-02-24,64.81
Puerto Rico,PRI,2021-02-25,64.81
Puerto Rico,PRI,2021-02-26,64.81
Puerto Rico,PRI,2021-02-27,64.81
Puerto Rico,PRI,2021-02-28,64.81
Puerto Rico,PRI,2021-03-01,57.41
Puerto Rico,PRI,2021-03-02,57.41
Puerto Rico,PRI,2021-03-03,57.41
Puerto Rico,PRI,2021-03-04,57.41
Puerto Rico,PRI,2021-03-05,57.41
Puerto Rico,PRI,2021-03-06,57.41
Puerto Rico,PRI,2021-03-07,57.41
Puerto Rico,PRI,2021-03-08,57.41
Qatar,QAT,2020-01-01,0
Qatar,QAT,2020-01-02,0
Qatar,QAT,2020-01-03,0
Qatar,QAT,2020-01-04,0
Qatar,QAT,2020-01-05,0
Qatar,QAT,2020-01-06,0
Qatar,QAT,2020-01-07,0
Qatar,QAT,2020-01-08,0
Qatar,QAT,2020-01-09,0
Qatar,QAT,2020-01-10,0
Qatar,QAT,2020-01-11,0
Qatar,QAT,2020-01-12,0
Qatar,QAT,2020-01-13,0
Qatar,QAT,2020-01-14,0
Qatar,QAT,2020-01-15,0
Qatar,QAT,2020-01-16,0
Qatar,QAT,2020-01-17,0
Qatar,QAT,2020-01-18,0
Qatar,QAT,2020-01-19,0
Qatar,QAT,2020-01-20,0
Qatar,QAT,2020-01-21,0
Qatar,QAT,2020-01-22,0
Qatar,QAT,2020-01-23,0
Qatar,QAT,2020-01-24,2.78
Qatar,QAT,2020-01-25,2.78
Qatar,QAT,2020-01-26,2.78
Qatar,QAT,2020-01-27,2.78
Qatar,QAT,2020-01-28,2.78
Qatar,QAT,2020-01-29,2.78
Qatar,QAT,2020-01-30,8.33
Qatar,QAT,2020-01-31,8.33
Qatar,QAT,2020-02-01,8.33
Qatar,QAT,2020-02-02,8.33
Qatar,QAT,2020-02-03,13.89
Qatar,QAT,2020-02-04,13.89
Qatar,QAT,2020-02-05,13.89
Qatar,QAT,2020-02-06,13.89
Qatar,QAT,2020-02-07,13.89
Qatar,QAT,2020-02-08,13.89
Qatar,QAT,2020-02-09,13.89
Qatar,QAT,2020-02-10,13.89
Qatar,QAT,2020-02-11,13.89
Qatar,QAT,2020-02-12,13.89
Qatar,QAT,2020-02-13,13.89
Qatar,QAT,2020-02-14,13.89
Qatar,QAT,2020-02-15,13.89
Qatar,QAT,2020-02-16,13.89
Qatar,QAT,2020-02-17,13.89
Qatar,QAT,2020-02-18,13.89
Qatar,QAT,2020-02-19,13.89
Qatar,QAT,2020-02-20,13.89
Qatar,QAT,2020-02-21,13.89
Qatar,QAT,2020-02-22,13.89
Qatar,QAT,2020-02-23,13.89
Qatar,QAT,2020-02-24,13.89
Qatar,QAT,2020-02-25,13.89
Qatar,QAT,2020-02-26,13.89
Qatar,QAT,2020-02-27,13.89
Qatar,QAT,2020-02-28,13.89
Qatar,QAT,2020-02-29,13.89
Qatar,QAT,2020-03-01,13.89
Qatar,QAT,2020-03-02,13.89
Qatar,QAT,2020-03-03,13.89
Qatar,QAT,2020-03-04,13.89
Qatar,QAT,2020-03-05,13.89
Qatar,QAT,2020-03-06,13.89
Qatar,QAT,2020-03-07,13.89
Qatar,QAT,2020-03-08,13.89
Qatar,QAT,2020-03-09,13.89
Qatar,QAT,2020-03-10,25
Qatar,QAT,2020-03-11,25
Qatar,QAT,2020-03-12,30.56
Qatar,QAT,2020-03-13,30.56
Qatar,QAT,2020-03-14,30.56
Qatar,QAT,2020-03-15,41.67
Qatar,QAT,2020-03-16,41.67
Qatar,QAT,2020-03-17,61.11
Qatar,QAT,2020-03-18,63.89
Qatar,QAT,2020-03-19,63.89
Qatar,QAT,2020-03-20,63.89
Qatar,QAT,2020-03-21,63.89
Qatar,QAT,2020-03-22,80.56
Qatar,QAT,2020-03-23,80.56
Qatar,QAT,2020-03-24,80.56
Qatar,QAT,2020-03-25,80.56
Qatar,QAT,2020-03-26,80.56
Qatar,QAT,2020-03-27,80.56
Qatar,QAT,2020-03-28,86.11
Qatar,QAT,2020-03-29,86.11
Qatar,QAT,2020-03-30,86.11
Qatar,QAT,2020-03-31,86.11
Qatar,QAT,2020-04-01,86.11
Qatar,QAT,2020-04-02,86.11
Qatar,QAT,2020-04-03,86.11
Qatar,QAT,2020-04-04,86.11
Qatar,QAT,2020-04-05,86.11
Qatar,QAT,2020-04-06,86.11
Qatar,QAT,2020-04-07,86.11
Qatar,QAT,2020-04-08,86.11
Qatar,QAT,2020-04-09,86.11
Qatar,QAT,2020-04-10,86.11
Qatar,QAT,2020-04-11,86.11
Qatar,QAT,2020-04-12,86.11
Qatar,QAT,2020-04-13,86.11
Qatar,QAT,2020-04-14,86.11
Qatar,QAT,2020-04-15,86.11
Qatar,QAT,2020-04-16,86.11
Qatar,QAT,2020-04-17,86.11
Qatar,QAT,2020-04-18,86.11
Qatar,QAT,2020-04-19,86.11
Qatar,QAT,2020-04-20,86.11
Qatar,QAT,2020-04-21,86.11
Qatar,QAT,2020-04-22,83.33
Qatar,QAT,2020-04-23,83.33
Qatar,QAT,2020-04-24,83.33
Qatar,QAT,2020-04-25,83.33
Qatar,QAT,2020-04-26,83.33
Qatar,QAT,2020-04-27,83.33
Qatar,QAT,2020-04-28,83.33
Qatar,QAT,2020-04-29,83.33
Qatar,QAT,2020-04-30,83.33
Qatar,QAT,2020-05-01,83.33
Qatar,QAT,2020-05-02,83.33
Qatar,QAT,2020-05-03,83.33
Qatar,QAT,2020-05-04,83.33
Qatar,QAT,2020-05-05,83.33
Qatar,QAT,2020-05-06,83.33
Qatar,QAT,2020-05-07,83.33
Qatar,QAT,2020-05-08,83.33
Qatar,QAT,2020-05-09,83.33
Qatar,QAT,2020-05-10,83.33
Qatar,QAT,2020-05-11,83.33
Qatar,QAT,2020-05-12,83.33
Qatar,QAT,2020-05-13,83.33
Qatar,QAT,2020-05-14,83.33
Qatar,QAT,2020-05-15,83.33
Qatar,QAT,2020-05-16,83.33
Qatar,QAT,2020-05-17,83.33
Qatar,QAT,2020-05-18,83.33
Qatar,QAT,2020-05-19,83.33
Qatar,QAT,2020-05-20,83.33
Qatar,QAT,2020-05-21,83.33
Qatar,QAT,2020-05-22,83.33
Qatar,QAT,2020-05-23,83.33
Qatar,QAT,2020-05-24,83.33
Qatar,QAT,2020-05-25,83.33
Qatar,QAT,2020-05-26,83.33
Qatar,QAT,2020-05-27,83.33
Qatar,QAT,2020-05-28,83.33
Qatar,QAT,2020-05-29,83.33
Qatar,QAT,2020-05-30,83.33
Qatar,QAT,2020-05-31,83.33
Qatar,QAT,2020-06-01,83.33
Qatar,QAT,2020-06-02,83.33
Qatar,QAT,2020-06-03,83.33
Qatar,QAT,2020-06-04,83.33
Qatar,QAT,2020-06-05,83.33
Qatar,QAT,2020-06-06,83.33
Qatar,QAT,2020-06-07,83.33
Qatar,QAT,2020-06-08,83.33
Qatar,QAT,2020-06-09,83.33
Qatar,QAT,2020-06-10,83.33
Qatar,QAT,2020-06-11,83.33
Qatar,QAT,2020-06-12,83.33
Qatar,QAT,2020-06-13,83.33
Qatar,QAT,2020-06-14,83.33
Qatar,QAT,2020-06-15,80.56
Qatar,QAT,2020-06-16,80.56
Qatar,QAT,2020-06-17,80.56
Qatar,QAT,2020-06-18,80.56
Qatar,QAT,2020-06-19,80.56
Qatar,QAT,2020-06-20,80.56
Qatar,QAT,2020-06-21,80.56
Qatar,QAT,2020-06-22,80.56
Qatar,QAT,2020-06-23,80.56
Qatar,QAT,2020-06-24,80.56
Qatar,QAT,2020-06-25,80.56
Qatar,QAT,2020-06-26,80.56
Qatar,QAT,2020-06-27,80.56
Qatar,QAT,2020-06-28,80.56
Qatar,QAT,2020-06-29,80.56
Qatar,QAT,2020-06-30,80.56
Qatar,QAT,2020-07-01,80.56
Qatar,QAT,2020-07-02,80.56
Qatar,QAT,2020-07-03,80.56
Qatar,QAT,2020-07-04,80.56
Qatar,QAT,2020-07-05,80.56
Qatar,QAT,2020-07-06,80.56
Qatar,QAT,2020-07-07,80.56
Qatar,QAT,2020-07-08,80.56
Qatar,QAT,2020-07-09,80.56
Qatar,QAT,2020-07-10,80.56
Qatar,QAT,2020-07-11,80.56
Qatar,QAT,2020-07-12,80.56
Qatar,QAT,2020-07-13,80.56
Qatar,QAT,2020-07-14,80.56
Qatar,QAT,2020-07-15,80.56
Qatar,QAT,2020-07-16,80.56
Qatar,QAT,2020-07-17,80.56
Qatar,QAT,2020-07-18,80.56
Qatar,QAT,2020-07-19,80.56
Qatar,QAT,2020-07-20,80.56
Qatar,QAT,2020-07-21,80.56
Qatar,QAT,2020-07-22,80.56
Qatar,QAT,2020-07-23,80.56
Qatar,QAT,2020-07-24,80.56
Qatar,QAT,2020-07-25,80.56
Qatar,QAT,2020-07-26,80.56
Qatar,QAT,2020-07-27,80.56
Qatar,QAT,2020-07-28,77.78
Qatar,QAT,2020-07-29,77.78
Qatar,QAT,2020-07-30,77.78
Qatar,QAT,2020-07-31,77.78
Qatar,QAT,2020-08-01,77.78
Qatar,QAT,2020-08-02,77.78
Qatar,QAT,2020-08-03,77.78
Qatar,QAT,2020-08-04,77.78
Qatar,QAT,2020-08-05,77.78
Qatar,QAT,2020-08-06,77.78
Qatar,QAT,2020-08-07,77.78
Qatar,QAT,2020-08-08,77.78
Qatar,QAT,2020-08-09,77.78
Qatar,QAT,2020-08-10,77.78
Qatar,QAT,2020-08-11,77.78
Qatar,QAT,2020-08-12,77.78
Qatar,QAT,2020-08-13,77.78
Qatar,QAT,2020-08-14,77.78
Qatar,QAT,2020-08-15,77.78
Qatar,QAT,2020-08-16,77.78
Qatar,QAT,2020-08-17,77.78
Qatar,QAT,2020-08-18,77.78
Qatar,QAT,2020-08-19,77.78
Qatar,QAT,2020-08-20,77.78
Qatar,QAT,2020-08-21,77.78
Qatar,QAT,2020-08-22,77.78
Qatar,QAT,2020-08-23,77.78
Qatar,QAT,2020-08-24,77.78
Qatar,QAT,2020-08-25,77.78
Qatar,QAT,2020-08-26,77.78
Qatar,QAT,2020-08-27,77.78
Qatar,QAT,2020-08-28,77.78
Qatar,QAT,2020-08-29,77.78
Qatar,QAT,2020-08-30,77.78
Qatar,QAT,2020-08-31,77.78
Qatar,QAT,2020-09-01,64.81
Qatar,QAT,2020-09-02,64.81
Qatar,QAT,2020-09-03,64.81
Qatar,QAT,2020-09-04,64.81
Qatar,QAT,2020-09-05,64.81
Qatar,QAT,2020-09-06,64.81
Qatar,QAT,2020-09-07,64.81
Qatar,QAT,2020-09-08,64.81
Qatar,QAT,2020-09-09,64.81
Qatar,QAT,2020-09-10,64.81
Qatar,QAT,2020-09-11,64.81
Qatar,QAT,2020-09-12,64.81
Qatar,QAT,2020-09-13,64.81
Qatar,QAT,2020-09-14,64.81
Qatar,QAT,2020-09-15,64.81
Qatar,QAT,2020-09-16,64.81
Qatar,QAT,2020-09-17,64.81
Qatar,QAT,2020-09-18,64.81
Qatar,QAT,2020-09-19,64.81
Qatar,QAT,2020-09-20,64.81
Qatar,QAT,2020-09-21,64.81
Qatar,QAT,2020-09-22,64.81
Qatar,QAT,2020-09-23,64.81
Qatar,QAT,2020-09-24,64.81
Qatar,QAT,2020-09-25,64.81
Qatar,QAT,2020-09-26,64.81
Qatar,QAT,2020-09-27,64.81
Qatar,QAT,2020-09-28,64.81
Qatar,QAT,2020-09-29,64.81
Qatar,QAT,2020-09-30,64.81
Qatar,QAT,2020-10-01,64.81
Qatar,QAT,2020-10-02,64.81
Qatar,QAT,2020-10-03,64.81
Qatar,QAT,2020-10-04,64.81
Qatar,QAT,2020-10-05,64.81
Qatar,QAT,2020-10-06,64.81
Qatar,QAT,2020-10-07,64.81
Qatar,QAT,2020-10-08,64.81
Qatar,QAT,2020-10-09,64.81
Qatar,QAT,2020-10-10,64.81
Qatar,QAT,2020-10-11,64.81
Qatar,QAT,2020-10-12,64.81
Qatar,QAT,2020-10-13,64.81
Qatar,QAT,2020-10-14,64.81
Qatar,QAT,2020-10-15,64.81
Qatar,QAT,2020-10-16,64.81
Qatar,QAT,2020-10-17,64.81
Qatar,QAT,2020-10-18,64.81
Qatar,QAT,2020-10-19,64.81
Qatar,QAT,2020-10-20,64.81
Qatar,QAT,2020-10-21,64.81
Qatar,QAT,2020-10-22,64.81
Qatar,QAT,2020-10-23,64.81
Qatar,QAT,2020-10-24,64.81
Qatar,QAT,2020-10-25,64.81
Qatar,QAT,2020-10-26,64.81
Qatar,QAT,2020-10-27,64.81
Qatar,QAT,2020-10-28,64.81
Qatar,QAT,2020-10-29,64.81
Qatar,QAT,2020-10-30,64.81
Qatar,QAT,2020-10-31,64.81
Qatar,QAT,2020-11-01,64.81
Qatar,QAT,2020-11-02,64.81
Qatar,QAT,2020-11-03,64.81
Qatar,QAT,2020-11-04,64.81
Qatar,QAT,2020-11-05,64.81
Qatar,QAT,2020-11-06,64.81
Qatar,QAT,2020-11-07,64.81
Qatar,QAT,2020-11-08,64.81
Qatar,QAT,2020-11-09,64.81
Qatar,QAT,2020-11-10,64.81
Qatar,QAT,2020-11-11,64.81
Qatar,QAT,2020-11-12,64.81
Qatar,QAT,2020-11-13,64.81
Qatar,QAT,2020-11-14,64.81
Qatar,QAT,2020-11-15,64.81
Qatar,QAT,2020-11-16,64.81
Qatar,QAT,2020-11-17,64.81
Qatar,QAT,2020-11-18,64.81
Qatar,QAT,2020-11-19,64.81
Qatar,QAT,2020-11-20,64.81
Qatar,QAT,2020-11-21,64.81
Qatar,QAT,2020-11-22,64.81
Qatar,QAT,2020-11-23,64.81
Qatar,QAT,2020-11-24,64.81
Qatar,QAT,2020-11-25,64.81
Qatar,QAT,2020-11-26,64.81
Qatar,QAT,2020-11-27,64.81
Qatar,QAT,2020-11-28,64.81
Qatar,QAT,2020-11-29,64.81
Qatar,QAT,2020-11-30,64.81
Qatar,QAT,2020-12-01,64.81
Qatar,QAT,2020-12-02,64.81
Qatar,QAT,2020-12-03,64.81
Qatar,QAT,2020-12-04,64.81
Qatar,QAT,2020-12-05,64.81
Qatar,QAT,2020-12-06,64.81
Qatar,QAT,2020-12-07,64.81
Qatar,QAT,2020-12-08,64.81
Qatar,QAT,2020-12-09,64.81
Qatar,QAT,2020-12-10,64.81
Qatar,QAT,2020-12-11,64.81
Qatar,QAT,2020-12-12,64.81
Qatar,QAT,2020-12-13,64.81
Qatar,QAT,2020-12-14,64.81
Qatar,QAT,2020-12-15,64.81
Qatar,QAT,2020-12-16,64.81
Qatar,QAT,2020-12-17,64.81
Qatar,QAT,2020-12-18,64.81
Qatar,QAT,2020-12-19,64.81
Qatar,QAT,2020-12-20,64.81
Qatar,QAT,2020-12-21,64.81
Qatar,QAT,2020-12-22,56.48
Qatar,QAT,2020-12-23,56.48
Qatar,QAT,2020-12-24,56.48
Qatar,QAT,2020-12-25,56.48
Qatar,QAT,2020-12-26,56.48
Qatar,QAT,2020-12-27,56.48
Qatar,QAT,2020-12-28,56.48
Qatar,QAT,2020-12-29,56.48
Qatar,QAT,2020-12-30,56.48
Qatar,QAT,2020-12-31,56.48
Qatar,QAT,2021-01-01,56.48
Qatar,QAT,2021-01-02,56.48
Qatar,QAT,2021-01-03,56.48
Qatar,QAT,2021-01-04,56.48
Qatar,QAT,2021-01-05,56.48
Qatar,QAT,2021-01-06,56.48
Qatar,QAT,2021-01-07,56.48
Qatar,QAT,2021-01-08,56.48
Qatar,QAT,2021-01-09,56.48
Qatar,QAT,2021-01-10,56.48
Qatar,QAT,2021-01-11,56.48
Qatar,QAT,2021-01-12,56.48
Qatar,QAT,2021-01-13,56.48
Qatar,QAT,2021-01-14,56.48
Qatar,QAT,2021-01-15,56.48
Qatar,QAT,2021-01-16,56.48
Qatar,QAT,2021-01-17,56.48
Qatar,QAT,2021-01-18,56.48
Qatar,QAT,2021-01-19,56.48
Qatar,QAT,2021-01-20,56.48
Qatar,QAT,2021-01-21,56.48
Qatar,QAT,2021-01-22,56.48
Qatar,QAT,2021-01-23,56.48
Qatar,QAT,2021-01-24,56.48
Qatar,QAT,2021-01-25,56.48
Qatar,QAT,2021-01-26,56.48
Qatar,QAT,2021-01-27,56.48
Qatar,QAT,2021-01-28,56.48
Qatar,QAT,2021-01-29,56.48
Qatar,QAT,2021-01-30,56.48
Qatar,QAT,2021-01-31,56.48
Qatar,QAT,2021-02-01,56.48
Qatar,QAT,2021-02-02,56.48
Qatar,QAT,2021-02-03,60.19
Qatar,QAT,2021-02-04,60.19
Qatar,QAT,2021-02-05,60.19
Qatar,QAT,2021-02-06,60.19
Qatar,QAT,2021-02-07,60.19
Qatar,QAT,2021-02-08,60.19
Qatar,QAT,2021-02-09,60.19
Qatar,QAT,2021-02-10,65.74
Qatar,QAT,2021-02-11,65.74
Qatar,QAT,2021-02-12,65.74
Qatar,QAT,2021-02-13,65.74
Qatar,QAT,2021-02-14,65.74
Qatar,QAT,2021-02-15,65.74
Qatar,QAT,2021-02-16,65.74
Qatar,QAT,2021-02-17,65.74
Qatar,QAT,2021-02-18,65.74
Qatar,QAT,2021-02-19,65.74
Qatar,QAT,2021-02-20,65.74
Qatar,QAT,2021-02-21,65.74
Qatar,QAT,2021-02-22,65.74
Qatar,QAT,2021-02-23,65.74
Romania,ROU,2020-01-01,0
Romania,ROU,2020-01-02,0
Romania,ROU,2020-01-03,0
Romania,ROU,2020-01-04,0
Romania,ROU,2020-01-05,0
Romania,ROU,2020-01-06,0
Romania,ROU,2020-01-07,0
Romania,ROU,2020-01-08,0
Romania,ROU,2020-01-09,0
Romania,ROU,2020-01-10,0
Romania,ROU,2020-01-11,0
Romania,ROU,2020-01-12,0
Romania,ROU,2020-01-13,0
Romania,ROU,2020-01-14,0
Romania,ROU,2020-01-15,0
Romania,ROU,2020-01-16,0
Romania,ROU,2020-01-17,0
Romania,ROU,2020-01-18,0
Romania,ROU,2020-01-19,0
Romania,ROU,2020-01-20,0
Romania,ROU,2020-01-21,0
Romania,ROU,2020-01-22,0
Romania,ROU,2020-01-23,0
Romania,ROU,2020-01-24,0
Romania,ROU,2020-01-25,0
Romania,ROU,2020-01-26,0
Romania,ROU,2020-01-27,2.78
Romania,ROU,2020-01-28,2.78
Romania,ROU,2020-01-29,2.78
Romania,ROU,2020-01-30,2.78
Romania,ROU,2020-01-31,2.78
Romania,ROU,2020-02-01,5.56
Romania,ROU,2020-02-02,5.56
Romania,ROU,2020-02-03,5.56
Romania,ROU,2020-02-04,5.56
Romania,ROU,2020-02-05,5.56
Romania,ROU,2020-02-06,5.56
Romania,ROU,2020-02-07,5.56
Romania,ROU,2020-02-08,5.56
Romania,ROU,2020-02-09,5.56
Romania,ROU,2020-02-10,5.56
Romania,ROU,2020-02-11,5.56
Romania,ROU,2020-02-12,5.56
Romania,ROU,2020-02-13,5.56
Romania,ROU,2020-02-14,5.56
Romania,ROU,2020-02-15,5.56
Romania,ROU,2020-02-16,5.56
Romania,ROU,2020-02-17,5.56
Romania,ROU,2020-02-18,5.56
Romania,ROU,2020-02-19,5.56
Romania,ROU,2020-02-20,5.56
Romania,ROU,2020-02-21,5.56
Romania,ROU,2020-02-22,5.56
Romania,ROU,2020-02-23,5.56
Romania,ROU,2020-02-24,5.56
Romania,ROU,2020-02-25,16.67
Romania,ROU,2020-02-26,16.67
Romania,ROU,2020-02-27,16.67
Romania,ROU,2020-02-28,16.67
Romania,ROU,2020-02-29,16.67
Romania,ROU,2020-03-01,16.67
Romania,ROU,2020-03-02,16.67
Romania,ROU,2020-03-03,16.67
Romania,ROU,2020-03-04,16.67
Romania,ROU,2020-03-05,16.67
Romania,ROU,2020-03-06,16.67
Romania,ROU,2020-03-07,16.67
Romania,ROU,2020-03-08,30.56
Romania,ROU,2020-03-09,33.33
Romania,ROU,2020-03-10,33.33
Romania,ROU,2020-03-11,44.44
Romania,ROU,2020-03-12,58.33
Romania,ROU,2020-03-13,58.33
Romania,ROU,2020-03-14,58.33
Romania,ROU,2020-03-15,58.33
Romania,ROU,2020-03-16,58.33
Romania,ROU,2020-03-17,58.33
Romania,ROU,2020-03-18,58.33
Romania,ROU,2020-03-19,61.11
Romania,ROU,2020-03-20,61.11
Romania,ROU,2020-03-21,69.44
Romania,ROU,2020-03-22,75
Romania,ROU,2020-03-23,75
Romania,ROU,2020-03-24,75
Romania,ROU,2020-03-25,78.7
Romania,ROU,2020-03-26,78.7
Romania,ROU,2020-03-27,78.7
Romania,ROU,2020-03-28,78.7
Romania,ROU,2020-03-29,78.7
Romania,ROU,2020-03-30,81.48
Romania,ROU,2020-03-31,87.04
Romania,ROU,2020-04-01,87.04
Romania,ROU,2020-04-02,87.04
Romania,ROU,2020-04-03,87.04
Romania,ROU,2020-04-04,87.04
Romania,ROU,2020-04-05,87.04
Romania,ROU,2020-04-06,87.04
Romania,ROU,2020-04-07,87.04
Romania,ROU,2020-04-08,87.04
Romania,ROU,2020-04-09,87.04
Romania,ROU,2020-04-10,87.04
Romania,ROU,2020-04-11,87.04
Romania,ROU,2020-04-12,87.04
Romania,ROU,2020-04-13,87.04
Romania,ROU,2020-04-14,87.04
Romania,ROU,2020-04-15,87.04
Romania,ROU,2020-04-16,87.04
Romania,ROU,2020-04-17,87.04
Romania,ROU,2020-04-18,87.04
Romania,ROU,2020-04-19,87.04
Romania,ROU,2020-04-20,87.04
Romania,ROU,2020-04-21,87.04
Romania,ROU,2020-04-22,87.04
Romania,ROU,2020-04-23,87.04
Romania,ROU,2020-04-24,87.04
Romania,ROU,2020-04-25,87.04
Romania,ROU,2020-04-26,87.04
Romania,ROU,2020-04-27,87.04
Romania,ROU,2020-04-28,87.04
Romania,ROU,2020-04-29,87.04
Romania,ROU,2020-04-30,87.04
Romania,ROU,2020-05-01,87.04
Romania,ROU,2020-05-02,87.04
Romania,ROU,2020-05-03,87.04
Romania,ROU,2020-05-04,87.04
Romania,ROU,2020-05-05,87.04
Romania,ROU,2020-05-06,87.04
Romania,ROU,2020-05-07,87.04
Romania,ROU,2020-05-08,87.04
Romania,ROU,2020-05-09,87.04
Romania,ROU,2020-05-10,87.04
Romania,ROU,2020-05-11,78.7
Romania,ROU,2020-05-12,78.7
Romania,ROU,2020-05-13,78.7
Romania,ROU,2020-05-14,78.7
Romania,ROU,2020-05-15,78.7
Romania,ROU,2020-05-16,75
Romania,ROU,2020-05-17,75
Romania,ROU,2020-05-18,75
Romania,ROU,2020-05-19,75
Romania,ROU,2020-05-20,75
Romania,ROU,2020-05-21,75
Romania,ROU,2020-05-22,75
Romania,ROU,2020-05-23,75
Romania,ROU,2020-05-24,75
Romania,ROU,2020-05-25,75
Romania,ROU,2020-05-26,75
Romania,ROU,2020-05-27,75
Romania,ROU,2020-05-28,75
Romania,ROU,2020-05-29,75
Romania,ROU,2020-05-30,75
Romania,ROU,2020-05-31,75
Romania,ROU,2020-06-01,57.41
Romania,ROU,2020-06-02,53.7
Romania,ROU,2020-06-03,53.7
Romania,ROU,2020-06-04,53.7
Romania,ROU,2020-06-05,53.7
Romania,ROU,2020-06-06,53.7
Romania,ROU,2020-06-07,53.7
Romania,ROU,2020-06-08,53.7
Romania,ROU,2020-06-09,53.7
Romania,ROU,2020-06-10,53.7
Romania,ROU,2020-06-11,53.7
Romania,ROU,2020-06-12,53.7
Romania,ROU,2020-06-13,53.7
Romania,ROU,2020-06-14,53.7
Romania,ROU,2020-06-15,50.93
Romania,ROU,2020-06-16,50.93
Romania,ROU,2020-06-17,41.67
Romania,ROU,2020-06-18,41.67
Romania,ROU,2020-06-19,41.67
Romania,ROU,2020-06-20,41.67
Romania,ROU,2020-06-21,41.67
Romania,ROU,2020-06-22,41.67
Romania,ROU,2020-06-23,41.67
Romania,ROU,2020-06-24,41.67
Romania,ROU,2020-06-25,41.67
Romania,ROU,2020-06-26,41.67
Romania,ROU,2020-06-27,41.67
Romania,ROU,2020-06-28,41.67
Romania,ROU,2020-06-29,41.67
Romania,ROU,2020-06-30,41.67
Romania,ROU,2020-07-01,41.67
Romania,ROU,2020-07-02,41.67
Romania,ROU,2020-07-03,41.67
Romania,ROU,2020-07-04,41.67
Romania,ROU,2020-07-05,41.67
Romania,ROU,2020-07-06,41.67
Romania,ROU,2020-07-07,38.89
Romania,ROU,2020-07-08,42.59
Romania,ROU,2020-07-09,42.59
Romania,ROU,2020-07-10,42.59
Romania,ROU,2020-07-11,42.59
Romania,ROU,2020-07-12,42.59
Romania,ROU,2020-07-13,42.59
Romania,ROU,2020-07-14,42.59
Romania,ROU,2020-07-15,42.59
Romania,ROU,2020-07-16,42.59
Romania,ROU,2020-07-17,42.59
Romania,ROU,2020-07-18,42.59
Romania,ROU,2020-07-19,42.59
Romania,ROU,2020-07-20,42.59
Romania,ROU,2020-07-21,42.59
Romania,ROU,2020-07-22,42.59
Romania,ROU,2020-07-23,42.59
Romania,ROU,2020-07-24,42.59
Romania,ROU,2020-07-25,42.59
Romania,ROU,2020-07-26,42.59
Romania,ROU,2020-07-27,42.59
Romania,ROU,2020-07-28,42.59
Romania,ROU,2020-07-29,42.59
Romania,ROU,2020-07-30,42.59
Romania,ROU,2020-07-31,42.59
Romania,ROU,2020-08-01,42.59
Romania,ROU,2020-08-02,42.59
Romania,ROU,2020-08-03,42.59
Romania,ROU,2020-08-04,42.59
Romania,ROU,2020-08-05,42.59
Romania,ROU,2020-08-06,42.59
Romania,ROU,2020-08-07,42.59
Romania,ROU,2020-08-08,42.59
Romania,ROU,2020-08-09,42.59
Romania,ROU,2020-08-10,42.59
Romania,ROU,2020-08-11,42.59
Romania,ROU,2020-08-12,42.59
Romania,ROU,2020-08-13,42.59
Romania,ROU,2020-08-14,42.59
Romania,ROU,2020-08-15,42.59
Romania,ROU,2020-08-16,42.59
Romania,ROU,2020-08-17,42.59
Romania,ROU,2020-08-18,42.59
Romania,ROU,2020-08-19,42.59
Romania,ROU,2020-08-20,42.59
Romania,ROU,2020-08-21,42.59
Romania,ROU,2020-08-22,42.59
Romania,ROU,2020-08-23,42.59
Romania,ROU,2020-08-24,42.59
Romania,ROU,2020-08-25,42.59
Romania,ROU,2020-08-26,42.59
Romania,ROU,2020-08-27,42.59
Romania,ROU,2020-08-28,42.59
Romania,ROU,2020-08-29,42.59
Romania,ROU,2020-08-30,42.59
Romania,ROU,2020-08-31,42.59
Romania,ROU,2020-09-01,42.59
Romania,ROU,2020-09-02,42.59
Romania,ROU,2020-09-03,45.37
Romania,ROU,2020-09-04,45.37
Romania,ROU,2020-09-05,45.37
Romania,ROU,2020-09-06,45.37
Romania,ROU,2020-09-07,45.37
Romania,ROU,2020-09-08,45.37
Romania,ROU,2020-09-09,45.37
Romania,ROU,2020-09-10,45.37
Romania,ROU,2020-09-11,45.37
Romania,ROU,2020-09-12,45.37
Romania,ROU,2020-09-13,45.37
Romania,ROU,2020-09-14,43.52
Romania,ROU,2020-09-15,43.52
Romania,ROU,2020-09-16,43.52
Romania,ROU,2020-09-17,43.52
Romania,ROU,2020-09-18,43.52
Romania,ROU,2020-09-19,43.52
Romania,ROU,2020-09-20,43.52
Romania,ROU,2020-09-21,43.52
Romania,ROU,2020-09-22,43.52
Romania,ROU,2020-09-23,43.52
Romania,ROU,2020-09-24,43.52
Romania,ROU,2020-09-25,43.52
Romania,ROU,2020-09-26,43.52
Romania,ROU,2020-09-27,43.52
Romania,ROU,2020-09-28,43.52
Romania,ROU,2020-09-29,43.52
Romania,ROU,2020-09-30,43.52
Romania,ROU,2020-10-01,43.52
Romania,ROU,2020-10-02,43.52
Romania,ROU,2020-10-03,43.52
Romania,ROU,2020-10-04,43.52
Romania,ROU,2020-10-05,43.52
Romania,ROU,2020-10-06,43.52
Romania,ROU,2020-10-07,45.37
Romania,ROU,2020-10-08,45.37
Romania,ROU,2020-10-09,44.44
Romania,ROU,2020-10-10,44.44
Romania,ROU,2020-10-11,44.44
Romania,ROU,2020-10-12,44.44
Romania,ROU,2020-10-13,44.44
Romania,ROU,2020-10-14,44.44
Romania,ROU,2020-10-15,44.44
Romania,ROU,2020-10-16,44.44
Romania,ROU,2020-10-17,44.44
Romania,ROU,2020-10-18,44.44
Romania,ROU,2020-10-19,44.44
Romania,ROU,2020-10-20,54.63
Romania,ROU,2020-10-21,54.63
Romania,ROU,2020-10-22,54.63
Romania,ROU,2020-10-23,54.63
Romania,ROU,2020-10-24,54.63
Romania,ROU,2020-10-25,54.63
Romania,ROU,2020-10-26,54.63
Romania,ROU,2020-10-27,54.63
Romania,ROU,2020-10-28,54.63
Romania,ROU,2020-10-29,54.63
Romania,ROU,2020-10-30,54.63
Romania,ROU,2020-10-31,54.63
Romania,ROU,2020-11-01,54.63
Romania,ROU,2020-11-02,54.63
Romania,ROU,2020-11-03,54.63
Romania,ROU,2020-11-04,54.63
Romania,ROU,2020-11-05,54.63
Romania,ROU,2020-11-06,54.63
Romania,ROU,2020-11-07,54.63
Romania,ROU,2020-11-08,54.63
Romania,ROU,2020-11-09,66.67
Romania,ROU,2020-11-10,66.67
Romania,ROU,2020-11-11,66.67
Romania,ROU,2020-11-12,66.67
Romania,ROU,2020-11-13,66.67
Romania,ROU,2020-11-14,66.67
Romania,ROU,2020-11-15,66.67
Romania,ROU,2020-11-16,76.85
Romania,ROU,2020-11-17,76.85
Romania,ROU,2020-11-18,76.85
Romania,ROU,2020-11-19,76.85
Romania,ROU,2020-11-20,76.85
Romania,ROU,2020-11-21,76.85
Romania,ROU,2020-11-22,76.85
Romania,ROU,2020-11-23,76.85
Romania,ROU,2020-11-24,76.85
Romania,ROU,2020-11-25,76.85
Romania,ROU,2020-11-26,76.85
Romania,ROU,2020-11-27,76.85
Romania,ROU,2020-11-28,76.85
Romania,ROU,2020-11-29,76.85
Romania,ROU,2020-11-30,76.85
Romania,ROU,2020-12-01,76.85
Romania,ROU,2020-12-02,76.85
Romania,ROU,2020-12-03,76.85
Romania,ROU,2020-12-04,76.85
Romania,ROU,2020-12-05,76.85
Romania,ROU,2020-12-06,76.85
Romania,ROU,2020-12-07,76.85
Romania,ROU,2020-12-08,76.85
Romania,ROU,2020-12-09,76.85
Romania,ROU,2020-12-10,76.85
Romania,ROU,2020-12-11,76.85
Romania,ROU,2020-12-12,76.85
Romania,ROU,2020-12-13,76.85
Romania,ROU,2020-12-14,76.85
Romania,ROU,2020-12-15,76.85
Romania,ROU,2020-12-16,76.85
Romania,ROU,2020-12-17,76.85
Romania,ROU,2020-12-18,76.85
Romania,ROU,2020-12-19,76.85
Romania,ROU,2020-12-20,76.85
Romania,ROU,2020-12-21,76.85
Romania,ROU,2020-12-22,76.85
Romania,ROU,2020-12-23,76.85
Romania,ROU,2020-12-24,76.85
Romania,ROU,2020-12-25,76.85
Romania,ROU,2020-12-26,76.85
Romania,ROU,2020-12-27,76.85
Romania,ROU,2020-12-28,76.85
Romania,ROU,2020-12-29,76.85
Romania,ROU,2020-12-30,76.85
Romania,ROU,2020-12-31,76.85
Romania,ROU,2021-01-01,76.85
Romania,ROU,2021-01-02,76.85
Romania,ROU,2021-01-03,76.85
Romania,ROU,2021-01-04,76.85
Romania,ROU,2021-01-05,76.85
Romania,ROU,2021-01-06,76.85
Romania,ROU,2021-01-07,76.85
Romania,ROU,2021-01-08,76.85
Romania,ROU,2021-01-09,76.85
Romania,ROU,2021-01-10,76.85
Romania,ROU,2021-01-11,76.85
Romania,ROU,2021-01-12,76.85
Romania,ROU,2021-01-13,76.85
Romania,ROU,2021-01-14,76.85
Romania,ROU,2021-01-15,76.85
Romania,ROU,2021-01-16,76.85
Romania,ROU,2021-01-17,76.85
Romania,ROU,2021-01-18,76.85
Romania,ROU,2021-01-19,76.85
Romania,ROU,2021-01-20,76.85
Romania,ROU,2021-01-21,76.85
Romania,ROU,2021-01-22,76.85
Romania,ROU,2021-01-23,76.85
Romania,ROU,2021-01-24,76.85
Romania,ROU,2021-01-25,76.85
Romania,ROU,2021-01-26,76.85
Romania,ROU,2021-01-27,76.85
Romania,ROU,2021-01-28,76.85
Romania,ROU,2021-01-29,76.85
Romania,ROU,2021-01-30,76.85
Romania,ROU,2021-01-31,76.85
Romania,ROU,2021-02-01,76.85
Romania,ROU,2021-02-02,76.85
Romania,ROU,2021-02-03,76.85
Romania,ROU,2021-02-04,76.85
Romania,ROU,2021-02-05,76.85
Romania,ROU,2021-02-06,76.85
Romania,ROU,2021-02-07,76.85
Romania,ROU,2021-02-08,76.85
Romania,ROU,2021-02-09,76.85
Romania,ROU,2021-02-10,76.85
Romania,ROU,2021-02-11,76.85
Romania,ROU,2021-02-12,76.85
Romania,ROU,2021-02-13,76.85
Romania,ROU,2021-02-14,76.85
Romania,ROU,2021-02-15,62.96
Romania,ROU,2021-02-16,62.96
Romania,ROU,2021-02-17,62.96
Romania,ROU,2021-02-18,62.96
Romania,ROU,2021-02-19,62.96
Romania,ROU,2021-02-20,62.96
Romania,ROU,2021-02-21,73.15
Romania,ROU,2021-02-22,73.15
Romania,ROU,2021-02-23,73.15
Romania,ROU,2021-02-24,73.15
Romania,ROU,2021-02-25,73.15
Romania,ROU,2021-02-26,73.15
Romania,ROU,2021-02-27,73.15
Romania,ROU,2021-02-28,73.15
Romania,ROU,2021-03-01,73.15
Romania,ROU,2021-03-02,73.15
Romania,ROU,2021-03-03,73.15
Romania,ROU,2021-03-04,73.15
Romania,ROU,2021-03-05,73.15
Romania,ROU,2021-03-06,73.15
Romania,ROU,2021-03-07,73.15
Romania,ROU,2021-03-08,73.15
Russia,RUS,2020-01-01,0
Russia,RUS,2020-01-02,0
Russia,RUS,2020-01-03,0
Russia,RUS,2020-01-04,0
Russia,RUS,2020-01-05,0
Russia,RUS,2020-01-06,0
Russia,RUS,2020-01-07,0
Russia,RUS,2020-01-08,0
Russia,RUS,2020-01-09,0
Russia,RUS,2020-01-10,0
Russia,RUS,2020-01-11,0
Russia,RUS,2020-01-12,0
Russia,RUS,2020-01-13,0
Russia,RUS,2020-01-14,0
Russia,RUS,2020-01-15,0
Russia,RUS,2020-01-16,0
Russia,RUS,2020-01-17,0
Russia,RUS,2020-01-18,0
Russia,RUS,2020-01-19,0
Russia,RUS,2020-01-20,0
Russia,RUS,2020-01-21,0
Russia,RUS,2020-01-22,0
Russia,RUS,2020-01-23,0
Russia,RUS,2020-01-24,0
Russia,RUS,2020-01-25,0
Russia,RUS,2020-01-26,0
Russia,RUS,2020-01-27,0
Russia,RUS,2020-01-28,0
Russia,RUS,2020-01-29,0
Russia,RUS,2020-01-30,8.33
Russia,RUS,2020-01-31,8.33
Russia,RUS,2020-02-01,8.33
Russia,RUS,2020-02-02,8.33
Russia,RUS,2020-02-03,8.33
Russia,RUS,2020-02-04,8.33
Russia,RUS,2020-02-05,8.33
Russia,RUS,2020-02-06,8.33
Russia,RUS,2020-02-07,8.33
Russia,RUS,2020-02-08,8.33
Russia,RUS,2020-02-09,8.33
Russia,RUS,2020-02-10,8.33
Russia,RUS,2020-02-11,8.33
Russia,RUS,2020-02-12,8.33
Russia,RUS,2020-02-13,8.33
Russia,RUS,2020-02-14,8.33
Russia,RUS,2020-02-15,8.33
Russia,RUS,2020-02-16,8.33
Russia,RUS,2020-02-17,8.33
Russia,RUS,2020-02-18,8.33
Russia,RUS,2020-02-19,8.33
Russia,RUS,2020-02-20,8.33
Russia,RUS,2020-02-21,8.33
Russia,RUS,2020-02-22,8.33
Russia,RUS,2020-02-23,8.33
Russia,RUS,2020-02-24,8.33
Russia,RUS,2020-02-25,8.33
Russia,RUS,2020-02-26,8.33
Russia,RUS,2020-02-27,8.33
Russia,RUS,2020-02-28,8.33
Russia,RUS,2020-02-29,8.33
Russia,RUS,2020-03-01,8.33
Russia,RUS,2020-03-02,8.33
Russia,RUS,2020-03-03,8.33
Russia,RUS,2020-03-04,8.33
Russia,RUS,2020-03-05,22.22
Russia,RUS,2020-03-06,22.22
Russia,RUS,2020-03-07,22.22
Russia,RUS,2020-03-08,22.22
Russia,RUS,2020-03-09,22.22
Russia,RUS,2020-03-10,31.94
Russia,RUS,2020-03-11,31.94
Russia,RUS,2020-03-12,31.94
Russia,RUS,2020-03-13,31.94
Russia,RUS,2020-03-14,35.65
Russia,RUS,2020-03-15,35.65
Russia,RUS,2020-03-16,50.46
Russia,RUS,2020-03-17,60.65
Russia,RUS,2020-03-18,60.65
Russia,RUS,2020-03-19,68.06
Russia,RUS,2020-03-20,68.06
Russia,RUS,2020-03-21,69.91
Russia,RUS,2020-03-22,69.91
Russia,RUS,2020-03-23,69.91
Russia,RUS,2020-03-24,69.91
Russia,RUS,2020-03-25,69.91
Russia,RUS,2020-03-26,69.91
Russia,RUS,2020-03-27,69.91
Russia,RUS,2020-03-28,71.76
Russia,RUS,2020-03-29,71.76
Russia,RUS,2020-03-30,87.04
Russia,RUS,2020-03-31,87.04
Russia,RUS,2020-04-01,87.04
Russia,RUS,2020-04-02,87.04
Russia,RUS,2020-04-03,87.04
Russia,RUS,2020-04-04,87.04
Russia,RUS,2020-04-05,87.04
Russia,RUS,2020-04-06,85.19
Russia,RUS,2020-04-07,85.19
Russia,RUS,2020-04-08,85.19
Russia,RUS,2020-04-09,85.19
Russia,RUS,2020-04-10,85.19
Russia,RUS,2020-04-11,85.19
Russia,RUS,2020-04-12,85.19
Russia,RUS,2020-04-13,85.19
Russia,RUS,2020-04-14,85.19
Russia,RUS,2020-04-15,85.19
Russia,RUS,2020-04-16,85.19
Russia,RUS,2020-04-17,85.19
Russia,RUS,2020-04-18,85.19
Russia,RUS,2020-04-19,85.19
Russia,RUS,2020-04-20,85.19
Russia,RUS,2020-04-21,85.19
Russia,RUS,2020-04-22,85.19
Russia,RUS,2020-04-23,85.19
Russia,RUS,2020-04-24,85.19
Russia,RUS,2020-04-25,85.19
Russia,RUS,2020-04-26,85.19
Russia,RUS,2020-04-27,85.19
Russia,RUS,2020-04-28,85.19
Russia,RUS,2020-04-29,85.19
Russia,RUS,2020-04-30,85.19
Russia,RUS,2020-05-01,85.19
Russia,RUS,2020-05-02,85.19
Russia,RUS,2020-05-03,85.19
Russia,RUS,2020-05-04,85.19
Russia,RUS,2020-05-05,85.19
Russia,RUS,2020-05-06,85.19
Russia,RUS,2020-05-07,85.19
Russia,RUS,2020-05-08,85.19
Russia,RUS,2020-05-09,85.19
Russia,RUS,2020-05-10,85.19
Russia,RUS,2020-05-11,85.19
Russia,RUS,2020-05-12,78.24
Russia,RUS,2020-05-13,78.24
Russia,RUS,2020-05-14,78.24
Russia,RUS,2020-05-15,78.24
Russia,RUS,2020-05-16,78.24
Russia,RUS,2020-05-17,78.24
Russia,RUS,2020-05-18,78.24
Russia,RUS,2020-05-19,78.24
Russia,RUS,2020-05-20,78.24
Russia,RUS,2020-05-21,78.24
Russia,RUS,2020-05-22,78.24
Russia,RUS,2020-05-23,78.24
Russia,RUS,2020-05-24,78.24
Russia,RUS,2020-05-25,78.24
Russia,RUS,2020-05-26,78.24
Russia,RUS,2020-05-27,78.24
Russia,RUS,2020-05-28,78.24
Russia,RUS,2020-05-29,78.24
Russia,RUS,2020-05-30,78.24
Russia,RUS,2020-05-31,78.24
Russia,RUS,2020-06-01,74.54
Russia,RUS,2020-06-02,74.54
Russia,RUS,2020-06-03,74.54
Russia,RUS,2020-06-04,74.54
Russia,RUS,2020-06-05,74.54
Russia,RUS,2020-06-06,74.54
Russia,RUS,2020-06-07,74.54
Russia,RUS,2020-06-08,74.54
Russia,RUS,2020-06-09,74.54
Russia,RUS,2020-06-10,74.54
Russia,RUS,2020-06-11,74.54
Russia,RUS,2020-06-12,74.54
Russia,RUS,2020-06-13,74.54
Russia,RUS,2020-06-14,74.54
Russia,RUS,2020-06-15,74.54
Russia,RUS,2020-06-16,74.54
Russia,RUS,2020-06-17,74.54
Russia,RUS,2020-06-18,74.54
Russia,RUS,2020-06-19,74.54
Russia,RUS,2020-06-20,74.54
Russia,RUS,2020-06-21,74.54
Russia,RUS,2020-06-22,74.54
Russia,RUS,2020-06-23,74.54
Russia,RUS,2020-06-24,74.54
Russia,RUS,2020-06-25,74.54
Russia,RUS,2020-06-26,74.54
Russia,RUS,2020-06-27,74.54
Russia,RUS,2020-06-28,74.54
Russia,RUS,2020-06-29,74.54
Russia,RUS,2020-06-30,74.54
Russia,RUS,2020-07-01,74.54
Russia,RUS,2020-07-02,74.54
Russia,RUS,2020-07-03,74.54
Russia,RUS,2020-07-04,74.54
Russia,RUS,2020-07-05,74.54
Russia,RUS,2020-07-06,74.54
Russia,RUS,2020-07-07,74.54
Russia,RUS,2020-07-08,74.54
Russia,RUS,2020-07-09,74.54
Russia,RUS,2020-07-10,74.54
Russia,RUS,2020-07-11,74.54
Russia,RUS,2020-07-12,74.54
Russia,RUS,2020-07-13,70.83
Russia,RUS,2020-07-14,70.83
Russia,RUS,2020-07-15,68.06
Russia,RUS,2020-07-16,68.06
Russia,RUS,2020-07-17,68.06
Russia,RUS,2020-07-18,68.06
Russia,RUS,2020-07-19,68.06
Russia,RUS,2020-07-20,68.06
Russia,RUS,2020-07-21,68.06
Russia,RUS,2020-07-22,68.06
Russia,RUS,2020-07-23,68.06
Russia,RUS,2020-07-24,68.06
Russia,RUS,2020-07-25,68.06
Russia,RUS,2020-07-26,68.06
Russia,RUS,2020-07-27,68.06
Russia,RUS,2020-07-28,68.06
Russia,RUS,2020-07-29,68.06
Russia,RUS,2020-07-30,68.06
Russia,RUS,2020-07-31,68.06
Russia,RUS,2020-08-01,68.06
Russia,RUS,2020-08-02,68.06
Russia,RUS,2020-08-03,68.06
Russia,RUS,2020-08-04,68.06
Russia,RUS,2020-08-05,68.06
Russia,RUS,2020-08-06,68.06
Russia,RUS,2020-08-07,68.06
Russia,RUS,2020-08-08,68.06
Russia,RUS,2020-08-09,68.06
Russia,RUS,2020-08-10,68.06
Russia,RUS,2020-08-11,68.06
Russia,RUS,2020-08-12,68.06
Russia,RUS,2020-08-13,68.06
Russia,RUS,2020-08-14,68.06
Russia,RUS,2020-08-15,68.06
Russia,RUS,2020-08-16,68.06
Russia,RUS,2020-08-17,68.06
Russia,RUS,2020-08-18,68.06
Russia,RUS,2020-08-19,68.06
Russia,RUS,2020-08-20,68.06
Russia,RUS,2020-08-21,54.17
Russia,RUS,2020-08-22,54.17
Russia,RUS,2020-08-23,54.17
Russia,RUS,2020-08-24,54.17
Russia,RUS,2020-08-25,54.17
Russia,RUS,2020-08-26,54.17
Russia,RUS,2020-08-27,54.17
Russia,RUS,2020-08-28,54.17
Russia,RUS,2020-08-29,54.17
Russia,RUS,2020-08-30,54.17
Russia,RUS,2020-08-31,54.17
Russia,RUS,2020-09-01,37.04
Russia,RUS,2020-09-02,37.04
Russia,RUS,2020-09-03,37.04
Russia,RUS,2020-09-04,37.04
Russia,RUS,2020-09-05,37.04
Russia,RUS,2020-09-06,37.04
Russia,RUS,2020-09-07,37.04
Russia,RUS,2020-09-08,37.04
Russia,RUS,2020-09-09,38.89
Russia,RUS,2020-09-10,38.89
Russia,RUS,2020-09-11,38.89
Russia,RUS,2020-09-12,38.89
Russia,RUS,2020-09-13,38.89
Russia,RUS,2020-09-14,38.89
Russia,RUS,2020-09-15,38.89
Russia,RUS,2020-09-16,38.89
Russia,RUS,2020-09-17,38.89
Russia,RUS,2020-09-18,38.89
Russia,RUS,2020-09-19,38.89
Russia,RUS,2020-09-20,38.89
Russia,RUS,2020-09-21,38.89
Russia,RUS,2020-09-22,40.74
Russia,RUS,2020-09-23,40.74
Russia,RUS,2020-09-24,40.74
Russia,RUS,2020-09-25,40.74
Russia,RUS,2020-09-26,40.74
Russia,RUS,2020-09-27,40.74
Russia,RUS,2020-09-28,40.74
Russia,RUS,2020-09-29,40.74
Russia,RUS,2020-09-30,40.74
Russia,RUS,2020-10-01,40.74
Russia,RUS,2020-10-02,47.69
Russia,RUS,2020-10-03,47.69
Russia,RUS,2020-10-04,47.69
Russia,RUS,2020-10-05,47.69
Russia,RUS,2020-10-06,47.69
Russia,RUS,2020-10-07,47.69
Russia,RUS,2020-10-08,47.69
Russia,RUS,2020-10-09,47.69
Russia,RUS,2020-10-10,47.69
Russia,RUS,2020-10-11,47.69
Russia,RUS,2020-10-12,47.69
Russia,RUS,2020-10-13,44.91
Russia,RUS,2020-10-14,44.91
Russia,RUS,2020-10-15,44.91
Russia,RUS,2020-10-16,44.91
Russia,RUS,2020-10-17,44.91
Russia,RUS,2020-10-18,44.91
Russia,RUS,2020-10-19,44.91
Russia,RUS,2020-10-20,44.91
Russia,RUS,2020-10-21,44.91
Russia,RUS,2020-10-22,44.91
Russia,RUS,2020-10-23,44.91
Russia,RUS,2020-10-24,44.91
Russia,RUS,2020-10-25,44.91
Russia,RUS,2020-10-26,44.91
Russia,RUS,2020-10-27,44.91
Russia,RUS,2020-10-28,44.91
Russia,RUS,2020-10-29,44.91
Russia,RUS,2020-10-30,44.91
Russia,RUS,2020-10-31,44.91
Russia,RUS,2020-11-01,44.91
Russia,RUS,2020-11-02,44.91
Russia,RUS,2020-11-03,44.91
Russia,RUS,2020-11-04,44.91
Russia,RUS,2020-11-05,44.91
Russia,RUS,2020-11-06,44.91
Russia,RUS,2020-11-07,44.91
Russia,RUS,2020-11-08,44.91
Russia,RUS,2020-11-09,44.91
Russia,RUS,2020-11-10,44.91
Russia,RUS,2020-11-11,44.91
Russia,RUS,2020-11-12,44.91
Russia,RUS,2020-11-13,44.91
Russia,RUS,2020-11-14,44.91
Russia,RUS,2020-11-15,44.91
Russia,RUS,2020-11-16,44.91
Russia,RUS,2020-11-17,47.69
Russia,RUS,2020-11-18,47.69
Russia,RUS,2020-11-19,47.69
Russia,RUS,2020-11-20,47.69
Russia,RUS,2020-11-21,47.69
Russia,RUS,2020-11-22,47.69
Russia,RUS,2020-11-23,47.69
Russia,RUS,2020-11-24,47.69
Russia,RUS,2020-11-25,47.69
Russia,RUS,2020-11-26,47.69
Russia,RUS,2020-11-27,47.69
Russia,RUS,2020-11-28,47.69
Russia,RUS,2020-11-29,47.69
Russia,RUS,2020-11-30,47.69
Russia,RUS,2020-12-01,47.69
Russia,RUS,2020-12-02,47.69
Russia,RUS,2020-12-03,47.69
Russia,RUS,2020-12-04,47.69
Russia,RUS,2020-12-05,47.69
Russia,RUS,2020-12-06,47.69
Russia,RUS,2020-12-07,47.69
Russia,RUS,2020-12-08,47.69
Russia,RUS,2020-12-09,47.69
Russia,RUS,2020-12-10,47.69
Russia,RUS,2020-12-11,47.69
Russia,RUS,2020-12-12,47.69
Russia,RUS,2020-12-13,47.69
Russia,RUS,2020-12-14,47.69
Russia,RUS,2020-12-15,47.69
Russia,RUS,2020-12-16,47.69
Russia,RUS,2020-12-17,47.69
Russia,RUS,2020-12-18,47.69
Russia,RUS,2020-12-19,47.69
Russia,RUS,2020-12-20,47.69
Russia,RUS,2020-12-21,47.69
Russia,RUS,2020-12-22,47.69
Russia,RUS,2020-12-23,47.69
Russia,RUS,2020-12-24,47.69
Russia,RUS,2020-12-25,47.69
Russia,RUS,2020-12-26,47.69
Russia,RUS,2020-12-27,47.69
Russia,RUS,2020-12-28,47.69
Russia,RUS,2020-12-29,47.69
Russia,RUS,2020-12-30,47.69
Russia,RUS,2020-12-31,47.69
Russia,RUS,2021-01-01,47.69
Russia,RUS,2021-01-02,47.69
Russia,RUS,2021-01-03,47.69
Russia,RUS,2021-01-04,47.69
Russia,RUS,2021-01-05,50.46
Russia,RUS,2021-01-06,50.46
Russia,RUS,2021-01-07,50.46
Russia,RUS,2021-01-08,50.46
Russia,RUS,2021-01-09,50.46
Russia,RUS,2021-01-10,50.46
Russia,RUS,2021-01-11,50.46
Russia,RUS,2021-01-12,50.46
Russia,RUS,2021-01-13,50.46
Russia,RUS,2021-01-14,50.46
Russia,RUS,2021-01-15,50.46
Russia,RUS,2021-01-16,50.46
Russia,RUS,2021-01-17,50.46
Russia,RUS,2021-01-18,50.46
Russia,RUS,2021-01-19,50.46
Russia,RUS,2021-01-20,50.46
Russia,RUS,2021-01-21,50.46
Russia,RUS,2021-01-22,50.46
Russia,RUS,2021-01-23,50.46
Russia,RUS,2021-01-24,50.46
Russia,RUS,2021-01-25,50.46
Russia,RUS,2021-01-26,50.46
Russia,RUS,2021-01-27,50.46
Russia,RUS,2021-01-28,50.46
Russia,RUS,2021-01-29,50.46
Russia,RUS,2021-01-30,46.76
Russia,RUS,2021-01-31,46.76
Russia,RUS,2021-02-01,45.83
Russia,RUS,2021-02-02,45.83
Russia,RUS,2021-02-03,45.83
Russia,RUS,2021-02-04,45.83
Russia,RUS,2021-02-05,45.83
Russia,RUS,2021-02-06,45.83
Russia,RUS,2021-02-07,45.83
Russia,RUS,2021-02-08,45.83
Russia,RUS,2021-02-09,45.83
Russia,RUS,2021-02-10,45.83
Russia,RUS,2021-02-11,45.83
Russia,RUS,2021-02-12,45.83
Russia,RUS,2021-02-13,45.83
Russia,RUS,2021-02-14,45.83
Russia,RUS,2021-02-15,45.83
Russia,RUS,2021-02-16,45.83
Russia,RUS,2021-02-17,45.83
Russia,RUS,2021-02-18,45.83
Russia,RUS,2021-02-19,45.83
Russia,RUS,2021-02-20,45.83
Russia,RUS,2021-02-21,45.83
Russia,RUS,2021-02-22,45.83
Russia,RUS,2021-02-23,45.83
Russia,RUS,2021-02-24,45.83
Russia,RUS,2021-02-25,45.83
Russia,RUS,2021-02-26,45.83
Russia,RUS,2021-02-27,45.83
Russia,RUS,2021-02-28,45.83
Russia,RUS,2021-03-01,45.83
Russia,RUS,2021-03-02,45.83
Russia,RUS,2021-03-03,45.83
Russia,RUS,2021-03-04,45.83
Russia,RUS,2021-03-05,40.28
Russia,RUS,2021-03-06,40.28
Russia,RUS,2021-03-07,40.28
Russia,RUS,2021-03-08,40.28
Rwanda,RWA,2020-01-01,0
Rwanda,RWA,2020-01-02,0
Rwanda,RWA,2020-01-03,0
Rwanda,RWA,2020-01-04,0
Rwanda,RWA,2020-01-05,0
Rwanda,RWA,2020-01-06,0
Rwanda,RWA,2020-01-07,0
Rwanda,RWA,2020-01-08,0
Rwanda,RWA,2020-01-09,0
Rwanda,RWA,2020-01-10,0
Rwanda,RWA,2020-01-11,0
Rwanda,RWA,2020-01-12,0
Rwanda,RWA,2020-01-13,0
Rwanda,RWA,2020-01-14,0
Rwanda,RWA,2020-01-15,0
Rwanda,RWA,2020-01-16,0
Rwanda,RWA,2020-01-17,0
Rwanda,RWA,2020-01-18,0
Rwanda,RWA,2020-01-19,0
Rwanda,RWA,2020-01-20,0
Rwanda,RWA,2020-01-21,11.11
Rwanda,RWA,2020-01-22,11.11
Rwanda,RWA,2020-01-23,11.11
Rwanda,RWA,2020-01-24,11.11
Rwanda,RWA,2020-01-25,11.11
Rwanda,RWA,2020-01-26,11.11
Rwanda,RWA,2020-01-27,13.89
Rwanda,RWA,2020-01-28,13.89
Rwanda,RWA,2020-01-29,13.89
Rwanda,RWA,2020-01-30,13.89
Rwanda,RWA,2020-01-31,13.89
Rwanda,RWA,2020-02-01,13.89
Rwanda,RWA,2020-02-02,13.89
Rwanda,RWA,2020-02-03,13.89
Rwanda,RWA,2020-02-04,13.89
Rwanda,RWA,2020-02-05,13.89
Rwanda,RWA,2020-02-06,13.89
Rwanda,RWA,2020-02-07,13.89
Rwanda,RWA,2020-02-08,13.89
Rwanda,RWA,2020-02-09,13.89
Rwanda,RWA,2020-02-10,13.89
Rwanda,RWA,2020-02-11,13.89
Rwanda,RWA,2020-02-12,13.89
Rwanda,RWA,2020-02-13,13.89
Rwanda,RWA,2020-02-14,13.89
Rwanda,RWA,2020-02-15,13.89
Rwanda,RWA,2020-02-16,13.89
Rwanda,RWA,2020-02-17,13.89
Rwanda,RWA,2020-02-18,13.89
Rwanda,RWA,2020-02-19,13.89
Rwanda,RWA,2020-02-20,13.89
Rwanda,RWA,2020-02-21,13.89
Rwanda,RWA,2020-02-22,13.89
Rwanda,RWA,2020-02-23,13.89
Rwanda,RWA,2020-02-24,13.89
Rwanda,RWA,2020-02-25,13.89
Rwanda,RWA,2020-02-26,13.89
Rwanda,RWA,2020-02-27,13.89
Rwanda,RWA,2020-02-28,13.89
Rwanda,RWA,2020-02-29,13.89
Rwanda,RWA,2020-03-01,13.89
Rwanda,RWA,2020-03-02,13.89
Rwanda,RWA,2020-03-03,13.89
Rwanda,RWA,2020-03-04,13.89
Rwanda,RWA,2020-03-05,13.89
Rwanda,RWA,2020-03-06,13.89
Rwanda,RWA,2020-03-07,13.89
Rwanda,RWA,2020-03-08,26.39
Rwanda,RWA,2020-03-09,26.39
Rwanda,RWA,2020-03-10,26.39
Rwanda,RWA,2020-03-11,26.39
Rwanda,RWA,2020-03-12,26.39
Rwanda,RWA,2020-03-13,26.39
Rwanda,RWA,2020-03-14,30.09
Rwanda,RWA,2020-03-15,30.09
Rwanda,RWA,2020-03-16,41.2
Rwanda,RWA,2020-03-17,41.2
Rwanda,RWA,2020-03-18,41.2
Rwanda,RWA,2020-03-19,41.2
Rwanda,RWA,2020-03-20,42.59
Rwanda,RWA,2020-03-21,90.74
Rwanda,RWA,2020-03-22,90.74
Rwanda,RWA,2020-03-23,90.74
Rwanda,RWA,2020-03-24,90.74
Rwanda,RWA,2020-03-25,90.74
Rwanda,RWA,2020-03-26,90.74
Rwanda,RWA,2020-03-27,90.74
Rwanda,RWA,2020-03-28,90.74
Rwanda,RWA,2020-03-29,90.74
Rwanda,RWA,2020-03-30,90.74
Rwanda,RWA,2020-03-31,90.74
Rwanda,RWA,2020-04-01,90.74
Rwanda,RWA,2020-04-02,90.74
Rwanda,RWA,2020-04-03,90.74
Rwanda,RWA,2020-04-04,90.74
Rwanda,RWA,2020-04-05,90.74
Rwanda,RWA,2020-04-06,90.74
Rwanda,RWA,2020-04-07,90.74
Rwanda,RWA,2020-04-08,90.74
Rwanda,RWA,2020-04-09,90.74
Rwanda,RWA,2020-04-10,90.74
Rwanda,RWA,2020-04-11,90.74
Rwanda,RWA,2020-04-12,90.74
Rwanda,RWA,2020-04-13,90.74
Rwanda,RWA,2020-04-14,90.74
Rwanda,RWA,2020-04-15,90.74
Rwanda,RWA,2020-04-16,90.74
Rwanda,RWA,2020-04-17,90.74
Rwanda,RWA,2020-04-18,90.74
Rwanda,RWA,2020-04-19,90.74
Rwanda,RWA,2020-04-20,90.74
Rwanda,RWA,2020-04-21,90.74
Rwanda,RWA,2020-04-22,90.74
Rwanda,RWA,2020-04-23,90.74
Rwanda,RWA,2020-04-24,90.74
Rwanda,RWA,2020-04-25,90.74
Rwanda,RWA,2020-04-26,90.74
Rwanda,RWA,2020-04-27,90.74
Rwanda,RWA,2020-04-28,90.74
Rwanda,RWA,2020-04-29,90.74
Rwanda,RWA,2020-04-30,90.74
Rwanda,RWA,2020-05-01,90.74
Rwanda,RWA,2020-05-02,90.74
Rwanda,RWA,2020-05-03,90.74
Rwanda,RWA,2020-05-04,73.15
Rwanda,RWA,2020-05-05,73.15
Rwanda,RWA,2020-05-06,73.15
Rwanda,RWA,2020-05-07,73.15
Rwanda,RWA,2020-05-08,73.15
Rwanda,RWA,2020-05-09,73.15
Rwanda,RWA,2020-05-10,73.15
Rwanda,RWA,2020-05-11,73.15
Rwanda,RWA,2020-05-12,73.15
Rwanda,RWA,2020-05-13,73.15
Rwanda,RWA,2020-05-14,73.15
Rwanda,RWA,2020-05-15,73.15
Rwanda,RWA,2020-05-16,73.15
Rwanda,RWA,2020-05-17,73.15
Rwanda,RWA,2020-05-18,73.15
Rwanda,RWA,2020-05-19,73.15
Rwanda,RWA,2020-05-20,73.15
Rwanda,RWA,2020-05-21,73.15
Rwanda,RWA,2020-05-22,73.15
Rwanda,RWA,2020-05-23,73.15
Rwanda,RWA,2020-05-24,73.15
Rwanda,RWA,2020-05-25,73.15
Rwanda,RWA,2020-05-26,73.15
Rwanda,RWA,2020-05-27,73.15
Rwanda,RWA,2020-05-28,73.15
Rwanda,RWA,2020-05-29,73.15
Rwanda,RWA,2020-05-30,73.15
Rwanda,RWA,2020-05-31,73.15
Rwanda,RWA,2020-06-01,73.15
Rwanda,RWA,2020-06-02,75.93
Rwanda,RWA,2020-06-03,75.93
Rwanda,RWA,2020-06-04,75.93
Rwanda,RWA,2020-06-05,75.93
Rwanda,RWA,2020-06-06,75.93
Rwanda,RWA,2020-06-07,75.93
Rwanda,RWA,2020-06-08,75.93
Rwanda,RWA,2020-06-09,75.93
Rwanda,RWA,2020-06-10,75.93
Rwanda,RWA,2020-06-11,75.93
Rwanda,RWA,2020-06-12,75.93
Rwanda,RWA,2020-06-13,75.93
Rwanda,RWA,2020-06-14,75.93
Rwanda,RWA,2020-06-15,75.93
Rwanda,RWA,2020-06-16,67.59
Rwanda,RWA,2020-06-17,67.59
Rwanda,RWA,2020-06-18,67.59
Rwanda,RWA,2020-06-19,67.59
Rwanda,RWA,2020-06-20,67.59
Rwanda,RWA,2020-06-21,67.59
Rwanda,RWA,2020-06-22,67.59
Rwanda,RWA,2020-06-23,67.59
Rwanda,RWA,2020-06-24,77.78
Rwanda,RWA,2020-06-25,77.78
Rwanda,RWA,2020-06-26,77.78
Rwanda,RWA,2020-06-27,77.78
Rwanda,RWA,2020-06-28,77.78
Rwanda,RWA,2020-06-29,77.78
Rwanda,RWA,2020-06-30,77.78
Rwanda,RWA,2020-07-01,77.78
Rwanda,RWA,2020-07-02,77.78
Rwanda,RWA,2020-07-03,77.78
Rwanda,RWA,2020-07-04,77.78
Rwanda,RWA,2020-07-05,77.78
Rwanda,RWA,2020-07-06,77.78
Rwanda,RWA,2020-07-07,77.78
Rwanda,RWA,2020-07-08,74.07
Rwanda,RWA,2020-07-09,74.07
Rwanda,RWA,2020-07-10,74.07
Rwanda,RWA,2020-07-11,74.07
Rwanda,RWA,2020-07-12,74.07
Rwanda,RWA,2020-07-13,74.07
Rwanda,RWA,2020-07-14,74.07
Rwanda,RWA,2020-07-15,74.07
Rwanda,RWA,2020-07-16,74.07
Rwanda,RWA,2020-07-17,74.07
Rwanda,RWA,2020-07-18,74.07
Rwanda,RWA,2020-07-19,74.07
Rwanda,RWA,2020-07-20,74.07
Rwanda,RWA,2020-07-21,74.07
Rwanda,RWA,2020-07-22,74.07
Rwanda,RWA,2020-07-23,74.07
Rwanda,RWA,2020-07-24,74.07
Rwanda,RWA,2020-07-25,74.07
Rwanda,RWA,2020-07-26,74.07
Rwanda,RWA,2020-07-27,74.07
Rwanda,RWA,2020-07-28,75.93
Rwanda,RWA,2020-07-29,75.93
Rwanda,RWA,2020-07-30,75.93
Rwanda,RWA,2020-07-31,75.93
Rwanda,RWA,2020-08-01,75.93
Rwanda,RWA,2020-08-02,75.93
Rwanda,RWA,2020-08-03,75.93
Rwanda,RWA,2020-08-04,75.93
Rwanda,RWA,2020-08-05,75.93
Rwanda,RWA,2020-08-06,75.93
Rwanda,RWA,2020-08-07,75.93
Rwanda,RWA,2020-08-08,75.93
Rwanda,RWA,2020-08-09,75.93
Rwanda,RWA,2020-08-10,75.93
Rwanda,RWA,2020-08-11,75.93
Rwanda,RWA,2020-08-12,75.93
Rwanda,RWA,2020-08-13,75.93
Rwanda,RWA,2020-08-14,75.93
Rwanda,RWA,2020-08-15,75.93
Rwanda,RWA,2020-08-16,75.93
Rwanda,RWA,2020-08-17,75.93
Rwanda,RWA,2020-08-18,75.93
Rwanda,RWA,2020-08-19,75.93
Rwanda,RWA,2020-08-20,75.93
Rwanda,RWA,2020-08-21,75.93
Rwanda,RWA,2020-08-22,75.93
Rwanda,RWA,2020-08-23,75.93
Rwanda,RWA,2020-08-24,75.93
Rwanda,RWA,2020-08-25,75.93
Rwanda,RWA,2020-08-26,70.37
Rwanda,RWA,2020-08-27,70.37
Rwanda,RWA,2020-08-28,70.37
Rwanda,RWA,2020-08-29,70.37
Rwanda,RWA,2020-08-30,70.37
Rwanda,RWA,2020-08-31,70.37
Rwanda,RWA,2020-09-01,70.37
Rwanda,RWA,2020-09-02,70.37
Rwanda,RWA,2020-09-03,70.37
Rwanda,RWA,2020-09-04,78.7
Rwanda,RWA,2020-09-05,78.7
Rwanda,RWA,2020-09-06,78.7
Rwanda,RWA,2020-09-07,78.7
Rwanda,RWA,2020-09-08,78.7
Rwanda,RWA,2020-09-09,78.7
Rwanda,RWA,2020-09-10,78.7
Rwanda,RWA,2020-09-11,78.7
Rwanda,RWA,2020-09-12,78.7
Rwanda,RWA,2020-09-13,78.7
Rwanda,RWA,2020-09-14,78.7
Rwanda,RWA,2020-09-15,78.7
Rwanda,RWA,2020-09-16,78.7
Rwanda,RWA,2020-09-17,78.7
Rwanda,RWA,2020-09-18,78.7
Rwanda,RWA,2020-09-19,78.7
Rwanda,RWA,2020-09-20,78.7
Rwanda,RWA,2020-09-21,78.7
Rwanda,RWA,2020-09-22,78.7
Rwanda,RWA,2020-09-23,78.7
Rwanda,RWA,2020-09-24,78.7
Rwanda,RWA,2020-09-25,75.93
Rwanda,RWA,2020-09-26,75.93
Rwanda,RWA,2020-09-27,75.93
Rwanda,RWA,2020-09-28,75.93
Rwanda,RWA,2020-09-29,75.93
Rwanda,RWA,2020-09-30,75.93
Rwanda,RWA,2020-10-01,75.93
Rwanda,RWA,2020-10-02,75.93
Rwanda,RWA,2020-10-03,75.93
Rwanda,RWA,2020-10-04,75.93
Rwanda,RWA,2020-10-05,75.93
Rwanda,RWA,2020-10-06,75.93
Rwanda,RWA,2020-10-07,75.93
Rwanda,RWA,2020-10-08,75.93
Rwanda,RWA,2020-10-09,75.93
Rwanda,RWA,2020-10-10,75.93
Rwanda,RWA,2020-10-11,75.93
Rwanda,RWA,2020-10-12,69.44
Rwanda,RWA,2020-10-13,63.89
Rwanda,RWA,2020-10-14,63.89
Rwanda,RWA,2020-10-15,63.89
Rwanda,RWA,2020-10-16,63.89
Rwanda,RWA,2020-10-17,63.89
Rwanda,RWA,2020-10-18,63.89
Rwanda,RWA,2020-10-19,63.89
Rwanda,RWA,2020-10-20,63.89
Rwanda,RWA,2020-10-21,63.89
Rwanda,RWA,2020-10-22,63.89
Rwanda,RWA,2020-10-23,63.89
Rwanda,RWA,2020-10-24,63.89
Rwanda,RWA,2020-10-25,63.89
Rwanda,RWA,2020-10-26,63.89
Rwanda,RWA,2020-10-27,63.89
Rwanda,RWA,2020-10-28,63.89
Rwanda,RWA,2020-10-29,63.89
Rwanda,RWA,2020-10-30,63.89
Rwanda,RWA,2020-10-31,63.89
Rwanda,RWA,2020-11-01,63.89
Rwanda,RWA,2020-11-02,58.33
Rwanda,RWA,2020-11-03,58.33
Rwanda,RWA,2020-11-04,58.33
Rwanda,RWA,2020-11-05,58.33
Rwanda,RWA,2020-11-06,58.33
Rwanda,RWA,2020-11-07,58.33
Rwanda,RWA,2020-11-08,58.33
Rwanda,RWA,2020-11-09,58.33
Rwanda,RWA,2020-11-10,58.33
Rwanda,RWA,2020-11-11,58.33
Rwanda,RWA,2020-11-12,58.33
Rwanda,RWA,2020-11-13,58.33
Rwanda,RWA,2020-11-14,58.33
Rwanda,RWA,2020-11-15,58.33
Rwanda,RWA,2020-11-16,58.33
Rwanda,RWA,2020-11-17,58.33
Rwanda,RWA,2020-11-18,58.33
Rwanda,RWA,2020-11-19,58.33
Rwanda,RWA,2020-11-20,58.33
Rwanda,RWA,2020-11-21,58.33
Rwanda,RWA,2020-11-22,58.33
Rwanda,RWA,2020-11-23,58.33
Rwanda,RWA,2020-11-24,58.33
Rwanda,RWA,2020-11-25,52.78
Rwanda,RWA,2020-11-26,52.78
Rwanda,RWA,2020-11-27,52.78
Rwanda,RWA,2020-11-28,52.78
Rwanda,RWA,2020-11-29,52.78
Rwanda,RWA,2020-11-30,52.78
Rwanda,RWA,2020-12-01,52.78
Rwanda,RWA,2020-12-02,52.78
Rwanda,RWA,2020-12-03,52.78
Rwanda,RWA,2020-12-04,52.78
Rwanda,RWA,2020-12-05,52.78
Rwanda,RWA,2020-12-06,52.78
Rwanda,RWA,2020-12-07,52.78
Rwanda,RWA,2020-12-08,61.11
Rwanda,RWA,2020-12-09,61.11
Rwanda,RWA,2020-12-10,61.11
Rwanda,RWA,2020-12-11,61.11
Rwanda,RWA,2020-12-12,61.11
Rwanda,RWA,2020-12-13,61.11
Rwanda,RWA,2020-12-14,55.09
Rwanda,RWA,2020-12-15,55.09
Rwanda,RWA,2020-12-16,55.09
Rwanda,RWA,2020-12-17,55.09
Rwanda,RWA,2020-12-18,55.09
Rwanda,RWA,2020-12-19,55.09
Rwanda,RWA,2020-12-20,55.09
Rwanda,RWA,2020-12-21,55.09
Rwanda,RWA,2020-12-22,55.56
Rwanda,RWA,2020-12-23,61.11
Rwanda,RWA,2020-12-24,61.11
Rwanda,RWA,2020-12-25,61.11
Rwanda,RWA,2020-12-26,61.11
Rwanda,RWA,2020-12-27,61.11
Rwanda,RWA,2020-12-28,61.11
Rwanda,RWA,2020-12-29,61.11
Rwanda,RWA,2020-12-30,61.11
Rwanda,RWA,2020-12-31,61.11
Rwanda,RWA,2021-01-01,61.11
Rwanda,RWA,2021-01-02,61.11
Rwanda,RWA,2021-01-03,61.11
Rwanda,RWA,2021-01-04,61.11
Rwanda,RWA,2021-01-05,61.11
Rwanda,RWA,2021-01-06,61.11
Rwanda,RWA,2021-01-07,61.11
Rwanda,RWA,2021-01-08,61.11
Rwanda,RWA,2021-01-09,61.11
Rwanda,RWA,2021-01-10,61.11
Rwanda,RWA,2021-01-11,61.11
Rwanda,RWA,2021-01-12,35.19
Rwanda,RWA,2021-01-13,35.19
Rwanda,RWA,2021-01-14,35.19
Rwanda,RWA,2021-01-15,35.19
Rwanda,RWA,2021-01-16,35.19
Rwanda,RWA,2021-01-17,35.19
Rwanda,RWA,2021-01-18,74.07
Rwanda,RWA,2021-01-19,74.07
Rwanda,RWA,2021-01-20,74.07
Rwanda,RWA,2021-01-21,74.07
Rwanda,RWA,2021-01-22,74.07
Rwanda,RWA,2021-01-23,74.07
Rwanda,RWA,2021-01-24,74.07
Rwanda,RWA,2021-01-25,74.07
Rwanda,RWA,2021-01-26,74.07
Rwanda,RWA,2021-01-27,74.07
Rwanda,RWA,2021-01-28,74.07
Rwanda,RWA,2021-01-29,74.07
Rwanda,RWA,2021-01-30,74.07
Rwanda,RWA,2021-01-31,74.07
Rwanda,RWA,2021-02-01,74.07
Rwanda,RWA,2021-02-02,74.07
Rwanda,RWA,2021-02-03,74.07
Rwanda,RWA,2021-02-04,74.07
Rwanda,RWA,2021-02-05,74.07
Rwanda,RWA,2021-02-06,74.07
Rwanda,RWA,2021-02-07,74.07
Rwanda,RWA,2021-02-08,69.44
Rwanda,RWA,2021-02-09,69.44
Rwanda,RWA,2021-02-10,69.44
Rwanda,RWA,2021-02-11,69.44
Rwanda,RWA,2021-02-12,69.44
Rwanda,RWA,2021-02-13,69.44
Rwanda,RWA,2021-02-14,69.44
Rwanda,RWA,2021-02-15,69.44
Rwanda,RWA,2021-02-16,69.44
Rwanda,RWA,2021-02-17,69.44
Rwanda,RWA,2021-02-18,69.44
Rwanda,RWA,2021-02-19,69.44
Rwanda,RWA,2021-02-20,69.44
Rwanda,RWA,2021-02-21,69.44
Rwanda,RWA,2021-02-22,69.44
Rwanda,RWA,2021-02-23,74.07
Rwanda,RWA,2021-02-24,74.07
Rwanda,RWA,2021-02-25,74.07
Rwanda,RWA,2021-02-26,74.07
Rwanda,RWA,2021-02-27,74.07
Rwanda,RWA,2021-02-28,74.07
Rwanda,RWA,2021-03-01,74.07
Rwanda,RWA,2021-03-02,74.07
Rwanda,RWA,2021-03-03,74.07
Rwanda,RWA,2021-03-04,74.07
San Marino,SMR,2020-01-01,0
San Marino,SMR,2020-01-02,0
San Marino,SMR,2020-01-03,0
San Marino,SMR,2020-01-04,0
San Marino,SMR,2020-01-05,0
San Marino,SMR,2020-01-06,0
San Marino,SMR,2020-01-07,0
San Marino,SMR,2020-01-08,0
San Marino,SMR,2020-01-09,0
San Marino,SMR,2020-01-10,0
San Marino,SMR,2020-01-11,0
San Marino,SMR,2020-01-12,0
San Marino,SMR,2020-01-13,0
San Marino,SMR,2020-01-14,0
San Marino,SMR,2020-01-15,0
San Marino,SMR,2020-01-16,0
San Marino,SMR,2020-01-17,0
San Marino,SMR,2020-01-18,0
San Marino,SMR,2020-01-19,0
San Marino,SMR,2020-01-20,0
San Marino,SMR,2020-01-21,0
San Marino,SMR,2020-01-22,0
San Marino,SMR,2020-01-23,0
San Marino,SMR,2020-01-24,0
San Marino,SMR,2020-01-25,0
San Marino,SMR,2020-01-26,0
San Marino,SMR,2020-01-27,0
San Marino,SMR,2020-01-28,0
San Marino,SMR,2020-01-29,0
San Marino,SMR,2020-01-30,0
San Marino,SMR,2020-01-31,0
San Marino,SMR,2020-02-01,0
San Marino,SMR,2020-02-02,0
San Marino,SMR,2020-02-03,0
San Marino,SMR,2020-02-04,0
San Marino,SMR,2020-02-05,0
San Marino,SMR,2020-02-06,0
San Marino,SMR,2020-02-07,0
San Marino,SMR,2020-02-08,0
San Marino,SMR,2020-02-09,0
San Marino,SMR,2020-02-10,0
San Marino,SMR,2020-02-11,0
San Marino,SMR,2020-02-12,0
San Marino,SMR,2020-02-13,0
San Marino,SMR,2020-02-14,0
San Marino,SMR,2020-02-15,0
San Marino,SMR,2020-02-16,0
San Marino,SMR,2020-02-17,0
San Marino,SMR,2020-02-18,0
San Marino,SMR,2020-02-19,0
San Marino,SMR,2020-02-20,0
San Marino,SMR,2020-02-21,0
San Marino,SMR,2020-02-22,0
San Marino,SMR,2020-02-23,5.56
San Marino,SMR,2020-02-24,5.56
San Marino,SMR,2020-02-25,16.67
San Marino,SMR,2020-02-26,16.67
San Marino,SMR,2020-02-27,16.67
San Marino,SMR,2020-02-28,16.67
San Marino,SMR,2020-02-29,27.78
San Marino,SMR,2020-03-01,33.33
San Marino,SMR,2020-03-02,33.33
San Marino,SMR,2020-03-03,33.33
San Marino,SMR,2020-03-04,33.33
San Marino,SMR,2020-03-05,33.33
San Marino,SMR,2020-03-06,33.33
San Marino,SMR,2020-03-07,33.33
San Marino,SMR,2020-03-08,68.52
San Marino,SMR,2020-03-09,68.52
San Marino,SMR,2020-03-10,68.52
San Marino,SMR,2020-03-11,68.52
San Marino,SMR,2020-03-12,68.52
San Marino,SMR,2020-03-13,68.52
San Marino,SMR,2020-03-14,68.52
San Marino,SMR,2020-03-15,79.63
San Marino,SMR,2020-03-16,79.63
San Marino,SMR,2020-03-17,79.63
San Marino,SMR,2020-03-18,79.63
San Marino,SMR,2020-03-19,79.63
San Marino,SMR,2020-03-20,83.33
San Marino,SMR,2020-03-21,83.33
San Marino,SMR,2020-03-22,83.33
San Marino,SMR,2020-03-23,83.33
San Marino,SMR,2020-03-24,83.33
San Marino,SMR,2020-03-25,83.33
San Marino,SMR,2020-03-26,83.33
San Marino,SMR,2020-03-27,83.33
San Marino,SMR,2020-03-28,83.33
San Marino,SMR,2020-03-29,83.33
San Marino,SMR,2020-03-30,83.33
San Marino,SMR,2020-03-31,83.33
San Marino,SMR,2020-04-01,83.33
San Marino,SMR,2020-04-02,83.33
San Marino,SMR,2020-04-03,83.33
San Marino,SMR,2020-04-04,83.33
San Marino,SMR,2020-04-05,83.33
San Marino,SMR,2020-04-06,83.33
San Marino,SMR,2020-04-07,83.33
San Marino,SMR,2020-04-08,83.33
San Marino,SMR,2020-04-09,83.33
San Marino,SMR,2020-04-10,87.04
San Marino,SMR,2020-04-11,87.04
San Marino,SMR,2020-04-12,87.04
San Marino,SMR,2020-04-13,87.04
San Marino,SMR,2020-04-14,87.04
San Marino,SMR,2020-04-15,87.04
San Marino,SMR,2020-04-16,87.04
San Marino,SMR,2020-04-17,92.59
San Marino,SMR,2020-04-18,92.59
San Marino,SMR,2020-04-19,92.59
San Marino,SMR,2020-04-20,92.59
San Marino,SMR,2020-04-21,92.59
San Marino,SMR,2020-04-22,92.59
San Marino,SMR,2020-04-23,92.59
San Marino,SMR,2020-04-24,92.59
San Marino,SMR,2020-04-25,92.59
San Marino,SMR,2020-04-26,92.59
San Marino,SMR,2020-04-27,92.59
San Marino,SMR,2020-04-28,92.59
San Marino,SMR,2020-04-29,92.59
San Marino,SMR,2020-04-30,92.59
San Marino,SMR,2020-05-01,92.59
San Marino,SMR,2020-05-02,92.59
San Marino,SMR,2020-05-03,77.78
San Marino,SMR,2020-05-04,66.67
San Marino,SMR,2020-05-05,66.67
San Marino,SMR,2020-05-06,66.67
San Marino,SMR,2020-05-07,66.67
San Marino,SMR,2020-05-08,66.67
San Marino,SMR,2020-05-09,66.67
San Marino,SMR,2020-05-10,66.67
San Marino,SMR,2020-05-11,66.67
San Marino,SMR,2020-05-12,66.67
San Marino,SMR,2020-05-13,66.67
San Marino,SMR,2020-05-14,66.67
San Marino,SMR,2020-05-15,66.67
San Marino,SMR,2020-05-16,66.67
San Marino,SMR,2020-05-17,66.67
San Marino,SMR,2020-05-18,66.67
San Marino,SMR,2020-05-19,66.67
San Marino,SMR,2020-05-20,66.67
San Marino,SMR,2020-05-21,66.67
San Marino,SMR,2020-05-22,66.67
San Marino,SMR,2020-05-23,66.67
San Marino,SMR,2020-05-24,66.67
San Marino,SMR,2020-05-25,66.67
San Marino,SMR,2020-05-26,66.67
San Marino,SMR,2020-05-27,66.67
San Marino,SMR,2020-05-28,66.67
San Marino,SMR,2020-05-29,66.67
San Marino,SMR,2020-05-30,66.67
San Marino,SMR,2020-05-31,66.67
San Marino,SMR,2020-06-01,57.41
San Marino,SMR,2020-06-02,57.41
San Marino,SMR,2020-06-03,57.41
San Marino,SMR,2020-06-04,57.41
San Marino,SMR,2020-06-05,57.41
San Marino,SMR,2020-06-06,57.41
San Marino,SMR,2020-06-07,57.41
San Marino,SMR,2020-06-08,57.41
San Marino,SMR,2020-06-09,57.41
San Marino,SMR,2020-06-10,57.41
San Marino,SMR,2020-06-11,57.41
San Marino,SMR,2020-06-12,57.41
San Marino,SMR,2020-06-13,57.41
San Marino,SMR,2020-06-14,57.41
San Marino,SMR,2020-06-15,33.33
San Marino,SMR,2020-06-16,33.33
San Marino,SMR,2020-06-17,33.33
San Marino,SMR,2020-06-18,33.33
San Marino,SMR,2020-06-19,33.33
San Marino,SMR,2020-06-20,33.33
San Marino,SMR,2020-06-21,33.33
San Marino,SMR,2020-06-22,33.33
San Marino,SMR,2020-06-23,33.33
San Marino,SMR,2020-06-24,33.33
San Marino,SMR,2020-06-25,33.33
San Marino,SMR,2020-06-26,33.33
San Marino,SMR,2020-06-27,33.33
San Marino,SMR,2020-06-28,33.33
San Marino,SMR,2020-06-29,33.33
San Marino,SMR,2020-06-30,33.33
San Marino,SMR,2020-07-01,33.33
San Marino,SMR,2020-07-02,33.33
San Marino,SMR,2020-07-03,33.33
San Marino,SMR,2020-07-04,33.33
San Marino,SMR,2020-07-05,33.33
San Marino,SMR,2020-07-06,33.33
San Marino,SMR,2020-07-07,33.33
San Marino,SMR,2020-07-08,33.33
San Marino,SMR,2020-07-09,33.33
San Marino,SMR,2020-07-10,33.33
San Marino,SMR,2020-07-11,33.33
San Marino,SMR,2020-07-12,33.33
San Marino,SMR,2020-07-13,33.33
San Marino,SMR,2020-07-14,33.33
San Marino,SMR,2020-07-15,33.33
San Marino,SMR,2020-07-16,33.33
San Marino,SMR,2020-07-17,33.33
San Marino,SMR,2020-07-18,33.33
San Marino,SMR,2020-07-19,33.33
San Marino,SMR,2020-07-20,33.33
San Marino,SMR,2020-07-21,33.33
San Marino,SMR,2020-07-22,33.33
San Marino,SMR,2020-07-23,33.33
San Marino,SMR,2020-07-24,33.33
San Marino,SMR,2020-07-25,33.33
San Marino,SMR,2020-07-26,33.33
San Marino,SMR,2020-07-27,33.33
San Marino,SMR,2020-07-28,33.33
San Marino,SMR,2020-07-29,33.33
San Marino,SMR,2020-07-30,33.33
San Marino,SMR,2020-07-31,33.33
San Marino,SMR,2020-08-01,33.33
San Marino,SMR,2020-08-02,33.33
San Marino,SMR,2020-08-03,33.33
San Marino,SMR,2020-08-04,33.33
San Marino,SMR,2020-08-05,33.33
San Marino,SMR,2020-08-06,33.33
San Marino,SMR,2020-08-07,33.33
San Marino,SMR,2020-08-08,33.33
San Marino,SMR,2020-08-09,33.33
San Marino,SMR,2020-08-10,33.33
San Marino,SMR,2020-08-11,33.33
San Marino,SMR,2020-08-12,33.33
San Marino,SMR,2020-08-13,33.33
San Marino,SMR,2020-08-14,33.33
San Marino,SMR,2020-08-15,33.33
San Marino,SMR,2020-08-16,33.33
San Marino,SMR,2020-08-17,33.33
San Marino,SMR,2020-08-18,33.33
San Marino,SMR,2020-08-19,33.33
San Marino,SMR,2020-08-20,33.33
San Marino,SMR,2020-08-21,33.33
San Marino,SMR,2020-08-22,33.33
San Marino,SMR,2020-08-23,33.33
San Marino,SMR,2020-08-24,33.33
San Marino,SMR,2020-08-25,33.33
San Marino,SMR,2020-08-26,33.33
San Marino,SMR,2020-08-27,33.33
San Marino,SMR,2020-08-28,33.33
San Marino,SMR,2020-08-29,33.33
San Marino,SMR,2020-08-30,33.33
San Marino,SMR,2020-08-31,33.33
San Marino,SMR,2020-09-01,33.33
San Marino,SMR,2020-09-02,33.33
San Marino,SMR,2020-09-03,33.33
San Marino,SMR,2020-09-04,33.33
San Marino,SMR,2020-09-05,33.33
San Marino,SMR,2020-09-06,33.33
San Marino,SMR,2020-09-07,25.93
San Marino,SMR,2020-09-08,25.93
San Marino,SMR,2020-09-09,25.93
San Marino,SMR,2020-09-10,25.93
San Marino,SMR,2020-09-11,25.93
San Marino,SMR,2020-09-12,25.93
San Marino,SMR,2020-09-13,25.93
San Marino,SMR,2020-09-14,25.93
San Marino,SMR,2020-09-15,29.63
San Marino,SMR,2020-09-16,29.63
San Marino,SMR,2020-09-17,29.63
San Marino,SMR,2020-09-18,29.63
San Marino,SMR,2020-09-19,29.63
San Marino,SMR,2020-09-20,29.63
San Marino,SMR,2020-09-21,29.63
San Marino,SMR,2020-09-22,29.63
San Marino,SMR,2020-09-23,29.63
San Marino,SMR,2020-09-24,29.63
San Marino,SMR,2020-09-25,29.63
San Marino,SMR,2020-09-26,29.63
San Marino,SMR,2020-09-27,29.63
San Marino,SMR,2020-09-28,29.63
San Marino,SMR,2020-09-29,29.63
San Marino,SMR,2020-09-30,29.63
San Marino,SMR,2020-10-01,29.63
San Marino,SMR,2020-10-02,29.63
San Marino,SMR,2020-10-03,29.63
San Marino,SMR,2020-10-04,29.63
San Marino,SMR,2020-10-05,29.63
San Marino,SMR,2020-10-06,29.63
San Marino,SMR,2020-10-07,29.63
San Marino,SMR,2020-10-08,29.63
San Marino,SMR,2020-10-09,29.63
San Marino,SMR,2020-10-10,29.63
San Marino,SMR,2020-10-11,29.63
San Marino,SMR,2020-10-12,29.63
San Marino,SMR,2020-10-13,29.63
San Marino,SMR,2020-10-14,29.63
San Marino,SMR,2020-10-15,29.63
San Marino,SMR,2020-10-16,29.63
San Marino,SMR,2020-10-17,29.63
San Marino,SMR,2020-10-18,29.63
San Marino,SMR,2020-10-19,29.63
San Marino,SMR,2020-10-20,35.19
San Marino,SMR,2020-10-21,35.19
San Marino,SMR,2020-10-22,35.19
San Marino,SMR,2020-10-23,35.19
San Marino,SMR,2020-10-24,35.19
San Marino,SMR,2020-10-25,35.19
San Marino,SMR,2020-10-26,35.19
San Marino,SMR,2020-10-27,35.19
San Marino,SMR,2020-10-28,35.19
San Marino,SMR,2020-10-29,35.19
San Marino,SMR,2020-10-30,35.19
San Marino,SMR,2020-10-31,35.19
San Marino,SMR,2020-11-01,35.19
San Marino,SMR,2020-11-02,40.74
San Marino,SMR,2020-11-03,40.74
San Marino,SMR,2020-11-04,40.74
San Marino,SMR,2020-11-05,40.74
San Marino,SMR,2020-11-06,40.74
San Marino,SMR,2020-11-07,40.74
San Marino,SMR,2020-11-08,40.74
San Marino,SMR,2020-11-09,40.74
San Marino,SMR,2020-11-10,40.74
San Marino,SMR,2020-11-11,40.74
San Marino,SMR,2020-11-12,40.74
San Marino,SMR,2020-11-13,40.74
San Marino,SMR,2020-11-14,40.74
San Marino,SMR,2020-11-15,40.74
San Marino,SMR,2020-11-16,40.74
San Marino,SMR,2020-11-17,40.74
San Marino,SMR,2020-11-18,40.74
San Marino,SMR,2020-11-19,40.74
San Marino,SMR,2020-11-20,40.74
San Marino,SMR,2020-11-21,40.74
San Marino,SMR,2020-11-22,40.74
San Marino,SMR,2020-11-23,40.74
San Marino,SMR,2020-11-24,40.74
San Marino,SMR,2020-11-25,40.74
San Marino,SMR,2020-11-26,40.74
San Marino,SMR,2020-11-27,46.3
San Marino,SMR,2020-11-28,46.3
San Marino,SMR,2020-11-29,46.3
San Marino,SMR,2020-11-30,50
San Marino,SMR,2020-12-01,50
San Marino,SMR,2020-12-02,50
San Marino,SMR,2020-12-03,50
San Marino,SMR,2020-12-04,50
San Marino,SMR,2020-12-05,50
San Marino,SMR,2020-12-06,50
San Marino,SMR,2020-12-07,50
San Marino,SMR,2020-12-08,50
San Marino,SMR,2020-12-09,50
San Marino,SMR,2020-12-10,50
San Marino,SMR,2020-12-11,50
San Marino,SMR,2020-12-12,50
San Marino,SMR,2020-12-13,50
San Marino,SMR,2020-12-14,50
San Marino,SMR,2020-12-15,50
San Marino,SMR,2020-12-16,50
San Marino,SMR,2020-12-17,50
San Marino,SMR,2020-12-18,57.41
San Marino,SMR,2020-12-19,57.41
San Marino,SMR,2020-12-20,57.41
San Marino,SMR,2020-12-21,57.41
San Marino,SMR,2020-12-22,57.41
San Marino,SMR,2020-12-23,61.11
San Marino,SMR,2020-12-24,72.22
San Marino,SMR,2020-12-25,75.93
San Marino,SMR,2020-12-26,75.93
San Marino,SMR,2020-12-27,75.93
San Marino,SMR,2020-12-28,64.81
San Marino,SMR,2020-12-29,64.81
San Marino,SMR,2020-12-30,64.81
San Marino,SMR,2020-12-31,75.93
San Marino,SMR,2021-01-01,75.93
San Marino,SMR,2021-01-02,75.93
San Marino,SMR,2021-01-03,75.93
San Marino,SMR,2021-01-04,75.93
San Marino,SMR,2021-01-05,75.93
San Marino,SMR,2021-01-06,75.93
San Marino,SMR,2021-01-07,69.44
San Marino,SMR,2021-01-08,69.44
San Marino,SMR,2021-01-09,69.44
San Marino,SMR,2021-01-10,69.44
San Marino,SMR,2021-01-11,69.44
San Marino,SMR,2021-01-12,69.44
San Marino,SMR,2021-01-13,69.44
San Marino,SMR,2021-01-14,69.44
San Marino,SMR,2021-01-15,69.44
San Marino,SMR,2021-01-16,69.44
San Marino,SMR,2021-01-17,69.44
San Marino,SMR,2021-01-18,69.44
San Marino,SMR,2021-01-19,69.44
San Marino,SMR,2021-01-20,69.44
San Marino,SMR,2021-01-21,69.44
San Marino,SMR,2021-01-22,69.44
San Marino,SMR,2021-01-23,69.44
San Marino,SMR,2021-01-24,69.44
San Marino,SMR,2021-01-25,69.44
San Marino,SMR,2021-01-26,69.44
San Marino,SMR,2021-01-27,69.44
San Marino,SMR,2021-01-28,69.44
San Marino,SMR,2021-01-29,69.44
San Marino,SMR,2021-01-30,69.44
San Marino,SMR,2021-01-31,69.44
San Marino,SMR,2021-02-01,69.44
San Marino,SMR,2021-02-02,69.44
San Marino,SMR,2021-02-03,69.44
San Marino,SMR,2021-02-04,69.44
San Marino,SMR,2021-02-05,69.44
San Marino,SMR,2021-02-06,69.44
San Marino,SMR,2021-02-07,69.44
San Marino,SMR,2021-02-08,69.44
San Marino,SMR,2021-02-09,69.44
San Marino,SMR,2021-02-10,69.44
San Marino,SMR,2021-02-11,54.63
San Marino,SMR,2021-02-12,54.63
San Marino,SMR,2021-02-13,54.63
San Marino,SMR,2021-02-14,54.63
San Marino,SMR,2021-02-15,54.63
San Marino,SMR,2021-02-16,54.63
San Marino,SMR,2021-02-17,54.63
San Marino,SMR,2021-02-18,54.63
San Marino,SMR,2021-02-19,54.63
San Marino,SMR,2021-02-20,54.63
San Marino,SMR,2021-02-21,54.63
San Marino,SMR,2021-02-22,54.63
Saudi Arabia,SAU,2020-01-01,0
Saudi Arabia,SAU,2020-01-02,0
Saudi Arabia,SAU,2020-01-03,0
Saudi Arabia,SAU,2020-01-04,0
Saudi Arabia,SAU,2020-01-05,0
Saudi Arabia,SAU,2020-01-06,0
Saudi Arabia,SAU,2020-01-07,0
Saudi Arabia,SAU,2020-01-08,0
Saudi Arabia,SAU,2020-01-09,0
Saudi Arabia,SAU,2020-01-10,0
Saudi Arabia,SAU,2020-01-11,0
Saudi Arabia,SAU,2020-01-12,0
Saudi Arabia,SAU,2020-01-13,0
Saudi Arabia,SAU,2020-01-14,0
Saudi Arabia,SAU,2020-01-15,0
Saudi Arabia,SAU,2020-01-16,0
Saudi Arabia,SAU,2020-01-17,0
Saudi Arabia,SAU,2020-01-18,0
Saudi Arabia,SAU,2020-01-19,0
Saudi Arabia,SAU,2020-01-20,0
Saudi Arabia,SAU,2020-01-21,0
Saudi Arabia,SAU,2020-01-22,0
Saudi Arabia,SAU,2020-01-23,0
Saudi Arabia,SAU,2020-01-24,0
Saudi Arabia,SAU,2020-01-25,0
Saudi Arabia,SAU,2020-01-26,0
Saudi Arabia,SAU,2020-01-27,0
Saudi Arabia,SAU,2020-01-28,0
Saudi Arabia,SAU,2020-01-29,0
Saudi Arabia,SAU,2020-01-30,11.11
Saudi Arabia,SAU,2020-01-31,11.11
Saudi Arabia,SAU,2020-02-01,11.11
Saudi Arabia,SAU,2020-02-02,11.11
Saudi Arabia,SAU,2020-02-03,11.11
Saudi Arabia,SAU,2020-02-04,11.11
Saudi Arabia,SAU,2020-02-05,11.11
Saudi Arabia,SAU,2020-02-06,11.11
Saudi Arabia,SAU,2020-02-07,11.11
Saudi Arabia,SAU,2020-02-08,11.11
Saudi Arabia,SAU,2020-02-09,11.11
Saudi Arabia,SAU,2020-02-10,11.11
Saudi Arabia,SAU,2020-02-11,11.11
Saudi Arabia,SAU,2020-02-12,11.11
Saudi Arabia,SAU,2020-02-13,11.11
Saudi Arabia,SAU,2020-02-14,11.11
Saudi Arabia,SAU,2020-02-15,11.11
Saudi Arabia,SAU,2020-02-16,11.11
Saudi Arabia,SAU,2020-02-17,11.11
Saudi Arabia,SAU,2020-02-18,11.11
Saudi Arabia,SAU,2020-02-19,11.11
Saudi Arabia,SAU,2020-02-20,11.11
Saudi Arabia,SAU,2020-02-21,11.11
Saudi Arabia,SAU,2020-02-22,11.11
Saudi Arabia,SAU,2020-02-23,11.11
Saudi Arabia,SAU,2020-02-24,11.11
Saudi Arabia,SAU,2020-02-25,11.11
Saudi Arabia,SAU,2020-02-26,11.11
Saudi Arabia,SAU,2020-02-27,11.11
Saudi Arabia,SAU,2020-02-28,11.11
Saudi Arabia,SAU,2020-02-29,11.11
Saudi Arabia,SAU,2020-03-01,11.11
Saudi Arabia,SAU,2020-03-02,11.11
Saudi Arabia,SAU,2020-03-03,11.11
Saudi Arabia,SAU,2020-03-04,11.11
Saudi Arabia,SAU,2020-03-05,11.11
Saudi Arabia,SAU,2020-03-06,11.11
Saudi Arabia,SAU,2020-03-07,11.11
Saudi Arabia,SAU,2020-03-08,19.44
Saudi Arabia,SAU,2020-03-09,30.56
Saudi Arabia,SAU,2020-03-10,30.56
Saudi Arabia,SAU,2020-03-11,30.56
Saudi Arabia,SAU,2020-03-12,30.56
Saudi Arabia,SAU,2020-03-13,41.67
Saudi Arabia,SAU,2020-03-14,41.67
Saudi Arabia,SAU,2020-03-15,52.78
Saudi Arabia,SAU,2020-03-16,68.52
Saudi Arabia,SAU,2020-03-17,68.52
Saudi Arabia,SAU,2020-03-18,68.52
Saudi Arabia,SAU,2020-03-19,68.52
Saudi Arabia,SAU,2020-03-20,68.52
Saudi Arabia,SAU,2020-03-21,79.63
Saudi Arabia,SAU,2020-03-22,79.63
Saudi Arabia,SAU,2020-03-23,87.04
Saudi Arabia,SAU,2020-03-24,87.04
Saudi Arabia,SAU,2020-03-25,89.81
Saudi Arabia,SAU,2020-03-26,89.81
Saudi Arabia,SAU,2020-03-27,89.81
Saudi Arabia,SAU,2020-03-28,89.81
Saudi Arabia,SAU,2020-03-29,89.81
Saudi Arabia,SAU,2020-03-30,89.81
Saudi Arabia,SAU,2020-03-31,89.81
Saudi Arabia,SAU,2020-04-01,89.81
Saudi Arabia,SAU,2020-04-02,89.81
Saudi Arabia,SAU,2020-04-03,89.81
Saudi Arabia,SAU,2020-04-04,89.81
Saudi Arabia,SAU,2020-04-05,89.81
Saudi Arabia,SAU,2020-04-06,91.67
Saudi Arabia,SAU,2020-04-07,91.67
Saudi Arabia,SAU,2020-04-08,91.67
Saudi Arabia,SAU,2020-04-09,91.67
Saudi Arabia,SAU,2020-04-10,91.67
Saudi Arabia,SAU,2020-04-11,91.67
Saudi Arabia,SAU,2020-04-12,91.67
Saudi Arabia,SAU,2020-04-13,91.67
Saudi Arabia,SAU,2020-04-14,91.67
Saudi Arabia,SAU,2020-04-15,91.67
Saudi Arabia,SAU,2020-04-16,91.67
Saudi Arabia,SAU,2020-04-17,91.67
Saudi Arabia,SAU,2020-04-18,91.67
Saudi Arabia,SAU,2020-04-19,91.67
Saudi Arabia,SAU,2020-04-20,91.67
Saudi Arabia,SAU,2020-04-21,91.67
Saudi Arabia,SAU,2020-04-22,91.67
Saudi Arabia,SAU,2020-04-23,91.67
Saudi Arabia,SAU,2020-04-24,91.67
Saudi Arabia,SAU,2020-04-25,91.67
Saudi Arabia,SAU,2020-04-26,94.44
Saudi Arabia,SAU,2020-04-27,94.44
Saudi Arabia,SAU,2020-04-28,94.44
Saudi Arabia,SAU,2020-04-29,94.44
Saudi Arabia,SAU,2020-04-30,91.67
Saudi Arabia,SAU,2020-05-01,91.67
Saudi Arabia,SAU,2020-05-02,91.67
Saudi Arabia,SAU,2020-05-03,91.67
Saudi Arabia,SAU,2020-05-04,91.67
Saudi Arabia,SAU,2020-05-05,91.67
Saudi Arabia,SAU,2020-05-06,91.67
Saudi Arabia,SAU,2020-05-07,89.81
Saudi Arabia,SAU,2020-05-08,89.81
Saudi Arabia,SAU,2020-05-09,89.81
Saudi Arabia,SAU,2020-05-10,89.81
Saudi Arabia,SAU,2020-05-11,89.81
Saudi Arabia,SAU,2020-05-12,89.81
Saudi Arabia,SAU,2020-05-13,89.81
Saudi Arabia,SAU,2020-05-14,89.81
Saudi Arabia,SAU,2020-05-15,89.81
Saudi Arabia,SAU,2020-05-16,89.81
Saudi Arabia,SAU,2020-05-17,89.81
Saudi Arabia,SAU,2020-05-18,89.81
Saudi Arabia,SAU,2020-05-19,89.81
Saudi Arabia,SAU,2020-05-20,89.81
Saudi Arabia,SAU,2020-05-21,89.81
Saudi Arabia,SAU,2020-05-22,89.81
Saudi Arabia,SAU,2020-05-23,91.67
Saudi Arabia,SAU,2020-05-24,91.67
Saudi Arabia,SAU,2020-05-25,91.67
Saudi Arabia,SAU,2020-05-26,91.67
Saudi Arabia,SAU,2020-05-27,91.67
Saudi Arabia,SAU,2020-05-28,91.67
Saudi Arabia,SAU,2020-05-29,91.67
Saudi Arabia,SAU,2020-05-30,91.67
Saudi Arabia,SAU,2020-05-31,75.46
Saudi Arabia,SAU,2020-06-01,75.46
Saudi Arabia,SAU,2020-06-02,75.46
Saudi Arabia,SAU,2020-06-03,75.46
Saudi Arabia,SAU,2020-06-04,75.46
Saudi Arabia,SAU,2020-06-05,75.46
Saudi Arabia,SAU,2020-06-06,72.69
Saudi Arabia,SAU,2020-06-07,72.69
Saudi Arabia,SAU,2020-06-08,69.91
Saudi Arabia,SAU,2020-06-09,69.91
Saudi Arabia,SAU,2020-06-10,69.91
Saudi Arabia,SAU,2020-06-11,69.91
Saudi Arabia,SAU,2020-06-12,69.91
Saudi Arabia,SAU,2020-06-13,69.91
Saudi Arabia,SAU,2020-06-14,69.91
Saudi Arabia,SAU,2020-06-15,69.91
Saudi Arabia,SAU,2020-06-16,69.91
Saudi Arabia,SAU,2020-06-17,69.91
Saudi Arabia,SAU,2020-06-18,69.91
Saudi Arabia,SAU,2020-06-19,69.91
Saudi Arabia,SAU,2020-06-20,69.91
Saudi Arabia,SAU,2020-06-21,71.3
Saudi Arabia,SAU,2020-06-22,71.3
Saudi Arabia,SAU,2020-06-23,71.3
Saudi Arabia,SAU,2020-06-24,71.3
Saudi Arabia,SAU,2020-06-25,71.3
Saudi Arabia,SAU,2020-06-26,71.3
Saudi Arabia,SAU,2020-06-27,71.3
Saudi Arabia,SAU,2020-06-28,71.3
Saudi Arabia,SAU,2020-06-29,71.3
Saudi Arabia,SAU,2020-06-30,71.3
Saudi Arabia,SAU,2020-07-01,71.3
Saudi Arabia,SAU,2020-07-02,71.3
Saudi Arabia,SAU,2020-07-03,71.3
Saudi Arabia,SAU,2020-07-04,71.3
Saudi Arabia,SAU,2020-07-05,71.3
Saudi Arabia,SAU,2020-07-06,71.3
Saudi Arabia,SAU,2020-07-07,71.3
Saudi Arabia,SAU,2020-07-08,71.3
Saudi Arabia,SAU,2020-07-09,71.3
Saudi Arabia,SAU,2020-07-10,71.3
Saudi Arabia,SAU,2020-07-11,71.3
Saudi Arabia,SAU,2020-07-12,71.3
Saudi Arabia,SAU,2020-07-13,71.3
Saudi Arabia,SAU,2020-07-14,71.3
Saudi Arabia,SAU,2020-07-15,71.3
Saudi Arabia,SAU,2020-07-16,71.3
Saudi Arabia,SAU,2020-07-17,71.3
Saudi Arabia,SAU,2020-07-18,71.3
Saudi Arabia,SAU,2020-07-19,71.3
Saudi Arabia,SAU,2020-07-20,71.3
Saudi Arabia,SAU,2020-07-21,71.3
Saudi Arabia,SAU,2020-07-22,71.3
Saudi Arabia,SAU,2020-07-23,71.3
Saudi Arabia,SAU,2020-07-24,71.3
Saudi Arabia,SAU,2020-07-25,71.3
Saudi Arabia,SAU,2020-07-26,71.3
Saudi Arabia,SAU,2020-07-27,71.3
Saudi Arabia,SAU,2020-07-28,65.74
Saudi Arabia,SAU,2020-07-29,65.74
Saudi Arabia,SAU,2020-07-30,65.74
Saudi Arabia,SAU,2020-07-31,65.74
Saudi Arabia,SAU,2020-08-01,65.74
Saudi Arabia,SAU,2020-08-02,65.74
Saudi Arabia,SAU,2020-08-03,71.3
Saudi Arabia,SAU,2020-08-04,71.3
Saudi Arabia,SAU,2020-08-05,71.3
Saudi Arabia,SAU,2020-08-06,71.3
Saudi Arabia,SAU,2020-08-07,71.3
Saudi Arabia,SAU,2020-08-08,71.3
Saudi Arabia,SAU,2020-08-09,71.3
Saudi Arabia,SAU,2020-08-10,71.3
Saudi Arabia,SAU,2020-08-11,60.19
Saudi Arabia,SAU,2020-08-12,60.19
Saudi Arabia,SAU,2020-08-13,60.19
Saudi Arabia,SAU,2020-08-14,60.19
Saudi Arabia,SAU,2020-08-15,60.19
Saudi Arabia,SAU,2020-08-16,60.19
Saudi Arabia,SAU,2020-08-17,60.19
Saudi Arabia,SAU,2020-08-18,60.19
Saudi Arabia,SAU,2020-08-19,60.19
Saudi Arabia,SAU,2020-08-20,60.19
Saudi Arabia,SAU,2020-08-21,60.19
Saudi Arabia,SAU,2020-08-22,60.19
Saudi Arabia,SAU,2020-08-23,60.19
Saudi Arabia,SAU,2020-08-24,60.19
Saudi Arabia,SAU,2020-08-25,60.19
Saudi Arabia,SAU,2020-08-26,60.19
Saudi Arabia,SAU,2020-08-27,60.19
Saudi Arabia,SAU,2020-08-28,60.19
Saudi Arabia,SAU,2020-08-29,60.19
Saudi Arabia,SAU,2020-08-30,60.19
Saudi Arabia,SAU,2020-08-31,60.19
Saudi Arabia,SAU,2020-09-01,60.19
Saudi Arabia,SAU,2020-09-02,60.19
Saudi Arabia,SAU,2020-09-03,60.19
Saudi Arabia,SAU,2020-09-04,60.19
Saudi Arabia,SAU,2020-09-05,60.19
Saudi Arabia,SAU,2020-09-06,60.19
Saudi Arabia,SAU,2020-09-07,60.19
Saudi Arabia,SAU,2020-09-08,60.19
Saudi Arabia,SAU,2020-09-09,60.19
Saudi Arabia,SAU,2020-09-10,60.19
Saudi Arabia,SAU,2020-09-11,60.19
Saudi Arabia,SAU,2020-09-12,60.19
Saudi Arabia,SAU,2020-09-13,60.19
Saudi Arabia,SAU,2020-09-14,60.19
Saudi Arabia,SAU,2020-09-15,57.41
Saudi Arabia,SAU,2020-09-16,57.41
Saudi Arabia,SAU,2020-09-17,57.41
Saudi Arabia,SAU,2020-09-18,57.41
Saudi Arabia,SAU,2020-09-19,57.41
Saudi Arabia,SAU,2020-09-20,57.41
Saudi Arabia,SAU,2020-09-21,57.41
Saudi Arabia,SAU,2020-09-22,57.41
Saudi Arabia,SAU,2020-09-23,57.41
Saudi Arabia,SAU,2020-09-24,57.41
Saudi Arabia,SAU,2020-09-25,57.41
Saudi Arabia,SAU,2020-09-26,57.41
Saudi Arabia,SAU,2020-09-27,57.41
Saudi Arabia,SAU,2020-09-28,57.41
Saudi Arabia,SAU,2020-09-29,57.41
Saudi Arabia,SAU,2020-09-30,57.41
Saudi Arabia,SAU,2020-10-01,57.41
Saudi Arabia,SAU,2020-10-02,57.41
Saudi Arabia,SAU,2020-10-03,57.41
Saudi Arabia,SAU,2020-10-04,57.41
Saudi Arabia,SAU,2020-10-05,57.41
Saudi Arabia,SAU,2020-10-06,57.41
Saudi Arabia,SAU,2020-10-07,57.41
Saudi Arabia,SAU,2020-10-08,57.41
Saudi Arabia,SAU,2020-10-09,57.41
Saudi Arabia,SAU,2020-10-10,57.41
Saudi Arabia,SAU,2020-10-11,57.41
Saudi Arabia,SAU,2020-10-12,57.41
Saudi Arabia,SAU,2020-10-13,57.41
Saudi Arabia,SAU,2020-10-14,57.41
Saudi Arabia,SAU,2020-10-15,57.41
Saudi Arabia,SAU,2020-10-16,57.41
Saudi Arabia,SAU,2020-10-17,57.41
Saudi Arabia,SAU,2020-10-18,57.41
Saudi Arabia,SAU,2020-10-19,57.41
Saudi Arabia,SAU,2020-10-20,57.41
Saudi Arabia,SAU,2020-10-21,57.41
Saudi Arabia,SAU,2020-10-22,57.41
Saudi Arabia,SAU,2020-10-23,57.41
Saudi Arabia,SAU,2020-10-24,57.41
Saudi Arabia,SAU,2020-10-25,57.41
Saudi Arabia,SAU,2020-10-26,57.41
Saudi Arabia,SAU,2020-10-27,57.41
Saudi Arabia,SAU,2020-10-28,57.41
Saudi Arabia,SAU,2020-10-29,57.41
Saudi Arabia,SAU,2020-10-30,50
Saudi Arabia,SAU,2020-10-31,50
Saudi Arabia,SAU,2020-11-01,50
Saudi Arabia,SAU,2020-11-02,50
Saudi Arabia,SAU,2020-11-03,50
Saudi Arabia,SAU,2020-11-04,50
Saudi Arabia,SAU,2020-11-05,50
Saudi Arabia,SAU,2020-11-06,50
Saudi Arabia,SAU,2020-11-07,50
Saudi Arabia,SAU,2020-11-08,50
Saudi Arabia,SAU,2020-11-09,50
Saudi Arabia,SAU,2020-11-10,50
Saudi Arabia,SAU,2020-11-11,50
Saudi Arabia,SAU,2020-11-12,50
Saudi Arabia,SAU,2020-11-13,50
Saudi Arabia,SAU,2020-11-14,50
Saudi Arabia,SAU,2020-11-15,50
Saudi Arabia,SAU,2020-11-16,50
Saudi Arabia,SAU,2020-11-17,50
Saudi Arabia,SAU,2020-11-18,50
Saudi Arabia,SAU,2020-11-19,50
Saudi Arabia,SAU,2020-11-20,50
Saudi Arabia,SAU,2020-11-21,50
Saudi Arabia,SAU,2020-11-22,50
Saudi Arabia,SAU,2020-11-23,50
Saudi Arabia,SAU,2020-11-24,50
Saudi Arabia,SAU,2020-11-25,50
Saudi Arabia,SAU,2020-11-26,50
Saudi Arabia,SAU,2020-11-27,50
Saudi Arabia,SAU,2020-11-28,50
Saudi Arabia,SAU,2020-11-29,50
Saudi Arabia,SAU,2020-11-30,50
Saudi Arabia,SAU,2020-12-01,50
Saudi Arabia,SAU,2020-12-02,50
Saudi Arabia,SAU,2020-12-03,50
Saudi Arabia,SAU,2020-12-04,50
Saudi Arabia,SAU,2020-12-05,50
Saudi Arabia,SAU,2020-12-06,50
Saudi Arabia,SAU,2020-12-07,50
Saudi Arabia,SAU,2020-12-08,50
Saudi Arabia,SAU,2020-12-09,50
Saudi Arabia,SAU,2020-12-10,50
Saudi Arabia,SAU,2020-12-11,50
Saudi Arabia,SAU,2020-12-12,50
Saudi Arabia,SAU,2020-12-13,50
Saudi Arabia,SAU,2020-12-14,50
Saudi Arabia,SAU,2020-12-15,50
Saudi Arabia,SAU,2020-12-16,50
Saudi Arabia,SAU,2020-12-17,50
Saudi Arabia,SAU,2020-12-18,50
Saudi Arabia,SAU,2020-12-19,50
Saudi Arabia,SAU,2020-12-20,52.78
Saudi Arabia,SAU,2020-12-21,52.78
Saudi Arabia,SAU,2020-12-22,52.78
Saudi Arabia,SAU,2020-12-23,52.78
Saudi Arabia,SAU,2020-12-24,52.78
Saudi Arabia,SAU,2020-12-25,52.78
Saudi Arabia,SAU,2020-12-26,52.78
Saudi Arabia,SAU,2020-12-27,52.78
Saudi Arabia,SAU,2020-12-28,52.78
Saudi Arabia,SAU,2020-12-29,52.78
Saudi Arabia,SAU,2020-12-30,52.78
Saudi Arabia,SAU,2020-12-31,52.78
Saudi Arabia,SAU,2021-01-01,52.78
Saudi Arabia,SAU,2021-01-02,52.78
Saudi Arabia,SAU,2021-01-03,52.78
Saudi Arabia,SAU,2021-01-04,52.78
Saudi Arabia,SAU,2021-01-05,52.78
Saudi Arabia,SAU,2021-01-06,52.78
Saudi Arabia,SAU,2021-01-07,52.78
Saudi Arabia,SAU,2021-01-08,52.78
Saudi Arabia,SAU,2021-01-09,52.78
Saudi Arabia,SAU,2021-01-10,52.78
Saudi Arabia,SAU,2021-01-11,52.78
Saudi Arabia,SAU,2021-01-12,50
Saudi Arabia,SAU,2021-01-13,50
Saudi Arabia,SAU,2021-01-14,50
Saudi Arabia,SAU,2021-01-15,50
Saudi Arabia,SAU,2021-01-16,50
Saudi Arabia,SAU,2021-01-17,50
Saudi Arabia,SAU,2021-01-18,50
Saudi Arabia,SAU,2021-01-19,50
Saudi Arabia,SAU,2021-01-20,50
Saudi Arabia,SAU,2021-01-21,50
Saudi Arabia,SAU,2021-01-22,50
Saudi Arabia,SAU,2021-01-23,50
Saudi Arabia,SAU,2021-01-24,50
Saudi Arabia,SAU,2021-01-25,50
Saudi Arabia,SAU,2021-01-26,50
Saudi Arabia,SAU,2021-01-27,50
Saudi Arabia,SAU,2021-01-28,50
Saudi Arabia,SAU,2021-01-29,50
Saudi Arabia,SAU,2021-01-30,50
Saudi Arabia,SAU,2021-01-31,50
Saudi Arabia,SAU,2021-02-01,50
Saudi Arabia,SAU,2021-02-02,50
Saudi Arabia,SAU,2021-02-03,50
Saudi Arabia,SAU,2021-02-04,50
Saudi Arabia,SAU,2021-02-05,50
Saudi Arabia,SAU,2021-02-06,50
Saudi Arabia,SAU,2021-02-07,50
Saudi Arabia,SAU,2021-02-08,50
Saudi Arabia,SAU,2021-02-09,50
Saudi Arabia,SAU,2021-02-10,50
Saudi Arabia,SAU,2021-02-11,50
Saudi Arabia,SAU,2021-02-12,50
Saudi Arabia,SAU,2021-02-13,50
Saudi Arabia,SAU,2021-02-14,50
Saudi Arabia,SAU,2021-02-15,50
Saudi Arabia,SAU,2021-02-16,50
Saudi Arabia,SAU,2021-02-17,50
Saudi Arabia,SAU,2021-02-18,50
Saudi Arabia,SAU,2021-02-19,50
Saudi Arabia,SAU,2021-02-20,50
Saudi Arabia,SAU,2021-02-21,50
Senegal,SEN,2020-01-01,0
Senegal,SEN,2020-01-02,0
Senegal,SEN,2020-01-03,0
Senegal,SEN,2020-01-04,0
Senegal,SEN,2020-01-05,0
Senegal,SEN,2020-01-06,0
Senegal,SEN,2020-01-07,0
Senegal,SEN,2020-01-08,0
Senegal,SEN,2020-01-09,0
Senegal,SEN,2020-01-10,0
Senegal,SEN,2020-01-11,0
Senegal,SEN,2020-01-12,0
Senegal,SEN,2020-01-13,0
Senegal,SEN,2020-01-14,0
Senegal,SEN,2020-01-15,0
Senegal,SEN,2020-01-16,0
Senegal,SEN,2020-01-17,0
Senegal,SEN,2020-01-18,0
Senegal,SEN,2020-01-19,0
Senegal,SEN,2020-01-20,0
Senegal,SEN,2020-01-21,0
Senegal,SEN,2020-01-22,0
Senegal,SEN,2020-01-23,0
Senegal,SEN,2020-01-24,0
Senegal,SEN,2020-01-25,0
Senegal,SEN,2020-01-26,0
Senegal,SEN,2020-01-27,0
Senegal,SEN,2020-01-28,0
Senegal,SEN,2020-01-29,0
Senegal,SEN,2020-01-30,0
Senegal,SEN,2020-01-31,0
Senegal,SEN,2020-02-01,0
Senegal,SEN,2020-02-02,0
Senegal,SEN,2020-02-03,0
Senegal,SEN,2020-02-04,0
Senegal,SEN,2020-02-05,0
Senegal,SEN,2020-02-06,0
Senegal,SEN,2020-02-07,0
Senegal,SEN,2020-02-08,0
Senegal,SEN,2020-02-09,0
Senegal,SEN,2020-02-10,0
Senegal,SEN,2020-02-11,0
Senegal,SEN,2020-02-12,0
Senegal,SEN,2020-02-13,0
Senegal,SEN,2020-02-14,0
Senegal,SEN,2020-02-15,0
Senegal,SEN,2020-02-16,0
Senegal,SEN,2020-02-17,0
Senegal,SEN,2020-02-18,0
Senegal,SEN,2020-02-19,0
Senegal,SEN,2020-02-20,0
Senegal,SEN,2020-02-21,0
Senegal,SEN,2020-02-22,0
Senegal,SEN,2020-02-23,0
Senegal,SEN,2020-02-24,0
Senegal,SEN,2020-02-25,0
Senegal,SEN,2020-02-26,0
Senegal,SEN,2020-02-27,0
Senegal,SEN,2020-02-28,0
Senegal,SEN,2020-02-29,0
Senegal,SEN,2020-03-01,0
Senegal,SEN,2020-03-02,0
Senegal,SEN,2020-03-03,0
Senegal,SEN,2020-03-04,0
Senegal,SEN,2020-03-05,0
Senegal,SEN,2020-03-06,0
Senegal,SEN,2020-03-07,0
Senegal,SEN,2020-03-08,0
Senegal,SEN,2020-03-09,0
Senegal,SEN,2020-03-10,0
Senegal,SEN,2020-03-11,0
Senegal,SEN,2020-03-12,0
Senegal,SEN,2020-03-13,0
Senegal,SEN,2020-03-14,27.78
Senegal,SEN,2020-03-15,30.56
Senegal,SEN,2020-03-16,41.67
Senegal,SEN,2020-03-17,41.67
Senegal,SEN,2020-03-18,47.22
Senegal,SEN,2020-03-19,47.22
Senegal,SEN,2020-03-20,50
Senegal,SEN,2020-03-21,50
Senegal,SEN,2020-03-22,50
Senegal,SEN,2020-03-23,66.67
Senegal,SEN,2020-03-24,66.67
Senegal,SEN,2020-03-25,77.78
Senegal,SEN,2020-03-26,77.78
Senegal,SEN,2020-03-27,77.78
Senegal,SEN,2020-03-28,77.78
Senegal,SEN,2020-03-29,77.78
Senegal,SEN,2020-03-30,77.78
Senegal,SEN,2020-03-31,77.78
Senegal,SEN,2020-04-01,77.78
Senegal,SEN,2020-04-02,77.78
Senegal,SEN,2020-04-03,77.78
Senegal,SEN,2020-04-04,77.78
Senegal,SEN,2020-04-05,77.78
Senegal,SEN,2020-04-06,77.78
Senegal,SEN,2020-04-07,77.78
Senegal,SEN,2020-04-08,77.78
Senegal,SEN,2020-04-09,77.78
Senegal,SEN,2020-04-10,77.78
Senegal,SEN,2020-04-11,77.78
Senegal,SEN,2020-04-12,77.78
Senegal,SEN,2020-04-13,77.78
Senegal,SEN,2020-04-14,77.78
Senegal,SEN,2020-04-15,77.78
Senegal,SEN,2020-04-16,77.78
Senegal,SEN,2020-04-17,77.78
Senegal,SEN,2020-04-18,77.78
Senegal,SEN,2020-04-19,77.78
Senegal,SEN,2020-04-20,77.78
Senegal,SEN,2020-04-21,77.78
Senegal,SEN,2020-04-22,77.78
Senegal,SEN,2020-04-23,77.78
Senegal,SEN,2020-04-24,77.78
Senegal,SEN,2020-04-25,77.78
Senegal,SEN,2020-04-26,77.78
Senegal,SEN,2020-04-27,77.78
Senegal,SEN,2020-04-28,77.78
Senegal,SEN,2020-04-29,77.78
Senegal,SEN,2020-04-30,77.78
Senegal,SEN,2020-05-01,77.78
Senegal,SEN,2020-05-02,77.78
Senegal,SEN,2020-05-03,77.78
Senegal,SEN,2020-05-04,77.78
Senegal,SEN,2020-05-05,77.78
Senegal,SEN,2020-05-06,77.78
Senegal,SEN,2020-05-07,77.78
Senegal,SEN,2020-05-08,77.78
Senegal,SEN,2020-05-09,77.78
Senegal,SEN,2020-05-10,77.78
Senegal,SEN,2020-05-11,72.22
Senegal,SEN,2020-05-12,72.22
Senegal,SEN,2020-05-13,72.22
Senegal,SEN,2020-05-14,72.22
Senegal,SEN,2020-05-15,72.22
Senegal,SEN,2020-05-16,72.22
Senegal,SEN,2020-05-17,72.22
Senegal,SEN,2020-05-18,72.22
Senegal,SEN,2020-05-19,72.22
Senegal,SEN,2020-05-20,72.22
Senegal,SEN,2020-05-21,72.22
Senegal,SEN,2020-05-22,72.22
Senegal,SEN,2020-05-23,72.22
Senegal,SEN,2020-05-24,72.22
Senegal,SEN,2020-05-25,72.22
Senegal,SEN,2020-05-26,72.22
Senegal,SEN,2020-05-27,72.22
Senegal,SEN,2020-05-28,72.22
Senegal,SEN,2020-05-29,72.22
Senegal,SEN,2020-05-30,72.22
Senegal,SEN,2020-05-31,72.22
Senegal,SEN,2020-06-01,72.22
Senegal,SEN,2020-06-02,72.22
Senegal,SEN,2020-06-03,72.22
Senegal,SEN,2020-06-04,72.22
Senegal,SEN,2020-06-05,72.22
Senegal,SEN,2020-06-06,72.22
Senegal,SEN,2020-06-07,61.11
Senegal,SEN,2020-06-08,61.11
Senegal,SEN,2020-06-09,61.11
Senegal,SEN,2020-06-10,61.11
Senegal,SEN,2020-06-11,61.11
Senegal,SEN,2020-06-12,61.11
Senegal,SEN,2020-06-13,61.11
Senegal,SEN,2020-06-14,61.11
Senegal,SEN,2020-06-15,61.11
Senegal,SEN,2020-06-16,61.11
Senegal,SEN,2020-06-17,61.11
Senegal,SEN,2020-06-18,61.11
Senegal,SEN,2020-06-19,61.11
Senegal,SEN,2020-06-20,61.11
Senegal,SEN,2020-06-21,61.11
Senegal,SEN,2020-06-22,61.11
Senegal,SEN,2020-06-23,61.11
Senegal,SEN,2020-06-24,61.11
Senegal,SEN,2020-06-25,57.41
Senegal,SEN,2020-06-26,57.41
Senegal,SEN,2020-06-27,57.41
Senegal,SEN,2020-06-28,57.41
Senegal,SEN,2020-06-29,57.41
Senegal,SEN,2020-06-30,46.3
Senegal,SEN,2020-07-01,46.3
Senegal,SEN,2020-07-02,46.3
Senegal,SEN,2020-07-03,46.3
Senegal,SEN,2020-07-04,46.3
Senegal,SEN,2020-07-05,46.3
Senegal,SEN,2020-07-06,46.3
Senegal,SEN,2020-07-07,46.3
Senegal,SEN,2020-07-08,46.3
Senegal,SEN,2020-07-09,46.3
Senegal,SEN,2020-07-10,46.3
Senegal,SEN,2020-07-11,46.3
Senegal,SEN,2020-07-12,46.3
Senegal,SEN,2020-07-13,46.3
Senegal,SEN,2020-07-14,46.3
Senegal,SEN,2020-07-15,46.3
Senegal,SEN,2020-07-16,46.3
Senegal,SEN,2020-07-17,32.41
Senegal,SEN,2020-07-18,32.41
Senegal,SEN,2020-07-19,32.41
Senegal,SEN,2020-07-20,32.41
Senegal,SEN,2020-07-21,32.41
Senegal,SEN,2020-07-22,32.41
Senegal,SEN,2020-07-23,32.41
Senegal,SEN,2020-07-24,32.41
Senegal,SEN,2020-07-25,32.41
Senegal,SEN,2020-07-26,32.41
Senegal,SEN,2020-07-27,32.41
Senegal,SEN,2020-07-28,32.41
Senegal,SEN,2020-07-29,32.41
Senegal,SEN,2020-07-30,32.41
Senegal,SEN,2020-07-31,32.41
Senegal,SEN,2020-08-01,32.41
Senegal,SEN,2020-08-02,32.41
Senegal,SEN,2020-08-03,32.41
Senegal,SEN,2020-08-04,32.41
Senegal,SEN,2020-08-05,32.41
Senegal,SEN,2020-08-06,32.41
Senegal,SEN,2020-08-07,32.41
Senegal,SEN,2020-08-08,32.41
Senegal,SEN,2020-08-09,32.41
Senegal,SEN,2020-08-10,32.41
Senegal,SEN,2020-08-11,32.41
Senegal,SEN,2020-08-12,32.41
Senegal,SEN,2020-08-13,32.41
Senegal,SEN,2020-08-14,32.41
Senegal,SEN,2020-08-15,32.41
Senegal,SEN,2020-08-16,37.96
Senegal,SEN,2020-08-17,37.96
Senegal,SEN,2020-08-18,37.96
Senegal,SEN,2020-08-19,37.96
Senegal,SEN,2020-08-20,37.96
Senegal,SEN,2020-08-21,37.96
Senegal,SEN,2020-08-22,37.96
Senegal,SEN,2020-08-23,37.96
Senegal,SEN,2020-08-24,37.96
Senegal,SEN,2020-08-25,37.96
Senegal,SEN,2020-08-26,37.96
Senegal,SEN,2020-08-27,37.96
Senegal,SEN,2020-08-28,37.96
Senegal,SEN,2020-08-29,37.96
Senegal,SEN,2020-08-30,37.96
Senegal,SEN,2020-08-31,37.96
Senegal,SEN,2020-09-01,37.96
Senegal,SEN,2020-09-02,37.96
Senegal,SEN,2020-09-03,37.96
Senegal,SEN,2020-09-04,37.96
Senegal,SEN,2020-09-05,37.96
Senegal,SEN,2020-09-06,37.96
Senegal,SEN,2020-09-07,37.96
Senegal,SEN,2020-09-08,37.96
Senegal,SEN,2020-09-09,37.96
Senegal,SEN,2020-09-10,37.96
Senegal,SEN,2020-09-11,37.96
Senegal,SEN,2020-09-12,37.96
Senegal,SEN,2020-09-13,37.96
Senegal,SEN,2020-09-14,37.96
Senegal,SEN,2020-09-15,37.96
Senegal,SEN,2020-09-16,37.96
Senegal,SEN,2020-09-17,37.96
Senegal,SEN,2020-09-18,43.52
Senegal,SEN,2020-09-19,43.52
Senegal,SEN,2020-09-20,43.52
Senegal,SEN,2020-09-21,43.52
Senegal,SEN,2020-09-22,43.52
Senegal,SEN,2020-09-23,43.52
Senegal,SEN,2020-09-24,43.52
Senegal,SEN,2020-09-25,43.52
Senegal,SEN,2020-09-26,43.52
Senegal,SEN,2020-09-27,43.52
Senegal,SEN,2020-09-28,40.74
Senegal,SEN,2020-09-29,40.74
Senegal,SEN,2020-09-30,40.74
Senegal,SEN,2020-10-01,40.74
Senegal,SEN,2020-10-02,40.74
Senegal,SEN,2020-10-03,40.74
Senegal,SEN,2020-10-04,40.74
Senegal,SEN,2020-10-05,40.74
Senegal,SEN,2020-10-06,40.74
Senegal,SEN,2020-10-07,40.74
Senegal,SEN,2020-10-08,40.74
Senegal,SEN,2020-10-09,40.74
Senegal,SEN,2020-10-10,40.74
Senegal,SEN,2020-10-11,40.74
Senegal,SEN,2020-10-12,40.74
Senegal,SEN,2020-10-13,40.74
Senegal,SEN,2020-10-14,40.74
Senegal,SEN,2020-10-15,40.74
Senegal,SEN,2020-10-16,43.52
Senegal,SEN,2020-10-17,43.52
Senegal,SEN,2020-10-18,43.52
Senegal,SEN,2020-10-19,45.37
Senegal,SEN,2020-10-20,45.37
Senegal,SEN,2020-10-21,45.37
Senegal,SEN,2020-10-22,45.37
Senegal,SEN,2020-10-23,37.96
Senegal,SEN,2020-10-24,37.96
Senegal,SEN,2020-10-25,37.96
Senegal,SEN,2020-10-26,37.96
Senegal,SEN,2020-10-27,37.96
Senegal,SEN,2020-10-28,37.96
Senegal,SEN,2020-10-29,37.96
Senegal,SEN,2020-10-30,37.96
Senegal,SEN,2020-10-31,37.96
Senegal,SEN,2020-11-01,37.96
Senegal,SEN,2020-11-02,37.96
Senegal,SEN,2020-11-03,37.96
Senegal,SEN,2020-11-04,37.96
Senegal,SEN,2020-11-05,37.96
Senegal,SEN,2020-11-06,37.96
Senegal,SEN,2020-11-07,37.96
Senegal,SEN,2020-11-08,37.96
Senegal,SEN,2020-11-09,37.96
Senegal,SEN,2020-11-10,37.96
Senegal,SEN,2020-11-11,37.96
Senegal,SEN,2020-11-12,30.56
Senegal,SEN,2020-11-13,30.56
Senegal,SEN,2020-11-14,30.56
Senegal,SEN,2020-11-15,30.56
Senegal,SEN,2020-11-16,30.56
Senegal,SEN,2020-11-17,30.56
Senegal,SEN,2020-11-18,30.56
Senegal,SEN,2020-11-19,30.56
Senegal,SEN,2020-11-20,30.56
Senegal,SEN,2020-11-21,30.56
Senegal,SEN,2020-11-22,30.56
Senegal,SEN,2020-11-23,30.56
Senegal,SEN,2020-11-24,30.56
Senegal,SEN,2020-11-25,30.56
Senegal,SEN,2020-11-26,30.56
Senegal,SEN,2020-11-27,30.56
Senegal,SEN,2020-11-28,30.56
Senegal,SEN,2020-11-29,30.56
Senegal,SEN,2020-11-30,30.56
Senegal,SEN,2020-12-01,30.56
Senegal,SEN,2020-12-02,30.56
Senegal,SEN,2020-12-03,30.56
Senegal,SEN,2020-12-04,30.56
Senegal,SEN,2020-12-05,30.56
Senegal,SEN,2020-12-06,30.56
Senegal,SEN,2020-12-07,30.56
Senegal,SEN,2020-12-08,30.56
Senegal,SEN,2020-12-09,30.56
Senegal,SEN,2020-12-10,43.52
Senegal,SEN,2020-12-11,43.52
Senegal,SEN,2020-12-12,43.52
Senegal,SEN,2020-12-13,43.52
Senegal,SEN,2020-12-14,43.52
Senegal,SEN,2020-12-15,43.52
Senegal,SEN,2020-12-16,43.52
Senegal,SEN,2020-12-17,43.52
Senegal,SEN,2020-12-18,43.52
Senegal,SEN,2020-12-19,43.52
Senegal,SEN,2020-12-20,43.52
Senegal,SEN,2020-12-21,43.52
Senegal,SEN,2020-12-22,43.52
Senegal,SEN,2020-12-23,43.52
Senegal,SEN,2020-12-24,43.52
Senegal,SEN,2020-12-25,43.52
Senegal,SEN,2020-12-26,43.52
Senegal,SEN,2020-12-27,43.52
Senegal,SEN,2020-12-28,43.52
Senegal,SEN,2020-12-29,43.52
Senegal,SEN,2020-12-30,43.52
Senegal,SEN,2020-12-31,43.52
Senegal,SEN,2021-01-01,43.52
Senegal,SEN,2021-01-02,43.52
Senegal,SEN,2021-01-03,43.52
Senegal,SEN,2021-01-04,43.52
Senegal,SEN,2021-01-05,43.52
Senegal,SEN,2021-01-06,57.41
Senegal,SEN,2021-01-07,58.8
Senegal,SEN,2021-01-08,58.8
Senegal,SEN,2021-01-09,58.8
Senegal,SEN,2021-01-10,58.8
Senegal,SEN,2021-01-11,58.8
Senegal,SEN,2021-01-12,50.46
Senegal,SEN,2021-01-13,50.46
Senegal,SEN,2021-01-14,50.46
Senegal,SEN,2021-01-15,50.46
Senegal,SEN,2021-01-16,50.46
Senegal,SEN,2021-01-17,50.46
Senegal,SEN,2021-01-18,50.46
Senegal,SEN,2021-01-19,50.46
Senegal,SEN,2021-01-20,50.46
Senegal,SEN,2021-01-21,50.46
Senegal,SEN,2021-01-22,50.46
Senegal,SEN,2021-01-23,50.46
Senegal,SEN,2021-01-24,50.46
Senegal,SEN,2021-01-25,50.46
Senegal,SEN,2021-01-26,50.46
Senegal,SEN,2021-01-27,50.46
Senegal,SEN,2021-01-28,50.46
Senegal,SEN,2021-01-29,50.46
Senegal,SEN,2021-01-30,50.46
Senegal,SEN,2021-01-31,50.46
Senegal,SEN,2021-02-01,50.46
Senegal,SEN,2021-02-02,50.46
Senegal,SEN,2021-02-03,50.46
Senegal,SEN,2021-02-04,50.46
Senegal,SEN,2021-02-05,50.46
Senegal,SEN,2021-02-06,50.46
Senegal,SEN,2021-02-07,50.46
Senegal,SEN,2021-02-08,50.46
Senegal,SEN,2021-02-09,50.46
Senegal,SEN,2021-02-10,50.46
Senegal,SEN,2021-02-11,50.46
Senegal,SEN,2021-02-12,50.46
Senegal,SEN,2021-02-13,50.46
Senegal,SEN,2021-02-14,50.46
Senegal,SEN,2021-02-15,50.46
Senegal,SEN,2021-02-16,50.46
Senegal,SEN,2021-02-17,50.46
Senegal,SEN,2021-02-18,50.46
Senegal,SEN,2021-02-19,50.46
Senegal,SEN,2021-02-20,50.46
Senegal,SEN,2021-02-21,50.46
Senegal,SEN,2021-02-22,50.46
Senegal,SEN,2021-02-23,50.46
Senegal,SEN,2021-02-24,50.46
Senegal,SEN,2021-02-25,43.06
Senegal,SEN,2021-02-26,43.06
Senegal,SEN,2021-02-27,43.06
Senegal,SEN,2021-02-28,43.06
Senegal,SEN,2021-03-01,43.06
Senegal,SEN,2021-03-02,43.06
Senegal,SEN,2021-03-03,43.06
Senegal,SEN,2021-03-04,43.06
Senegal,SEN,2021-03-05,43.06
Senegal,SEN,2021-03-06,43.06
Senegal,SEN,2021-03-07,43.06
Senegal,SEN,2021-03-08,43.06
Serbia,SRB,2020-01-01,0
Serbia,SRB,2020-01-02,0
Serbia,SRB,2020-01-03,0
Serbia,SRB,2020-01-04,0
Serbia,SRB,2020-01-05,0
Serbia,SRB,2020-01-06,0
Serbia,SRB,2020-01-07,0
Serbia,SRB,2020-01-08,0
Serbia,SRB,2020-01-09,0
Serbia,SRB,2020-01-10,0
Serbia,SRB,2020-01-11,0
Serbia,SRB,2020-01-12,0
Serbia,SRB,2020-01-13,0
Serbia,SRB,2020-01-14,0
Serbia,SRB,2020-01-15,0
Serbia,SRB,2020-01-16,0
Serbia,SRB,2020-01-17,0
Serbia,SRB,2020-01-18,0
Serbia,SRB,2020-01-19,0
Serbia,SRB,2020-01-20,0
Serbia,SRB,2020-01-21,0
Serbia,SRB,2020-01-22,2.78
Serbia,SRB,2020-01-23,2.78
Serbia,SRB,2020-01-24,2.78
Serbia,SRB,2020-01-25,2.78
Serbia,SRB,2020-01-26,2.78
Serbia,SRB,2020-01-27,2.78
Serbia,SRB,2020-01-28,2.78
Serbia,SRB,2020-01-29,2.78
Serbia,SRB,2020-01-30,2.78
Serbia,SRB,2020-01-31,2.78
Serbia,SRB,2020-02-01,2.78
Serbia,SRB,2020-02-02,2.78
Serbia,SRB,2020-02-03,2.78
Serbia,SRB,2020-02-04,2.78
Serbia,SRB,2020-02-05,2.78
Serbia,SRB,2020-02-06,2.78
Serbia,SRB,2020-02-07,2.78
Serbia,SRB,2020-02-08,2.78
Serbia,SRB,2020-02-09,2.78
Serbia,SRB,2020-02-10,2.78
Serbia,SRB,2020-02-11,2.78
Serbia,SRB,2020-02-12,2.78
Serbia,SRB,2020-02-13,2.78
Serbia,SRB,2020-02-14,2.78
Serbia,SRB,2020-02-15,2.78
Serbia,SRB,2020-02-16,2.78
Serbia,SRB,2020-02-17,2.78
Serbia,SRB,2020-02-18,2.78
Serbia,SRB,2020-02-19,2.78
Serbia,SRB,2020-02-20,2.78
Serbia,SRB,2020-02-21,2.78
Serbia,SRB,2020-02-22,2.78
Serbia,SRB,2020-02-23,2.78
Serbia,SRB,2020-02-24,2.78
Serbia,SRB,2020-02-25,13.89
Serbia,SRB,2020-02-26,13.89
Serbia,SRB,2020-02-27,13.89
Serbia,SRB,2020-02-28,13.89
Serbia,SRB,2020-02-29,13.89
Serbia,SRB,2020-03-01,13.89
Serbia,SRB,2020-03-02,13.89
Serbia,SRB,2020-03-03,13.89
Serbia,SRB,2020-03-04,13.89
Serbia,SRB,2020-03-05,13.89
Serbia,SRB,2020-03-06,13.89
Serbia,SRB,2020-03-07,13.89
Serbia,SRB,2020-03-08,13.89
Serbia,SRB,2020-03-09,13.89
Serbia,SRB,2020-03-10,13.89
Serbia,SRB,2020-03-11,25
Serbia,SRB,2020-03-12,25
Serbia,SRB,2020-03-13,25
Serbia,SRB,2020-03-14,25
Serbia,SRB,2020-03-15,49.07
Serbia,SRB,2020-03-16,66.67
Serbia,SRB,2020-03-17,66.67
Serbia,SRB,2020-03-18,81.48
Serbia,SRB,2020-03-19,81.48
Serbia,SRB,2020-03-20,81.48
Serbia,SRB,2020-03-21,100
Serbia,SRB,2020-03-22,100
Serbia,SRB,2020-03-23,100
Serbia,SRB,2020-03-24,100
Serbia,SRB,2020-03-25,100
Serbia,SRB,2020-03-26,100
Serbia,SRB,2020-03-27,100
Serbia,SRB,2020-03-28,100
Serbia,SRB,2020-03-29,100
Serbia,SRB,2020-03-30,100
Serbia,SRB,2020-03-31,100
Serbia,SRB,2020-04-01,100
Serbia,SRB,2020-04-02,100
Serbia,SRB,2020-04-03,100
Serbia,SRB,2020-04-04,100
Serbia,SRB,2020-04-05,100
Serbia,SRB,2020-04-06,100
Serbia,SRB,2020-04-07,100
Serbia,SRB,2020-04-08,100
Serbia,SRB,2020-04-09,100
Serbia,SRB,2020-04-10,100
Serbia,SRB,2020-04-11,100
Serbia,SRB,2020-04-12,100
Serbia,SRB,2020-04-13,100
Serbia,SRB,2020-04-14,100
Serbia,SRB,2020-04-15,100
Serbia,SRB,2020-04-16,100
Serbia,SRB,2020-04-17,100
Serbia,SRB,2020-04-18,100
Serbia,SRB,2020-04-19,100
Serbia,SRB,2020-04-20,100
Serbia,SRB,2020-04-21,96.3
Serbia,SRB,2020-04-22,96.3
Serbia,SRB,2020-04-23,96.3
Serbia,SRB,2020-04-24,96.3
Serbia,SRB,2020-04-25,96.3
Serbia,SRB,2020-04-26,96.3
Serbia,SRB,2020-04-27,93.52
Serbia,SRB,2020-04-28,93.52
Serbia,SRB,2020-04-29,93.52
Serbia,SRB,2020-04-30,96.3
Serbia,SRB,2020-05-01,96.3
Serbia,SRB,2020-05-02,96.3
Serbia,SRB,2020-05-03,96.3
Serbia,SRB,2020-05-04,96.3
Serbia,SRB,2020-05-05,93.52
Serbia,SRB,2020-05-06,93.52
Serbia,SRB,2020-05-07,86.11
Serbia,SRB,2020-05-08,86.11
Serbia,SRB,2020-05-09,86.11
Serbia,SRB,2020-05-10,86.11
Serbia,SRB,2020-05-11,86.11
Serbia,SRB,2020-05-12,86.11
Serbia,SRB,2020-05-13,86.11
Serbia,SRB,2020-05-14,86.11
Serbia,SRB,2020-05-15,86.11
Serbia,SRB,2020-05-16,86.11
Serbia,SRB,2020-05-17,51.85
Serbia,SRB,2020-05-18,51.85
Serbia,SRB,2020-05-19,51.85
Serbia,SRB,2020-05-20,51.85
Serbia,SRB,2020-05-21,51.85
Serbia,SRB,2020-05-22,49.07
Serbia,SRB,2020-05-23,49.07
Serbia,SRB,2020-05-24,49.07
Serbia,SRB,2020-05-25,49.07
Serbia,SRB,2020-05-26,49.07
Serbia,SRB,2020-05-27,49.07
Serbia,SRB,2020-05-28,49.07
Serbia,SRB,2020-05-29,49.07
Serbia,SRB,2020-05-30,49.07
Serbia,SRB,2020-05-31,49.07
Serbia,SRB,2020-06-01,43.52
Serbia,SRB,2020-06-02,43.52
Serbia,SRB,2020-06-03,43.52
Serbia,SRB,2020-06-04,43.52
Serbia,SRB,2020-06-05,43.52
Serbia,SRB,2020-06-06,27.78
Serbia,SRB,2020-06-07,27.78
Serbia,SRB,2020-06-08,27.78
Serbia,SRB,2020-06-09,27.78
Serbia,SRB,2020-06-10,27.78
Serbia,SRB,2020-06-11,27.78
Serbia,SRB,2020-06-12,27.78
Serbia,SRB,2020-06-13,27.78
Serbia,SRB,2020-06-14,27.78
Serbia,SRB,2020-06-15,27.78
Serbia,SRB,2020-06-16,27.78
Serbia,SRB,2020-06-17,27.78
Serbia,SRB,2020-06-18,27.78
Serbia,SRB,2020-06-19,27.78
Serbia,SRB,2020-06-20,27.78
Serbia,SRB,2020-06-21,27.78
Serbia,SRB,2020-06-22,27.78
Serbia,SRB,2020-06-23,27.78
Serbia,SRB,2020-06-24,27.78
Serbia,SRB,2020-06-25,27.78
Serbia,SRB,2020-06-26,27.78
Serbia,SRB,2020-06-27,27.78
Serbia,SRB,2020-06-28,27.78
Serbia,SRB,2020-06-29,25.93
Serbia,SRB,2020-06-30,25.93
Serbia,SRB,2020-07-01,38.89
Serbia,SRB,2020-07-02,38.89
Serbia,SRB,2020-07-03,38.89
Serbia,SRB,2020-07-04,38.89
Serbia,SRB,2020-07-05,38.89
Serbia,SRB,2020-07-06,38.89
Serbia,SRB,2020-07-07,38.89
Serbia,SRB,2020-07-08,38.89
Serbia,SRB,2020-07-09,38.89
Serbia,SRB,2020-07-10,44.44
Serbia,SRB,2020-07-11,44.44
Serbia,SRB,2020-07-12,44.44
Serbia,SRB,2020-07-13,44.44
Serbia,SRB,2020-07-14,44.44
Serbia,SRB,2020-07-15,44.44
Serbia,SRB,2020-07-16,44.44
Serbia,SRB,2020-07-17,55.56
Serbia,SRB,2020-07-18,55.56
Serbia,SRB,2020-07-19,55.56
Serbia,SRB,2020-07-20,55.56
Serbia,SRB,2020-07-21,55.56
Serbia,SRB,2020-07-22,55.56
Serbia,SRB,2020-07-23,55.56
Serbia,SRB,2020-07-24,55.56
Serbia,SRB,2020-07-25,55.56
Serbia,SRB,2020-07-26,55.56
Serbia,SRB,2020-07-27,55.56
Serbia,SRB,2020-07-28,55.56
Serbia,SRB,2020-07-29,55.56
Serbia,SRB,2020-07-30,55.56
Serbia,SRB,2020-07-31,55.56
Serbia,SRB,2020-08-01,55.56
Serbia,SRB,2020-08-02,55.56
Serbia,SRB,2020-08-03,55.56
Serbia,SRB,2020-08-04,55.56
Serbia,SRB,2020-08-05,55.56
Serbia,SRB,2020-08-06,55.56
Serbia,SRB,2020-08-07,55.56
Serbia,SRB,2020-08-08,55.56
Serbia,SRB,2020-08-09,55.56
Serbia,SRB,2020-08-10,55.56
Serbia,SRB,2020-08-11,55.56
Serbia,SRB,2020-08-12,55.56
Serbia,SRB,2020-08-13,55.56
Serbia,SRB,2020-08-14,55.56
Serbia,SRB,2020-08-15,58.33
Serbia,SRB,2020-08-16,58.33
Serbia,SRB,2020-08-17,58.33
Serbia,SRB,2020-08-18,58.33
Serbia,SRB,2020-08-19,58.33
Serbia,SRB,2020-08-20,58.33
Serbia,SRB,2020-08-21,58.33
Serbia,SRB,2020-08-22,58.33
Serbia,SRB,2020-08-23,58.33
Serbia,SRB,2020-08-24,58.33
Serbia,SRB,2020-08-25,58.33
Serbia,SRB,2020-08-26,58.33
Serbia,SRB,2020-08-27,58.33
Serbia,SRB,2020-08-28,58.33
Serbia,SRB,2020-08-29,58.33
Serbia,SRB,2020-08-30,58.33
Serbia,SRB,2020-08-31,58.33
Serbia,SRB,2020-09-01,54.63
Serbia,SRB,2020-09-02,54.63
Serbia,SRB,2020-09-03,54.63
Serbia,SRB,2020-09-04,54.63
Serbia,SRB,2020-09-05,54.63
Serbia,SRB,2020-09-06,54.63
Serbia,SRB,2020-09-07,54.63
Serbia,SRB,2020-09-08,54.63
Serbia,SRB,2020-09-09,54.63
Serbia,SRB,2020-09-10,54.63
Serbia,SRB,2020-09-11,54.63
Serbia,SRB,2020-09-12,54.63
Serbia,SRB,2020-09-13,54.63
Serbia,SRB,2020-09-14,54.63
Serbia,SRB,2020-09-15,54.63
Serbia,SRB,2020-09-16,54.63
Serbia,SRB,2020-09-17,54.63
Serbia,SRB,2020-09-18,54.63
Serbia,SRB,2020-09-19,54.63
Serbia,SRB,2020-09-20,54.63
Serbia,SRB,2020-09-21,54.63
Serbia,SRB,2020-09-22,54.63
Serbia,SRB,2020-09-23,54.63
Serbia,SRB,2020-09-24,54.63
Serbia,SRB,2020-09-25,54.63
Serbia,SRB,2020-09-26,54.63
Serbia,SRB,2020-09-27,54.63
Serbia,SRB,2020-09-28,54.63
Serbia,SRB,2020-09-29,54.63
Serbia,SRB,2020-09-30,54.63
Serbia,SRB,2020-10-01,54.63
Serbia,SRB,2020-10-02,54.63
Serbia,SRB,2020-10-03,54.63
Serbia,SRB,2020-10-04,54.63
Serbia,SRB,2020-10-05,54.63
Serbia,SRB,2020-10-06,54.63
Serbia,SRB,2020-10-07,54.63
Serbia,SRB,2020-10-08,54.63
Serbia,SRB,2020-10-09,54.63
Serbia,SRB,2020-10-10,54.63
Serbia,SRB,2020-10-11,54.63
Serbia,SRB,2020-10-12,54.63
Serbia,SRB,2020-10-13,54.63
Serbia,SRB,2020-10-14,54.63
Serbia,SRB,2020-10-15,54.63
Serbia,SRB,2020-10-16,54.63
Serbia,SRB,2020-10-17,54.63
Serbia,SRB,2020-10-18,54.63
Serbia,SRB,2020-10-19,54.63
Serbia,SRB,2020-10-20,54.63
Serbia,SRB,2020-10-21,54.63
Serbia,SRB,2020-10-22,54.63
Serbia,SRB,2020-10-23,54.63
Serbia,SRB,2020-10-24,54.63
Serbia,SRB,2020-10-25,51.85
Serbia,SRB,2020-10-26,51.85
Serbia,SRB,2020-10-27,51.85
Serbia,SRB,2020-10-28,51.85
Serbia,SRB,2020-10-29,51.85
Serbia,SRB,2020-10-30,51.85
Serbia,SRB,2020-10-31,51.85
Serbia,SRB,2020-11-01,51.85
Serbia,SRB,2020-11-02,51.85
Serbia,SRB,2020-11-03,51.85
Serbia,SRB,2020-11-04,51.85
Serbia,SRB,2020-11-05,51.85
Serbia,SRB,2020-11-06,54.63
Serbia,SRB,2020-11-07,54.63
Serbia,SRB,2020-11-08,54.63
Serbia,SRB,2020-11-09,54.63
Serbia,SRB,2020-11-10,54.63
Serbia,SRB,2020-11-11,54.63
Serbia,SRB,2020-11-12,54.63
Serbia,SRB,2020-11-13,54.63
Serbia,SRB,2020-11-14,54.63
Serbia,SRB,2020-11-15,54.63
Serbia,SRB,2020-11-16,54.63
Serbia,SRB,2020-11-17,54.63
Serbia,SRB,2020-11-18,54.63
Serbia,SRB,2020-11-19,54.63
Serbia,SRB,2020-11-20,54.63
Serbia,SRB,2020-11-21,54.63
Serbia,SRB,2020-11-22,54.63
Serbia,SRB,2020-11-23,54.63
Serbia,SRB,2020-11-24,56.48
Serbia,SRB,2020-11-25,60.19
Serbia,SRB,2020-11-26,60.19
Serbia,SRB,2020-11-27,60.19
Serbia,SRB,2020-11-28,60.19
Serbia,SRB,2020-11-29,60.19
Serbia,SRB,2020-11-30,60.19
Serbia,SRB,2020-12-01,60.19
Serbia,SRB,2020-12-02,60.19
Serbia,SRB,2020-12-03,60.19
Serbia,SRB,2020-12-04,60.19
Serbia,SRB,2020-12-05,60.19
Serbia,SRB,2020-12-06,60.19
Serbia,SRB,2020-12-07,60.19
Serbia,SRB,2020-12-08,60.19
Serbia,SRB,2020-12-09,60.19
Serbia,SRB,2020-12-10,60.19
Serbia,SRB,2020-12-11,60.19
Serbia,SRB,2020-12-12,60.19
Serbia,SRB,2020-12-13,60.19
Serbia,SRB,2020-12-14,60.19
Serbia,SRB,2020-12-15,60.19
Serbia,SRB,2020-12-16,60.19
Serbia,SRB,2020-12-17,60.19
Serbia,SRB,2020-12-18,60.19
Serbia,SRB,2020-12-19,60.19
Serbia,SRB,2020-12-20,60.19
Serbia,SRB,2020-12-21,60.19
Serbia,SRB,2020-12-22,60.19
Serbia,SRB,2020-12-23,60.19
Serbia,SRB,2020-12-24,60.19
Serbia,SRB,2020-12-25,60.19
Serbia,SRB,2020-12-26,60.19
Serbia,SRB,2020-12-27,60.19
Serbia,SRB,2020-12-28,60.19
Serbia,SRB,2020-12-29,60.19
Serbia,SRB,2020-12-30,60.19
Serbia,SRB,2020-12-31,60.19
Serbia,SRB,2021-01-01,60.19
Serbia,SRB,2021-01-02,60.19
Serbia,SRB,2021-01-03,60.19
Serbia,SRB,2021-01-04,60.19
Serbia,SRB,2021-01-05,60.19
Serbia,SRB,2021-01-06,60.19
Serbia,SRB,2021-01-07,60.19
Serbia,SRB,2021-01-08,60.19
Serbia,SRB,2021-01-09,60.19
Serbia,SRB,2021-01-10,60.19
Serbia,SRB,2021-01-11,60.19
Serbia,SRB,2021-01-12,60.19
Serbia,SRB,2021-01-13,60.19
Serbia,SRB,2021-01-14,60.19
Serbia,SRB,2021-01-15,60.19
Serbia,SRB,2021-01-16,60.19
Serbia,SRB,2021-01-17,60.19
Serbia,SRB,2021-01-18,56.48
Serbia,SRB,2021-01-19,56.48
Serbia,SRB,2021-01-20,56.48
Serbia,SRB,2021-01-21,56.48
Serbia,SRB,2021-01-22,56.48
Serbia,SRB,2021-01-23,56.48
Serbia,SRB,2021-01-24,56.48
Serbia,SRB,2021-01-25,56.48
Serbia,SRB,2021-01-26,56.48
Serbia,SRB,2021-01-27,56.48
Serbia,SRB,2021-01-28,56.48
Serbia,SRB,2021-01-29,56.48
Serbia,SRB,2021-01-30,56.48
Serbia,SRB,2021-01-31,56.48
Serbia,SRB,2021-02-01,56.48
Serbia,SRB,2021-02-02,56.48
Serbia,SRB,2021-02-03,56.48
Serbia,SRB,2021-02-04,56.48
Serbia,SRB,2021-02-05,56.48
Serbia,SRB,2021-02-06,56.48
Serbia,SRB,2021-02-07,56.48
Serbia,SRB,2021-02-08,56.48
Serbia,SRB,2021-02-09,56.48
Serbia,SRB,2021-02-10,56.48
Serbia,SRB,2021-02-11,56.48
Serbia,SRB,2021-02-12,56.48
Serbia,SRB,2021-02-13,56.48
Serbia,SRB,2021-02-14,56.48
Serbia,SRB,2021-02-15,56.48
Serbia,SRB,2021-02-16,56.48
Serbia,SRB,2021-02-17,56.48
Serbia,SRB,2021-02-18,56.48
Serbia,SRB,2021-02-19,56.48
Serbia,SRB,2021-02-20,56.48
Serbia,SRB,2021-02-21,56.48
Serbia,SRB,2021-02-22,56.48
Serbia,SRB,2021-02-23,56.48
Serbia,SRB,2021-02-24,56.48
Serbia,SRB,2021-02-25,56.48
Serbia,SRB,2021-02-26,56.48
Serbia,SRB,2021-02-27,56.48
Serbia,SRB,2021-02-28,56.48
Serbia,SRB,2021-03-01,56.48
Serbia,SRB,2021-03-02,56.48
Serbia,SRB,2021-03-03,56.48
Serbia,SRB,2021-03-04,56.48
Serbia,SRB,2021-03-05,56.48
Serbia,SRB,2021-03-06,56.48
Serbia,SRB,2021-03-07,56.48
Seychelles,SYC,2020-01-01,0
Seychelles,SYC,2020-01-02,0
Seychelles,SYC,2020-01-03,0
Seychelles,SYC,2020-01-04,0
Seychelles,SYC,2020-01-05,0
Seychelles,SYC,2020-01-06,0
Seychelles,SYC,2020-01-07,0
Seychelles,SYC,2020-01-08,0
Seychelles,SYC,2020-01-09,0
Seychelles,SYC,2020-01-10,0
Seychelles,SYC,2020-01-11,0
Seychelles,SYC,2020-01-12,0
Seychelles,SYC,2020-01-13,0
Seychelles,SYC,2020-01-14,0
Seychelles,SYC,2020-01-15,0
Seychelles,SYC,2020-01-16,0
Seychelles,SYC,2020-01-17,0
Seychelles,SYC,2020-01-18,0
Seychelles,SYC,2020-01-19,0
Seychelles,SYC,2020-01-20,0
Seychelles,SYC,2020-01-21,0
Seychelles,SYC,2020-01-22,0
Seychelles,SYC,2020-01-23,0
Seychelles,SYC,2020-01-24,0
Seychelles,SYC,2020-01-25,0
Seychelles,SYC,2020-01-26,0
Seychelles,SYC,2020-01-27,0
Seychelles,SYC,2020-01-28,0
Seychelles,SYC,2020-01-29,11.11
Seychelles,SYC,2020-01-30,11.11
Seychelles,SYC,2020-01-31,11.11
Seychelles,SYC,2020-02-01,11.11
Seychelles,SYC,2020-02-02,11.11
Seychelles,SYC,2020-02-03,11.11
Seychelles,SYC,2020-02-04,11.11
Seychelles,SYC,2020-02-05,11.11
Seychelles,SYC,2020-02-06,11.11
Seychelles,SYC,2020-02-07,16.67
Seychelles,SYC,2020-02-08,16.67
Seychelles,SYC,2020-02-09,16.67
Seychelles,SYC,2020-02-10,16.67
Seychelles,SYC,2020-02-11,16.67
Seychelles,SYC,2020-02-12,16.67
Seychelles,SYC,2020-02-13,16.67
Seychelles,SYC,2020-02-14,16.67
Seychelles,SYC,2020-02-15,16.67
Seychelles,SYC,2020-02-16,16.67
Seychelles,SYC,2020-02-17,16.67
Seychelles,SYC,2020-02-18,16.67
Seychelles,SYC,2020-02-19,16.67
Seychelles,SYC,2020-02-20,16.67
Seychelles,SYC,2020-02-21,16.67
Seychelles,SYC,2020-02-22,16.67
Seychelles,SYC,2020-02-23,16.67
Seychelles,SYC,2020-02-24,16.67
Seychelles,SYC,2020-02-25,16.67
Seychelles,SYC,2020-02-26,16.67
Seychelles,SYC,2020-02-27,16.67
Seychelles,SYC,2020-02-28,16.67
Seychelles,SYC,2020-02-29,16.67
Seychelles,SYC,2020-03-01,16.67
Seychelles,SYC,2020-03-02,16.67
Seychelles,SYC,2020-03-03,16.67
Seychelles,SYC,2020-03-04,16.67
Seychelles,SYC,2020-03-05,16.67
Seychelles,SYC,2020-03-06,16.67
Seychelles,SYC,2020-03-07,16.67
Seychelles,SYC,2020-03-08,16.67
Seychelles,SYC,2020-03-09,16.67
Seychelles,SYC,2020-03-10,19.44
Seychelles,SYC,2020-03-11,19.44
Seychelles,SYC,2020-03-12,19.44
Seychelles,SYC,2020-03-13,19.44
Seychelles,SYC,2020-03-14,19.44
Seychelles,SYC,2020-03-15,25
Seychelles,SYC,2020-03-16,34.26
Seychelles,SYC,2020-03-17,34.26
Seychelles,SYC,2020-03-18,34.26
Seychelles,SYC,2020-03-19,34.26
Seychelles,SYC,2020-03-20,34.26
Seychelles,SYC,2020-03-21,34.26
Seychelles,SYC,2020-03-22,39.81
Seychelles,SYC,2020-03-23,41.67
Seychelles,SYC,2020-03-24,41.67
Seychelles,SYC,2020-03-25,41.67
Seychelles,SYC,2020-03-26,41.67
Seychelles,SYC,2020-03-27,41.67
Seychelles,SYC,2020-03-28,41.67
Seychelles,SYC,2020-03-29,41.67
Seychelles,SYC,2020-03-30,52.78
Seychelles,SYC,2020-03-31,52.78
Seychelles,SYC,2020-04-01,52.78
Seychelles,SYC,2020-04-02,52.78
Seychelles,SYC,2020-04-03,52.78
Seychelles,SYC,2020-04-04,52.78
Seychelles,SYC,2020-04-05,52.78
Seychelles,SYC,2020-04-06,52.78
Seychelles,SYC,2020-04-07,52.78
Seychelles,SYC,2020-04-08,82.41
Seychelles,SYC,2020-04-09,93.52
Seychelles,SYC,2020-04-10,93.52
Seychelles,SYC,2020-04-11,93.52
Seychelles,SYC,2020-04-12,93.52
Seychelles,SYC,2020-04-13,93.52
Seychelles,SYC,2020-04-14,93.52
Seychelles,SYC,2020-04-15,93.52
Seychelles,SYC,2020-04-16,93.52
Seychelles,SYC,2020-04-17,93.52
Seychelles,SYC,2020-04-18,93.52
Seychelles,SYC,2020-04-19,93.52
Seychelles,SYC,2020-04-20,93.52
Seychelles,SYC,2020-04-21,93.52
Seychelles,SYC,2020-04-22,93.52
Seychelles,SYC,2020-04-23,93.52
Seychelles,SYC,2020-04-24,93.52
Seychelles,SYC,2020-04-25,93.52
Seychelles,SYC,2020-04-26,93.52
Seychelles,SYC,2020-04-27,93.52
Seychelles,SYC,2020-04-28,93.52
Seychelles,SYC,2020-04-29,93.52
Seychelles,SYC,2020-04-30,93.52
Seychelles,SYC,2020-05-01,93.52
Seychelles,SYC,2020-05-02,93.52
Seychelles,SYC,2020-05-03,93.52
Seychelles,SYC,2020-05-04,66.67
Seychelles,SYC,2020-05-05,66.67
Seychelles,SYC,2020-05-06,66.67
Seychelles,SYC,2020-05-07,66.67
Seychelles,SYC,2020-05-08,66.67
Seychelles,SYC,2020-05-09,66.67
Seychelles,SYC,2020-05-10,66.67
Seychelles,SYC,2020-05-11,66.67
Seychelles,SYC,2020-05-12,66.67
Seychelles,SYC,2020-05-13,66.67
Seychelles,SYC,2020-05-14,66.67
Seychelles,SYC,2020-05-15,66.67
Seychelles,SYC,2020-05-16,66.67
Seychelles,SYC,2020-05-17,66.67
Seychelles,SYC,2020-05-18,59.26
Seychelles,SYC,2020-05-19,59.26
Seychelles,SYC,2020-05-20,59.26
Seychelles,SYC,2020-05-21,59.26
Seychelles,SYC,2020-05-22,59.26
Seychelles,SYC,2020-05-23,59.26
Seychelles,SYC,2020-05-24,59.26
Seychelles,SYC,2020-05-25,59.26
Seychelles,SYC,2020-05-26,59.26
Seychelles,SYC,2020-05-27,59.26
Seychelles,SYC,2020-05-28,59.26
Seychelles,SYC,2020-05-29,59.26
Seychelles,SYC,2020-05-30,59.26
Seychelles,SYC,2020-05-31,59.26
Seychelles,SYC,2020-06-01,23.15
Seychelles,SYC,2020-06-02,23.15
Seychelles,SYC,2020-06-03,23.15
Seychelles,SYC,2020-06-04,23.15
Seychelles,SYC,2020-06-05,23.15
Seychelles,SYC,2020-06-06,23.15
Seychelles,SYC,2020-06-07,23.15
Seychelles,SYC,2020-06-08,23.15
Seychelles,SYC,2020-06-09,23.15
Seychelles,SYC,2020-06-10,23.15
Seychelles,SYC,2020-06-11,23.15
Seychelles,SYC,2020-06-12,23.15
Seychelles,SYC,2020-06-13,23.15
Seychelles,SYC,2020-06-14,23.15
Seychelles,SYC,2020-06-15,23.15
Seychelles,SYC,2020-06-16,23.15
Seychelles,SYC,2020-06-17,23.15
Seychelles,SYC,2020-06-18,23.15
Seychelles,SYC,2020-06-19,23.15
Seychelles,SYC,2020-06-20,23.15
Seychelles,SYC,2020-06-21,23.15
Seychelles,SYC,2020-06-22,23.15
Seychelles,SYC,2020-06-23,23.15
Seychelles,SYC,2020-06-24,23.15
Seychelles,SYC,2020-06-25,23.15
Seychelles,SYC,2020-06-26,23.15
Seychelles,SYC,2020-06-27,23.15
Seychelles,SYC,2020-06-28,23.15
Seychelles,SYC,2020-06-29,23.15
Seychelles,SYC,2020-06-30,23.15
Seychelles,SYC,2020-07-01,23.15
Seychelles,SYC,2020-07-02,23.15
Seychelles,SYC,2020-07-03,23.15
Seychelles,SYC,2020-07-04,23.15
Seychelles,SYC,2020-07-05,23.15
Seychelles,SYC,2020-07-06,23.15
Seychelles,SYC,2020-07-07,23.15
Seychelles,SYC,2020-07-08,23.15
Seychelles,SYC,2020-07-09,23.15
Seychelles,SYC,2020-07-10,23.15
Seychelles,SYC,2020-07-11,23.15
Seychelles,SYC,2020-07-12,23.15
Seychelles,SYC,2020-07-13,23.15
Seychelles,SYC,2020-07-14,23.15
Seychelles,SYC,2020-07-15,23.15
Seychelles,SYC,2020-07-16,23.15
Seychelles,SYC,2020-07-17,23.15
Seychelles,SYC,2020-07-18,23.15
Seychelles,SYC,2020-07-19,23.15
Seychelles,SYC,2020-07-20,23.15
Seychelles,SYC,2020-07-21,23.15
Seychelles,SYC,2020-07-22,23.15
Seychelles,SYC,2020-07-23,23.15
Seychelles,SYC,2020-07-24,23.15
Seychelles,SYC,2020-07-25,23.15
Seychelles,SYC,2020-07-26,23.15
Seychelles,SYC,2020-07-27,23.15
Seychelles,SYC,2020-07-28,23.15
Seychelles,SYC,2020-07-29,23.15
Seychelles,SYC,2020-07-30,23.15
Seychelles,SYC,2020-07-31,23.15
Seychelles,SYC,2020-08-01,23.15
Seychelles,SYC,2020-08-02,23.15
Seychelles,SYC,2020-08-03,23.15
Seychelles,SYC,2020-08-04,23.15
Seychelles,SYC,2020-08-05,23.15
Seychelles,SYC,2020-08-06,23.15
Seychelles,SYC,2020-08-07,23.15
Seychelles,SYC,2020-08-08,23.15
Seychelles,SYC,2020-08-09,23.15
Seychelles,SYC,2020-08-10,23.15
Seychelles,SYC,2020-08-11,23.15
Seychelles,SYC,2020-08-12,23.15
Seychelles,SYC,2020-08-13,23.15
Seychelles,SYC,2020-08-14,23.15
Seychelles,SYC,2020-08-15,23.15
Seychelles,SYC,2020-08-16,23.15
Seychelles,SYC,2020-08-17,23.15
Seychelles,SYC,2020-08-18,23.15
Seychelles,SYC,2020-08-19,23.15
Seychelles,SYC,2020-08-20,23.15
Seychelles,SYC,2020-08-21,23.15
Seychelles,SYC,2020-08-22,23.15
Seychelles,SYC,2020-08-23,23.15
Seychelles,SYC,2020-08-24,23.15
Seychelles,SYC,2020-08-25,23.15
Seychelles,SYC,2020-08-26,23.15
Seychelles,SYC,2020-08-27,23.15
Seychelles,SYC,2020-08-28,23.15
Seychelles,SYC,2020-08-29,23.15
Seychelles,SYC,2020-08-30,23.15
Seychelles,SYC,2020-08-31,23.15
Seychelles,SYC,2020-09-01,23.15
Seychelles,SYC,2020-09-02,23.15
Seychelles,SYC,2020-09-03,23.15
Seychelles,SYC,2020-09-04,23.15
Seychelles,SYC,2020-09-05,23.15
Seychelles,SYC,2020-09-06,23.15
Seychelles,SYC,2020-09-07,23.15
Seychelles,SYC,2020-09-08,23.15
Seychelles,SYC,2020-09-09,23.15
Seychelles,SYC,2020-09-10,23.15
Seychelles,SYC,2020-09-11,23.15
Seychelles,SYC,2020-09-12,23.15
Seychelles,SYC,2020-09-13,23.15
Seychelles,SYC,2020-09-14,23.15
Seychelles,SYC,2020-09-15,23.15
Seychelles,SYC,2020-09-16,23.15
Seychelles,SYC,2020-09-17,23.15
Seychelles,SYC,2020-09-18,23.15
Seychelles,SYC,2020-09-19,23.15
Seychelles,SYC,2020-09-20,23.15
Seychelles,SYC,2020-09-21,23.15
Seychelles,SYC,2020-09-22,28.7
Seychelles,SYC,2020-09-23,28.7
Seychelles,SYC,2020-09-24,28.7
Seychelles,SYC,2020-09-25,28.7
Seychelles,SYC,2020-09-26,28.7
Seychelles,SYC,2020-09-27,28.7
Seychelles,SYC,2020-09-28,28.7
Seychelles,SYC,2020-09-29,28.7
Seychelles,SYC,2020-09-30,28.7
Seychelles,SYC,2020-10-01,28.7
Seychelles,SYC,2020-10-02,28.7
Seychelles,SYC,2020-10-03,28.7
Seychelles,SYC,2020-10-04,28.7
Seychelles,SYC,2020-10-05,28.7
Seychelles,SYC,2020-10-06,28.7
Seychelles,SYC,2020-10-07,28.7
Seychelles,SYC,2020-10-08,28.7
Seychelles,SYC,2020-10-09,28.7
Seychelles,SYC,2020-10-10,28.7
Seychelles,SYC,2020-10-11,28.7
Seychelles,SYC,2020-10-12,31.48
Seychelles,SYC,2020-10-13,31.48
Seychelles,SYC,2020-10-14,31.48
Seychelles,SYC,2020-10-15,31.48
Seychelles,SYC,2020-10-16,31.48
Seychelles,SYC,2020-10-17,31.48
Seychelles,SYC,2020-10-18,31.48
Seychelles,SYC,2020-10-19,31.48
Seychelles,SYC,2020-10-20,31.48
Seychelles,SYC,2020-10-21,31.48
Seychelles,SYC,2020-10-22,31.48
Seychelles,SYC,2020-10-23,31.48
Seychelles,SYC,2020-10-24,31.48
Seychelles,SYC,2020-10-25,31.48
Seychelles,SYC,2020-10-26,31.48
Seychelles,SYC,2020-10-27,31.48
Seychelles,SYC,2020-10-28,31.48
Seychelles,SYC,2020-10-29,31.48
Seychelles,SYC,2020-10-30,31.48
Seychelles,SYC,2020-10-31,31.48
Seychelles,SYC,2020-11-01,31.48
Seychelles,SYC,2020-11-02,31.48
Seychelles,SYC,2020-11-03,31.48
Seychelles,SYC,2020-11-04,31.48
Seychelles,SYC,2020-11-05,31.48
Seychelles,SYC,2020-11-06,31.48
Seychelles,SYC,2020-11-07,31.48
Seychelles,SYC,2020-11-08,31.48
Seychelles,SYC,2020-11-09,31.48
Seychelles,SYC,2020-11-10,31.48
Seychelles,SYC,2020-11-11,31.48
Seychelles,SYC,2020-11-12,31.48
Seychelles,SYC,2020-11-13,31.48
Seychelles,SYC,2020-11-14,31.48
Seychelles,SYC,2020-11-15,31.48
Seychelles,SYC,2020-11-16,31.48
Seychelles,SYC,2020-11-17,31.48
Seychelles,SYC,2020-11-18,31.48
Seychelles,SYC,2020-11-19,31.48
Seychelles,SYC,2020-11-20,31.48
Seychelles,SYC,2020-11-21,31.48
Seychelles,SYC,2020-11-22,31.48
Seychelles,SYC,2020-11-23,31.48
Seychelles,SYC,2020-11-24,31.48
Seychelles,SYC,2020-11-25,31.48
Seychelles,SYC,2020-11-26,31.48
Seychelles,SYC,2020-11-27,31.48
Seychelles,SYC,2020-11-28,31.48
Seychelles,SYC,2020-11-29,31.48
Seychelles,SYC,2020-11-30,31.48
Seychelles,SYC,2020-12-01,31.48
Seychelles,SYC,2020-12-02,31.48
Seychelles,SYC,2020-12-03,31.48
Seychelles,SYC,2020-12-04,31.48
Seychelles,SYC,2020-12-05,31.48
Seychelles,SYC,2020-12-06,31.48
Seychelles,SYC,2020-12-07,31.48
Seychelles,SYC,2020-12-08,31.48
Seychelles,SYC,2020-12-09,31.48
Seychelles,SYC,2020-12-10,31.48
Seychelles,SYC,2020-12-11,31.48
Seychelles,SYC,2020-12-12,31.48
Seychelles,SYC,2020-12-13,31.48
Seychelles,SYC,2020-12-14,31.48
Seychelles,SYC,2020-12-15,31.48
Seychelles,SYC,2020-12-16,31.48
Seychelles,SYC,2020-12-17,31.48
Seychelles,SYC,2020-12-18,31.48
Seychelles,SYC,2020-12-19,31.48
Seychelles,SYC,2020-12-20,31.48
Seychelles,SYC,2020-12-21,31.48
Seychelles,SYC,2020-12-22,31.48
Seychelles,SYC,2020-12-23,31.48
Seychelles,SYC,2020-12-24,31.48
Seychelles,SYC,2020-12-25,31.48
Seychelles,SYC,2020-12-26,31.48
Seychelles,SYC,2020-12-27,31.48
Seychelles,SYC,2020-12-28,31.48
Seychelles,SYC,2020-12-29,31.48
Seychelles,SYC,2020-12-30,31.48
Seychelles,SYC,2020-12-31,31.48
Seychelles,SYC,2021-01-01,31.48
Seychelles,SYC,2021-01-02,31.48
Seychelles,SYC,2021-01-03,34.26
Seychelles,SYC,2021-01-04,34.26
Seychelles,SYC,2021-01-05,34.26
Seychelles,SYC,2021-01-06,54.63
Seychelles,SYC,2021-01-07,54.63
Seychelles,SYC,2021-01-08,54.63
Seychelles,SYC,2021-01-09,54.63
Seychelles,SYC,2021-01-10,54.63
Seychelles,SYC,2021-01-11,54.63
Seychelles,SYC,2021-01-12,54.63
Seychelles,SYC,2021-01-13,54.63
Seychelles,SYC,2021-01-14,49.07
Seychelles,SYC,2021-01-15,49.07
Seychelles,SYC,2021-01-16,49.07
Seychelles,SYC,2021-01-17,49.07
Seychelles,SYC,2021-01-18,63.89
Seychelles,SYC,2021-01-19,63.89
Seychelles,SYC,2021-01-20,63.89
Seychelles,SYC,2021-01-21,63.89
Seychelles,SYC,2021-01-22,63.89
Seychelles,SYC,2021-01-23,79.63
Seychelles,SYC,2021-01-24,79.63
Seychelles,SYC,2021-01-25,79.63
Seychelles,SYC,2021-01-26,79.63
Seychelles,SYC,2021-01-27,79.63
Seychelles,SYC,2021-01-28,79.63
Seychelles,SYC,2021-01-29,79.63
Seychelles,SYC,2021-01-30,79.63
Seychelles,SYC,2021-01-31,79.63
Seychelles,SYC,2021-02-01,79.63
Seychelles,SYC,2021-02-02,79.63
Seychelles,SYC,2021-02-03,79.63
Seychelles,SYC,2021-02-04,79.63
Seychelles,SYC,2021-02-05,79.63
Seychelles,SYC,2021-02-06,79.63
Seychelles,SYC,2021-02-07,79.63
Seychelles,SYC,2021-02-08,79.63
Seychelles,SYC,2021-02-09,79.63
Seychelles,SYC,2021-02-10,79.63
Seychelles,SYC,2021-02-11,79.63
Seychelles,SYC,2021-02-12,79.63
Seychelles,SYC,2021-02-13,79.63
Seychelles,SYC,2021-02-14,79.63
Seychelles,SYC,2021-02-15,78.7
Seychelles,SYC,2021-02-16,78.7
Seychelles,SYC,2021-02-17,78.7
Seychelles,SYC,2021-02-18,78.7
Seychelles,SYC,2021-02-19,78.7
Seychelles,SYC,2021-02-20,78.7
Seychelles,SYC,2021-02-21,78.7
Seychelles,SYC,2021-02-22,78.7
Seychelles,SYC,2021-02-23,78.7
Seychelles,SYC,2021-02-24,78.7
Seychelles,SYC,2021-02-25,78.7
Seychelles,SYC,2021-02-26,78.7
Seychelles,SYC,2021-02-27,78.7
Seychelles,SYC,2021-02-28,78.7
Sierra Leone,SLE,2020-01-01,0
Sierra Leone,SLE,2020-01-02,0
Sierra Leone,SLE,2020-01-03,0
Sierra Leone,SLE,2020-01-04,0
Sierra Leone,SLE,2020-01-05,0
Sierra Leone,SLE,2020-01-06,0
Sierra Leone,SLE,2020-01-07,0
Sierra Leone,SLE,2020-01-08,0
Sierra Leone,SLE,2020-01-09,0
Sierra Leone,SLE,2020-01-10,0
Sierra Leone,SLE,2020-01-11,0
Sierra Leone,SLE,2020-01-12,0
Sierra Leone,SLE,2020-01-13,0
Sierra Leone,SLE,2020-01-14,0
Sierra Leone,SLE,2020-01-15,0
Sierra Leone,SLE,2020-01-16,0
Sierra Leone,SLE,2020-01-17,0
Sierra Leone,SLE,2020-01-18,0
Sierra Leone,SLE,2020-01-19,0
Sierra Leone,SLE,2020-01-20,0
Sierra Leone,SLE,2020-01-21,0
Sierra Leone,SLE,2020-01-22,0
Sierra Leone,SLE,2020-01-23,0
Sierra Leone,SLE,2020-01-24,0
Sierra Leone,SLE,2020-01-25,0
Sierra Leone,SLE,2020-01-26,0
Sierra Leone,SLE,2020-01-27,0
Sierra Leone,SLE,2020-01-28,0
Sierra Leone,SLE,2020-01-29,0
Sierra Leone,SLE,2020-01-30,0
Sierra Leone,SLE,2020-01-31,0
Sierra Leone,SLE,2020-02-01,0
Sierra Leone,SLE,2020-02-02,0
Sierra Leone,SLE,2020-02-03,0
Sierra Leone,SLE,2020-02-04,0
Sierra Leone,SLE,2020-02-05,0
Sierra Leone,SLE,2020-02-06,0
Sierra Leone,SLE,2020-02-07,0
Sierra Leone,SLE,2020-02-08,0
Sierra Leone,SLE,2020-02-09,0
Sierra Leone,SLE,2020-02-10,0
Sierra Leone,SLE,2020-02-11,0
Sierra Leone,SLE,2020-02-12,0
Sierra Leone,SLE,2020-02-13,0
Sierra Leone,SLE,2020-02-14,0
Sierra Leone,SLE,2020-02-15,0
Sierra Leone,SLE,2020-02-16,0
Sierra Leone,SLE,2020-02-17,0
Sierra Leone,SLE,2020-02-18,0
Sierra Leone,SLE,2020-02-19,0
Sierra Leone,SLE,2020-02-20,0
Sierra Leone,SLE,2020-02-21,0
Sierra Leone,SLE,2020-02-22,0
Sierra Leone,SLE,2020-02-23,0
Sierra Leone,SLE,2020-02-24,0
Sierra Leone,SLE,2020-02-25,0
Sierra Leone,SLE,2020-02-26,0
Sierra Leone,SLE,2020-02-27,0
Sierra Leone,SLE,2020-02-28,0
Sierra Leone,SLE,2020-02-29,0
Sierra Leone,SLE,2020-03-01,0
Sierra Leone,SLE,2020-03-02,0
Sierra Leone,SLE,2020-03-03,0
Sierra Leone,SLE,2020-03-04,0
Sierra Leone,SLE,2020-03-05,0
Sierra Leone,SLE,2020-03-06,0
Sierra Leone,SLE,2020-03-07,0
Sierra Leone,SLE,2020-03-08,0
Sierra Leone,SLE,2020-03-09,0
Sierra Leone,SLE,2020-03-10,0
Sierra Leone,SLE,2020-03-11,0
Sierra Leone,SLE,2020-03-12,0
Sierra Leone,SLE,2020-03-13,0
Sierra Leone,SLE,2020-03-14,0
Sierra Leone,SLE,2020-03-15,0
Sierra Leone,SLE,2020-03-16,5.56
Sierra Leone,SLE,2020-03-17,5.56
Sierra Leone,SLE,2020-03-18,5.56
Sierra Leone,SLE,2020-03-19,5.56
Sierra Leone,SLE,2020-03-20,11.11
Sierra Leone,SLE,2020-03-21,19.44
Sierra Leone,SLE,2020-03-22,30.56
Sierra Leone,SLE,2020-03-23,36.11
Sierra Leone,SLE,2020-03-24,36.11
Sierra Leone,SLE,2020-03-25,36.11
Sierra Leone,SLE,2020-03-26,36.11
Sierra Leone,SLE,2020-03-27,43.52
Sierra Leone,SLE,2020-03-28,46.3
Sierra Leone,SLE,2020-03-29,46.3
Sierra Leone,SLE,2020-03-30,46.3
Sierra Leone,SLE,2020-03-31,57.41
Sierra Leone,SLE,2020-04-01,57.41
Sierra Leone,SLE,2020-04-02,57.41
Sierra Leone,SLE,2020-04-03,57.41
Sierra Leone,SLE,2020-04-04,57.41
Sierra Leone,SLE,2020-04-05,88.89
Sierra Leone,SLE,2020-04-06,88.89
Sierra Leone,SLE,2020-04-07,88.89
Sierra Leone,SLE,2020-04-08,75.93
Sierra Leone,SLE,2020-04-09,75.93
Sierra Leone,SLE,2020-04-10,75.93
Sierra Leone,SLE,2020-04-11,75.93
Sierra Leone,SLE,2020-04-12,75.93
Sierra Leone,SLE,2020-04-13,75.93
Sierra Leone,SLE,2020-04-14,75.93
Sierra Leone,SLE,2020-04-15,75.93
Sierra Leone,SLE,2020-04-16,75.93
Sierra Leone,SLE,2020-04-17,75.93
Sierra Leone,SLE,2020-04-18,81.48
Sierra Leone,SLE,2020-04-19,81.48
Sierra Leone,SLE,2020-04-20,81.48
Sierra Leone,SLE,2020-04-21,81.48
Sierra Leone,SLE,2020-04-22,81.48
Sierra Leone,SLE,2020-04-23,81.48
Sierra Leone,SLE,2020-04-24,81.48
Sierra Leone,SLE,2020-04-25,81.48
Sierra Leone,SLE,2020-04-26,77.78
Sierra Leone,SLE,2020-04-27,77.78
Sierra Leone,SLE,2020-04-28,77.78
Sierra Leone,SLE,2020-04-29,77.78
Sierra Leone,SLE,2020-04-30,77.78
Sierra Leone,SLE,2020-05-01,77.78
Sierra Leone,SLE,2020-05-02,77.78
Sierra Leone,SLE,2020-05-03,88.89
Sierra Leone,SLE,2020-05-04,88.89
Sierra Leone,SLE,2020-05-05,88.89
Sierra Leone,SLE,2020-05-06,70.37
Sierra Leone,SLE,2020-05-07,70.37
Sierra Leone,SLE,2020-05-08,70.37
Sierra Leone,SLE,2020-05-09,70.37
Sierra Leone,SLE,2020-05-10,70.37
Sierra Leone,SLE,2020-05-11,70.37
Sierra Leone,SLE,2020-05-12,70.37
Sierra Leone,SLE,2020-05-13,70.37
Sierra Leone,SLE,2020-05-14,70.37
Sierra Leone,SLE,2020-05-15,70.37
Sierra Leone,SLE,2020-05-16,70.37
Sierra Leone,SLE,2020-05-17,70.37
Sierra Leone,SLE,2020-05-18,70.37
Sierra Leone,SLE,2020-05-19,70.37
Sierra Leone,SLE,2020-05-20,70.37
Sierra Leone,SLE,2020-05-21,70.37
Sierra Leone,SLE,2020-05-22,70.37
Sierra Leone,SLE,2020-05-23,70.37
Sierra Leone,SLE,2020-05-24,70.37
Sierra Leone,SLE,2020-05-25,70.37
Sierra Leone,SLE,2020-05-26,70.37
Sierra Leone,SLE,2020-05-27,70.37
Sierra Leone,SLE,2020-05-28,70.37
Sierra Leone,SLE,2020-05-29,70.37
Sierra Leone,SLE,2020-05-30,70.37
Sierra Leone,SLE,2020-05-31,70.37
Sierra Leone,SLE,2020-06-01,70.37
Sierra Leone,SLE,2020-06-02,70.37
Sierra Leone,SLE,2020-06-03,70.37
Sierra Leone,SLE,2020-06-04,70.37
Sierra Leone,SLE,2020-06-05,70.37
Sierra Leone,SLE,2020-06-06,70.37
Sierra Leone,SLE,2020-06-07,70.37
Sierra Leone,SLE,2020-06-08,53.7
Sierra Leone,SLE,2020-06-09,53.7
Sierra Leone,SLE,2020-06-10,53.7
Sierra Leone,SLE,2020-06-11,53.7
Sierra Leone,SLE,2020-06-12,53.7
Sierra Leone,SLE,2020-06-13,53.7
Sierra Leone,SLE,2020-06-14,53.7
Sierra Leone,SLE,2020-06-15,53.7
Sierra Leone,SLE,2020-06-16,53.7
Sierra Leone,SLE,2020-06-17,53.7
Sierra Leone,SLE,2020-06-18,53.7
Sierra Leone,SLE,2020-06-19,53.7
Sierra Leone,SLE,2020-06-20,53.7
Sierra Leone,SLE,2020-06-21,53.7
Sierra Leone,SLE,2020-06-22,53.7
Sierra Leone,SLE,2020-06-23,53.7
Sierra Leone,SLE,2020-06-24,53.7
Sierra Leone,SLE,2020-06-25,53.7
Sierra Leone,SLE,2020-06-26,53.7
Sierra Leone,SLE,2020-06-27,53.7
Sierra Leone,SLE,2020-06-28,53.7
Sierra Leone,SLE,2020-06-29,53.7
Sierra Leone,SLE,2020-06-30,53.7
Sierra Leone,SLE,2020-07-01,50
Sierra Leone,SLE,2020-07-02,50
Sierra Leone,SLE,2020-07-03,46.3
Sierra Leone,SLE,2020-07-04,46.3
Sierra Leone,SLE,2020-07-05,46.3
Sierra Leone,SLE,2020-07-06,46.3
Sierra Leone,SLE,2020-07-07,46.3
Sierra Leone,SLE,2020-07-08,46.3
Sierra Leone,SLE,2020-07-09,46.3
Sierra Leone,SLE,2020-07-10,46.3
Sierra Leone,SLE,2020-07-11,46.3
Sierra Leone,SLE,2020-07-12,46.3
Sierra Leone,SLE,2020-07-13,40.74
Sierra Leone,SLE,2020-07-14,40.74
Sierra Leone,SLE,2020-07-15,40.74
Sierra Leone,SLE,2020-07-16,40.74
Sierra Leone,SLE,2020-07-17,40.74
Sierra Leone,SLE,2020-07-18,40.74
Sierra Leone,SLE,2020-07-19,40.74
Sierra Leone,SLE,2020-07-20,40.74
Sierra Leone,SLE,2020-07-21,40.74
Sierra Leone,SLE,2020-07-22,32.41
Sierra Leone,SLE,2020-07-23,32.41
Sierra Leone,SLE,2020-07-24,32.41
Sierra Leone,SLE,2020-07-25,32.41
Sierra Leone,SLE,2020-07-26,32.41
Sierra Leone,SLE,2020-07-27,32.41
Sierra Leone,SLE,2020-07-28,32.41
Sierra Leone,SLE,2020-07-29,32.41
Sierra Leone,SLE,2020-07-30,32.41
Sierra Leone,SLE,2020-07-31,32.41
Sierra Leone,SLE,2020-08-01,32.41
Sierra Leone,SLE,2020-08-02,32.41
Sierra Leone,SLE,2020-08-03,32.41
Sierra Leone,SLE,2020-08-04,32.41
Sierra Leone,SLE,2020-08-05,32.41
Sierra Leone,SLE,2020-08-06,32.41
Sierra Leone,SLE,2020-08-07,32.41
Sierra Leone,SLE,2020-08-08,32.41
Sierra Leone,SLE,2020-08-09,32.41
Sierra Leone,SLE,2020-08-10,32.41
Sierra Leone,SLE,2020-08-11,32.41
Sierra Leone,SLE,2020-08-12,32.41
Sierra Leone,SLE,2020-08-13,32.41
Sierra Leone,SLE,2020-08-14,32.41
Sierra Leone,SLE,2020-08-15,32.41
Sierra Leone,SLE,2020-08-16,32.41
Sierra Leone,SLE,2020-08-17,32.41
Sierra Leone,SLE,2020-08-18,29.63
Sierra Leone,SLE,2020-08-19,29.63
Sierra Leone,SLE,2020-08-20,29.63
Sierra Leone,SLE,2020-08-21,29.63
Sierra Leone,SLE,2020-08-22,29.63
Sierra Leone,SLE,2020-08-23,29.63
Sierra Leone,SLE,2020-08-24,29.63
Sierra Leone,SLE,2020-08-25,29.63
Sierra Leone,SLE,2020-08-26,29.63
Sierra Leone,SLE,2020-08-27,29.63
Sierra Leone,SLE,2020-08-28,29.63
Sierra Leone,SLE,2020-08-29,29.63
Sierra Leone,SLE,2020-08-30,29.63
Sierra Leone,SLE,2020-08-31,29.63
Sierra Leone,SLE,2020-09-01,29.63
Sierra Leone,SLE,2020-09-02,29.63
Sierra Leone,SLE,2020-09-03,29.63
Sierra Leone,SLE,2020-09-04,29.63
Sierra Leone,SLE,2020-09-05,29.63
Sierra Leone,SLE,2020-09-06,29.63
Sierra Leone,SLE,2020-09-07,29.63
Sierra Leone,SLE,2020-09-08,29.63
Sierra Leone,SLE,2020-09-09,29.63
Sierra Leone,SLE,2020-09-10,29.63
Sierra Leone,SLE,2020-09-11,29.63
Sierra Leone,SLE,2020-09-12,29.63
Sierra Leone,SLE,2020-09-13,29.63
Sierra Leone,SLE,2020-09-14,29.63
Sierra Leone,SLE,2020-09-15,29.63
Sierra Leone,SLE,2020-09-16,29.63
Sierra Leone,SLE,2020-09-17,29.63
Sierra Leone,SLE,2020-09-18,29.63
Sierra Leone,SLE,2020-09-19,29.63
Sierra Leone,SLE,2020-09-20,29.63
Sierra Leone,SLE,2020-09-21,29.63
Sierra Leone,SLE,2020-09-22,29.63
Sierra Leone,SLE,2020-09-23,29.63
Sierra Leone,SLE,2020-09-24,29.63
Sierra Leone,SLE,2020-09-25,29.63
Sierra Leone,SLE,2020-09-26,29.63
Sierra Leone,SLE,2020-09-27,29.63
Sierra Leone,SLE,2020-09-28,29.63
Sierra Leone,SLE,2020-09-29,29.63
Sierra Leone,SLE,2020-09-30,29.63
Sierra Leone,SLE,2020-10-01,29.63
Sierra Leone,SLE,2020-10-02,29.63
Sierra Leone,SLE,2020-10-03,29.63
Sierra Leone,SLE,2020-10-04,29.63
Sierra Leone,SLE,2020-10-05,25.93
Sierra Leone,SLE,2020-10-06,25.93
Sierra Leone,SLE,2020-10-07,25.93
Sierra Leone,SLE,2020-10-08,25.93
Sierra Leone,SLE,2020-10-09,25.93
Sierra Leone,SLE,2020-10-10,25.93
Sierra Leone,SLE,2020-10-11,25.93
Sierra Leone,SLE,2020-10-12,25.93
Sierra Leone,SLE,2020-10-13,25.93
Sierra Leone,SLE,2020-10-14,31.48
Sierra Leone,SLE,2020-10-15,31.48
Sierra Leone,SLE,2020-10-16,31.48
Sierra Leone,SLE,2020-10-17,31.48
Sierra Leone,SLE,2020-10-18,31.48
Sierra Leone,SLE,2020-10-19,31.48
Sierra Leone,SLE,2020-10-20,31.48
Sierra Leone,SLE,2020-10-21,31.48
Sierra Leone,SLE,2020-10-22,31.48
Sierra Leone,SLE,2020-10-23,31.48
Sierra Leone,SLE,2020-10-24,31.48
Sierra Leone,SLE,2020-10-25,31.48
Sierra Leone,SLE,2020-10-26,31.48
Sierra Leone,SLE,2020-10-27,31.48
Sierra Leone,SLE,2020-10-28,31.48
Sierra Leone,SLE,2020-10-29,31.48
Sierra Leone,SLE,2020-10-30,31.48
Sierra Leone,SLE,2020-10-31,31.48
Sierra Leone,SLE,2020-11-01,31.48
Sierra Leone,SLE,2020-11-02,31.48
Sierra Leone,SLE,2020-11-03,31.48
Sierra Leone,SLE,2020-11-04,31.48
Sierra Leone,SLE,2020-11-05,31.48
Sierra Leone,SLE,2020-11-06,31.48
Sierra Leone,SLE,2020-11-07,31.48
Sierra Leone,SLE,2020-11-08,31.48
Sierra Leone,SLE,2020-11-09,31.48
Sierra Leone,SLE,2020-11-10,31.48
Sierra Leone,SLE,2020-11-11,31.48
Sierra Leone,SLE,2020-11-12,31.48
Sierra Leone,SLE,2020-11-13,31.48
Sierra Leone,SLE,2020-11-14,31.48
Sierra Leone,SLE,2020-11-15,31.48
Sierra Leone,SLE,2020-11-16,40.74
Sierra Leone,SLE,2020-11-17,40.74
Sierra Leone,SLE,2020-11-18,40.74
Sierra Leone,SLE,2020-11-19,40.74
Sierra Leone,SLE,2020-11-20,40.74
Sierra Leone,SLE,2020-11-21,40.74
Sierra Leone,SLE,2020-11-22,40.74
Sierra Leone,SLE,2020-11-23,40.74
Sierra Leone,SLE,2020-11-24,40.74
Sierra Leone,SLE,2020-11-25,40.74
Sierra Leone,SLE,2020-11-26,40.74
Sierra Leone,SLE,2020-11-27,40.74
Sierra Leone,SLE,2020-11-28,40.74
Sierra Leone,SLE,2020-11-29,40.74
Sierra Leone,SLE,2020-11-30,40.74
Sierra Leone,SLE,2020-12-01,37.04
Sierra Leone,SLE,2020-12-02,37.04
Sierra Leone,SLE,2020-12-03,37.04
Sierra Leone,SLE,2020-12-04,37.04
Sierra Leone,SLE,2020-12-05,37.04
Sierra Leone,SLE,2020-12-06,37.04
Sierra Leone,SLE,2020-12-07,37.04
Sierra Leone,SLE,2020-12-08,37.04
Sierra Leone,SLE,2020-12-09,37.04
Sierra Leone,SLE,2020-12-10,37.04
Sierra Leone,SLE,2020-12-11,37.04
Sierra Leone,SLE,2020-12-12,37.04
Sierra Leone,SLE,2020-12-13,37.04
Sierra Leone,SLE,2020-12-14,37.04
Sierra Leone,SLE,2020-12-15,37.04
Sierra Leone,SLE,2020-12-16,37.04
Sierra Leone,SLE,2020-12-17,37.04
Sierra Leone,SLE,2020-12-18,37.04
Sierra Leone,SLE,2020-12-19,37.04
Sierra Leone,SLE,2020-12-20,37.04
Sierra Leone,SLE,2020-12-21,37.04
Sierra Leone,SLE,2020-12-22,37.04
Sierra Leone,SLE,2020-12-23,37.04
Sierra Leone,SLE,2020-12-24,37.04
Sierra Leone,SLE,2020-12-25,37.04
Sierra Leone,SLE,2020-12-26,37.04
Sierra Leone,SLE,2020-12-27,37.04
Sierra Leone,SLE,2020-12-28,37.04
Sierra Leone,SLE,2020-12-29,37.04
Sierra Leone,SLE,2020-12-30,37.04
Sierra Leone,SLE,2020-12-31,37.04
Sierra Leone,SLE,2021-01-01,37.04
Sierra Leone,SLE,2021-01-02,37.04
Sierra Leone,SLE,2021-01-03,37.04
Sierra Leone,SLE,2021-01-04,37.04
Sierra Leone,SLE,2021-01-05,37.04
Sierra Leone,SLE,2021-01-06,37.04
Sierra Leone,SLE,2021-01-07,37.04
Sierra Leone,SLE,2021-01-08,37.04
Sierra Leone,SLE,2021-01-09,37.04
Sierra Leone,SLE,2021-01-10,37.04
Sierra Leone,SLE,2021-01-11,37.04
Sierra Leone,SLE,2021-01-12,37.04
Sierra Leone,SLE,2021-01-13,37.04
Sierra Leone,SLE,2021-01-14,37.04
Sierra Leone,SLE,2021-01-15,37.04
Sierra Leone,SLE,2021-01-16,37.04
Sierra Leone,SLE,2021-01-17,37.04
Sierra Leone,SLE,2021-01-18,37.04
Sierra Leone,SLE,2021-01-19,37.04
Sierra Leone,SLE,2021-01-20,37.04
Sierra Leone,SLE,2021-01-21,51.85
Sierra Leone,SLE,2021-01-22,51.85
Sierra Leone,SLE,2021-01-23,51.85
Sierra Leone,SLE,2021-01-24,51.85
Sierra Leone,SLE,2021-01-25,56.48
Sierra Leone,SLE,2021-01-26,56.48
Sierra Leone,SLE,2021-01-27,56.48
Sierra Leone,SLE,2021-01-28,56.48
Sierra Leone,SLE,2021-01-29,56.48
Sierra Leone,SLE,2021-01-30,56.48
Sierra Leone,SLE,2021-01-31,56.48
Sierra Leone,SLE,2021-02-01,56.48
Sierra Leone,SLE,2021-02-02,56.48
Sierra Leone,SLE,2021-02-03,56.48
Sierra Leone,SLE,2021-02-04,56.48
Sierra Leone,SLE,2021-02-05,56.48
Sierra Leone,SLE,2021-02-06,56.48
Sierra Leone,SLE,2021-02-07,56.48
Sierra Leone,SLE,2021-02-08,56.48
Sierra Leone,SLE,2021-02-09,56.48
Sierra Leone,SLE,2021-02-10,56.48
Sierra Leone,SLE,2021-02-11,56.48
Sierra Leone,SLE,2021-02-12,56.48
Sierra Leone,SLE,2021-02-13,56.48
Sierra Leone,SLE,2021-02-14,56.48
Sierra Leone,SLE,2021-02-15,56.48
Sierra Leone,SLE,2021-02-16,56.48
Sierra Leone,SLE,2021-02-17,56.48
Sierra Leone,SLE,2021-02-18,56.48
Sierra Leone,SLE,2021-02-19,56.48
Sierra Leone,SLE,2021-02-20,56.48
Sierra Leone,SLE,2021-02-21,56.48
Sierra Leone,SLE,2021-02-22,56.48
Sierra Leone,SLE,2021-02-23,56.48
Sierra Leone,SLE,2021-02-24,56.48
Sierra Leone,SLE,2021-02-25,56.48
Sierra Leone,SLE,2021-02-26,56.48
Sierra Leone,SLE,2021-02-27,56.48
Sierra Leone,SLE,2021-02-28,56.48
Sierra Leone,SLE,2021-03-01,56.48
Singapore,SGP,2020-01-01,5.56
Singapore,SGP,2020-01-02,19.44
Singapore,SGP,2020-01-03,19.44
Singapore,SGP,2020-01-04,19.44
Singapore,SGP,2020-01-05,19.44
Singapore,SGP,2020-01-06,19.44
Singapore,SGP,2020-01-07,19.44
Singapore,SGP,2020-01-08,19.44
Singapore,SGP,2020-01-09,19.44
Singapore,SGP,2020-01-10,19.44
Singapore,SGP,2020-01-11,19.44
Singapore,SGP,2020-01-12,19.44
Singapore,SGP,2020-01-13,19.44
Singapore,SGP,2020-01-14,19.44
Singapore,SGP,2020-01-15,19.44
Singapore,SGP,2020-01-16,19.44
Singapore,SGP,2020-01-17,19.44
Singapore,SGP,2020-01-18,19.44
Singapore,SGP,2020-01-19,19.44
Singapore,SGP,2020-01-20,19.44
Singapore,SGP,2020-01-21,19.44
Singapore,SGP,2020-01-22,19.44
Singapore,SGP,2020-01-23,25
Singapore,SGP,2020-01-24,25
Singapore,SGP,2020-01-25,25
Singapore,SGP,2020-01-26,25
Singapore,SGP,2020-01-27,25
Singapore,SGP,2020-01-28,25
Singapore,SGP,2020-01-29,25
Singapore,SGP,2020-01-30,25
Singapore,SGP,2020-01-31,25
Singapore,SGP,2020-02-01,25
Singapore,SGP,2020-02-02,25
Singapore,SGP,2020-02-03,25
Singapore,SGP,2020-02-04,25
Singapore,SGP,2020-02-05,25
Singapore,SGP,2020-02-06,25
Singapore,SGP,2020-02-07,30.56
Singapore,SGP,2020-02-08,30.56
Singapore,SGP,2020-02-09,30.56
Singapore,SGP,2020-02-10,30.56
Singapore,SGP,2020-02-11,30.56
Singapore,SGP,2020-02-12,30.56
Singapore,SGP,2020-02-13,30.56
Singapore,SGP,2020-02-14,30.56
Singapore,SGP,2020-02-15,30.56
Singapore,SGP,2020-02-16,30.56
Singapore,SGP,2020-02-17,30.56
Singapore,SGP,2020-02-18,30.56
Singapore,SGP,2020-02-19,30.56
Singapore,SGP,2020-02-20,30.56
Singapore,SGP,2020-02-21,30.56
Singapore,SGP,2020-02-22,30.56
Singapore,SGP,2020-02-23,30.56
Singapore,SGP,2020-02-24,30.56
Singapore,SGP,2020-02-25,30.56
Singapore,SGP,2020-02-26,30.56
Singapore,SGP,2020-02-27,30.56
Singapore,SGP,2020-02-28,30.56
Singapore,SGP,2020-02-29,30.56
Singapore,SGP,2020-03-01,30.56
Singapore,SGP,2020-03-02,30.56
Singapore,SGP,2020-03-03,30.56
Singapore,SGP,2020-03-04,30.56
Singapore,SGP,2020-03-05,30.56
Singapore,SGP,2020-03-06,30.56
Singapore,SGP,2020-03-07,30.56
Singapore,SGP,2020-03-08,30.56
Singapore,SGP,2020-03-09,30.56
Singapore,SGP,2020-03-10,30.56
Singapore,SGP,2020-03-11,30.56
Singapore,SGP,2020-03-12,30.56
Singapore,SGP,2020-03-13,36.11
Singapore,SGP,2020-03-14,36.11
Singapore,SGP,2020-03-15,36.11
Singapore,SGP,2020-03-16,36.11
Singapore,SGP,2020-03-17,36.11
Singapore,SGP,2020-03-18,36.11
Singapore,SGP,2020-03-19,36.11
Singapore,SGP,2020-03-20,36.11
Singapore,SGP,2020-03-21,36.11
Singapore,SGP,2020-03-22,36.11
Singapore,SGP,2020-03-23,36.11
Singapore,SGP,2020-03-24,36.11
Singapore,SGP,2020-03-25,36.11
Singapore,SGP,2020-03-26,36.11
Singapore,SGP,2020-03-27,36.11
Singapore,SGP,2020-03-28,36.11
Singapore,SGP,2020-03-29,36.11
Singapore,SGP,2020-03-30,36.11
Singapore,SGP,2020-03-31,36.11
Singapore,SGP,2020-04-01,36.11
Singapore,SGP,2020-04-02,36.11
Singapore,SGP,2020-04-03,45.37
Singapore,SGP,2020-04-04,45.37
Singapore,SGP,2020-04-05,45.37
Singapore,SGP,2020-04-06,45.37
Singapore,SGP,2020-04-07,56.48
Singapore,SGP,2020-04-08,76.85
Singapore,SGP,2020-04-09,76.85
Singapore,SGP,2020-04-10,76.85
Singapore,SGP,2020-04-11,76.85
Singapore,SGP,2020-04-12,76.85
Singapore,SGP,2020-04-13,76.85
Singapore,SGP,2020-04-14,76.85
Singapore,SGP,2020-04-15,76.85
Singapore,SGP,2020-04-16,76.85
Singapore,SGP,2020-04-17,76.85
Singapore,SGP,2020-04-18,76.85
Singapore,SGP,2020-04-19,76.85
Singapore,SGP,2020-04-20,76.85
Singapore,SGP,2020-04-21,76.85
Singapore,SGP,2020-04-22,76.85
Singapore,SGP,2020-04-23,76.85
Singapore,SGP,2020-04-24,76.85
Singapore,SGP,2020-04-25,76.85
Singapore,SGP,2020-04-26,76.85
Singapore,SGP,2020-04-27,76.85
Singapore,SGP,2020-04-28,76.85
Singapore,SGP,2020-04-29,76.85
Singapore,SGP,2020-04-30,76.85
Singapore,SGP,2020-05-01,76.85
Singapore,SGP,2020-05-02,76.85
Singapore,SGP,2020-05-03,76.85
Singapore,SGP,2020-05-04,76.85
Singapore,SGP,2020-05-05,76.85
Singapore,SGP,2020-05-06,76.85
Singapore,SGP,2020-05-07,76.85
Singapore,SGP,2020-05-08,76.85
Singapore,SGP,2020-05-09,76.85
Singapore,SGP,2020-05-10,76.85
Singapore,SGP,2020-05-11,76.85
Singapore,SGP,2020-05-12,73.15
Singapore,SGP,2020-05-13,73.15
Singapore,SGP,2020-05-14,73.15
Singapore,SGP,2020-05-15,73.15
Singapore,SGP,2020-05-16,73.15
Singapore,SGP,2020-05-17,73.15
Singapore,SGP,2020-05-18,73.15
Singapore,SGP,2020-05-19,73.15
Singapore,SGP,2020-05-20,73.15
Singapore,SGP,2020-05-21,73.15
Singapore,SGP,2020-05-22,73.15
Singapore,SGP,2020-05-23,73.15
Singapore,SGP,2020-05-24,73.15
Singapore,SGP,2020-05-25,73.15
Singapore,SGP,2020-05-26,73.15
Singapore,SGP,2020-05-27,73.15
Singapore,SGP,2020-05-28,73.15
Singapore,SGP,2020-05-29,73.15
Singapore,SGP,2020-05-30,73.15
Singapore,SGP,2020-05-31,73.15
Singapore,SGP,2020-06-01,73.15
Singapore,SGP,2020-06-02,65.74
Singapore,SGP,2020-06-03,65.74
Singapore,SGP,2020-06-04,65.74
Singapore,SGP,2020-06-05,65.74
Singapore,SGP,2020-06-06,65.74
Singapore,SGP,2020-06-07,65.74
Singapore,SGP,2020-06-08,65.74
Singapore,SGP,2020-06-09,65.74
Singapore,SGP,2020-06-10,65.74
Singapore,SGP,2020-06-11,65.74
Singapore,SGP,2020-06-12,65.74
Singapore,SGP,2020-06-13,65.74
Singapore,SGP,2020-06-14,65.74
Singapore,SGP,2020-06-15,65.74
Singapore,SGP,2020-06-16,65.74
Singapore,SGP,2020-06-17,65.74
Singapore,SGP,2020-06-18,65.74
Singapore,SGP,2020-06-19,50.93
Singapore,SGP,2020-06-20,50.93
Singapore,SGP,2020-06-21,50.93
Singapore,SGP,2020-06-22,50.93
Singapore,SGP,2020-06-23,50.93
Singapore,SGP,2020-06-24,50.93
Singapore,SGP,2020-06-25,50.93
Singapore,SGP,2020-06-26,50.93
Singapore,SGP,2020-06-27,50.93
Singapore,SGP,2020-06-28,50.93
Singapore,SGP,2020-06-29,50.93
Singapore,SGP,2020-06-30,50.93
Singapore,SGP,2020-07-01,50.93
Singapore,SGP,2020-07-02,50.93
Singapore,SGP,2020-07-03,50.93
Singapore,SGP,2020-07-04,50.93
Singapore,SGP,2020-07-05,50.93
Singapore,SGP,2020-07-06,50.93
Singapore,SGP,2020-07-07,50.93
Singapore,SGP,2020-07-08,50.93
Singapore,SGP,2020-07-09,50.93
Singapore,SGP,2020-07-10,50.93
Singapore,SGP,2020-07-11,50.93
Singapore,SGP,2020-07-12,50.93
Singapore,SGP,2020-07-13,50.93
Singapore,SGP,2020-07-14,50.93
Singapore,SGP,2020-07-15,50.93
Singapore,SGP,2020-07-16,50.93
Singapore,SGP,2020-07-17,50.93
Singapore,SGP,2020-07-18,50.93
Singapore,SGP,2020-07-19,50.93
Singapore,SGP,2020-07-20,50.93
Singapore,SGP,2020-07-21,50.93
Singapore,SGP,2020-07-22,50.93
Singapore,SGP,2020-07-23,50.93
Singapore,SGP,2020-07-24,50.93
Singapore,SGP,2020-07-25,50.93
Singapore,SGP,2020-07-26,50.93
Singapore,SGP,2020-07-27,50.93
Singapore,SGP,2020-07-28,50.93
Singapore,SGP,2020-07-29,50.93
Singapore,SGP,2020-07-30,50.93
Singapore,SGP,2020-07-31,50.93
Singapore,SGP,2020-08-01,50.93
Singapore,SGP,2020-08-02,50.93
Singapore,SGP,2020-08-03,50.93
Singapore,SGP,2020-08-04,50.93
Singapore,SGP,2020-08-05,50.93
Singapore,SGP,2020-08-06,50.93
Singapore,SGP,2020-08-07,50.93
Singapore,SGP,2020-08-08,50.93
Singapore,SGP,2020-08-09,50.93
Singapore,SGP,2020-08-10,50.93
Singapore,SGP,2020-08-11,50.93
Singapore,SGP,2020-08-12,50.93
Singapore,SGP,2020-08-13,50.93
Singapore,SGP,2020-08-14,50.93
Singapore,SGP,2020-08-15,50.93
Singapore,SGP,2020-08-16,50.93
Singapore,SGP,2020-08-17,50.93
Singapore,SGP,2020-08-18,50.93
Singapore,SGP,2020-08-19,50.93
Singapore,SGP,2020-08-20,50.93
Singapore,SGP,2020-08-21,50.93
Singapore,SGP,2020-08-22,50.93
Singapore,SGP,2020-08-23,50.93
Singapore,SGP,2020-08-24,50.93
Singapore,SGP,2020-08-25,50.93
Singapore,SGP,2020-08-26,50.93
Singapore,SGP,2020-08-27,50.93
Singapore,SGP,2020-08-28,50.93
Singapore,SGP,2020-08-29,50.93
Singapore,SGP,2020-08-30,50.93
Singapore,SGP,2020-08-31,50.93
Singapore,SGP,2020-09-01,50.93
Singapore,SGP,2020-09-02,50.93
Singapore,SGP,2020-09-03,50.93
Singapore,SGP,2020-09-04,50.93
Singapore,SGP,2020-09-05,50.93
Singapore,SGP,2020-09-06,50.93
Singapore,SGP,2020-09-07,50.93
Singapore,SGP,2020-09-08,50.93
Singapore,SGP,2020-09-09,50.93
Singapore,SGP,2020-09-10,50.93
Singapore,SGP,2020-09-11,50.93
Singapore,SGP,2020-09-12,50.93
Singapore,SGP,2020-09-13,50.93
Singapore,SGP,2020-09-14,50.93
Singapore,SGP,2020-09-15,50.93
Singapore,SGP,2020-09-16,50.93
Singapore,SGP,2020-09-17,50.93
Singapore,SGP,2020-09-18,50.93
Singapore,SGP,2020-09-19,50.93
Singapore,SGP,2020-09-20,50.93
Singapore,SGP,2020-09-21,50.93
Singapore,SGP,2020-09-22,50.93
Singapore,SGP,2020-09-23,50.93
Singapore,SGP,2020-09-24,50.93
Singapore,SGP,2020-09-25,50.93
Singapore,SGP,2020-09-26,50.93
Singapore,SGP,2020-09-27,50.93
Singapore,SGP,2020-09-28,50.93
Singapore,SGP,2020-09-29,50.93
Singapore,SGP,2020-09-30,50.93
Singapore,SGP,2020-10-01,45.37
Singapore,SGP,2020-10-02,45.37
Singapore,SGP,2020-10-03,45.37
Singapore,SGP,2020-10-04,45.37
Singapore,SGP,2020-10-05,45.37
Singapore,SGP,2020-10-06,45.37
Singapore,SGP,2020-10-07,45.37
Singapore,SGP,2020-10-08,45.37
Singapore,SGP,2020-10-09,45.37
Singapore,SGP,2020-10-10,45.37
Singapore,SGP,2020-10-11,45.37
Singapore,SGP,2020-10-12,45.37
Singapore,SGP,2020-10-13,45.37
Singapore,SGP,2020-10-14,45.37
Singapore,SGP,2020-10-15,45.37
Singapore,SGP,2020-10-16,45.37
Singapore,SGP,2020-10-17,45.37
Singapore,SGP,2020-10-18,45.37
Singapore,SGP,2020-10-19,45.37
Singapore,SGP,2020-10-20,45.37
Singapore,SGP,2020-10-21,45.37
Singapore,SGP,2020-10-22,45.37
Singapore,SGP,2020-10-23,45.37
Singapore,SGP,2020-10-24,45.37
Singapore,SGP,2020-10-25,45.37
Singapore,SGP,2020-10-26,45.37
Singapore,SGP,2020-10-27,45.37
Singapore,SGP,2020-10-28,45.37
Singapore,SGP,2020-10-29,45.37
Singapore,SGP,2020-10-30,45.37
Singapore,SGP,2020-10-31,45.37
Singapore,SGP,2020-11-01,45.37
Singapore,SGP,2020-11-02,45.37
Singapore,SGP,2020-11-03,45.37
Singapore,SGP,2020-11-04,45.37
Singapore,SGP,2020-11-05,45.37
Singapore,SGP,2020-11-06,45.37
Singapore,SGP,2020-11-07,45.37
Singapore,SGP,2020-11-08,45.37
Singapore,SGP,2020-11-09,45.37
Singapore,SGP,2020-11-10,45.37
Singapore,SGP,2020-11-11,45.37
Singapore,SGP,2020-11-12,45.37
Singapore,SGP,2020-11-13,45.37
Singapore,SGP,2020-11-14,45.37
Singapore,SGP,2020-11-15,45.37
Singapore,SGP,2020-11-16,45.37
Singapore,SGP,2020-11-17,45.37
Singapore,SGP,2020-11-18,45.37
Singapore,SGP,2020-11-19,45.37
Singapore,SGP,2020-11-20,45.37
Singapore,SGP,2020-11-21,45.37
Singapore,SGP,2020-11-22,45.37
Singapore,SGP,2020-11-23,45.37
Singapore,SGP,2020-11-24,45.37
Singapore,SGP,2020-11-25,45.37
Singapore,SGP,2020-11-26,45.37
Singapore,SGP,2020-11-27,45.37
Singapore,SGP,2020-11-28,45.37
Singapore,SGP,2020-11-29,45.37
Singapore,SGP,2020-11-30,45.37
Singapore,SGP,2020-12-01,45.37
Singapore,SGP,2020-12-02,45.37
Singapore,SGP,2020-12-03,45.37
Singapore,SGP,2020-12-04,45.37
Singapore,SGP,2020-12-05,45.37
Singapore,SGP,2020-12-06,45.37
Singapore,SGP,2020-12-07,45.37
Singapore,SGP,2020-12-08,45.37
Singapore,SGP,2020-12-09,45.37
Singapore,SGP,2020-12-10,45.37
Singapore,SGP,2020-12-11,45.37
Singapore,SGP,2020-12-12,45.37
Singapore,SGP,2020-12-13,45.37
Singapore,SGP,2020-12-14,50.93
Singapore,SGP,2020-12-15,50.93
Singapore,SGP,2020-12-16,50.93
Singapore,SGP,2020-12-17,50.93
Singapore,SGP,2020-12-18,50.93
Singapore,SGP,2020-12-19,50.93
Singapore,SGP,2020-12-20,50.93
Singapore,SGP,2020-12-21,50.93
Singapore,SGP,2020-12-22,50.93
Singapore,SGP,2020-12-23,50.93
Singapore,SGP,2020-12-24,50.93
Singapore,SGP,2020-12-25,50.93
Singapore,SGP,2020-12-26,50.93
Singapore,SGP,2020-12-27,50.93
Singapore,SGP,2020-12-28,45.37
Singapore,SGP,2020-12-29,45.37
Singapore,SGP,2020-12-30,45.37
Singapore,SGP,2020-12-31,45.37
Singapore,SGP,2021-01-01,45.37
Singapore,SGP,2021-01-02,45.37
Singapore,SGP,2021-01-03,45.37
Singapore,SGP,2021-01-04,45.37
Singapore,SGP,2021-01-05,45.37
Singapore,SGP,2021-01-06,45.37
Singapore,SGP,2021-01-07,45.37
Singapore,SGP,2021-01-08,45.37
Singapore,SGP,2021-01-09,45.37
Singapore,SGP,2021-01-10,45.37
Singapore,SGP,2021-01-11,45.37
Singapore,SGP,2021-01-12,45.37
Singapore,SGP,2021-01-13,45.37
Singapore,SGP,2021-01-14,45.37
Singapore,SGP,2021-01-15,50.93
Singapore,SGP,2021-01-16,50.93
Singapore,SGP,2021-01-17,50.93
Singapore,SGP,2021-01-18,50.93
Singapore,SGP,2021-01-19,50.93
Singapore,SGP,2021-01-20,50.93
Singapore,SGP,2021-01-21,50.93
Singapore,SGP,2021-01-22,50.93
Singapore,SGP,2021-01-23,50.93
Singapore,SGP,2021-01-24,50.93
Singapore,SGP,2021-01-25,50.93
Singapore,SGP,2021-01-26,50.93
Singapore,SGP,2021-01-27,50.93
Singapore,SGP,2021-01-28,50.93
Singapore,SGP,2021-01-29,50.93
Singapore,SGP,2021-01-30,50.93
Singapore,SGP,2021-01-31,50.93
Singapore,SGP,2021-02-01,50.93
Singapore,SGP,2021-02-02,50.93
Singapore,SGP,2021-02-03,50.93
Singapore,SGP,2021-02-04,50.93
Singapore,SGP,2021-02-05,50.93
Singapore,SGP,2021-02-06,50.93
Singapore,SGP,2021-02-07,50.93
Singapore,SGP,2021-02-08,50.93
Singapore,SGP,2021-02-09,50.93
Singapore,SGP,2021-02-10,50.93
Singapore,SGP,2021-02-11,50.93
Singapore,SGP,2021-02-12,50.93
Singapore,SGP,2021-02-13,50.93
Singapore,SGP,2021-02-14,50.93
Singapore,SGP,2021-02-15,50.93
Singapore,SGP,2021-02-16,50.93
Singapore,SGP,2021-02-17,50.93
Singapore,SGP,2021-02-18,50.93
Singapore,SGP,2021-02-19,50.93
Singapore,SGP,2021-02-20,50.93
Singapore,SGP,2021-02-21,50.93
Singapore,SGP,2021-02-22,50.93
Singapore,SGP,2021-02-23,50.93
Singapore,SGP,2021-02-24,50.93
Singapore,SGP,2021-02-25,50.93
Singapore,SGP,2021-02-26,50.93
Singapore,SGP,2021-02-27,50.93
Singapore,SGP,2021-02-28,50.93
Singapore,SGP,2021-03-01,50.93
Singapore,SGP,2021-03-02,50.93
Singapore,SGP,2021-03-03,50.93
Singapore,SGP,2021-03-04,50.93
Singapore,SGP,2021-03-05,50.93
Singapore,SGP,2021-03-06,50.93
Singapore,SGP,2021-03-07,50.93
Singapore,SGP,2021-03-08,50.93
Slovakia,SVK,2020-01-01,0
Slovakia,SVK,2020-01-02,0
Slovakia,SVK,2020-01-03,0
Slovakia,SVK,2020-01-04,0
Slovakia,SVK,2020-01-05,0
Slovakia,SVK,2020-01-06,0
Slovakia,SVK,2020-01-07,0
Slovakia,SVK,2020-01-08,0
Slovakia,SVK,2020-01-09,0
Slovakia,SVK,2020-01-10,0
Slovakia,SVK,2020-01-11,0
Slovakia,SVK,2020-01-12,0
Slovakia,SVK,2020-01-13,0
Slovakia,SVK,2020-01-14,0
Slovakia,SVK,2020-01-15,0
Slovakia,SVK,2020-01-16,0
Slovakia,SVK,2020-01-17,0
Slovakia,SVK,2020-01-18,0
Slovakia,SVK,2020-01-19,0
Slovakia,SVK,2020-01-20,0
Slovakia,SVK,2020-01-21,0
Slovakia,SVK,2020-01-22,0
Slovakia,SVK,2020-01-23,0
Slovakia,SVK,2020-01-24,0
Slovakia,SVK,2020-01-25,0
Slovakia,SVK,2020-01-26,0
Slovakia,SVK,2020-01-27,2.78
Slovakia,SVK,2020-01-28,2.78
Slovakia,SVK,2020-01-29,2.78
Slovakia,SVK,2020-01-30,2.78
Slovakia,SVK,2020-01-31,2.78
Slovakia,SVK,2020-02-01,2.78
Slovakia,SVK,2020-02-02,2.78
Slovakia,SVK,2020-02-03,2.78
Slovakia,SVK,2020-02-04,2.78
Slovakia,SVK,2020-02-05,2.78
Slovakia,SVK,2020-02-06,2.78
Slovakia,SVK,2020-02-07,2.78
Slovakia,SVK,2020-02-08,2.78
Slovakia,SVK,2020-02-09,2.78
Slovakia,SVK,2020-02-10,2.78
Slovakia,SVK,2020-02-11,2.78
Slovakia,SVK,2020-02-12,2.78
Slovakia,SVK,2020-02-13,2.78
Slovakia,SVK,2020-02-14,2.78
Slovakia,SVK,2020-02-15,2.78
Slovakia,SVK,2020-02-16,2.78
Slovakia,SVK,2020-02-17,2.78
Slovakia,SVK,2020-02-18,2.78
Slovakia,SVK,2020-02-19,2.78
Slovakia,SVK,2020-02-20,2.78
Slovakia,SVK,2020-02-21,2.78
Slovakia,SVK,2020-02-22,2.78
Slovakia,SVK,2020-02-23,2.78
Slovakia,SVK,2020-02-24,2.78
Slovakia,SVK,2020-02-25,2.78
Slovakia,SVK,2020-02-26,2.78
Slovakia,SVK,2020-02-27,2.78
Slovakia,SVK,2020-02-28,2.78
Slovakia,SVK,2020-02-29,2.78
Slovakia,SVK,2020-03-01,2.78
Slovakia,SVK,2020-03-02,2.78
Slovakia,SVK,2020-03-03,2.78
Slovakia,SVK,2020-03-04,11.11
Slovakia,SVK,2020-03-05,11.11
Slovakia,SVK,2020-03-06,16.67
Slovakia,SVK,2020-03-07,16.67
Slovakia,SVK,2020-03-08,16.67
Slovakia,SVK,2020-03-09,22.22
Slovakia,SVK,2020-03-10,33.33
Slovakia,SVK,2020-03-11,33.33
Slovakia,SVK,2020-03-12,45.37
Slovakia,SVK,2020-03-13,58.33
Slovakia,SVK,2020-03-14,63.89
Slovakia,SVK,2020-03-15,63.89
Slovakia,SVK,2020-03-16,75
Slovakia,SVK,2020-03-17,75
Slovakia,SVK,2020-03-18,75
Slovakia,SVK,2020-03-19,75
Slovakia,SVK,2020-03-20,75
Slovakia,SVK,2020-03-21,75
Slovakia,SVK,2020-03-22,75
Slovakia,SVK,2020-03-23,75
Slovakia,SVK,2020-03-24,75
Slovakia,SVK,2020-03-25,75
Slovakia,SVK,2020-03-26,75
Slovakia,SVK,2020-03-27,75
Slovakia,SVK,2020-03-28,75
Slovakia,SVK,2020-03-29,75
Slovakia,SVK,2020-03-30,75
Slovakia,SVK,2020-03-31,75
Slovakia,SVK,2020-04-01,75
Slovakia,SVK,2020-04-02,75
Slovakia,SVK,2020-04-03,75
Slovakia,SVK,2020-04-04,75
Slovakia,SVK,2020-04-05,75
Slovakia,SVK,2020-04-06,75
Slovakia,SVK,2020-04-07,75
Slovakia,SVK,2020-04-08,87.04
Slovakia,SVK,2020-04-09,87.04
Slovakia,SVK,2020-04-10,87.04
Slovakia,SVK,2020-04-11,87.04
Slovakia,SVK,2020-04-12,87.04
Slovakia,SVK,2020-04-13,87.04
Slovakia,SVK,2020-04-14,75
Slovakia,SVK,2020-04-15,75
Slovakia,SVK,2020-04-16,75
Slovakia,SVK,2020-04-17,75
Slovakia,SVK,2020-04-18,75
Slovakia,SVK,2020-04-19,75
Slovakia,SVK,2020-04-20,75
Slovakia,SVK,2020-04-21,75
Slovakia,SVK,2020-04-22,73.15
Slovakia,SVK,2020-04-23,73.15
Slovakia,SVK,2020-04-24,73.15
Slovakia,SVK,2020-04-25,73.15
Slovakia,SVK,2020-04-26,73.15
Slovakia,SVK,2020-04-27,73.15
Slovakia,SVK,2020-04-28,73.15
Slovakia,SVK,2020-04-29,73.15
Slovakia,SVK,2020-04-30,73.15
Slovakia,SVK,2020-05-01,73.15
Slovakia,SVK,2020-05-02,73.15
Slovakia,SVK,2020-05-03,73.15
Slovakia,SVK,2020-05-04,73.15
Slovakia,SVK,2020-05-05,73.15
Slovakia,SVK,2020-05-06,73.15
Slovakia,SVK,2020-05-07,73.15
Slovakia,SVK,2020-05-08,73.15
Slovakia,SVK,2020-05-09,73.15
Slovakia,SVK,2020-05-10,73.15
Slovakia,SVK,2020-05-11,73.15
Slovakia,SVK,2020-05-12,73.15
Slovakia,SVK,2020-05-13,73.15
Slovakia,SVK,2020-05-14,73.15
Slovakia,SVK,2020-05-15,73.15
Slovakia,SVK,2020-05-16,73.15
Slovakia,SVK,2020-05-17,73.15
Slovakia,SVK,2020-05-18,73.15
Slovakia,SVK,2020-05-19,73.15
Slovakia,SVK,2020-05-20,73.15
Slovakia,SVK,2020-05-21,73.15
Slovakia,SVK,2020-05-22,73.15
Slovakia,SVK,2020-05-23,73.15
Slovakia,SVK,2020-05-24,73.15
Slovakia,SVK,2020-05-25,73.15
Slovakia,SVK,2020-05-26,73.15
Slovakia,SVK,2020-05-27,73.15
Slovakia,SVK,2020-05-28,73.15
Slovakia,SVK,2020-05-29,73.15
Slovakia,SVK,2020-05-30,73.15
Slovakia,SVK,2020-05-31,73.15
Slovakia,SVK,2020-06-01,69.44
Slovakia,SVK,2020-06-02,69.44
Slovakia,SVK,2020-06-03,52.78
Slovakia,SVK,2020-06-04,52.78
Slovakia,SVK,2020-06-05,50
Slovakia,SVK,2020-06-06,50
Slovakia,SVK,2020-06-07,50
Slovakia,SVK,2020-06-08,50
Slovakia,SVK,2020-06-09,47.22
Slovakia,SVK,2020-06-10,44.44
Slovakia,SVK,2020-06-11,44.44
Slovakia,SVK,2020-06-12,44.44
Slovakia,SVK,2020-06-13,44.44
Slovakia,SVK,2020-06-14,40.74
Slovakia,SVK,2020-06-15,40.74
Slovakia,SVK,2020-06-16,40.74
Slovakia,SVK,2020-06-17,40.74
Slovakia,SVK,2020-06-18,40.74
Slovakia,SVK,2020-06-19,40.74
Slovakia,SVK,2020-06-20,37.96
Slovakia,SVK,2020-06-21,37.96
Slovakia,SVK,2020-06-22,37.96
Slovakia,SVK,2020-06-23,37.96
Slovakia,SVK,2020-06-24,37.96
Slovakia,SVK,2020-06-25,37.96
Slovakia,SVK,2020-06-26,37.96
Slovakia,SVK,2020-06-27,37.96
Slovakia,SVK,2020-06-28,37.96
Slovakia,SVK,2020-06-29,37.96
Slovakia,SVK,2020-06-30,37.96
Slovakia,SVK,2020-07-01,37.96
Slovakia,SVK,2020-07-02,37.96
Slovakia,SVK,2020-07-03,37.96
Slovakia,SVK,2020-07-04,37.96
Slovakia,SVK,2020-07-05,37.96
Slovakia,SVK,2020-07-06,37.96
Slovakia,SVK,2020-07-07,37.96
Slovakia,SVK,2020-07-08,37.96
Slovakia,SVK,2020-07-09,37.96
Slovakia,SVK,2020-07-10,37.96
Slovakia,SVK,2020-07-11,37.96
Slovakia,SVK,2020-07-12,37.96
Slovakia,SVK,2020-07-13,37.96
Slovakia,SVK,2020-07-14,37.96
Slovakia,SVK,2020-07-15,37.96
Slovakia,SVK,2020-07-16,37.96
Slovakia,SVK,2020-07-17,37.96
Slovakia,SVK,2020-07-18,37.96
Slovakia,SVK,2020-07-19,37.96
Slovakia,SVK,2020-07-20,37.96
Slovakia,SVK,2020-07-21,37.96
Slovakia,SVK,2020-07-22,37.96
Slovakia,SVK,2020-07-23,37.96
Slovakia,SVK,2020-07-24,37.96
Slovakia,SVK,2020-07-25,37.96
Slovakia,SVK,2020-07-26,37.96
Slovakia,SVK,2020-07-27,35.19
Slovakia,SVK,2020-07-28,35.19
Slovakia,SVK,2020-07-29,35.19
Slovakia,SVK,2020-07-30,35.19
Slovakia,SVK,2020-07-31,35.19
Slovakia,SVK,2020-08-01,35.19
Slovakia,SVK,2020-08-02,35.19
Slovakia,SVK,2020-08-03,35.19
Slovakia,SVK,2020-08-04,35.19
Slovakia,SVK,2020-08-05,35.19
Slovakia,SVK,2020-08-06,35.19
Slovakia,SVK,2020-08-07,35.19
Slovakia,SVK,2020-08-08,35.19
Slovakia,SVK,2020-08-09,35.19
Slovakia,SVK,2020-08-10,35.19
Slovakia,SVK,2020-08-11,35.19
Slovakia,SVK,2020-08-12,35.19
Slovakia,SVK,2020-08-13,35.19
Slovakia,SVK,2020-08-14,35.19
Slovakia,SVK,2020-08-15,35.19
Slovakia,SVK,2020-08-16,32.41
Slovakia,SVK,2020-08-17,32.41
Slovakia,SVK,2020-08-18,32.41
Slovakia,SVK,2020-08-19,32.41
Slovakia,SVK,2020-08-20,32.41
Slovakia,SVK,2020-08-21,32.41
Slovakia,SVK,2020-08-22,32.41
Slovakia,SVK,2020-08-23,32.41
Slovakia,SVK,2020-08-24,32.41
Slovakia,SVK,2020-08-25,32.41
Slovakia,SVK,2020-08-26,32.41
Slovakia,SVK,2020-08-27,32.41
Slovakia,SVK,2020-08-28,32.41
Slovakia,SVK,2020-08-29,32.41
Slovakia,SVK,2020-08-30,32.41
Slovakia,SVK,2020-08-31,32.41
Slovakia,SVK,2020-09-01,29.63
Slovakia,SVK,2020-09-02,25.93
Slovakia,SVK,2020-09-03,27.31
Slovakia,SVK,2020-09-04,28.7
Slovakia,SVK,2020-09-05,28.7
Slovakia,SVK,2020-09-06,28.7
Slovakia,SVK,2020-09-07,28.7
Slovakia,SVK,2020-09-08,28.7
Slovakia,SVK,2020-09-09,28.7
Slovakia,SVK,2020-09-10,28.7
Slovakia,SVK,2020-09-11,31.48
Slovakia,SVK,2020-09-12,31.48
Slovakia,SVK,2020-09-13,31.48
Slovakia,SVK,2020-09-14,31.48
Slovakia,SVK,2020-09-15,31.48
Slovakia,SVK,2020-09-16,31.48
Slovakia,SVK,2020-09-17,31.48
Slovakia,SVK,2020-09-18,31.48
Slovakia,SVK,2020-09-19,31.48
Slovakia,SVK,2020-09-20,31.48
Slovakia,SVK,2020-09-21,31.48
Slovakia,SVK,2020-09-22,31.48
Slovakia,SVK,2020-09-23,31.48
Slovakia,SVK,2020-09-24,31.48
Slovakia,SVK,2020-09-25,31.48
Slovakia,SVK,2020-09-26,31.48
Slovakia,SVK,2020-09-27,31.48
Slovakia,SVK,2020-09-28,31.48
Slovakia,SVK,2020-09-29,31.48
Slovakia,SVK,2020-09-30,31.48
Slovakia,SVK,2020-10-01,45.83
Slovakia,SVK,2020-10-02,45.83
Slovakia,SVK,2020-10-03,45.83
Slovakia,SVK,2020-10-04,45.83
Slovakia,SVK,2020-10-05,47.22
Slovakia,SVK,2020-10-06,47.22
Slovakia,SVK,2020-10-07,47.22
Slovakia,SVK,2020-10-08,47.22
Slovakia,SVK,2020-10-09,47.22
Slovakia,SVK,2020-10-10,47.22
Slovakia,SVK,2020-10-11,47.22
Slovakia,SVK,2020-10-12,47.22
Slovakia,SVK,2020-10-13,50
Slovakia,SVK,2020-10-14,50
Slovakia,SVK,2020-10-15,53.7
Slovakia,SVK,2020-10-16,53.7
Slovakia,SVK,2020-10-17,53.7
Slovakia,SVK,2020-10-18,53.7
Slovakia,SVK,2020-10-19,53.7
Slovakia,SVK,2020-10-20,53.7
Slovakia,SVK,2020-10-21,53.7
Slovakia,SVK,2020-10-22,73.15
Slovakia,SVK,2020-10-23,73.15
Slovakia,SVK,2020-10-24,73.15
Slovakia,SVK,2020-10-25,73.15
Slovakia,SVK,2020-10-26,73.15
Slovakia,SVK,2020-10-27,73.15
Slovakia,SVK,2020-10-28,73.15
Slovakia,SVK,2020-10-29,73.15
Slovakia,SVK,2020-10-30,73.15
Slovakia,SVK,2020-10-31,73.15
Slovakia,SVK,2020-11-01,73.15
Slovakia,SVK,2020-11-02,73.15
Slovakia,SVK,2020-11-03,73.15
Slovakia,SVK,2020-11-04,73.15
Slovakia,SVK,2020-11-05,73.15
Slovakia,SVK,2020-11-06,73.15
Slovakia,SVK,2020-11-07,73.15
Slovakia,SVK,2020-11-08,73.15
Slovakia,SVK,2020-11-09,73.15
Slovakia,SVK,2020-11-10,73.15
Slovakia,SVK,2020-11-11,73.15
Slovakia,SVK,2020-11-12,73.15
Slovakia,SVK,2020-11-13,73.15
Slovakia,SVK,2020-11-14,73.15
Slovakia,SVK,2020-11-15,73.15
Slovakia,SVK,2020-11-16,69.44
Slovakia,SVK,2020-11-17,69.44
Slovakia,SVK,2020-11-18,69.44
Slovakia,SVK,2020-11-19,69.44
Slovakia,SVK,2020-11-20,69.44
Slovakia,SVK,2020-11-21,69.44
Slovakia,SVK,2020-11-22,69.44
Slovakia,SVK,2020-11-23,69.44
Slovakia,SVK,2020-11-24,69.44
Slovakia,SVK,2020-11-25,69.44
Slovakia,SVK,2020-11-26,69.44
Slovakia,SVK,2020-11-27,69.44
Slovakia,SVK,2020-11-28,69.44
Slovakia,SVK,2020-11-29,69.44
Slovakia,SVK,2020-11-30,69.44
Slovakia,SVK,2020-12-01,69.44
Slovakia,SVK,2020-12-02,69.44
Slovakia,SVK,2020-12-03,69.44
Slovakia,SVK,2020-12-04,69.44
Slovakia,SVK,2020-12-05,69.44
Slovakia,SVK,2020-12-06,69.44
Slovakia,SVK,2020-12-07,69.44
Slovakia,SVK,2020-12-08,69.44
Slovakia,SVK,2020-12-09,69.44
Slovakia,SVK,2020-12-10,69.44
Slovakia,SVK,2020-12-11,61.11
Slovakia,SVK,2020-12-12,61.11
Slovakia,SVK,2020-12-13,61.11
Slovakia,SVK,2020-12-14,61.11
Slovakia,SVK,2020-12-15,61.11
Slovakia,SVK,2020-12-16,61.11
Slovakia,SVK,2020-12-17,61.11
Slovakia,SVK,2020-12-18,61.11
Slovakia,SVK,2020-12-19,58.33
Slovakia,SVK,2020-12-20,58.33
Slovakia,SVK,2020-12-21,58.33
Slovakia,SVK,2020-12-22,58.33
Slovakia,SVK,2020-12-23,58.33
Slovakia,SVK,2020-12-24,58.33
Slovakia,SVK,2020-12-25,58.33
Slovakia,SVK,2020-12-26,58.33
Slovakia,SVK,2020-12-27,58.33
Slovakia,SVK,2020-12-28,58.33
Slovakia,SVK,2020-12-29,58.33
Slovakia,SVK,2020-12-30,58.33
Slovakia,SVK,2020-12-31,58.33
Slovakia,SVK,2021-01-01,61.11
Slovakia,SVK,2021-01-02,61.11
Slovakia,SVK,2021-01-03,61.11
Slovakia,SVK,2021-01-04,61.11
Slovakia,SVK,2021-01-05,61.11
Slovakia,SVK,2021-01-06,61.11
Slovakia,SVK,2021-01-07,69.44
Slovakia,SVK,2021-01-08,69.44
Slovakia,SVK,2021-01-09,69.44
Slovakia,SVK,2021-01-10,69.44
Slovakia,SVK,2021-01-11,73.15
Slovakia,SVK,2021-01-12,73.15
Slovakia,SVK,2021-01-13,73.15
Slovakia,SVK,2021-01-14,73.15
Slovakia,SVK,2021-01-15,73.15
Slovakia,SVK,2021-01-16,73.15
Slovakia,SVK,2021-01-17,73.15
Slovakia,SVK,2021-01-18,73.15
Slovakia,SVK,2021-01-19,73.15
Slovakia,SVK,2021-01-20,73.15
Slovakia,SVK,2021-01-21,73.15
Slovakia,SVK,2021-01-22,73.15
Slovakia,SVK,2021-01-23,73.15
Slovakia,SVK,2021-01-24,73.15
Slovakia,SVK,2021-01-25,73.15
Slovakia,SVK,2021-01-26,73.15
Slovakia,SVK,2021-01-27,73.15
Slovakia,SVK,2021-01-28,73.15
Slovakia,SVK,2021-01-29,73.15
Slovakia,SVK,2021-01-30,73.15
Slovakia,SVK,2021-01-31,73.15
Slovakia,SVK,2021-02-01,73.15
Slovakia,SVK,2021-02-02,73.15
Slovakia,SVK,2021-02-03,73.15
Slovakia,SVK,2021-02-04,73.15
Slovakia,SVK,2021-02-05,73.15
Slovakia,SVK,2021-02-06,73.15
Slovakia,SVK,2021-02-07,73.15
Slovakia,SVK,2021-02-08,71.3
Slovakia,SVK,2021-02-09,71.3
Slovakia,SVK,2021-02-10,71.3
Slovakia,SVK,2021-02-11,71.3
Slovakia,SVK,2021-02-12,71.3
Slovakia,SVK,2021-02-13,71.3
Slovakia,SVK,2021-02-14,71.3
Slovakia,SVK,2021-02-15,71.3
Slovakia,SVK,2021-02-16,71.3
Slovakia,SVK,2021-02-17,71.3
Slovakia,SVK,2021-02-18,71.3
Slovakia,SVK,2021-02-19,71.3
Slovakia,SVK,2021-02-20,71.3
Slovakia,SVK,2021-02-21,71.3
Slovakia,SVK,2021-02-22,71.3
Slovakia,SVK,2021-02-23,71.3
Slovakia,SVK,2021-02-24,71.3
Slovakia,SVK,2021-02-25,71.3
Slovakia,SVK,2021-02-26,71.3
Slovakia,SVK,2021-02-27,71.3
Slovakia,SVK,2021-02-28,71.3
Slovakia,SVK,2021-03-01,71.3
Slovakia,SVK,2021-03-02,71.3
Slovakia,SVK,2021-03-03,71.3
Slovakia,SVK,2021-03-04,71.3
Slovakia,SVK,2021-03-05,71.3
Slovakia,SVK,2021-03-06,71.3
Slovakia,SVK,2021-03-07,71.3
Slovenia,SVN,2020-01-01,0
Slovenia,SVN,2020-01-02,0
Slovenia,SVN,2020-01-03,0
Slovenia,SVN,2020-01-04,0
Slovenia,SVN,2020-01-05,0
Slovenia,SVN,2020-01-06,0
Slovenia,SVN,2020-01-07,0
Slovenia,SVN,2020-01-08,0
Slovenia,SVN,2020-01-09,0
Slovenia,SVN,2020-01-10,0
Slovenia,SVN,2020-01-11,0
Slovenia,SVN,2020-01-12,0
Slovenia,SVN,2020-01-13,0
Slovenia,SVN,2020-01-14,0
Slovenia,SVN,2020-01-15,0
Slovenia,SVN,2020-01-16,0
Slovenia,SVN,2020-01-17,0
Slovenia,SVN,2020-01-18,0
Slovenia,SVN,2020-01-19,0
Slovenia,SVN,2020-01-20,0
Slovenia,SVN,2020-01-21,0
Slovenia,SVN,2020-01-22,0
Slovenia,SVN,2020-01-23,0
Slovenia,SVN,2020-01-24,0
Slovenia,SVN,2020-01-25,0
Slovenia,SVN,2020-01-26,0
Slovenia,SVN,2020-01-27,0
Slovenia,SVN,2020-01-28,0
Slovenia,SVN,2020-01-29,0
Slovenia,SVN,2020-01-30,0
Slovenia,SVN,2020-01-31,0
Slovenia,SVN,2020-02-01,0
Slovenia,SVN,2020-02-02,0
Slovenia,SVN,2020-02-03,0
Slovenia,SVN,2020-02-04,0
Slovenia,SVN,2020-02-05,0
Slovenia,SVN,2020-02-06,0
Slovenia,SVN,2020-02-07,0
Slovenia,SVN,2020-02-08,0
Slovenia,SVN,2020-02-09,0
Slovenia,SVN,2020-02-10,0
Slovenia,SVN,2020-02-11,0
Slovenia,SVN,2020-02-12,0
Slovenia,SVN,2020-02-13,0
Slovenia,SVN,2020-02-14,0
Slovenia,SVN,2020-02-15,0
Slovenia,SVN,2020-02-16,0
Slovenia,SVN,2020-02-17,0
Slovenia,SVN,2020-02-18,0
Slovenia,SVN,2020-02-19,0
Slovenia,SVN,2020-02-20,0
Slovenia,SVN,2020-02-21,0
Slovenia,SVN,2020-02-22,0
Slovenia,SVN,2020-02-23,0
Slovenia,SVN,2020-02-24,0
Slovenia,SVN,2020-02-25,0
Slovenia,SVN,2020-02-26,0
Slovenia,SVN,2020-02-27,0
Slovenia,SVN,2020-02-28,0
Slovenia,SVN,2020-02-29,0
Slovenia,SVN,2020-03-01,0
Slovenia,SVN,2020-03-02,0
Slovenia,SVN,2020-03-03,0
Slovenia,SVN,2020-03-04,11.11
Slovenia,SVN,2020-03-05,11.11
Slovenia,SVN,2020-03-06,11.11
Slovenia,SVN,2020-03-07,16.67
Slovenia,SVN,2020-03-08,16.67
Slovenia,SVN,2020-03-09,16.67
Slovenia,SVN,2020-03-10,25
Slovenia,SVN,2020-03-11,25
Slovenia,SVN,2020-03-12,25
Slovenia,SVN,2020-03-13,25
Slovenia,SVN,2020-03-14,28.7
Slovenia,SVN,2020-03-15,28.7
Slovenia,SVN,2020-03-16,50.93
Slovenia,SVN,2020-03-17,50.93
Slovenia,SVN,2020-03-18,50.93
Slovenia,SVN,2020-03-19,67.59
Slovenia,SVN,2020-03-20,78.7
Slovenia,SVN,2020-03-21,78.7
Slovenia,SVN,2020-03-22,78.7
Slovenia,SVN,2020-03-23,78.7
Slovenia,SVN,2020-03-24,78.7
Slovenia,SVN,2020-03-25,78.7
Slovenia,SVN,2020-03-26,78.7
Slovenia,SVN,2020-03-27,78.7
Slovenia,SVN,2020-03-28,78.7
Slovenia,SVN,2020-03-29,78.7
Slovenia,SVN,2020-03-30,89.81
Slovenia,SVN,2020-03-31,89.81
Slovenia,SVN,2020-04-01,89.81
Slovenia,SVN,2020-04-02,89.81
Slovenia,SVN,2020-04-03,89.81
Slovenia,SVN,2020-04-04,89.81
Slovenia,SVN,2020-04-05,89.81
Slovenia,SVN,2020-04-06,89.81
Slovenia,SVN,2020-04-07,89.81
Slovenia,SVN,2020-04-08,89.81
Slovenia,SVN,2020-04-09,89.81
Slovenia,SVN,2020-04-10,89.81
Slovenia,SVN,2020-04-11,89.81
Slovenia,SVN,2020-04-12,89.81
Slovenia,SVN,2020-04-13,89.81
Slovenia,SVN,2020-04-14,89.81
Slovenia,SVN,2020-04-15,89.81
Slovenia,SVN,2020-04-16,89.81
Slovenia,SVN,2020-04-17,89.81
Slovenia,SVN,2020-04-18,89.81
Slovenia,SVN,2020-04-19,89.81
Slovenia,SVN,2020-04-20,86.11
Slovenia,SVN,2020-04-21,86.11
Slovenia,SVN,2020-04-22,86.11
Slovenia,SVN,2020-04-23,86.11
Slovenia,SVN,2020-04-24,86.11
Slovenia,SVN,2020-04-25,86.11
Slovenia,SVN,2020-04-26,86.11
Slovenia,SVN,2020-04-27,86.11
Slovenia,SVN,2020-04-28,86.11
Slovenia,SVN,2020-04-29,86.11
Slovenia,SVN,2020-04-30,75
Slovenia,SVN,2020-05-01,75
Slovenia,SVN,2020-05-02,75
Slovenia,SVN,2020-05-03,75
Slovenia,SVN,2020-05-04,75
Slovenia,SVN,2020-05-05,75
Slovenia,SVN,2020-05-06,75
Slovenia,SVN,2020-05-07,75
Slovenia,SVN,2020-05-08,75
Slovenia,SVN,2020-05-09,75
Slovenia,SVN,2020-05-10,75
Slovenia,SVN,2020-05-11,63.89
Slovenia,SVN,2020-05-12,63.89
Slovenia,SVN,2020-05-13,63.89
Slovenia,SVN,2020-05-14,56.02
Slovenia,SVN,2020-05-15,56.02
Slovenia,SVN,2020-05-16,56.02
Slovenia,SVN,2020-05-17,56.02
Slovenia,SVN,2020-05-18,44.91
Slovenia,SVN,2020-05-19,44.91
Slovenia,SVN,2020-05-20,44.91
Slovenia,SVN,2020-05-21,44.91
Slovenia,SVN,2020-05-22,44.91
Slovenia,SVN,2020-05-23,44.91
Slovenia,SVN,2020-05-24,44.91
Slovenia,SVN,2020-05-25,44.91
Slovenia,SVN,2020-05-26,44.91
Slovenia,SVN,2020-05-27,44.91
Slovenia,SVN,2020-05-28,44.91
Slovenia,SVN,2020-05-29,44.91
Slovenia,SVN,2020-05-30,44.91
Slovenia,SVN,2020-05-31,44.91
Slovenia,SVN,2020-06-01,41.2
Slovenia,SVN,2020-06-02,39.81
Slovenia,SVN,2020-06-03,39.81
Slovenia,SVN,2020-06-04,39.81
Slovenia,SVN,2020-06-05,39.81
Slovenia,SVN,2020-06-06,39.81
Slovenia,SVN,2020-06-07,39.81
Slovenia,SVN,2020-06-08,39.81
Slovenia,SVN,2020-06-09,39.81
Slovenia,SVN,2020-06-10,39.81
Slovenia,SVN,2020-06-11,39.81
Slovenia,SVN,2020-06-12,39.81
Slovenia,SVN,2020-06-13,39.81
Slovenia,SVN,2020-06-14,39.81
Slovenia,SVN,2020-06-15,39.81
Slovenia,SVN,2020-06-16,39.81
Slovenia,SVN,2020-06-17,39.81
Slovenia,SVN,2020-06-18,39.81
Slovenia,SVN,2020-06-19,39.81
Slovenia,SVN,2020-06-20,39.81
Slovenia,SVN,2020-06-21,39.81
Slovenia,SVN,2020-06-22,39.81
Slovenia,SVN,2020-06-23,39.81
Slovenia,SVN,2020-06-24,39.81
Slovenia,SVN,2020-06-25,39.81
Slovenia,SVN,2020-06-26,39.81
Slovenia,SVN,2020-06-27,39.81
Slovenia,SVN,2020-06-28,39.81
Slovenia,SVN,2020-06-29,39.81
Slovenia,SVN,2020-06-30,39.81
Slovenia,SVN,2020-07-01,39.81
Slovenia,SVN,2020-07-02,39.81
Slovenia,SVN,2020-07-03,39.81
Slovenia,SVN,2020-07-04,39.81
Slovenia,SVN,2020-07-05,39.81
Slovenia,SVN,2020-07-06,39.81
Slovenia,SVN,2020-07-07,39.81
Slovenia,SVN,2020-07-08,39.81
Slovenia,SVN,2020-07-09,39.81
Slovenia,SVN,2020-07-10,39.81
Slovenia,SVN,2020-07-11,39.81
Slovenia,SVN,2020-07-12,39.81
Slovenia,SVN,2020-07-13,39.81
Slovenia,SVN,2020-07-14,39.81
Slovenia,SVN,2020-07-15,39.81
Slovenia,SVN,2020-07-16,39.81
Slovenia,SVN,2020-07-17,39.81
Slovenia,SVN,2020-07-18,39.81
Slovenia,SVN,2020-07-19,39.81
Slovenia,SVN,2020-07-20,50
Slovenia,SVN,2020-07-21,50
Slovenia,SVN,2020-07-22,50
Slovenia,SVN,2020-07-23,50
Slovenia,SVN,2020-07-24,50
Slovenia,SVN,2020-07-25,50
Slovenia,SVN,2020-07-26,50
Slovenia,SVN,2020-07-27,50
Slovenia,SVN,2020-07-28,50
Slovenia,SVN,2020-07-29,50
Slovenia,SVN,2020-07-30,50
Slovenia,SVN,2020-07-31,50
Slovenia,SVN,2020-08-01,50
Slovenia,SVN,2020-08-02,50
Slovenia,SVN,2020-08-03,50
Slovenia,SVN,2020-08-04,50
Slovenia,SVN,2020-08-05,50
Slovenia,SVN,2020-08-06,50
Slovenia,SVN,2020-08-07,50
Slovenia,SVN,2020-08-08,50
Slovenia,SVN,2020-08-09,50
Slovenia,SVN,2020-08-10,50
Slovenia,SVN,2020-08-11,50
Slovenia,SVN,2020-08-12,50
Slovenia,SVN,2020-08-13,50
Slovenia,SVN,2020-08-14,50
Slovenia,SVN,2020-08-15,50
Slovenia,SVN,2020-08-16,50
Slovenia,SVN,2020-08-17,50
Slovenia,SVN,2020-08-18,50
Slovenia,SVN,2020-08-19,50
Slovenia,SVN,2020-08-20,50
Slovenia,SVN,2020-08-21,50
Slovenia,SVN,2020-08-22,50
Slovenia,SVN,2020-08-23,50
Slovenia,SVN,2020-08-24,50
Slovenia,SVN,2020-08-25,50
Slovenia,SVN,2020-08-26,50
Slovenia,SVN,2020-08-27,50
Slovenia,SVN,2020-08-28,50
Slovenia,SVN,2020-08-29,50
Slovenia,SVN,2020-08-30,50
Slovenia,SVN,2020-08-31,50
Slovenia,SVN,2020-09-01,50
Slovenia,SVN,2020-09-02,50
Slovenia,SVN,2020-09-03,50
Slovenia,SVN,2020-09-04,50
Slovenia,SVN,2020-09-05,50
Slovenia,SVN,2020-09-06,50
Slovenia,SVN,2020-09-07,50
Slovenia,SVN,2020-09-08,50
Slovenia,SVN,2020-09-09,50
Slovenia,SVN,2020-09-10,50
Slovenia,SVN,2020-09-11,50
Slovenia,SVN,2020-09-12,50
Slovenia,SVN,2020-09-13,50
Slovenia,SVN,2020-09-14,50
Slovenia,SVN,2020-09-15,50
Slovenia,SVN,2020-09-16,50
Slovenia,SVN,2020-09-17,50
Slovenia,SVN,2020-09-18,50
Slovenia,SVN,2020-09-19,50
Slovenia,SVN,2020-09-20,50
Slovenia,SVN,2020-09-21,50
Slovenia,SVN,2020-09-22,50
Slovenia,SVN,2020-09-23,50
Slovenia,SVN,2020-09-24,50
Slovenia,SVN,2020-09-25,50
Slovenia,SVN,2020-09-26,50
Slovenia,SVN,2020-09-27,50
Slovenia,SVN,2020-09-28,50
Slovenia,SVN,2020-09-29,50
Slovenia,SVN,2020-09-30,50
Slovenia,SVN,2020-10-01,50
Slovenia,SVN,2020-10-02,47.22
Slovenia,SVN,2020-10-03,47.22
Slovenia,SVN,2020-10-04,47.22
Slovenia,SVN,2020-10-05,47.22
Slovenia,SVN,2020-10-06,47.22
Slovenia,SVN,2020-10-07,47.22
Slovenia,SVN,2020-10-08,47.22
Slovenia,SVN,2020-10-09,47.22
Slovenia,SVN,2020-10-10,47.22
Slovenia,SVN,2020-10-11,47.22
Slovenia,SVN,2020-10-12,47.22
Slovenia,SVN,2020-10-13,47.22
Slovenia,SVN,2020-10-14,47.22
Slovenia,SVN,2020-10-15,47.22
Slovenia,SVN,2020-10-16,47.22
Slovenia,SVN,2020-10-17,47.22
Slovenia,SVN,2020-10-18,47.22
Slovenia,SVN,2020-10-19,64.81
Slovenia,SVN,2020-10-20,64.81
Slovenia,SVN,2020-10-21,64.81
Slovenia,SVN,2020-10-22,64.81
Slovenia,SVN,2020-10-23,64.81
Slovenia,SVN,2020-10-24,64.81
Slovenia,SVN,2020-10-25,64.81
Slovenia,SVN,2020-10-26,64.81
Slovenia,SVN,2020-10-27,64.81
Slovenia,SVN,2020-10-28,64.81
Slovenia,SVN,2020-10-29,64.81
Slovenia,SVN,2020-10-30,68.52
Slovenia,SVN,2020-10-31,68.52
Slovenia,SVN,2020-11-01,68.52
Slovenia,SVN,2020-11-02,68.52
Slovenia,SVN,2020-11-03,68.52
Slovenia,SVN,2020-11-04,68.52
Slovenia,SVN,2020-11-05,68.52
Slovenia,SVN,2020-11-06,68.52
Slovenia,SVN,2020-11-07,68.52
Slovenia,SVN,2020-11-08,68.52
Slovenia,SVN,2020-11-09,68.52
Slovenia,SVN,2020-11-10,68.52
Slovenia,SVN,2020-11-11,68.52
Slovenia,SVN,2020-11-12,68.52
Slovenia,SVN,2020-11-13,68.52
Slovenia,SVN,2020-11-14,68.52
Slovenia,SVN,2020-11-15,68.52
Slovenia,SVN,2020-11-16,68.52
Slovenia,SVN,2020-11-17,68.52
Slovenia,SVN,2020-11-18,68.52
Slovenia,SVN,2020-11-19,68.52
Slovenia,SVN,2020-11-20,68.52
Slovenia,SVN,2020-11-21,68.52
Slovenia,SVN,2020-11-22,68.52
Slovenia,SVN,2020-11-23,68.52
Slovenia,SVN,2020-11-24,68.52
Slovenia,SVN,2020-11-25,68.52
Slovenia,SVN,2020-11-26,68.52
Slovenia,SVN,2020-11-27,68.52
Slovenia,SVN,2020-11-28,68.52
Slovenia,SVN,2020-11-29,68.52
Slovenia,SVN,2020-11-30,68.52
Slovenia,SVN,2020-12-01,68.52
Slovenia,SVN,2020-12-02,68.52
Slovenia,SVN,2020-12-03,68.52
Slovenia,SVN,2020-12-04,68.52
Slovenia,SVN,2020-12-05,68.52
Slovenia,SVN,2020-12-06,68.52
Slovenia,SVN,2020-12-07,68.52
Slovenia,SVN,2020-12-08,68.52
Slovenia,SVN,2020-12-09,68.52
Slovenia,SVN,2020-12-10,68.52
Slovenia,SVN,2020-12-11,68.52
Slovenia,SVN,2020-12-12,68.52
Slovenia,SVN,2020-12-13,68.52
Slovenia,SVN,2020-12-14,68.52
Slovenia,SVN,2020-12-15,68.52
Slovenia,SVN,2020-12-16,68.52
Slovenia,SVN,2020-12-17,68.52
Slovenia,SVN,2020-12-18,68.52
Slovenia,SVN,2020-12-19,68.52
Slovenia,SVN,2020-12-20,68.52
Slovenia,SVN,2020-12-21,68.52
Slovenia,SVN,2020-12-22,68.52
Slovenia,SVN,2020-12-23,68.52
Slovenia,SVN,2020-12-24,68.52
Slovenia,SVN,2020-12-25,68.52
Slovenia,SVN,2020-12-26,68.52
Slovenia,SVN,2020-12-27,68.52
Slovenia,SVN,2020-12-28,68.52
Slovenia,SVN,2020-12-29,68.52
Slovenia,SVN,2020-12-30,68.52
Slovenia,SVN,2020-12-31,68.52
Slovenia,SVN,2021-01-01,68.52
Slovenia,SVN,2021-01-02,68.52
Slovenia,SVN,2021-01-03,68.52
Slovenia,SVN,2021-01-04,68.52
Slovenia,SVN,2021-01-05,68.52
Slovenia,SVN,2021-01-06,68.52
Slovenia,SVN,2021-01-07,68.52
Slovenia,SVN,2021-01-08,68.52
Slovenia,SVN,2021-01-09,74.07
Slovenia,SVN,2021-01-10,74.07
Slovenia,SVN,2021-01-11,74.07
Slovenia,SVN,2021-01-12,74.07
Slovenia,SVN,2021-01-13,74.07
Slovenia,SVN,2021-01-14,74.07
Slovenia,SVN,2021-01-15,74.07
Slovenia,SVN,2021-01-16,74.07
Slovenia,SVN,2021-01-17,74.07
Slovenia,SVN,2021-01-18,74.07
Slovenia,SVN,2021-01-19,74.07
Slovenia,SVN,2021-01-20,74.07
Slovenia,SVN,2021-01-21,74.07
Slovenia,SVN,2021-01-22,74.07
Slovenia,SVN,2021-01-23,68.52
Slovenia,SVN,2021-01-24,68.52
Slovenia,SVN,2021-01-25,68.52
Slovenia,SVN,2021-01-26,68.52
Slovenia,SVN,2021-01-27,68.52
Slovenia,SVN,2021-01-28,68.52
Slovenia,SVN,2021-01-29,68.52
Slovenia,SVN,2021-01-30,68.52
Slovenia,SVN,2021-01-31,68.52
Slovenia,SVN,2021-02-01,68.52
Slovenia,SVN,2021-02-02,68.52
Slovenia,SVN,2021-02-03,68.52
Slovenia,SVN,2021-02-04,68.52
Slovenia,SVN,2021-02-05,68.52
Slovenia,SVN,2021-02-06,72.22
Slovenia,SVN,2021-02-07,72.22
Slovenia,SVN,2021-02-08,72.22
Slovenia,SVN,2021-02-09,72.22
Slovenia,SVN,2021-02-10,72.22
Slovenia,SVN,2021-02-11,72.22
Slovenia,SVN,2021-02-12,72.22
Slovenia,SVN,2021-02-13,72.22
Slovenia,SVN,2021-02-14,70.37
Slovenia,SVN,2021-02-15,61.11
Slovenia,SVN,2021-02-16,61.11
Slovenia,SVN,2021-02-17,61.11
Slovenia,SVN,2021-02-18,61.11
Slovenia,SVN,2021-02-19,61.11
Slovenia,SVN,2021-02-20,61.11
Slovenia,SVN,2021-02-21,61.11
Slovenia,SVN,2021-02-22,61.11
Slovenia,SVN,2021-02-23,61.11
Slovenia,SVN,2021-02-24,61.11
Slovenia,SVN,2021-02-25,61.11
Slovenia,SVN,2021-02-26,61.11
Slovenia,SVN,2021-02-27,69.44
Slovenia,SVN,2021-02-28,69.44
Slovenia,SVN,2021-03-01,69.44
Slovenia,SVN,2021-03-02,69.44
Slovenia,SVN,2021-03-03,69.44
Slovenia,SVN,2021-03-04,69.44
Slovenia,SVN,2021-03-05,69.44
Slovenia,SVN,2021-03-06,69.44
Slovenia,SVN,2021-03-07,69.44
Slovenia,SVN,2021-03-08,69.44
Solomon Islands,SLB,2020-01-01,0
Solomon Islands,SLB,2020-01-02,0
Solomon Islands,SLB,2020-01-03,0
Solomon Islands,SLB,2020-01-04,0
Solomon Islands,SLB,2020-01-05,0
Solomon Islands,SLB,2020-01-06,0
Solomon Islands,SLB,2020-01-07,0
Solomon Islands,SLB,2020-01-08,0
Solomon Islands,SLB,2020-01-09,0
Solomon Islands,SLB,2020-01-10,0
Solomon Islands,SLB,2020-01-11,0
Solomon Islands,SLB,2020-01-12,0
Solomon Islands,SLB,2020-01-13,0
Solomon Islands,SLB,2020-01-14,0
Solomon Islands,SLB,2020-01-15,0
Solomon Islands,SLB,2020-01-16,0
Solomon Islands,SLB,2020-01-17,0
Solomon Islands,SLB,2020-01-18,0
Solomon Islands,SLB,2020-01-19,0
Solomon Islands,SLB,2020-01-20,0
Solomon Islands,SLB,2020-01-21,0
Solomon Islands,SLB,2020-01-22,0
Solomon Islands,SLB,2020-01-23,0
Solomon Islands,SLB,2020-01-24,0
Solomon Islands,SLB,2020-01-25,0
Solomon Islands,SLB,2020-01-26,0
Solomon Islands,SLB,2020-01-27,0
Solomon Islands,SLB,2020-01-28,0
Solomon Islands,SLB,2020-01-29,0
Solomon Islands,SLB,2020-01-30,0
Solomon Islands,SLB,2020-01-31,0
Solomon Islands,SLB,2020-02-01,0
Solomon Islands,SLB,2020-02-02,0
Solomon Islands,SLB,2020-02-03,0
Solomon Islands,SLB,2020-02-04,0
Solomon Islands,SLB,2020-02-05,0
Solomon Islands,SLB,2020-02-06,8.33
Solomon Islands,SLB,2020-02-07,8.33
Solomon Islands,SLB,2020-02-08,8.33
Solomon Islands,SLB,2020-02-09,8.33
Solomon Islands,SLB,2020-02-10,8.33
Solomon Islands,SLB,2020-02-11,8.33
Solomon Islands,SLB,2020-02-12,8.33
Solomon Islands,SLB,2020-02-13,8.33
Solomon Islands,SLB,2020-02-14,8.33
Solomon Islands,SLB,2020-02-15,8.33
Solomon Islands,SLB,2020-02-16,8.33
Solomon Islands,SLB,2020-02-17,8.33
Solomon Islands,SLB,2020-02-18,8.33
Solomon Islands,SLB,2020-02-19,8.33
Solomon Islands,SLB,2020-02-20,8.33
Solomon Islands,SLB,2020-02-21,8.33
Solomon Islands,SLB,2020-02-22,8.33
Solomon Islands,SLB,2020-02-23,8.33
Solomon Islands,SLB,2020-02-24,8.33
Solomon Islands,SLB,2020-02-25,8.33
Solomon Islands,SLB,2020-02-26,8.33
Solomon Islands,SLB,2020-02-27,8.33
Solomon Islands,SLB,2020-02-28,8.33
Solomon Islands,SLB,2020-02-29,8.33
Solomon Islands,SLB,2020-03-01,8.33
Solomon Islands,SLB,2020-03-02,8.33
Solomon Islands,SLB,2020-03-03,8.33
Solomon Islands,SLB,2020-03-04,8.33
Solomon Islands,SLB,2020-03-05,8.33
Solomon Islands,SLB,2020-03-06,8.33
Solomon Islands,SLB,2020-03-07,8.33
Solomon Islands,SLB,2020-03-08,8.33
Solomon Islands,SLB,2020-03-09,8.33
Solomon Islands,SLB,2020-03-10,8.33
Solomon Islands,SLB,2020-03-11,8.33
Solomon Islands,SLB,2020-03-12,8.33
Solomon Islands,SLB,2020-03-13,8.33
Solomon Islands,SLB,2020-03-14,8.33
Solomon Islands,SLB,2020-03-15,8.33
Solomon Islands,SLB,2020-03-16,8.33
Solomon Islands,SLB,2020-03-17,8.33
Solomon Islands,SLB,2020-03-18,19.44
Solomon Islands,SLB,2020-03-19,19.44
Solomon Islands,SLB,2020-03-20,31.48
Solomon Islands,SLB,2020-03-21,31.48
Solomon Islands,SLB,2020-03-22,31.48
Solomon Islands,SLB,2020-03-23,42.59
Solomon Islands,SLB,2020-03-24,42.59
Solomon Islands,SLB,2020-03-25,42.59
Solomon Islands,SLB,2020-03-26,42.59
Solomon Islands,SLB,2020-03-27,42.59
Solomon Islands,SLB,2020-03-28,42.59
Solomon Islands,SLB,2020-03-29,42.59
Solomon Islands,SLB,2020-03-30,42.59
Solomon Islands,SLB,2020-03-31,44.44
Solomon Islands,SLB,2020-04-01,44.44
Solomon Islands,SLB,2020-04-02,44.44
Solomon Islands,SLB,2020-04-03,44.44
Solomon Islands,SLB,2020-04-04,44.44
Solomon Islands,SLB,2020-04-05,44.44
Solomon Islands,SLB,2020-04-06,44.44
Solomon Islands,SLB,2020-04-07,44.44
Solomon Islands,SLB,2020-04-08,44.44
Solomon Islands,SLB,2020-04-09,44.44
Solomon Islands,SLB,2020-04-10,52.78
Solomon Islands,SLB,2020-04-11,52.78
Solomon Islands,SLB,2020-04-12,44.44
Solomon Islands,SLB,2020-04-13,44.44
Solomon Islands,SLB,2020-04-14,44.44
Solomon Islands,SLB,2020-04-15,44.44
Solomon Islands,SLB,2020-04-16,44.44
Solomon Islands,SLB,2020-04-17,44.44
Solomon Islands,SLB,2020-04-18,44.44
Solomon Islands,SLB,2020-04-19,44.44
Solomon Islands,SLB,2020-04-20,44.44
Solomon Islands,SLB,2020-04-21,44.44
Solomon Islands,SLB,2020-04-22,44.44
Solomon Islands,SLB,2020-04-23,44.44
Solomon Islands,SLB,2020-04-24,44.44
Solomon Islands,SLB,2020-04-25,44.44
Solomon Islands,SLB,2020-04-26,44.44
Solomon Islands,SLB,2020-04-27,42.59
Solomon Islands,SLB,2020-04-28,42.59
Solomon Islands,SLB,2020-04-29,42.59
Solomon Islands,SLB,2020-04-30,42.59
Solomon Islands,SLB,2020-05-01,42.59
Solomon Islands,SLB,2020-05-02,42.59
Solomon Islands,SLB,2020-05-03,42.59
Solomon Islands,SLB,2020-05-04,42.59
Solomon Islands,SLB,2020-05-05,42.59
Solomon Islands,SLB,2020-05-06,42.59
Solomon Islands,SLB,2020-05-07,42.59
Solomon Islands,SLB,2020-05-08,42.59
Solomon Islands,SLB,2020-05-09,42.59
Solomon Islands,SLB,2020-05-10,42.59
Solomon Islands,SLB,2020-05-11,42.59
Solomon Islands,SLB,2020-05-12,42.59
Solomon Islands,SLB,2020-05-13,42.59
Solomon Islands,SLB,2020-05-14,42.59
Solomon Islands,SLB,2020-05-15,42.59
Solomon Islands,SLB,2020-05-16,42.59
Solomon Islands,SLB,2020-05-17,42.59
Solomon Islands,SLB,2020-05-18,42.59
Solomon Islands,SLB,2020-05-19,42.59
Solomon Islands,SLB,2020-05-20,69.44
Solomon Islands,SLB,2020-05-21,69.44
Solomon Islands,SLB,2020-05-22,69.44
Solomon Islands,SLB,2020-05-23,42.59
Solomon Islands,SLB,2020-05-24,42.59
Solomon Islands,SLB,2020-05-25,33.33
Solomon Islands,SLB,2020-05-26,33.33
Solomon Islands,SLB,2020-05-27,33.33
Solomon Islands,SLB,2020-05-28,33.33
Solomon Islands,SLB,2020-05-29,33.33
Solomon Islands,SLB,2020-05-30,33.33
Solomon Islands,SLB,2020-05-31,33.33
Solomon Islands,SLB,2020-06-01,33.33
Solomon Islands,SLB,2020-06-02,33.33
Solomon Islands,SLB,2020-06-03,33.33
Solomon Islands,SLB,2020-06-04,33.33
Solomon Islands,SLB,2020-06-05,33.33
Solomon Islands,SLB,2020-06-06,33.33
Solomon Islands,SLB,2020-06-07,33.33
Solomon Islands,SLB,2020-06-08,33.33
Solomon Islands,SLB,2020-06-09,33.33
Solomon Islands,SLB,2020-06-10,33.33
Solomon Islands,SLB,2020-06-11,33.33
Solomon Islands,SLB,2020-06-12,33.33
Solomon Islands,SLB,2020-06-13,33.33
Solomon Islands,SLB,2020-06-14,33.33
Solomon Islands,SLB,2020-06-15,33.33
Solomon Islands,SLB,2020-06-16,33.33
Solomon Islands,SLB,2020-06-17,33.33
Solomon Islands,SLB,2020-06-18,33.33
Solomon Islands,SLB,2020-06-19,33.33
Solomon Islands,SLB,2020-06-20,33.33
Solomon Islands,SLB,2020-06-21,33.33
Solomon Islands,SLB,2020-06-22,33.33
Solomon Islands,SLB,2020-06-23,33.33
Solomon Islands,SLB,2020-06-24,33.33
Solomon Islands,SLB,2020-06-25,33.33
Solomon Islands,SLB,2020-06-26,33.33
Solomon Islands,SLB,2020-06-27,33.33
Solomon Islands,SLB,2020-06-28,33.33
Solomon Islands,SLB,2020-06-29,33.33
Solomon Islands,SLB,2020-06-30,33.33
Solomon Islands,SLB,2020-07-01,33.33
Solomon Islands,SLB,2020-07-02,33.33
Solomon Islands,SLB,2020-07-03,33.33
Solomon Islands,SLB,2020-07-04,33.33
Solomon Islands,SLB,2020-07-05,33.33
Solomon Islands,SLB,2020-07-06,33.33
Solomon Islands,SLB,2020-07-07,33.33
Solomon Islands,SLB,2020-07-08,33.33
Solomon Islands,SLB,2020-07-09,33.33
Solomon Islands,SLB,2020-07-10,33.33
Solomon Islands,SLB,2020-07-11,33.33
Solomon Islands,SLB,2020-07-12,33.33
Solomon Islands,SLB,2020-07-13,33.33
Solomon Islands,SLB,2020-07-14,33.33
Solomon Islands,SLB,2020-07-15,33.33
Solomon Islands,SLB,2020-07-16,33.33
Solomon Islands,SLB,2020-07-17,33.33
Solomon Islands,SLB,2020-07-18,33.33
Solomon Islands,SLB,2020-07-19,33.33
Solomon Islands,SLB,2020-07-20,33.33
Solomon Islands,SLB,2020-07-21,33.33
Solomon Islands,SLB,2020-07-22,33.33
Solomon Islands,SLB,2020-07-23,33.33
Solomon Islands,SLB,2020-07-24,33.33
Solomon Islands,SLB,2020-07-25,33.33
Solomon Islands,SLB,2020-07-26,33.33
Solomon Islands,SLB,2020-07-27,33.33
Solomon Islands,SLB,2020-07-28,36.11
Solomon Islands,SLB,2020-07-29,36.11
Solomon Islands,SLB,2020-07-30,36.11
Solomon Islands,SLB,2020-07-31,36.11
Solomon Islands,SLB,2020-08-01,36.11
Solomon Islands,SLB,2020-08-02,36.11
Solomon Islands,SLB,2020-08-03,36.11
Solomon Islands,SLB,2020-08-04,36.11
Solomon Islands,SLB,2020-08-05,36.11
Solomon Islands,SLB,2020-08-06,36.11
Solomon Islands,SLB,2020-08-07,36.11
Solomon Islands,SLB,2020-08-08,36.11
Solomon Islands,SLB,2020-08-09,36.11
Solomon Islands,SLB,2020-08-10,36.11
Solomon Islands,SLB,2020-08-11,36.11
Solomon Islands,SLB,2020-08-12,33.33
Solomon Islands,SLB,2020-08-13,33.33
Solomon Islands,SLB,2020-08-14,33.33
Solomon Islands,SLB,2020-08-15,33.33
Solomon Islands,SLB,2020-08-16,33.33
Solomon Islands,SLB,2020-08-17,33.33
Solomon Islands,SLB,2020-08-18,33.33
Solomon Islands,SLB,2020-08-19,33.33
Solomon Islands,SLB,2020-08-20,33.33
Solomon Islands,SLB,2020-08-21,33.33
Solomon Islands,SLB,2020-08-22,33.33
Solomon Islands,SLB,2020-08-23,33.33
Solomon Islands,SLB,2020-08-24,33.33
Solomon Islands,SLB,2020-08-25,33.33
Solomon Islands,SLB,2020-08-26,33.33
Solomon Islands,SLB,2020-08-27,33.33
Solomon Islands,SLB,2020-08-28,33.33
Solomon Islands,SLB,2020-08-29,33.33
Solomon Islands,SLB,2020-08-30,33.33
Solomon Islands,SLB,2020-08-31,33.33
Solomon Islands,SLB,2020-09-01,33.33
Solomon Islands,SLB,2020-09-02,33.33
Solomon Islands,SLB,2020-09-03,33.33
Solomon Islands,SLB,2020-09-04,36.11
Solomon Islands,SLB,2020-09-05,36.11
Solomon Islands,SLB,2020-09-06,36.11
Solomon Islands,SLB,2020-09-07,36.11
Solomon Islands,SLB,2020-09-08,36.11
Solomon Islands,SLB,2020-09-09,36.11
Solomon Islands,SLB,2020-09-10,36.11
Solomon Islands,SLB,2020-09-11,36.11
Solomon Islands,SLB,2020-09-12,36.11
Solomon Islands,SLB,2020-09-13,36.11
Solomon Islands,SLB,2020-09-14,36.11
Solomon Islands,SLB,2020-09-15,36.11
Solomon Islands,SLB,2020-09-16,36.11
Solomon Islands,SLB,2020-09-17,36.11
Solomon Islands,SLB,2020-09-18,36.11
Solomon Islands,SLB,2020-09-19,36.11
Solomon Islands,SLB,2020-09-20,36.11
Solomon Islands,SLB,2020-09-21,36.11
Solomon Islands,SLB,2020-09-22,36.11
Solomon Islands,SLB,2020-09-23,36.11
Solomon Islands,SLB,2020-09-24,36.11
Solomon Islands,SLB,2020-09-25,36.11
Solomon Islands,SLB,2020-09-26,36.11
Solomon Islands,SLB,2020-09-27,36.11
Solomon Islands,SLB,2020-09-28,36.11
Solomon Islands,SLB,2020-09-29,36.11
Solomon Islands,SLB,2020-09-30,36.11
Solomon Islands,SLB,2020-10-01,36.11
Solomon Islands,SLB,2020-10-02,36.11
Solomon Islands,SLB,2020-10-03,36.11
Solomon Islands,SLB,2020-10-04,36.11
Solomon Islands,SLB,2020-10-05,36.11
Solomon Islands,SLB,2020-10-06,36.11
Solomon Islands,SLB,2020-10-07,36.11
Solomon Islands,SLB,2020-10-08,36.11
Solomon Islands,SLB,2020-10-09,36.11
Solomon Islands,SLB,2020-10-10,36.11
Solomon Islands,SLB,2020-10-11,36.11
Solomon Islands,SLB,2020-10-12,43.52
Solomon Islands,SLB,2020-10-13,43.52
Solomon Islands,SLB,2020-10-14,43.52
Solomon Islands,SLB,2020-10-15,43.52
Solomon Islands,SLB,2020-10-16,43.52
Solomon Islands,SLB,2020-10-17,43.52
Solomon Islands,SLB,2020-10-18,43.52
Solomon Islands,SLB,2020-10-19,43.52
Solomon Islands,SLB,2020-10-20,43.52
Solomon Islands,SLB,2020-10-21,43.52
Solomon Islands,SLB,2020-10-22,43.52
Solomon Islands,SLB,2020-10-23,43.52
Solomon Islands,SLB,2020-10-24,43.52
Solomon Islands,SLB,2020-10-25,43.52
Solomon Islands,SLB,2020-10-26,43.52
Solomon Islands,SLB,2020-10-27,43.52
Solomon Islands,SLB,2020-10-28,43.52
Solomon Islands,SLB,2020-10-29,43.52
Solomon Islands,SLB,2020-10-30,43.52
Solomon Islands,SLB,2020-10-31,43.52
Solomon Islands,SLB,2020-11-01,43.52
Solomon Islands,SLB,2020-11-02,43.52
Solomon Islands,SLB,2020-11-03,43.52
Solomon Islands,SLB,2020-11-04,43.52
Solomon Islands,SLB,2020-11-05,43.52
Solomon Islands,SLB,2020-11-06,43.52
Solomon Islands,SLB,2020-11-07,43.52
Solomon Islands,SLB,2020-11-08,43.52
Solomon Islands,SLB,2020-11-09,43.52
Solomon Islands,SLB,2020-11-10,43.52
Solomon Islands,SLB,2020-11-11,43.52
Solomon Islands,SLB,2020-11-12,43.52
Solomon Islands,SLB,2020-11-13,43.52
Solomon Islands,SLB,2020-11-14,43.52
Solomon Islands,SLB,2020-11-15,43.52
Solomon Islands,SLB,2020-11-16,43.52
Solomon Islands,SLB,2020-11-17,43.52
Solomon Islands,SLB,2020-11-18,43.52
Solomon Islands,SLB,2020-11-19,43.52
Solomon Islands,SLB,2020-11-20,43.52
Solomon Islands,SLB,2020-11-21,43.52
Solomon Islands,SLB,2020-11-22,43.52
Solomon Islands,SLB,2020-11-23,43.52
Solomon Islands,SLB,2020-11-24,43.52
Solomon Islands,SLB,2020-11-25,43.52
Solomon Islands,SLB,2020-11-26,43.52
Solomon Islands,SLB,2020-11-27,43.52
Solomon Islands,SLB,2020-11-28,43.52
Solomon Islands,SLB,2020-11-29,36.11
Solomon Islands,SLB,2020-11-30,36.11
Solomon Islands,SLB,2020-12-01,36.11
Solomon Islands,SLB,2020-12-02,36.11
Solomon Islands,SLB,2020-12-03,36.11
Solomon Islands,SLB,2020-12-04,36.11
Solomon Islands,SLB,2020-12-05,36.11
Solomon Islands,SLB,2020-12-06,36.11
Solomon Islands,SLB,2020-12-07,36.11
Solomon Islands,SLB,2020-12-08,36.11
Solomon Islands,SLB,2020-12-09,36.11
Solomon Islands,SLB,2020-12-10,36.11
Solomon Islands,SLB,2020-12-11,36.11
Solomon Islands,SLB,2020-12-12,36.11
Solomon Islands,SLB,2020-12-13,36.11
Solomon Islands,SLB,2020-12-14,36.11
Solomon Islands,SLB,2020-12-15,36.11
Solomon Islands,SLB,2020-12-16,36.11
Solomon Islands,SLB,2020-12-17,36.11
Solomon Islands,SLB,2020-12-18,36.11
Solomon Islands,SLB,2020-12-19,36.11
Solomon Islands,SLB,2020-12-20,36.11
Solomon Islands,SLB,2020-12-21,36.11
Solomon Islands,SLB,2020-12-22,36.11
Solomon Islands,SLB,2020-12-23,36.11
Solomon Islands,SLB,2020-12-24,36.11
Solomon Islands,SLB,2020-12-25,36.11
Solomon Islands,SLB,2020-12-26,36.11
Solomon Islands,SLB,2020-12-27,36.11
Solomon Islands,SLB,2020-12-28,36.11
Solomon Islands,SLB,2020-12-29,36.11
Solomon Islands,SLB,2020-12-30,33.33
Solomon Islands,SLB,2020-12-31,33.33
Solomon Islands,SLB,2021-01-01,33.33
Solomon Islands,SLB,2021-01-02,33.33
Solomon Islands,SLB,2021-01-03,33.33
Solomon Islands,SLB,2021-01-04,33.33
Solomon Islands,SLB,2021-01-05,33.33
Solomon Islands,SLB,2021-01-06,33.33
Solomon Islands,SLB,2021-01-07,33.33
Solomon Islands,SLB,2021-01-08,33.33
Solomon Islands,SLB,2021-01-09,33.33
Solomon Islands,SLB,2021-01-10,33.33
Solomon Islands,SLB,2021-01-11,33.33
Solomon Islands,SLB,2021-01-12,33.33
Solomon Islands,SLB,2021-01-13,33.33
Solomon Islands,SLB,2021-01-14,33.33
Solomon Islands,SLB,2021-01-15,33.33
Solomon Islands,SLB,2021-01-16,33.33
Solomon Islands,SLB,2021-01-17,33.33
Solomon Islands,SLB,2021-01-18,33.33
Solomon Islands,SLB,2021-01-19,33.33
Solomon Islands,SLB,2021-01-20,33.33
Solomon Islands,SLB,2021-01-21,33.33
Solomon Islands,SLB,2021-01-22,33.33
Solomon Islands,SLB,2021-01-23,33.33
Solomon Islands,SLB,2021-01-24,33.33
Solomon Islands,SLB,2021-01-25,33.33
Solomon Islands,SLB,2021-01-26,33.33
Solomon Islands,SLB,2021-01-27,33.33
Solomon Islands,SLB,2021-01-28,33.33
Solomon Islands,SLB,2021-01-29,33.33
Solomon Islands,SLB,2021-01-30,33.33
Solomon Islands,SLB,2021-01-31,33.33
Solomon Islands,SLB,2021-02-01,33.33
Solomon Islands,SLB,2021-02-02,33.33
Solomon Islands,SLB,2021-02-03,33.33
Solomon Islands,SLB,2021-02-04,33.33
Solomon Islands,SLB,2021-02-05,33.33
Solomon Islands,SLB,2021-02-06,33.33
Solomon Islands,SLB,2021-02-07,33.33
Solomon Islands,SLB,2021-02-08,33.33
Solomon Islands,SLB,2021-02-09,33.33
Solomon Islands,SLB,2021-02-10,33.33
Solomon Islands,SLB,2021-02-11,33.33
Solomon Islands,SLB,2021-02-12,33.33
Solomon Islands,SLB,2021-02-13,33.33
Solomon Islands,SLB,2021-02-14,33.33
Solomon Islands,SLB,2021-02-15,33.33
Solomon Islands,SLB,2021-02-16,33.33
Solomon Islands,SLB,2021-02-17,33.33
Solomon Islands,SLB,2021-02-18,33.33
Solomon Islands,SLB,2021-02-19,33.33
Solomon Islands,SLB,2021-02-20,33.33
Solomon Islands,SLB,2021-02-21,33.33
Solomon Islands,SLB,2021-02-22,33.33
Solomon Islands,SLB,2021-02-23,25
Solomon Islands,SLB,2021-02-24,25
Solomon Islands,SLB,2021-02-25,25
Solomon Islands,SLB,2021-02-26,25
Solomon Islands,SLB,2021-02-27,25
Solomon Islands,SLB,2021-02-28,25
Solomon Islands,SLB,2021-03-01,25
Solomon Islands,SLB,2021-03-02,25
Solomon Islands,SLB,2021-03-03,25
Solomon Islands,SLB,2021-03-04,25
Solomon Islands,SLB,2021-03-05,25
Solomon Islands,SLB,2021-03-06,25
Solomon Islands,SLB,2021-03-07,25
Solomon Islands,SLB,2021-03-08,25
Somalia,SOM,2020-01-01,0
Somalia,SOM,2020-01-02,0
Somalia,SOM,2020-01-03,0
Somalia,SOM,2020-01-04,0
Somalia,SOM,2020-01-05,0
Somalia,SOM,2020-01-06,0
Somalia,SOM,2020-01-07,0
Somalia,SOM,2020-01-08,0
Somalia,SOM,2020-01-09,0
Somalia,SOM,2020-01-10,0
Somalia,SOM,2020-01-11,0
Somalia,SOM,2020-01-12,0
Somalia,SOM,2020-01-13,0
Somalia,SOM,2020-01-14,0
Somalia,SOM,2020-01-15,0
Somalia,SOM,2020-01-16,0
Somalia,SOM,2020-01-17,0
Somalia,SOM,2020-01-18,0
Somalia,SOM,2020-01-19,0
Somalia,SOM,2020-01-20,0
Somalia,SOM,2020-01-21,0
Somalia,SOM,2020-01-22,0
Somalia,SOM,2020-01-23,0
Somalia,SOM,2020-01-24,0
Somalia,SOM,2020-01-25,0
Somalia,SOM,2020-01-26,0
Somalia,SOM,2020-01-27,0
Somalia,SOM,2020-01-28,0
Somalia,SOM,2020-01-29,0
Somalia,SOM,2020-01-30,0
Somalia,SOM,2020-01-31,0
Somalia,SOM,2020-02-01,0
Somalia,SOM,2020-02-02,0
Somalia,SOM,2020-02-03,0
Somalia,SOM,2020-02-04,0
Somalia,SOM,2020-02-05,0
Somalia,SOM,2020-02-06,0
Somalia,SOM,2020-02-07,0
Somalia,SOM,2020-02-08,0
Somalia,SOM,2020-02-09,0
Somalia,SOM,2020-02-10,0
Somalia,SOM,2020-02-11,0
Somalia,SOM,2020-02-12,0
Somalia,SOM,2020-02-13,0
Somalia,SOM,2020-02-14,0
Somalia,SOM,2020-02-15,0
Somalia,SOM,2020-02-16,0
Somalia,SOM,2020-02-17,0
Somalia,SOM,2020-02-18,0
Somalia,SOM,2020-02-19,0
Somalia,SOM,2020-02-20,0
Somalia,SOM,2020-02-21,0
Somalia,SOM,2020-02-22,0
Somalia,SOM,2020-02-23,0
Somalia,SOM,2020-02-24,0
Somalia,SOM,2020-02-25,0
Somalia,SOM,2020-02-26,0
Somalia,SOM,2020-02-27,0
Somalia,SOM,2020-02-28,0
Somalia,SOM,2020-02-29,0
Somalia,SOM,2020-03-01,0
Somalia,SOM,2020-03-02,0
Somalia,SOM,2020-03-03,0
Somalia,SOM,2020-03-04,0
Somalia,SOM,2020-03-05,0
Somalia,SOM,2020-03-06,0
Somalia,SOM,2020-03-07,0
Somalia,SOM,2020-03-08,0
Somalia,SOM,2020-03-09,0
Somalia,SOM,2020-03-10,0
Somalia,SOM,2020-03-11,0
Somalia,SOM,2020-03-12,0
Somalia,SOM,2020-03-13,0
Somalia,SOM,2020-03-14,8.33
Somalia,SOM,2020-03-15,8.33
Somalia,SOM,2020-03-16,8.33
Somalia,SOM,2020-03-17,8.33
Somalia,SOM,2020-03-18,11.11
Somalia,SOM,2020-03-19,41.67
Somalia,SOM,2020-03-20,41.67
Somalia,SOM,2020-03-21,52.78
Somalia,SOM,2020-03-22,52.78
Somalia,SOM,2020-03-23,52.78
Somalia,SOM,2020-03-24,52.78
Somalia,SOM,2020-03-25,52.78
Somalia,SOM,2020-03-26,52.78
Somalia,SOM,2020-03-27,52.78
Somalia,SOM,2020-03-28,52.78
Somalia,SOM,2020-03-29,52.78
Somalia,SOM,2020-03-30,52.78
Somalia,SOM,2020-03-31,52.78
Somalia,SOM,2020-04-01,52.78
Somalia,SOM,2020-04-02,52.78
Somalia,SOM,2020-04-03,52.78
Somalia,SOM,2020-04-04,52.78
Somalia,SOM,2020-04-05,52.78
Somalia,SOM,2020-04-06,52.78
Somalia,SOM,2020-04-07,52.78
Somalia,SOM,2020-04-08,52.78
Somalia,SOM,2020-04-09,52.78
Somalia,SOM,2020-04-10,52.78
Somalia,SOM,2020-04-11,60.19
Somalia,SOM,2020-04-12,60.19
Somalia,SOM,2020-04-13,60.19
Somalia,SOM,2020-04-14,60.19
Somalia,SOM,2020-04-15,60.19
Somalia,SOM,2020-04-16,60.19
Somalia,SOM,2020-04-17,60.19
Somalia,SOM,2020-04-18,60.19
Somalia,SOM,2020-04-19,60.19
Somalia,SOM,2020-04-20,60.19
Somalia,SOM,2020-04-21,60.19
Somalia,SOM,2020-04-22,60.19
Somalia,SOM,2020-04-23,60.19
Somalia,SOM,2020-04-24,60.19
Somalia,SOM,2020-04-25,60.19
Somalia,SOM,2020-04-26,60.19
Somalia,SOM,2020-04-27,60.19
Somalia,SOM,2020-04-28,60.19
Somalia,SOM,2020-04-29,60.19
Somalia,SOM,2020-04-30,60.19
Somalia,SOM,2020-05-01,60.19
Somalia,SOM,2020-05-02,60.19
Somalia,SOM,2020-05-03,60.19
Somalia,SOM,2020-05-04,60.19
Somalia,SOM,2020-05-05,60.19
Somalia,SOM,2020-05-06,60.19
Somalia,SOM,2020-05-07,60.19
Somalia,SOM,2020-05-08,60.19
Somalia,SOM,2020-05-09,60.19
Somalia,SOM,2020-05-10,60.19
Somalia,SOM,2020-05-11,60.19
Somalia,SOM,2020-05-12,60.19
Somalia,SOM,2020-05-13,60.19
Somalia,SOM,2020-05-14,60.19
Somalia,SOM,2020-05-15,60.19
Somalia,SOM,2020-05-16,60.19
Somalia,SOM,2020-05-17,60.19
Somalia,SOM,2020-05-18,60.19
Somalia,SOM,2020-05-19,60.19
Somalia,SOM,2020-05-20,60.19
Somalia,SOM,2020-05-21,60.19
Somalia,SOM,2020-05-22,60.19
Somalia,SOM,2020-05-23,60.19
Somalia,SOM,2020-05-24,60.19
Somalia,SOM,2020-05-25,60.19
Somalia,SOM,2020-05-26,60.19
Somalia,SOM,2020-05-27,60.19
Somalia,SOM,2020-05-28,60.19
Somalia,SOM,2020-05-29,48.15
Somalia,SOM,2020-05-30,48.15
Somalia,SOM,2020-05-31,48.15
Somalia,SOM,2020-06-01,48.15
Somalia,SOM,2020-06-02,48.15
Somalia,SOM,2020-06-03,48.15
Somalia,SOM,2020-06-04,48.15
Somalia,SOM,2020-06-05,48.15
Somalia,SOM,2020-06-06,48.15
Somalia,SOM,2020-06-07,48.15
Somalia,SOM,2020-06-08,48.15
Somalia,SOM,2020-06-09,48.15
Somalia,SOM,2020-06-10,48.15
Somalia,SOM,2020-06-11,48.15
Somalia,SOM,2020-06-12,48.15
Somalia,SOM,2020-06-13,48.15
Somalia,SOM,2020-06-14,48.15
Somalia,SOM,2020-06-15,48.15
Somalia,SOM,2020-06-16,48.15
Somalia,SOM,2020-06-17,48.15
Somalia,SOM,2020-06-18,48.15
Somalia,SOM,2020-06-19,48.15
Somalia,SOM,2020-06-20,48.15
Somalia,SOM,2020-06-21,48.15
Somalia,SOM,2020-06-22,48.15
Somalia,SOM,2020-06-23,45.83
Somalia,SOM,2020-06-24,45.83
Somalia,SOM,2020-06-25,45.83
Somalia,SOM,2020-06-26,45.83
Somalia,SOM,2020-06-27,45.83
Somalia,SOM,2020-06-28,45.83
Somalia,SOM,2020-06-29,45.83
Somalia,SOM,2020-06-30,45.83
Somalia,SOM,2020-07-01,31.48
Somalia,SOM,2020-07-02,31.48
Somalia,SOM,2020-07-03,31.48
Somalia,SOM,2020-07-04,31.48
Somalia,SOM,2020-07-05,31.48
Somalia,SOM,2020-07-06,31.48
Somalia,SOM,2020-07-07,31.48
Somalia,SOM,2020-07-08,31.48
Somalia,SOM,2020-07-09,31.48
Somalia,SOM,2020-07-10,31.48
Somalia,SOM,2020-07-11,31.48
Somalia,SOM,2020-07-12,31.48
Somalia,SOM,2020-07-13,31.48
Somalia,SOM,2020-07-14,31.48
Somalia,SOM,2020-07-15,31.48
Somalia,SOM,2020-07-16,31.48
Somalia,SOM,2020-07-17,31.48
Somalia,SOM,2020-07-18,31.48
Somalia,SOM,2020-07-19,31.48
Somalia,SOM,2020-07-20,31.48
Somalia,SOM,2020-07-21,31.48
Somalia,SOM,2020-07-22,31.48
Somalia,SOM,2020-07-23,31.48
Somalia,SOM,2020-07-24,31.48
Somalia,SOM,2020-07-25,31.48
Somalia,SOM,2020-07-26,31.48
Somalia,SOM,2020-07-27,31.48
Somalia,SOM,2020-07-28,31.48
Somalia,SOM,2020-07-29,31.48
Somalia,SOM,2020-07-30,31.48
Somalia,SOM,2020-07-31,31.48
Somalia,SOM,2020-08-01,31.48
Somalia,SOM,2020-08-02,31.48
Somalia,SOM,2020-08-03,23.15
Somalia,SOM,2020-08-04,23.15
Somalia,SOM,2020-08-05,23.15
Somalia,SOM,2020-08-06,23.15
Somalia,SOM,2020-08-07,23.15
Somalia,SOM,2020-08-08,23.15
Somalia,SOM,2020-08-09,23.15
Somalia,SOM,2020-08-10,23.15
Somalia,SOM,2020-08-11,23.15
Somalia,SOM,2020-08-12,23.15
Somalia,SOM,2020-08-13,23.15
Somalia,SOM,2020-08-14,23.15
Somalia,SOM,2020-08-15,17.59
Somalia,SOM,2020-08-16,17.59
Somalia,SOM,2020-08-17,17.59
Somalia,SOM,2020-08-18,17.59
Somalia,SOM,2020-08-19,17.59
Somalia,SOM,2020-08-20,17.59
Somalia,SOM,2020-08-21,17.59
Somalia,SOM,2020-08-22,17.59
Somalia,SOM,2020-08-23,17.59
Somalia,SOM,2020-08-24,17.59
Somalia,SOM,2020-08-25,17.59
Somalia,SOM,2020-08-26,17.59
Somalia,SOM,2020-08-27,17.59
Somalia,SOM,2020-08-28,17.59
Somalia,SOM,2020-08-29,17.59
Somalia,SOM,2020-08-30,28.7
Somalia,SOM,2020-08-31,28.7
Somalia,SOM,2020-09-01,28.7
Somalia,SOM,2020-09-02,28.7
Somalia,SOM,2020-09-03,28.7
Somalia,SOM,2020-09-04,28.7
Somalia,SOM,2020-09-05,28.7
Somalia,SOM,2020-09-06,28.7
Somalia,SOM,2020-09-07,28.7
Somalia,SOM,2020-09-08,28.7
Somalia,SOM,2020-09-09,28.7
Somalia,SOM,2020-09-10,28.7
Somalia,SOM,2020-09-11,38.89
Somalia,SOM,2020-09-12,38.89
Somalia,SOM,2020-09-13,38.89
Somalia,SOM,2020-09-14,38.89
Somalia,SOM,2020-09-15,38.89
Somalia,SOM,2020-09-16,38.89
Somalia,SOM,2020-09-17,38.89
Somalia,SOM,2020-09-18,38.89
Somalia,SOM,2020-09-19,38.89
Somalia,SOM,2020-09-20,38.89
Somalia,SOM,2020-09-21,38.89
Somalia,SOM,2020-09-22,38.89
Somalia,SOM,2020-09-23,38.89
Somalia,SOM,2020-09-24,38.89
Somalia,SOM,2020-09-25,52.78
Somalia,SOM,2020-09-26,52.78
Somalia,SOM,2020-09-27,52.78
Somalia,SOM,2020-09-28,52.78
Somalia,SOM,2020-09-29,52.78
Somalia,SOM,2020-09-30,52.78
Somalia,SOM,2020-10-01,52.78
Somalia,SOM,2020-10-02,52.78
Somalia,SOM,2020-10-03,52.78
Somalia,SOM,2020-10-04,52.78
Somalia,SOM,2020-10-05,52.78
Somalia,SOM,2020-10-06,52.78
Somalia,SOM,2020-10-07,52.78
Somalia,SOM,2020-10-08,52.78
Somalia,SOM,2020-10-09,41.67
Somalia,SOM,2020-10-10,41.67
Somalia,SOM,2020-10-11,41.67
Somalia,SOM,2020-10-12,41.67
Somalia,SOM,2020-10-13,41.67
Somalia,SOM,2020-10-14,41.67
Somalia,SOM,2020-10-15,41.67
Somalia,SOM,2020-10-16,36.11
Somalia,SOM,2020-10-17,36.11
Somalia,SOM,2020-10-18,36.11
Somalia,SOM,2020-10-19,36.11
Somalia,SOM,2020-10-20,36.11
Somalia,SOM,2020-10-21,36.11
Somalia,SOM,2020-10-22,36.11
Somalia,SOM,2020-10-23,36.11
Somalia,SOM,2020-10-24,36.11
Somalia,SOM,2020-10-25,36.11
Somalia,SOM,2020-10-26,36.11
Somalia,SOM,2020-10-27,36.11
Somalia,SOM,2020-10-28,36.11
Somalia,SOM,2020-10-29,36.11
Somalia,SOM,2020-10-30,36.11
Somalia,SOM,2020-10-31,36.11
Somalia,SOM,2020-11-01,36.11
Somalia,SOM,2020-11-02,36.11
Somalia,SOM,2020-11-03,36.11
Somalia,SOM,2020-11-04,36.11
Somalia,SOM,2020-11-05,36.11
Somalia,SOM,2020-11-06,36.11
Somalia,SOM,2020-11-07,36.11
Somalia,SOM,2020-11-08,37.96
Somalia,SOM,2020-11-09,37.96
Somalia,SOM,2020-11-10,37.96
Somalia,SOM,2020-11-11,37.96
Somalia,SOM,2020-11-12,37.96
Somalia,SOM,2020-11-13,37.96
Somalia,SOM,2020-11-14,37.96
Somalia,SOM,2020-11-15,37.96
Somalia,SOM,2020-11-16,37.96
Somalia,SOM,2020-11-17,37.96
Somalia,SOM,2020-11-18,37.96
Somalia,SOM,2020-11-19,37.96
Somalia,SOM,2020-11-20,37.96
Somalia,SOM,2020-11-21,37.96
Somalia,SOM,2020-11-22,37.96
Somalia,SOM,2020-11-23,37.96
Somalia,SOM,2020-11-24,37.96
Somalia,SOM,2020-11-25,37.96
Somalia,SOM,2020-11-26,37.96
Somalia,SOM,2020-11-27,37.96
Somalia,SOM,2020-11-28,37.96
Somalia,SOM,2020-11-29,37.96
Somalia,SOM,2020-11-30,37.96
Somalia,SOM,2020-12-01,37.96
Somalia,SOM,2020-12-02,37.96
Somalia,SOM,2020-12-03,37.96
Somalia,SOM,2020-12-04,37.96
Somalia,SOM,2020-12-05,37.96
Somalia,SOM,2020-12-06,37.96
Somalia,SOM,2020-12-07,37.96
Somalia,SOM,2020-12-08,37.96
Somalia,SOM,2020-12-09,37.96
Somalia,SOM,2020-12-10,37.96
Somalia,SOM,2020-12-11,37.96
Somalia,SOM,2020-12-12,37.96
Somalia,SOM,2020-12-13,37.96
Somalia,SOM,2020-12-14,37.96
Somalia,SOM,2020-12-15,37.96
Somalia,SOM,2020-12-16,37.96
Somalia,SOM,2020-12-17,37.96
Somalia,SOM,2020-12-18,37.96
Somalia,SOM,2020-12-19,37.96
Somalia,SOM,2020-12-20,37.96
Somalia,SOM,2020-12-21,37.96
Somalia,SOM,2020-12-22,37.96
Somalia,SOM,2020-12-23,37.96
Somalia,SOM,2020-12-24,37.96
Somalia,SOM,2020-12-25,37.96
Somalia,SOM,2020-12-26,37.96
Somalia,SOM,2020-12-27,37.96
Somalia,SOM,2020-12-28,37.96
Somalia,SOM,2020-12-29,37.96
Somalia,SOM,2020-12-30,37.96
Somalia,SOM,2020-12-31,37.96
Somalia,SOM,2021-01-01,37.96
Somalia,SOM,2021-01-02,37.96
Somalia,SOM,2021-01-03,21.3
Somalia,SOM,2021-01-04,21.3
Somalia,SOM,2021-01-05,21.3
Somalia,SOM,2021-01-06,21.3
Somalia,SOM,2021-01-07,21.3
Somalia,SOM,2021-01-08,21.3
Somalia,SOM,2021-01-09,21.3
Somalia,SOM,2021-01-10,21.3
Somalia,SOM,2021-01-11,21.3
Somalia,SOM,2021-01-12,21.3
Somalia,SOM,2021-01-13,21.3
Somalia,SOM,2021-01-14,21.3
Somalia,SOM,2021-01-15,21.3
Somalia,SOM,2021-01-16,21.3
Somalia,SOM,2021-01-17,21.3
Somalia,SOM,2021-01-18,13.89
Somalia,SOM,2021-01-19,13.89
Somalia,SOM,2021-01-20,13.89
Somalia,SOM,2021-01-21,13.89
Somalia,SOM,2021-01-22,13.89
Somalia,SOM,2021-01-23,13.89
Somalia,SOM,2021-01-24,13.89
Somalia,SOM,2021-01-25,13.89
Somalia,SOM,2021-01-26,13.89
Somalia,SOM,2021-01-27,13.89
Somalia,SOM,2021-01-28,13.89
Somalia,SOM,2021-01-29,13.89
Somalia,SOM,2021-01-30,13.89
Somalia,SOM,2021-01-31,21.3
Somalia,SOM,2021-02-01,21.3
Somalia,SOM,2021-02-02,21.3
Somalia,SOM,2021-02-03,21.3
Somalia,SOM,2021-02-04,21.3
Somalia,SOM,2021-02-05,21.3
Somalia,SOM,2021-02-06,21.3
Somalia,SOM,2021-02-07,21.3
Somalia,SOM,2021-02-08,21.3
Somalia,SOM,2021-02-09,2.78
Somalia,SOM,2021-02-10,2.78
Somalia,SOM,2021-02-11,2.78
Somalia,SOM,2021-02-12,2.78
Somalia,SOM,2021-02-13,2.78
Somalia,SOM,2021-02-14,2.78
Somalia,SOM,2021-02-15,2.78
Somalia,SOM,2021-02-16,2.78
Somalia,SOM,2021-02-17,2.78
Somalia,SOM,2021-02-18,2.78
Somalia,SOM,2021-02-19,2.78
Somalia,SOM,2021-02-20,2.78
Somalia,SOM,2021-02-21,2.78
Somalia,SOM,2021-02-22,13.89
Somalia,SOM,2021-02-23,33.33
Somalia,SOM,2021-02-24,33.33
Somalia,SOM,2021-02-25,33.33
Somalia,SOM,2021-02-26,33.33
Somalia,SOM,2021-02-27,33.33
Somalia,SOM,2021-02-28,33.33
Somalia,SOM,2021-03-01,38.89
Somalia,SOM,2021-03-02,41.67
Somalia,SOM,2021-03-03,60.19
Somalia,SOM,2021-03-04,60.19
Somalia,SOM,2021-03-05,60.19
Somalia,SOM,2021-03-06,60.19
Somalia,SOM,2021-03-07,60.19
Somalia,SOM,2021-03-08,49.07
South Africa,ZAF,2020-01-01,0
South Africa,ZAF,2020-01-02,0
South Africa,ZAF,2020-01-03,0
South Africa,ZAF,2020-01-04,0
South Africa,ZAF,2020-01-05,0
South Africa,ZAF,2020-01-06,0
South Africa,ZAF,2020-01-07,0
South Africa,ZAF,2020-01-08,0
South Africa,ZAF,2020-01-09,0
South Africa,ZAF,2020-01-10,0
South Africa,ZAF,2020-01-11,0
South Africa,ZAF,2020-01-12,0
South Africa,ZAF,2020-01-13,0
South Africa,ZAF,2020-01-14,0
South Africa,ZAF,2020-01-15,0
South Africa,ZAF,2020-01-16,0
South Africa,ZAF,2020-01-17,0
South Africa,ZAF,2020-01-18,0
South Africa,ZAF,2020-01-19,0
South Africa,ZAF,2020-01-20,0
South Africa,ZAF,2020-01-21,0
South Africa,ZAF,2020-01-22,0
South Africa,ZAF,2020-01-23,2.78
South Africa,ZAF,2020-01-24,2.78
South Africa,ZAF,2020-01-25,2.78
South Africa,ZAF,2020-01-26,2.78
South Africa,ZAF,2020-01-27,2.78
South Africa,ZAF,2020-01-28,2.78
South Africa,ZAF,2020-01-29,2.78
South Africa,ZAF,2020-01-30,2.78
South Africa,ZAF,2020-01-31,2.78
South Africa,ZAF,2020-02-01,2.78
South Africa,ZAF,2020-02-02,2.78
South Africa,ZAF,2020-02-03,2.78
South Africa,ZAF,2020-02-04,2.78
South Africa,ZAF,2020-02-05,2.78
South Africa,ZAF,2020-02-06,2.78
South Africa,ZAF,2020-02-07,2.78
South Africa,ZAF,2020-02-08,2.78
South Africa,ZAF,2020-02-09,2.78
South Africa,ZAF,2020-02-10,2.78
South Africa,ZAF,2020-02-11,2.78
South Africa,ZAF,2020-02-12,2.78
South Africa,ZAF,2020-02-13,2.78
South Africa,ZAF,2020-02-14,2.78
South Africa,ZAF,2020-02-15,2.78
South Africa,ZAF,2020-02-16,2.78
South Africa,ZAF,2020-02-17,2.78
South Africa,ZAF,2020-02-18,2.78
South Africa,ZAF,2020-02-19,2.78
South Africa,ZAF,2020-02-20,2.78
South Africa,ZAF,2020-02-21,2.78
South Africa,ZAF,2020-02-22,2.78
South Africa,ZAF,2020-02-23,2.78
South Africa,ZAF,2020-02-24,2.78
South Africa,ZAF,2020-02-25,2.78
South Africa,ZAF,2020-02-26,2.78
South Africa,ZAF,2020-02-27,2.78
South Africa,ZAF,2020-02-28,2.78
South Africa,ZAF,2020-02-29,2.78
South Africa,ZAF,2020-03-01,2.78
South Africa,ZAF,2020-03-02,2.78
South Africa,ZAF,2020-03-03,2.78
South Africa,ZAF,2020-03-04,2.78
South Africa,ZAF,2020-03-05,13.89
South Africa,ZAF,2020-03-06,13.89
South Africa,ZAF,2020-03-07,13.89
South Africa,ZAF,2020-03-08,13.89
South Africa,ZAF,2020-03-09,13.89
South Africa,ZAF,2020-03-10,13.89
South Africa,ZAF,2020-03-11,13.89
South Africa,ZAF,2020-03-12,13.89
South Africa,ZAF,2020-03-13,13.89
South Africa,ZAF,2020-03-14,13.89
South Africa,ZAF,2020-03-15,19.44
South Africa,ZAF,2020-03-16,38.89
South Africa,ZAF,2020-03-17,38.89
South Africa,ZAF,2020-03-18,55.56
South Africa,ZAF,2020-03-19,55.56
South Africa,ZAF,2020-03-20,55.56
South Africa,ZAF,2020-03-21,55.56
South Africa,ZAF,2020-03-22,55.56
South Africa,ZAF,2020-03-23,55.56
South Africa,ZAF,2020-03-24,55.56
South Africa,ZAF,2020-03-25,55.56
South Africa,ZAF,2020-03-26,87.96
South Africa,ZAF,2020-03-27,87.96
South Africa,ZAF,2020-03-28,87.96
South Africa,ZAF,2020-03-29,87.96
South Africa,ZAF,2020-03-30,87.96
South Africa,ZAF,2020-03-31,87.96
South Africa,ZAF,2020-04-01,87.96
South Africa,ZAF,2020-04-02,87.96
South Africa,ZAF,2020-04-03,87.96
South Africa,ZAF,2020-04-04,87.96
South Africa,ZAF,2020-04-05,87.96
South Africa,ZAF,2020-04-06,87.96
South Africa,ZAF,2020-04-07,87.96
South Africa,ZAF,2020-04-08,87.96
South Africa,ZAF,2020-04-09,87.96
South Africa,ZAF,2020-04-10,87.96
South Africa,ZAF,2020-04-11,87.96
South Africa,ZAF,2020-04-12,87.96
South Africa,ZAF,2020-04-13,87.96
South Africa,ZAF,2020-04-14,87.96
South Africa,ZAF,2020-04-15,87.96
South Africa,ZAF,2020-04-16,87.96
South Africa,ZAF,2020-04-17,87.96
South Africa,ZAF,2020-04-18,87.96
South Africa,ZAF,2020-04-19,87.96
South Africa,ZAF,2020-04-20,87.96
South Africa,ZAF,2020-04-21,87.96
South Africa,ZAF,2020-04-22,87.96
South Africa,ZAF,2020-04-23,87.96
South Africa,ZAF,2020-04-24,87.96
South Africa,ZAF,2020-04-25,87.96
South Africa,ZAF,2020-04-26,87.96
South Africa,ZAF,2020-04-27,87.96
South Africa,ZAF,2020-04-28,87.96
South Africa,ZAF,2020-04-29,87.96
South Africa,ZAF,2020-04-30,87.96
South Africa,ZAF,2020-05-01,84.26
South Africa,ZAF,2020-05-02,84.26
South Africa,ZAF,2020-05-03,84.26
South Africa,ZAF,2020-05-04,84.26
South Africa,ZAF,2020-05-05,84.26
South Africa,ZAF,2020-05-06,84.26
South Africa,ZAF,2020-05-07,84.26
South Africa,ZAF,2020-05-08,84.26
South Africa,ZAF,2020-05-09,84.26
South Africa,ZAF,2020-05-10,84.26
South Africa,ZAF,2020-05-11,84.26
South Africa,ZAF,2020-05-12,84.26
South Africa,ZAF,2020-05-13,84.26
South Africa,ZAF,2020-05-14,84.26
South Africa,ZAF,2020-05-15,84.26
South Africa,ZAF,2020-05-16,84.26
South Africa,ZAF,2020-05-17,84.26
South Africa,ZAF,2020-05-18,84.26
South Africa,ZAF,2020-05-19,84.26
South Africa,ZAF,2020-05-20,84.26
South Africa,ZAF,2020-05-21,84.26
South Africa,ZAF,2020-05-22,84.26
South Africa,ZAF,2020-05-23,84.26
South Africa,ZAF,2020-05-24,84.26
South Africa,ZAF,2020-05-25,84.26
South Africa,ZAF,2020-05-26,84.26
South Africa,ZAF,2020-05-27,84.26
South Africa,ZAF,2020-05-28,84.26
South Africa,ZAF,2020-05-29,84.26
South Africa,ZAF,2020-05-30,84.26
South Africa,ZAF,2020-05-31,84.26
South Africa,ZAF,2020-06-01,80.56
South Africa,ZAF,2020-06-02,80.56
South Africa,ZAF,2020-06-03,80.56
South Africa,ZAF,2020-06-04,80.56
South Africa,ZAF,2020-06-05,80.56
South Africa,ZAF,2020-06-06,80.56
South Africa,ZAF,2020-06-07,80.56
South Africa,ZAF,2020-06-08,76.85
South Africa,ZAF,2020-06-09,76.85
South Africa,ZAF,2020-06-10,76.85
South Africa,ZAF,2020-06-11,76.85
South Africa,ZAF,2020-06-12,76.85
South Africa,ZAF,2020-06-13,76.85
South Africa,ZAF,2020-06-14,76.85
South Africa,ZAF,2020-06-15,76.85
South Africa,ZAF,2020-06-16,76.85
South Africa,ZAF,2020-06-17,76.85
South Africa,ZAF,2020-06-18,76.85
South Africa,ZAF,2020-06-19,76.85
South Africa,ZAF,2020-06-20,76.85
South Africa,ZAF,2020-06-21,76.85
South Africa,ZAF,2020-06-22,76.85
South Africa,ZAF,2020-06-23,76.85
South Africa,ZAF,2020-06-24,76.85
South Africa,ZAF,2020-06-25,76.85
South Africa,ZAF,2020-06-26,76.85
South Africa,ZAF,2020-06-27,76.85
South Africa,ZAF,2020-06-28,76.85
South Africa,ZAF,2020-06-29,76.85
South Africa,ZAF,2020-06-30,76.85
South Africa,ZAF,2020-07-01,76.85
South Africa,ZAF,2020-07-02,76.85
South Africa,ZAF,2020-07-03,76.85
South Africa,ZAF,2020-07-04,76.85
South Africa,ZAF,2020-07-05,76.85
South Africa,ZAF,2020-07-06,76.85
South Africa,ZAF,2020-07-07,76.85
South Africa,ZAF,2020-07-08,76.85
South Africa,ZAF,2020-07-09,76.85
South Africa,ZAF,2020-07-10,76.85
South Africa,ZAF,2020-07-11,76.85
South Africa,ZAF,2020-07-12,80.56
South Africa,ZAF,2020-07-13,80.56
South Africa,ZAF,2020-07-14,80.56
South Africa,ZAF,2020-07-15,80.56
South Africa,ZAF,2020-07-16,80.56
South Africa,ZAF,2020-07-17,80.56
South Africa,ZAF,2020-07-18,80.56
South Africa,ZAF,2020-07-19,80.56
South Africa,ZAF,2020-07-20,80.56
South Africa,ZAF,2020-07-21,80.56
South Africa,ZAF,2020-07-22,80.56
South Africa,ZAF,2020-07-23,80.56
South Africa,ZAF,2020-07-24,80.56
South Africa,ZAF,2020-07-25,80.56
South Africa,ZAF,2020-07-26,80.56
South Africa,ZAF,2020-07-27,80.56
South Africa,ZAF,2020-07-28,80.56
South Africa,ZAF,2020-07-29,80.56
South Africa,ZAF,2020-07-30,80.56
South Africa,ZAF,2020-07-31,80.56
South Africa,ZAF,2020-08-01,80.56
South Africa,ZAF,2020-08-02,80.56
South Africa,ZAF,2020-08-03,80.56
South Africa,ZAF,2020-08-04,80.56
South Africa,ZAF,2020-08-05,80.56
South Africa,ZAF,2020-08-06,80.56
South Africa,ZAF,2020-08-07,80.56
South Africa,ZAF,2020-08-08,80.56
South Africa,ZAF,2020-08-09,80.56
South Africa,ZAF,2020-08-10,80.56
South Africa,ZAF,2020-08-11,80.56
South Africa,ZAF,2020-08-12,80.56
South Africa,ZAF,2020-08-13,80.56
South Africa,ZAF,2020-08-14,80.56
South Africa,ZAF,2020-08-15,80.56
South Africa,ZAF,2020-08-16,80.56
South Africa,ZAF,2020-08-17,80.56
South Africa,ZAF,2020-08-18,77.78
South Africa,ZAF,2020-08-19,77.78
South Africa,ZAF,2020-08-20,77.78
South Africa,ZAF,2020-08-21,77.78
South Africa,ZAF,2020-08-22,77.78
South Africa,ZAF,2020-08-23,77.78
South Africa,ZAF,2020-08-24,72.22
South Africa,ZAF,2020-08-25,72.22
South Africa,ZAF,2020-08-26,72.22
South Africa,ZAF,2020-08-27,72.22
South Africa,ZAF,2020-08-28,72.22
South Africa,ZAF,2020-08-29,72.22
South Africa,ZAF,2020-08-30,72.22
South Africa,ZAF,2020-08-31,72.22
South Africa,ZAF,2020-09-01,72.22
South Africa,ZAF,2020-09-02,72.22
South Africa,ZAF,2020-09-03,72.22
South Africa,ZAF,2020-09-04,72.22
South Africa,ZAF,2020-09-05,72.22
South Africa,ZAF,2020-09-06,72.22
South Africa,ZAF,2020-09-07,72.22
South Africa,ZAF,2020-09-08,72.22
South Africa,ZAF,2020-09-09,72.22
South Africa,ZAF,2020-09-10,72.22
South Africa,ZAF,2020-09-11,72.22
South Africa,ZAF,2020-09-12,72.22
South Africa,ZAF,2020-09-13,72.22
South Africa,ZAF,2020-09-14,72.22
South Africa,ZAF,2020-09-15,72.22
South Africa,ZAF,2020-09-16,72.22
South Africa,ZAF,2020-09-17,72.22
South Africa,ZAF,2020-09-18,72.22
South Africa,ZAF,2020-09-19,72.22
South Africa,ZAF,2020-09-20,44.44
South Africa,ZAF,2020-09-21,44.44
South Africa,ZAF,2020-09-22,44.44
South Africa,ZAF,2020-09-23,44.44
South Africa,ZAF,2020-09-24,44.44
South Africa,ZAF,2020-09-25,44.44
South Africa,ZAF,2020-09-26,44.44
South Africa,ZAF,2020-09-27,44.44
South Africa,ZAF,2020-09-28,44.44
South Africa,ZAF,2020-09-29,44.44
South Africa,ZAF,2020-09-30,44.44
South Africa,ZAF,2020-10-01,39.81
South Africa,ZAF,2020-10-02,39.81
South Africa,ZAF,2020-10-03,39.81
South Africa,ZAF,2020-10-04,39.81
South Africa,ZAF,2020-10-05,39.81
South Africa,ZAF,2020-10-06,39.81
South Africa,ZAF,2020-10-07,39.81
South Africa,ZAF,2020-10-08,39.81
South Africa,ZAF,2020-10-09,39.81
South Africa,ZAF,2020-10-10,39.81
South Africa,ZAF,2020-10-11,39.81
South Africa,ZAF,2020-10-12,39.81
South Africa,ZAF,2020-10-13,39.81
South Africa,ZAF,2020-10-14,39.81
South Africa,ZAF,2020-10-15,39.81
South Africa,ZAF,2020-10-16,39.81
South Africa,ZAF,2020-10-17,39.81
South Africa,ZAF,2020-10-18,39.81
South Africa,ZAF,2020-10-19,39.81
South Africa,ZAF,2020-10-20,38.89
South Africa,ZAF,2020-10-21,38.89
South Africa,ZAF,2020-10-22,38.89
South Africa,ZAF,2020-10-23,38.89
South Africa,ZAF,2020-10-24,38.89
South Africa,ZAF,2020-10-25,38.89
South Africa,ZAF,2020-10-26,38.89
South Africa,ZAF,2020-10-27,38.89
South Africa,ZAF,2020-10-28,38.89
South Africa,ZAF,2020-10-29,38.89
South Africa,ZAF,2020-10-30,38.89
South Africa,ZAF,2020-10-31,38.89
South Africa,ZAF,2020-11-01,38.89
South Africa,ZAF,2020-11-02,38.89
South Africa,ZAF,2020-11-03,38.89
South Africa,ZAF,2020-11-04,38.89
South Africa,ZAF,2020-11-05,38.89
South Africa,ZAF,2020-11-06,38.89
South Africa,ZAF,2020-11-07,38.89
South Africa,ZAF,2020-11-08,38.89
South Africa,ZAF,2020-11-09,38.89
South Africa,ZAF,2020-11-10,38.89
South Africa,ZAF,2020-11-11,36.11
South Africa,ZAF,2020-11-12,36.11
South Africa,ZAF,2020-11-13,36.11
South Africa,ZAF,2020-11-14,36.11
South Africa,ZAF,2020-11-15,36.11
South Africa,ZAF,2020-11-16,36.11
South Africa,ZAF,2020-11-17,41.67
South Africa,ZAF,2020-11-18,41.67
South Africa,ZAF,2020-11-19,41.67
South Africa,ZAF,2020-11-20,41.67
South Africa,ZAF,2020-11-21,41.67
South Africa,ZAF,2020-11-22,41.67
South Africa,ZAF,2020-11-23,41.67
South Africa,ZAF,2020-11-24,41.67
South Africa,ZAF,2020-11-25,41.67
South Africa,ZAF,2020-11-26,41.67
South Africa,ZAF,2020-11-27,41.67
South Africa,ZAF,2020-11-28,41.67
South Africa,ZAF,2020-11-29,41.67
South Africa,ZAF,2020-11-30,44.44
South Africa,ZAF,2020-12-01,44.44
South Africa,ZAF,2020-12-02,44.44
South Africa,ZAF,2020-12-03,44.44
South Africa,ZAF,2020-12-04,44.44
South Africa,ZAF,2020-12-05,44.44
South Africa,ZAF,2020-12-06,44.44
South Africa,ZAF,2020-12-07,44.44
South Africa,ZAF,2020-12-08,45.37
South Africa,ZAF,2020-12-09,45.37
South Africa,ZAF,2020-12-10,45.37
South Africa,ZAF,2020-12-11,45.37
South Africa,ZAF,2020-12-12,45.37
South Africa,ZAF,2020-12-13,45.37
South Africa,ZAF,2020-12-14,45.37
South Africa,ZAF,2020-12-15,45.37
South Africa,ZAF,2020-12-16,45.37
South Africa,ZAF,2020-12-17,45.37
South Africa,ZAF,2020-12-18,45.37
South Africa,ZAF,2020-12-19,45.37
South Africa,ZAF,2020-12-20,45.37
South Africa,ZAF,2020-12-21,45.37
South Africa,ZAF,2020-12-22,50.93
South Africa,ZAF,2020-12-23,50.93
South Africa,ZAF,2020-12-24,50.93
South Africa,ZAF,2020-12-25,50.93
South Africa,ZAF,2020-12-26,50.93
South Africa,ZAF,2020-12-27,50.93
South Africa,ZAF,2020-12-28,50.93
South Africa,ZAF,2020-12-29,50.93
South Africa,ZAF,2020-12-30,50.93
South Africa,ZAF,2020-12-31,50.93
South Africa,ZAF,2021-01-01,50.93
South Africa,ZAF,2021-01-02,50.93
South Africa,ZAF,2021-01-03,50.93
South Africa,ZAF,2021-01-04,67.59
South Africa,ZAF,2021-01-05,67.59
South Africa,ZAF,2021-01-06,67.59
South Africa,ZAF,2021-01-07,67.59
South Africa,ZAF,2021-01-08,67.59
South Africa,ZAF,2021-01-09,67.59
South Africa,ZAF,2021-01-10,67.59
South Africa,ZAF,2021-01-11,67.59
South Africa,ZAF,2021-01-12,56.48
South Africa,ZAF,2021-01-13,56.48
South Africa,ZAF,2021-01-14,56.48
South Africa,ZAF,2021-01-15,63.89
South Africa,ZAF,2021-01-16,63.89
South Africa,ZAF,2021-01-17,63.89
South Africa,ZAF,2021-01-18,63.89
South Africa,ZAF,2021-01-19,72.22
South Africa,ZAF,2021-01-20,72.22
South Africa,ZAF,2021-01-21,72.22
South Africa,ZAF,2021-01-22,72.22
South Africa,ZAF,2021-01-23,72.22
South Africa,ZAF,2021-01-24,72.22
South Africa,ZAF,2021-01-25,72.22
South Africa,ZAF,2021-01-26,72.22
South Africa,ZAF,2021-01-27,72.22
South Africa,ZAF,2021-01-28,72.22
South Africa,ZAF,2021-01-29,72.22
South Africa,ZAF,2021-01-30,72.22
South Africa,ZAF,2021-01-31,72.22
South Africa,ZAF,2021-02-01,72.22
South Africa,ZAF,2021-02-02,64.81
South Africa,ZAF,2021-02-03,64.81
South Africa,ZAF,2021-02-04,64.81
South Africa,ZAF,2021-02-05,64.81
South Africa,ZAF,2021-02-06,64.81
South Africa,ZAF,2021-02-07,64.81
South Africa,ZAF,2021-02-08,64.81
South Africa,ZAF,2021-02-09,64.81
South Africa,ZAF,2021-02-10,64.81
South Africa,ZAF,2021-02-11,64.81
South Africa,ZAF,2021-02-12,64.81
South Africa,ZAF,2021-02-13,64.81
South Africa,ZAF,2021-02-14,64.81
South Africa,ZAF,2021-02-15,56.48
South Africa,ZAF,2021-02-16,48.15
South Africa,ZAF,2021-02-17,48.15
South Africa,ZAF,2021-02-18,48.15
South Africa,ZAF,2021-02-19,48.15
South Africa,ZAF,2021-02-20,48.15
South Africa,ZAF,2021-02-21,48.15
South Africa,ZAF,2021-02-22,48.15
South Africa,ZAF,2021-02-23,48.15
South Africa,ZAF,2021-02-24,48.15
South Africa,ZAF,2021-02-25,48.15
South Africa,ZAF,2021-02-26,48.15
South Africa,ZAF,2021-02-27,48.15
South Africa,ZAF,2021-02-28,48.15
South Africa,ZAF,2021-03-01,48.15
South Korea,KOR,2020-01-01,0
South Korea,KOR,2020-01-02,0
South Korea,KOR,2020-01-03,0
South Korea,KOR,2020-01-04,0
South Korea,KOR,2020-01-05,0
South Korea,KOR,2020-01-06,0
South Korea,KOR,2020-01-07,0
South Korea,KOR,2020-01-08,0
South Korea,KOR,2020-01-09,0
South Korea,KOR,2020-01-10,0
South Korea,KOR,2020-01-11,0
South Korea,KOR,2020-01-12,0
South Korea,KOR,2020-01-13,0
South Korea,KOR,2020-01-14,0
South Korea,KOR,2020-01-15,0
South Korea,KOR,2020-01-16,0
South Korea,KOR,2020-01-17,0
South Korea,KOR,2020-01-18,0
South Korea,KOR,2020-01-19,0
South Korea,KOR,2020-01-20,0
South Korea,KOR,2020-01-21,0
South Korea,KOR,2020-01-22,0
South Korea,KOR,2020-01-23,0
South Korea,KOR,2020-01-24,0
South Korea,KOR,2020-01-25,0
South Korea,KOR,2020-01-26,0
South Korea,KOR,2020-01-27,0
South Korea,KOR,2020-01-28,0
South Korea,KOR,2020-01-29,0
South Korea,KOR,2020-01-30,0
South Korea,KOR,2020-01-31,2.78
South Korea,KOR,2020-02-01,13.89
South Korea,KOR,2020-02-02,13.89
South Korea,KOR,2020-02-03,23.15
South Korea,KOR,2020-02-04,31.48
South Korea,KOR,2020-02-05,31.48
South Korea,KOR,2020-02-06,31.48
South Korea,KOR,2020-02-07,31.48
South Korea,KOR,2020-02-08,31.48
South Korea,KOR,2020-02-09,31.48
South Korea,KOR,2020-02-10,31.48
South Korea,KOR,2020-02-11,31.48
South Korea,KOR,2020-02-12,31.48
South Korea,KOR,2020-02-13,31.48
South Korea,KOR,2020-02-14,31.48
South Korea,KOR,2020-02-15,31.48
South Korea,KOR,2020-02-16,31.48
South Korea,KOR,2020-02-17,31.48
South Korea,KOR,2020-02-18,31.48
South Korea,KOR,2020-02-19,31.48
South Korea,KOR,2020-02-20,31.48
South Korea,KOR,2020-02-21,45.37
South Korea,KOR,2020-02-22,45.37
South Korea,KOR,2020-02-23,50
South Korea,KOR,2020-02-24,55.56
South Korea,KOR,2020-02-25,55.56
South Korea,KOR,2020-02-26,55.56
South Korea,KOR,2020-02-27,55.56
South Korea,KOR,2020-02-28,55.56
South Korea,KOR,2020-02-29,55.56
South Korea,KOR,2020-03-01,55.56
South Korea,KOR,2020-03-02,55.56
South Korea,KOR,2020-03-03,55.56
South Korea,KOR,2020-03-04,55.56
South Korea,KOR,2020-03-05,55.56
South Korea,KOR,2020-03-06,55.56
South Korea,KOR,2020-03-07,55.56
South Korea,KOR,2020-03-08,55.56
South Korea,KOR,2020-03-09,55.56
South Korea,KOR,2020-03-10,55.56
South Korea,KOR,2020-03-11,55.56
South Korea,KOR,2020-03-12,55.56
South Korea,KOR,2020-03-13,55.56
South Korea,KOR,2020-03-14,55.56
South Korea,KOR,2020-03-15,55.56
South Korea,KOR,2020-03-16,55.56
South Korea,KOR,2020-03-17,55.56
South Korea,KOR,2020-03-18,55.56
South Korea,KOR,2020-03-19,55.56
South Korea,KOR,2020-03-20,55.56
South Korea,KOR,2020-03-21,69.44
South Korea,KOR,2020-03-22,75.93
South Korea,KOR,2020-03-23,75.93
South Korea,KOR,2020-03-24,75.93
South Korea,KOR,2020-03-25,75.93
South Korea,KOR,2020-03-26,75.93
South Korea,KOR,2020-03-27,75.93
South Korea,KOR,2020-03-28,75.93
South Korea,KOR,2020-03-29,75.93
South Korea,KOR,2020-03-30,75.93
South Korea,KOR,2020-03-31,75.93
South Korea,KOR,2020-04-01,75.93
South Korea,KOR,2020-04-02,75.93
South Korea,KOR,2020-04-03,75.93
South Korea,KOR,2020-04-04,78.7
South Korea,KOR,2020-04-05,78.7
South Korea,KOR,2020-04-06,82.41
South Korea,KOR,2020-04-07,82.41
South Korea,KOR,2020-04-08,82.41
South Korea,KOR,2020-04-09,82.41
South Korea,KOR,2020-04-10,82.41
South Korea,KOR,2020-04-11,82.41
South Korea,KOR,2020-04-12,82.41
South Korea,KOR,2020-04-13,82.41
South Korea,KOR,2020-04-14,82.41
South Korea,KOR,2020-04-15,82.41
South Korea,KOR,2020-04-16,82.41
South Korea,KOR,2020-04-17,82.41
South Korea,KOR,2020-04-18,73.15
South Korea,KOR,2020-04-19,73.15
South Korea,KOR,2020-04-20,43.52
South Korea,KOR,2020-04-21,43.52
South Korea,KOR,2020-04-22,43.52
South Korea,KOR,2020-04-23,43.52
South Korea,KOR,2020-04-24,43.52
South Korea,KOR,2020-04-25,43.52
South Korea,KOR,2020-04-26,43.52
South Korea,KOR,2020-04-27,43.52
South Korea,KOR,2020-04-28,43.52
South Korea,KOR,2020-04-29,43.52
South Korea,KOR,2020-04-30,43.52
South Korea,KOR,2020-05-01,43.52
South Korea,KOR,2020-05-02,43.52
South Korea,KOR,2020-05-03,43.52
South Korea,KOR,2020-05-04,43.52
South Korea,KOR,2020-05-05,43.52
South Korea,KOR,2020-05-06,43.52
South Korea,KOR,2020-05-07,43.52
South Korea,KOR,2020-05-08,43.52
South Korea,KOR,2020-05-09,43.52
South Korea,KOR,2020-05-10,43.52
South Korea,KOR,2020-05-11,43.52
South Korea,KOR,2020-05-12,43.52
South Korea,KOR,2020-05-13,43.52
South Korea,KOR,2020-05-14,43.52
South Korea,KOR,2020-05-15,43.52
South Korea,KOR,2020-05-16,43.52
South Korea,KOR,2020-05-17,43.52
South Korea,KOR,2020-05-18,43.52
South Korea,KOR,2020-05-19,43.52
South Korea,KOR,2020-05-20,39.81
South Korea,KOR,2020-05-21,39.81
South Korea,KOR,2020-05-22,39.81
South Korea,KOR,2020-05-23,39.81
South Korea,KOR,2020-05-24,39.81
South Korea,KOR,2020-05-25,39.81
South Korea,KOR,2020-05-26,39.81
South Korea,KOR,2020-05-27,39.81
South Korea,KOR,2020-05-28,39.81
South Korea,KOR,2020-05-29,55.09
South Korea,KOR,2020-05-30,55.09
South Korea,KOR,2020-05-31,55.09
South Korea,KOR,2020-06-01,55.09
South Korea,KOR,2020-06-02,55.09
South Korea,KOR,2020-06-03,55.09
South Korea,KOR,2020-06-04,55.09
South Korea,KOR,2020-06-05,55.09
South Korea,KOR,2020-06-06,55.09
South Korea,KOR,2020-06-07,55.09
South Korea,KOR,2020-06-08,53.24
South Korea,KOR,2020-06-09,53.24
South Korea,KOR,2020-06-10,53.24
South Korea,KOR,2020-06-11,53.24
South Korea,KOR,2020-06-12,53.24
South Korea,KOR,2020-06-13,53.24
South Korea,KOR,2020-06-14,53.24
South Korea,KOR,2020-06-15,53.24
South Korea,KOR,2020-06-16,53.24
South Korea,KOR,2020-06-17,53.24
South Korea,KOR,2020-06-18,53.24
South Korea,KOR,2020-06-19,53.24
South Korea,KOR,2020-06-20,53.24
South Korea,KOR,2020-06-21,53.24
South Korea,KOR,2020-06-22,53.24
South Korea,KOR,2020-06-23,53.24
South Korea,KOR,2020-06-24,53.24
South Korea,KOR,2020-06-25,53.24
South Korea,KOR,2020-06-26,53.24
South Korea,KOR,2020-06-27,53.24
South Korea,KOR,2020-06-28,53.24
South Korea,KOR,2020-06-29,53.24
South Korea,KOR,2020-06-30,53.24
South Korea,KOR,2020-07-01,53.24
South Korea,KOR,2020-07-02,56.94
South Korea,KOR,2020-07-03,56.94
South Korea,KOR,2020-07-04,50.46
South Korea,KOR,2020-07-05,50.46
South Korea,KOR,2020-07-06,50.46
South Korea,KOR,2020-07-07,50.46
South Korea,KOR,2020-07-08,50.46
South Korea,KOR,2020-07-09,50.46
South Korea,KOR,2020-07-10,50.46
South Korea,KOR,2020-07-11,44.91
South Korea,KOR,2020-07-12,44.91
South Korea,KOR,2020-07-13,44.91
South Korea,KOR,2020-07-14,44.91
South Korea,KOR,2020-07-15,44.91
South Korea,KOR,2020-07-16,44.91
South Korea,KOR,2020-07-17,44.91
South Korea,KOR,2020-07-18,44.91
South Korea,KOR,2020-07-19,44.91
South Korea,KOR,2020-07-20,44.91
South Korea,KOR,2020-07-21,44.91
South Korea,KOR,2020-07-22,44.91
South Korea,KOR,2020-07-23,44.91
South Korea,KOR,2020-07-24,44.91
South Korea,KOR,2020-07-25,44.91
South Korea,KOR,2020-07-26,44.91
South Korea,KOR,2020-07-27,44.91
South Korea,KOR,2020-07-28,44.91
South Korea,KOR,2020-07-29,44.91
South Korea,KOR,2020-07-30,44.91
South Korea,KOR,2020-07-31,44.91
South Korea,KOR,2020-08-01,44.91
South Korea,KOR,2020-08-02,44.91
South Korea,KOR,2020-08-03,44.91
South Korea,KOR,2020-08-04,44.91
South Korea,KOR,2020-08-05,44.91
South Korea,KOR,2020-08-06,44.91
South Korea,KOR,2020-08-07,44.91
South Korea,KOR,2020-08-08,44.91
South Korea,KOR,2020-08-09,44.91
South Korea,KOR,2020-08-10,44.91
South Korea,KOR,2020-08-11,44.91
South Korea,KOR,2020-08-12,44.91
South Korea,KOR,2020-08-13,44.91
South Korea,KOR,2020-08-14,44.91
South Korea,KOR,2020-08-15,44.91
South Korea,KOR,2020-08-16,50.46
South Korea,KOR,2020-08-17,50.46
South Korea,KOR,2020-08-18,50.46
South Korea,KOR,2020-08-19,50.46
South Korea,KOR,2020-08-20,50.46
South Korea,KOR,2020-08-21,50.46
South Korea,KOR,2020-08-22,50.46
South Korea,KOR,2020-08-23,50.46
South Korea,KOR,2020-08-24,50.46
South Korea,KOR,2020-08-25,50.46
South Korea,KOR,2020-08-26,50.46
South Korea,KOR,2020-08-27,50.46
South Korea,KOR,2020-08-28,50.46
South Korea,KOR,2020-08-29,50.46
South Korea,KOR,2020-08-30,50.46
South Korea,KOR,2020-08-31,50.46
South Korea,KOR,2020-09-01,50.46
South Korea,KOR,2020-09-02,50.46
South Korea,KOR,2020-09-03,50.46
South Korea,KOR,2020-09-04,50.46
South Korea,KOR,2020-09-05,50.46
South Korea,KOR,2020-09-06,50.46
South Korea,KOR,2020-09-07,50.46
South Korea,KOR,2020-09-08,50.46
South Korea,KOR,2020-09-09,50.46
South Korea,KOR,2020-09-10,50.46
South Korea,KOR,2020-09-11,50.46
South Korea,KOR,2020-09-12,50.46
South Korea,KOR,2020-09-13,50.46
South Korea,KOR,2020-09-14,50.46
South Korea,KOR,2020-09-15,50.46
South Korea,KOR,2020-09-16,50.46
South Korea,KOR,2020-09-17,50.46
South Korea,KOR,2020-09-18,50.46
South Korea,KOR,2020-09-19,50.46
South Korea,KOR,2020-09-20,50.46
South Korea,KOR,2020-09-21,48.61
South Korea,KOR,2020-09-22,48.61
South Korea,KOR,2020-09-23,48.61
South Korea,KOR,2020-09-24,48.61
South Korea,KOR,2020-09-25,48.61
South Korea,KOR,2020-09-26,57.41
South Korea,KOR,2020-09-27,57.41
South Korea,KOR,2020-09-28,54.63
South Korea,KOR,2020-09-29,54.63
South Korea,KOR,2020-09-30,54.63
South Korea,KOR,2020-10-01,54.63
South Korea,KOR,2020-10-02,54.63
South Korea,KOR,2020-10-03,57.41
South Korea,KOR,2020-10-04,54.63
South Korea,KOR,2020-10-05,60.19
South Korea,KOR,2020-10-06,60.19
South Korea,KOR,2020-10-07,60.19
South Korea,KOR,2020-10-08,60.19
South Korea,KOR,2020-10-09,54.63
South Korea,KOR,2020-10-10,54.63
South Korea,KOR,2020-10-11,54.63
South Korea,KOR,2020-10-12,53.24
South Korea,KOR,2020-10-13,53.24
South Korea,KOR,2020-10-14,53.24
South Korea,KOR,2020-10-15,53.24
South Korea,KOR,2020-10-16,53.24
South Korea,KOR,2020-10-17,53.24
South Korea,KOR,2020-10-18,53.24
South Korea,KOR,2020-10-19,53.24
South Korea,KOR,2020-10-20,53.24
South Korea,KOR,2020-10-21,53.24
South Korea,KOR,2020-10-22,53.24
South Korea,KOR,2020-10-23,53.24
South Korea,KOR,2020-10-24,53.24
South Korea,KOR,2020-10-25,44.44
South Korea,KOR,2020-10-26,44.44
South Korea,KOR,2020-10-27,44.44
South Korea,KOR,2020-10-28,44.44
South Korea,KOR,2020-10-29,44.44
South Korea,KOR,2020-10-30,44.44
South Korea,KOR,2020-10-31,44.44
South Korea,KOR,2020-11-01,44.44
South Korea,KOR,2020-11-02,44.44
South Korea,KOR,2020-11-03,44.44
South Korea,KOR,2020-11-04,44.44
South Korea,KOR,2020-11-05,44.44
South Korea,KOR,2020-11-06,44.44
South Korea,KOR,2020-11-07,44.44
South Korea,KOR,2020-11-08,44.44
South Korea,KOR,2020-11-09,44.44
South Korea,KOR,2020-11-10,44.44
South Korea,KOR,2020-11-11,44.44
South Korea,KOR,2020-11-12,44.44
South Korea,KOR,2020-11-13,44.44
South Korea,KOR,2020-11-14,44.44
South Korea,KOR,2020-11-15,44.44
South Korea,KOR,2020-11-16,44.44
South Korea,KOR,2020-11-17,44.44
South Korea,KOR,2020-11-18,44.44
South Korea,KOR,2020-11-19,44.44
South Korea,KOR,2020-11-20,44.44
South Korea,KOR,2020-11-21,44.44
South Korea,KOR,2020-11-22,44.44
South Korea,KOR,2020-11-23,44.44
South Korea,KOR,2020-11-24,44.44
South Korea,KOR,2020-11-25,44.44
South Korea,KOR,2020-11-26,48.15
South Korea,KOR,2020-11-27,48.15
South Korea,KOR,2020-11-28,48.15
South Korea,KOR,2020-11-29,49.54
South Korea,KOR,2020-11-30,49.54
South Korea,KOR,2020-12-01,55.09
South Korea,KOR,2020-12-02,55.09
South Korea,KOR,2020-12-03,55.09
South Korea,KOR,2020-12-04,55.09
South Korea,KOR,2020-12-05,55.09
South Korea,KOR,2020-12-06,55.09
South Korea,KOR,2020-12-07,55.09
South Korea,KOR,2020-12-08,55.09
South Korea,KOR,2020-12-09,55.09
South Korea,KOR,2020-12-10,55.09
South Korea,KOR,2020-12-11,55.09
South Korea,KOR,2020-12-12,55.09
South Korea,KOR,2020-12-13,55.09
South Korea,KOR,2020-12-14,55.09
South Korea,KOR,2020-12-15,55.09
South Korea,KOR,2020-12-16,55.09
South Korea,KOR,2020-12-17,55.09
South Korea,KOR,2020-12-18,55.09
South Korea,KOR,2020-12-19,55.09
South Korea,KOR,2020-12-20,55.09
South Korea,KOR,2020-12-21,55.09
South Korea,KOR,2020-12-22,58.8
South Korea,KOR,2020-12-23,64.35
South Korea,KOR,2020-12-24,66.2
South Korea,KOR,2020-12-25,66.2
South Korea,KOR,2020-12-26,66.2
South Korea,KOR,2020-12-27,66.2
South Korea,KOR,2020-12-28,66.2
South Korea,KOR,2020-12-29,66.2
South Korea,KOR,2020-12-30,66.2
South Korea,KOR,2020-12-31,66.2
South Korea,KOR,2021-01-01,66.2
South Korea,KOR,2021-01-02,67.59
South Korea,KOR,2021-01-03,67.59
South Korea,KOR,2021-01-04,67.59
South Korea,KOR,2021-01-05,67.59
South Korea,KOR,2021-01-06,67.59
South Korea,KOR,2021-01-07,63.89
South Korea,KOR,2021-01-08,63.89
South Korea,KOR,2021-01-09,63.89
South Korea,KOR,2021-01-10,63.89
South Korea,KOR,2021-01-11,63.89
South Korea,KOR,2021-01-12,63.89
South Korea,KOR,2021-01-13,63.89
South Korea,KOR,2021-01-14,63.89
South Korea,KOR,2021-01-15,63.89
South Korea,KOR,2021-01-16,63.89
South Korea,KOR,2021-01-17,63.89
South Korea,KOR,2021-01-18,63.89
South Korea,KOR,2021-01-19,63.89
South Korea,KOR,2021-01-20,63.89
South Korea,KOR,2021-01-21,63.89
South Korea,KOR,2021-01-22,63.89
South Korea,KOR,2021-01-23,63.89
South Korea,KOR,2021-01-24,63.89
South Korea,KOR,2021-01-25,63.89
South Korea,KOR,2021-01-26,63.89
South Korea,KOR,2021-01-27,63.89
South Korea,KOR,2021-01-28,63.89
South Korea,KOR,2021-01-29,63.89
South Korea,KOR,2021-01-30,63.89
South Korea,KOR,2021-01-31,63.89
South Korea,KOR,2021-02-01,63.89
South Korea,KOR,2021-02-02,63.89
South Korea,KOR,2021-02-03,63.89
South Korea,KOR,2021-02-04,63.89
South Korea,KOR,2021-02-05,63.89
South Korea,KOR,2021-02-06,63.89
South Korea,KOR,2021-02-07,63.89
South Korea,KOR,2021-02-08,63.89
South Korea,KOR,2021-02-09,63.89
South Korea,KOR,2021-02-10,63.89
South Korea,KOR,2021-02-11,63.89
South Korea,KOR,2021-02-12,63.89
South Korea,KOR,2021-02-13,63.89
South Korea,KOR,2021-02-14,63.89
South Korea,KOR,2021-02-15,63.89
South Korea,KOR,2021-02-16,63.89
South Korea,KOR,2021-02-17,63.89
South Korea,KOR,2021-02-18,63.89
South Korea,KOR,2021-02-19,63.89
South Korea,KOR,2021-02-20,63.89
South Korea,KOR,2021-02-21,63.89
South Korea,KOR,2021-02-22,63.89
South Korea,KOR,2021-02-23,63.89
South Korea,KOR,2021-02-24,63.89
South Korea,KOR,2021-02-25,63.89
South Korea,KOR,2021-02-26,63.89
South Korea,KOR,2021-02-27,63.89
South Korea,KOR,2021-02-28,63.89
South Korea,KOR,2021-03-01,62.04
South Korea,KOR,2021-03-02,62.04
South Korea,KOR,2021-03-03,62.04
South Korea,KOR,2021-03-04,62.04
South Korea,KOR,2021-03-05,62.04
South Korea,KOR,2021-03-06,62.04
South Korea,KOR,2021-03-07,62.04
South Korea,KOR,2021-03-08,62.04
South Korea,KOR,2021-03-09,62.04
South Korea,KOR,2021-03-10,62.04
South Sudan,SSD,2020-01-01,0
South Sudan,SSD,2020-01-02,0
South Sudan,SSD,2020-01-03,0
South Sudan,SSD,2020-01-04,0
South Sudan,SSD,2020-01-05,0
South Sudan,SSD,2020-01-06,0
South Sudan,SSD,2020-01-07,0
South Sudan,SSD,2020-01-08,0
South Sudan,SSD,2020-01-09,0
South Sudan,SSD,2020-01-10,0
South Sudan,SSD,2020-01-11,0
South Sudan,SSD,2020-01-12,0
South Sudan,SSD,2020-01-13,0
South Sudan,SSD,2020-01-14,0
South Sudan,SSD,2020-01-15,0
South Sudan,SSD,2020-01-16,0
South Sudan,SSD,2020-01-17,0
South Sudan,SSD,2020-01-18,0
South Sudan,SSD,2020-01-19,0
South Sudan,SSD,2020-01-20,0
South Sudan,SSD,2020-01-21,0
South Sudan,SSD,2020-01-22,0
South Sudan,SSD,2020-01-23,0
South Sudan,SSD,2020-01-24,0
South Sudan,SSD,2020-01-25,0
South Sudan,SSD,2020-01-26,0
South Sudan,SSD,2020-01-27,0
South Sudan,SSD,2020-01-28,0
South Sudan,SSD,2020-01-29,0
South Sudan,SSD,2020-01-30,0
South Sudan,SSD,2020-01-31,0
South Sudan,SSD,2020-02-01,0
South Sudan,SSD,2020-02-02,0
South Sudan,SSD,2020-02-03,0
South Sudan,SSD,2020-02-04,0
South Sudan,SSD,2020-02-05,0
South Sudan,SSD,2020-02-06,0
South Sudan,SSD,2020-02-07,0
South Sudan,SSD,2020-02-08,0
South Sudan,SSD,2020-02-09,0
South Sudan,SSD,2020-02-10,0
South Sudan,SSD,2020-02-11,0
South Sudan,SSD,2020-02-12,0
South Sudan,SSD,2020-02-13,0
South Sudan,SSD,2020-02-14,0
South Sudan,SSD,2020-02-15,0
South Sudan,SSD,2020-02-16,0
South Sudan,SSD,2020-02-17,0
South Sudan,SSD,2020-02-18,0
South Sudan,SSD,2020-02-19,0
South Sudan,SSD,2020-02-20,0
South Sudan,SSD,2020-02-21,0
South Sudan,SSD,2020-02-22,0
South Sudan,SSD,2020-02-23,0
South Sudan,SSD,2020-02-24,5.56
South Sudan,SSD,2020-02-25,5.56
South Sudan,SSD,2020-02-26,5.56
South Sudan,SSD,2020-02-27,5.56
South Sudan,SSD,2020-02-28,5.56
South Sudan,SSD,2020-02-29,5.56
South Sudan,SSD,2020-03-01,5.56
South Sudan,SSD,2020-03-02,5.56
South Sudan,SSD,2020-03-03,5.56
South Sudan,SSD,2020-03-04,5.56
South Sudan,SSD,2020-03-05,5.56
South Sudan,SSD,2020-03-06,5.56
South Sudan,SSD,2020-03-07,5.56
South Sudan,SSD,2020-03-08,5.56
South Sudan,SSD,2020-03-09,5.56
South Sudan,SSD,2020-03-10,5.56
South Sudan,SSD,2020-03-11,5.56
South Sudan,SSD,2020-03-12,5.56
South Sudan,SSD,2020-03-13,8.33
South Sudan,SSD,2020-03-14,8.33
South Sudan,SSD,2020-03-15,8.33
South Sudan,SSD,2020-03-16,38.89
South Sudan,SSD,2020-03-17,38.89
South Sudan,SSD,2020-03-18,38.89
South Sudan,SSD,2020-03-19,38.89
South Sudan,SSD,2020-03-20,50
South Sudan,SSD,2020-03-21,50
South Sudan,SSD,2020-03-22,50
South Sudan,SSD,2020-03-23,50
South Sudan,SSD,2020-03-24,56.48
South Sudan,SSD,2020-03-25,60.19
South Sudan,SSD,2020-03-26,60.19
South Sudan,SSD,2020-03-27,60.19
South Sudan,SSD,2020-03-28,67.59
South Sudan,SSD,2020-03-29,73.15
South Sudan,SSD,2020-03-30,73.15
South Sudan,SSD,2020-03-31,73.15
South Sudan,SSD,2020-04-01,73.15
South Sudan,SSD,2020-04-02,73.15
South Sudan,SSD,2020-04-03,73.15
South Sudan,SSD,2020-04-04,73.15
South Sudan,SSD,2020-04-05,73.15
South Sudan,SSD,2020-04-06,73.15
South Sudan,SSD,2020-04-07,73.15
South Sudan,SSD,2020-04-08,73.15
South Sudan,SSD,2020-04-09,73.15
South Sudan,SSD,2020-04-10,73.15
South Sudan,SSD,2020-04-11,73.15
South Sudan,SSD,2020-04-12,84.26
South Sudan,SSD,2020-04-13,84.26
South Sudan,SSD,2020-04-14,84.26
South Sudan,SSD,2020-04-15,84.26
South Sudan,SSD,2020-04-16,84.26
South Sudan,SSD,2020-04-17,84.26
South Sudan,SSD,2020-04-18,86.11
South Sudan,SSD,2020-04-19,86.11
South Sudan,SSD,2020-04-20,86.11
South Sudan,SSD,2020-04-21,86.11
South Sudan,SSD,2020-04-22,86.11
South Sudan,SSD,2020-04-23,86.11
South Sudan,SSD,2020-04-24,86.11
South Sudan,SSD,2020-04-25,86.11
South Sudan,SSD,2020-04-26,86.11
South Sudan,SSD,2020-04-27,86.11
South Sudan,SSD,2020-04-28,86.11
South Sudan,SSD,2020-04-29,86.11
South Sudan,SSD,2020-04-30,86.11
South Sudan,SSD,2020-05-01,86.11
South Sudan,SSD,2020-05-02,86.11
South Sudan,SSD,2020-05-03,86.11
South Sudan,SSD,2020-05-04,86.11
South Sudan,SSD,2020-05-05,86.11
South Sudan,SSD,2020-05-06,86.11
South Sudan,SSD,2020-05-07,82.41
South Sudan,SSD,2020-05-08,78.7
South Sudan,SSD,2020-05-09,78.7
South Sudan,SSD,2020-05-10,78.7
South Sudan,SSD,2020-05-11,78.7
South Sudan,SSD,2020-05-12,73.15
South Sudan,SSD,2020-05-13,73.15
South Sudan,SSD,2020-05-14,73.15
South Sudan,SSD,2020-05-15,73.15
South Sudan,SSD,2020-05-16,73.15
South Sudan,SSD,2020-05-17,73.15
South Sudan,SSD,2020-05-18,73.15
South Sudan,SSD,2020-05-19,73.15
South Sudan,SSD,2020-05-20,73.15
South Sudan,SSD,2020-05-21,73.15
South Sudan,SSD,2020-05-22,73.15
South Sudan,SSD,2020-05-23,73.15
South Sudan,SSD,2020-05-24,73.15
South Sudan,SSD,2020-05-25,73.15
South Sudan,SSD,2020-05-26,73.15
South Sudan,SSD,2020-05-27,73.15
South Sudan,SSD,2020-05-28,73.15
South Sudan,SSD,2020-05-29,85.19
South Sudan,SSD,2020-05-30,85.19
South Sudan,SSD,2020-05-31,85.19
South Sudan,SSD,2020-06-01,85.19
South Sudan,SSD,2020-06-02,85.19
South Sudan,SSD,2020-06-03,85.19
South Sudan,SSD,2020-06-04,85.19
South Sudan,SSD,2020-06-05,85.19
South Sudan,SSD,2020-06-06,85.19
South Sudan,SSD,2020-06-07,85.19
South Sudan,SSD,2020-06-08,85.19
South Sudan,SSD,2020-06-09,85.19
South Sudan,SSD,2020-06-10,85.19
South Sudan,SSD,2020-06-11,85.19
South Sudan,SSD,2020-06-12,85.19
South Sudan,SSD,2020-06-13,85.19
South Sudan,SSD,2020-06-14,85.19
South Sudan,SSD,2020-06-15,85.19
South Sudan,SSD,2020-06-16,85.19
South Sudan,SSD,2020-06-17,85.19
South Sudan,SSD,2020-06-18,85.19
South Sudan,SSD,2020-06-19,85.19
South Sudan,SSD,2020-06-20,85.19
South Sudan,SSD,2020-06-21,85.19
South Sudan,SSD,2020-06-22,85.19
South Sudan,SSD,2020-06-23,85.19
South Sudan,SSD,2020-06-24,85.19
South Sudan,SSD,2020-06-25,85.19
South Sudan,SSD,2020-06-26,85.19
South Sudan,SSD,2020-06-27,85.19
South Sudan,SSD,2020-06-28,85.19
South Sudan,SSD,2020-06-29,85.19
South Sudan,SSD,2020-06-30,85.19
South Sudan,SSD,2020-07-01,85.19
South Sudan,SSD,2020-07-02,85.19
South Sudan,SSD,2020-07-03,85.19
South Sudan,SSD,2020-07-04,85.19
South Sudan,SSD,2020-07-05,85.19
South Sudan,SSD,2020-07-06,85.19
South Sudan,SSD,2020-07-07,85.19
South Sudan,SSD,2020-07-08,80.56
South Sudan,SSD,2020-07-09,80.56
South Sudan,SSD,2020-07-10,80.56
South Sudan,SSD,2020-07-11,80.56
South Sudan,SSD,2020-07-12,80.56
South Sudan,SSD,2020-07-13,80.56
South Sudan,SSD,2020-07-14,80.56
South Sudan,SSD,2020-07-15,80.56
South Sudan,SSD,2020-07-16,80.56
South Sudan,SSD,2020-07-17,80.56
South Sudan,SSD,2020-07-18,80.56
South Sudan,SSD,2020-07-19,80.56
South Sudan,SSD,2020-07-20,80.56
South Sudan,SSD,2020-07-21,80.56
South Sudan,SSD,2020-07-22,80.56
South Sudan,SSD,2020-07-23,80.56
South Sudan,SSD,2020-07-24,80.56
South Sudan,SSD,2020-07-25,80.56
South Sudan,SSD,2020-07-26,80.56
South Sudan,SSD,2020-07-27,80.56
South Sudan,SSD,2020-07-28,80.56
South Sudan,SSD,2020-07-29,80.56
South Sudan,SSD,2020-07-30,80.56
South Sudan,SSD,2020-07-31,80.56
South Sudan,SSD,2020-08-01,80.56
South Sudan,SSD,2020-08-02,80.56
South Sudan,SSD,2020-08-03,80.56
South Sudan,SSD,2020-08-04,80.56
South Sudan,SSD,2020-08-05,80.56
South Sudan,SSD,2020-08-06,81.48
South Sudan,SSD,2020-08-07,81.48
South Sudan,SSD,2020-08-08,81.48
South Sudan,SSD,2020-08-09,81.48
South Sudan,SSD,2020-08-10,81.48
South Sudan,SSD,2020-08-11,81.48
South Sudan,SSD,2020-08-12,81.48
South Sudan,SSD,2020-08-13,81.48
South Sudan,SSD,2020-08-14,81.48
South Sudan,SSD,2020-08-15,81.48
South Sudan,SSD,2020-08-16,81.48
South Sudan,SSD,2020-08-17,81.48
South Sudan,SSD,2020-08-18,81.48
South Sudan,SSD,2020-08-19,77.78
South Sudan,SSD,2020-08-20,77.78
South Sudan,SSD,2020-08-21,77.78
South Sudan,SSD,2020-08-22,77.78
South Sudan,SSD,2020-08-23,77.78
South Sudan,SSD,2020-08-24,77.78
South Sudan,SSD,2020-08-25,77.78
South Sudan,SSD,2020-08-26,77.78
South Sudan,SSD,2020-08-27,77.78
South Sudan,SSD,2020-08-28,77.78
South Sudan,SSD,2020-08-29,77.78
South Sudan,SSD,2020-08-30,77.78
South Sudan,SSD,2020-08-31,77.78
South Sudan,SSD,2020-09-01,75
South Sudan,SSD,2020-09-02,75
South Sudan,SSD,2020-09-03,75
South Sudan,SSD,2020-09-04,75
South Sudan,SSD,2020-09-05,75
South Sudan,SSD,2020-09-06,75
South Sudan,SSD,2020-09-07,75
South Sudan,SSD,2020-09-08,75
South Sudan,SSD,2020-09-09,75
South Sudan,SSD,2020-09-10,69.44
South Sudan,SSD,2020-09-11,69.44
South Sudan,SSD,2020-09-12,69.44
South Sudan,SSD,2020-09-13,69.44
South Sudan,SSD,2020-09-14,69.44
South Sudan,SSD,2020-09-15,69.44
South Sudan,SSD,2020-09-16,65.74
South Sudan,SSD,2020-09-17,65.74
South Sudan,SSD,2020-09-18,65.74
South Sudan,SSD,2020-09-19,65.74
South Sudan,SSD,2020-09-20,65.74
South Sudan,SSD,2020-09-21,65.74
South Sudan,SSD,2020-09-22,45.37
South Sudan,SSD,2020-09-23,45.37
South Sudan,SSD,2020-09-24,45.37
South Sudan,SSD,2020-09-25,45.37
South Sudan,SSD,2020-09-26,45.37
South Sudan,SSD,2020-09-27,45.37
South Sudan,SSD,2020-09-28,45.37
South Sudan,SSD,2020-09-29,45.37
South Sudan,SSD,2020-09-30,45.37
South Sudan,SSD,2020-10-01,45.37
South Sudan,SSD,2020-10-02,45.37
South Sudan,SSD,2020-10-03,45.37
South Sudan,SSD,2020-10-04,45.37
South Sudan,SSD,2020-10-05,45.37
South Sudan,SSD,2020-10-06,41.67
South Sudan,SSD,2020-10-07,41.67
South Sudan,SSD,2020-10-08,41.67
South Sudan,SSD,2020-10-09,41.67
South Sudan,SSD,2020-10-10,41.67
South Sudan,SSD,2020-10-11,41.67
South Sudan,SSD,2020-10-12,41.67
South Sudan,SSD,2020-10-13,41.67
South Sudan,SSD,2020-10-14,41.67
South Sudan,SSD,2020-10-15,41.67
South Sudan,SSD,2020-10-16,41.67
South Sudan,SSD,2020-10-17,41.67
South Sudan,SSD,2020-10-18,41.67
South Sudan,SSD,2020-10-19,41.67
South Sudan,SSD,2020-10-20,41.67
South Sudan,SSD,2020-10-21,41.67
South Sudan,SSD,2020-10-22,41.67
South Sudan,SSD,2020-10-23,41.67
South Sudan,SSD,2020-10-24,41.67
South Sudan,SSD,2020-10-25,41.67
South Sudan,SSD,2020-10-26,41.67
South Sudan,SSD,2020-10-27,41.67
South Sudan,SSD,2020-10-28,41.67
South Sudan,SSD,2020-10-29,41.67
South Sudan,SSD,2020-10-30,41.67
South Sudan,SSD,2020-10-31,41.67
South Sudan,SSD,2020-11-01,41.67
South Sudan,SSD,2020-11-02,41.67
South Sudan,SSD,2020-11-03,41.67
South Sudan,SSD,2020-11-04,41.67
South Sudan,SSD,2020-11-05,41.67
South Sudan,SSD,2020-11-06,41.67
South Sudan,SSD,2020-11-07,41.67
South Sudan,SSD,2020-11-08,41.67
South Sudan,SSD,2020-11-09,41.67
South Sudan,SSD,2020-11-10,41.67
South Sudan,SSD,2020-11-11,41.67
South Sudan,SSD,2020-11-12,41.67
South Sudan,SSD,2020-11-13,41.67
South Sudan,SSD,2020-11-14,41.67
South Sudan,SSD,2020-11-15,41.67
South Sudan,SSD,2020-11-16,41.67
South Sudan,SSD,2020-11-17,47.22
South Sudan,SSD,2020-11-18,47.22
South Sudan,SSD,2020-11-19,47.22
South Sudan,SSD,2020-11-20,47.22
South Sudan,SSD,2020-11-21,47.22
South Sudan,SSD,2020-11-22,47.22
South Sudan,SSD,2020-11-23,47.22
South Sudan,SSD,2020-11-24,47.22
South Sudan,SSD,2020-11-25,47.22
South Sudan,SSD,2020-11-26,47.22
South Sudan,SSD,2020-11-27,47.22
South Sudan,SSD,2020-11-28,47.22
South Sudan,SSD,2020-11-29,47.22
South Sudan,SSD,2020-11-30,47.22
South Sudan,SSD,2020-12-01,52.78
South Sudan,SSD,2020-12-02,52.78
South Sudan,SSD,2020-12-03,52.78
South Sudan,SSD,2020-12-04,52.78
South Sudan,SSD,2020-12-05,52.78
South Sudan,SSD,2020-12-06,52.78
South Sudan,SSD,2020-12-07,52.78
South Sudan,SSD,2020-12-08,52.78
South Sudan,SSD,2020-12-09,52.78
South Sudan,SSD,2020-12-10,49.07
South Sudan,SSD,2020-12-11,49.07
South Sudan,SSD,2020-12-12,49.07
South Sudan,SSD,2020-12-13,49.07
South Sudan,SSD,2020-12-14,49.07
South Sudan,SSD,2020-12-15,46.3
South Sudan,SSD,2020-12-16,46.3
South Sudan,SSD,2020-12-17,46.3
South Sudan,SSD,2020-12-18,46.3
South Sudan,SSD,2020-12-19,46.3
South Sudan,SSD,2020-12-20,46.3
South Sudan,SSD,2020-12-21,46.3
South Sudan,SSD,2020-12-22,46.3
South Sudan,SSD,2020-12-23,46.3
South Sudan,SSD,2020-12-24,46.3
South Sudan,SSD,2020-12-25,46.3
South Sudan,SSD,2020-12-26,46.3
South Sudan,SSD,2020-12-27,46.3
South Sudan,SSD,2020-12-28,46.3
South Sudan,SSD,2020-12-29,46.3
South Sudan,SSD,2020-12-30,46.3
South Sudan,SSD,2020-12-31,46.3
South Sudan,SSD,2021-01-01,46.3
South Sudan,SSD,2021-01-02,46.3
South Sudan,SSD,2021-01-03,46.3
South Sudan,SSD,2021-01-04,46.3
South Sudan,SSD,2021-01-05,47.22
South Sudan,SSD,2021-01-06,47.22
South Sudan,SSD,2021-01-07,47.22
South Sudan,SSD,2021-01-08,47.22
South Sudan,SSD,2021-01-09,47.22
South Sudan,SSD,2021-01-10,47.22
South Sudan,SSD,2021-01-11,47.22
South Sudan,SSD,2021-01-12,41.67
South Sudan,SSD,2021-01-13,41.67
South Sudan,SSD,2021-01-14,41.67
South Sudan,SSD,2021-01-15,41.67
South Sudan,SSD,2021-01-16,41.67
South Sudan,SSD,2021-01-17,41.67
South Sudan,SSD,2021-01-18,41.67
South Sudan,SSD,2021-01-19,43.52
South Sudan,SSD,2021-01-20,43.52
South Sudan,SSD,2021-01-21,43.52
South Sudan,SSD,2021-01-22,43.52
South Sudan,SSD,2021-01-23,43.52
South Sudan,SSD,2021-01-24,43.52
South Sudan,SSD,2021-01-25,43.52
South Sudan,SSD,2021-01-26,43.52
South Sudan,SSD,2021-01-27,43.52
South Sudan,SSD,2021-01-28,43.52
South Sudan,SSD,2021-01-29,43.52
South Sudan,SSD,2021-01-30,43.52
South Sudan,SSD,2021-01-31,43.52
South Sudan,SSD,2021-02-01,43.52
South Sudan,SSD,2021-02-02,43.52
South Sudan,SSD,2021-02-03,75.93
South Sudan,SSD,2021-02-04,75.93
South Sudan,SSD,2021-02-05,75.93
South Sudan,SSD,2021-02-06,75.93
South Sudan,SSD,2021-02-07,75.93
South Sudan,SSD,2021-02-08,77.78
South Sudan,SSD,2021-02-09,77.78
South Sudan,SSD,2021-02-10,77.78
South Sudan,SSD,2021-02-11,77.78
South Sudan,SSD,2021-02-12,77.78
South Sudan,SSD,2021-02-13,77.78
South Sudan,SSD,2021-02-14,77.78
South Sudan,SSD,2021-02-15,77.78
South Sudan,SSD,2021-02-16,77.78
South Sudan,SSD,2021-02-17,77.78
South Sudan,SSD,2021-02-18,77.78
South Sudan,SSD,2021-02-19,77.78
South Sudan,SSD,2021-02-20,77.78
South Sudan,SSD,2021-02-21,77.78
South Sudan,SSD,2021-02-22,77.78
Spain,ESP,2020-01-01,0
Spain,ESP,2020-01-02,0
Spain,ESP,2020-01-03,0
Spain,ESP,2020-01-04,0
Spain,ESP,2020-01-05,0
Spain,ESP,2020-01-06,0
Spain,ESP,2020-01-07,0
Spain,ESP,2020-01-08,0
Spain,ESP,2020-01-09,0
Spain,ESP,2020-01-10,0
Spain,ESP,2020-01-11,0
Spain,ESP,2020-01-12,0
Spain,ESP,2020-01-13,0
Spain,ESP,2020-01-14,0
Spain,ESP,2020-01-15,0
Spain,ESP,2020-01-16,0
Spain,ESP,2020-01-17,0
Spain,ESP,2020-01-18,0
Spain,ESP,2020-01-19,0
Spain,ESP,2020-01-20,0
Spain,ESP,2020-01-21,0
Spain,ESP,2020-01-22,0
Spain,ESP,2020-01-23,0
Spain,ESP,2020-01-24,0
Spain,ESP,2020-01-25,0
Spain,ESP,2020-01-26,0
Spain,ESP,2020-01-27,0
Spain,ESP,2020-01-28,0
Spain,ESP,2020-01-29,0
Spain,ESP,2020-01-30,0
Spain,ESP,2020-01-31,11.11
Spain,ESP,2020-02-01,11.11
Spain,ESP,2020-02-02,11.11
Spain,ESP,2020-02-03,11.11
Spain,ESP,2020-02-04,11.11
Spain,ESP,2020-02-05,11.11
Spain,ESP,2020-02-06,11.11
Spain,ESP,2020-02-07,11.11
Spain,ESP,2020-02-08,11.11
Spain,ESP,2020-02-09,11.11
Spain,ESP,2020-02-10,11.11
Spain,ESP,2020-02-11,11.11
Spain,ESP,2020-02-12,11.11
Spain,ESP,2020-02-13,11.11
Spain,ESP,2020-02-14,11.11
Spain,ESP,2020-02-15,11.11
Spain,ESP,2020-02-16,11.11
Spain,ESP,2020-02-17,11.11
Spain,ESP,2020-02-18,11.11
Spain,ESP,2020-02-19,11.11
Spain,ESP,2020-02-20,11.11
Spain,ESP,2020-02-21,11.11
Spain,ESP,2020-02-22,11.11
Spain,ESP,2020-02-23,11.11
Spain,ESP,2020-02-24,11.11
Spain,ESP,2020-02-25,11.11
Spain,ESP,2020-02-26,11.11
Spain,ESP,2020-02-27,11.11
Spain,ESP,2020-02-28,11.11
Spain,ESP,2020-02-29,11.11
Spain,ESP,2020-03-01,11.11
Spain,ESP,2020-03-02,11.11
Spain,ESP,2020-03-03,11.11
Spain,ESP,2020-03-04,11.11
Spain,ESP,2020-03-05,11.11
Spain,ESP,2020-03-06,11.11
Spain,ESP,2020-03-07,11.11
Spain,ESP,2020-03-08,11.11
Spain,ESP,2020-03-09,25
Spain,ESP,2020-03-10,45.83
Spain,ESP,2020-03-11,45.83
Spain,ESP,2020-03-12,45.83
Spain,ESP,2020-03-13,45.83
Spain,ESP,2020-03-14,67.13
Spain,ESP,2020-03-15,67.13
Spain,ESP,2020-03-16,68.98
Spain,ESP,2020-03-17,71.76
Spain,ESP,2020-03-18,71.76
Spain,ESP,2020-03-19,71.76
Spain,ESP,2020-03-20,71.76
Spain,ESP,2020-03-21,71.76
Spain,ESP,2020-03-22,71.76
Spain,ESP,2020-03-23,71.76
Spain,ESP,2020-03-24,71.76
Spain,ESP,2020-03-25,71.76
Spain,ESP,2020-03-26,71.76
Spain,ESP,2020-03-27,71.76
Spain,ESP,2020-03-28,71.76
Spain,ESP,2020-03-29,71.76
Spain,ESP,2020-03-30,85.19
Spain,ESP,2020-03-31,85.19
Spain,ESP,2020-04-01,85.19
Spain,ESP,2020-04-02,85.19
Spain,ESP,2020-04-03,85.19
Spain,ESP,2020-04-04,85.19
Spain,ESP,2020-04-05,85.19
Spain,ESP,2020-04-06,85.19
Spain,ESP,2020-04-07,85.19
Spain,ESP,2020-04-08,85.19
Spain,ESP,2020-04-09,85.19
Spain,ESP,2020-04-10,85.19
Spain,ESP,2020-04-11,85.19
Spain,ESP,2020-04-12,85.19
Spain,ESP,2020-04-13,85.19
Spain,ESP,2020-04-14,85.19
Spain,ESP,2020-04-15,85.19
Spain,ESP,2020-04-16,85.19
Spain,ESP,2020-04-17,85.19
Spain,ESP,2020-04-18,85.19
Spain,ESP,2020-04-19,85.19
Spain,ESP,2020-04-20,85.19
Spain,ESP,2020-04-21,85.19
Spain,ESP,2020-04-22,85.19
Spain,ESP,2020-04-23,85.19
Spain,ESP,2020-04-24,85.19
Spain,ESP,2020-04-25,85.19
Spain,ESP,2020-04-26,85.19
Spain,ESP,2020-04-27,85.19
Spain,ESP,2020-04-28,85.19
Spain,ESP,2020-04-29,85.19
Spain,ESP,2020-04-30,85.19
Spain,ESP,2020-05-01,85.19
Spain,ESP,2020-05-02,85.19
Spain,ESP,2020-05-03,85.19
Spain,ESP,2020-05-04,81.94
Spain,ESP,2020-05-05,81.94
Spain,ESP,2020-05-06,81.94
Spain,ESP,2020-05-07,81.94
Spain,ESP,2020-05-08,81.94
Spain,ESP,2020-05-09,81.94
Spain,ESP,2020-05-10,81.94
Spain,ESP,2020-05-11,81.94
Spain,ESP,2020-05-12,81.94
Spain,ESP,2020-05-13,83.33
Spain,ESP,2020-05-14,83.33
Spain,ESP,2020-05-15,83.33
Spain,ESP,2020-05-16,83.33
Spain,ESP,2020-05-17,79.17
Spain,ESP,2020-05-18,79.17
Spain,ESP,2020-05-19,79.17
Spain,ESP,2020-05-20,79.17
Spain,ESP,2020-05-21,79.17
Spain,ESP,2020-05-22,75.46
Spain,ESP,2020-05-23,75.46
Spain,ESP,2020-05-24,75.46
Spain,ESP,2020-05-25,75.46
Spain,ESP,2020-05-26,71.76
Spain,ESP,2020-05-27,68.06
Spain,ESP,2020-05-28,68.06
Spain,ESP,2020-05-29,68.06
Spain,ESP,2020-05-30,68.06
Spain,ESP,2020-05-31,68.06
Spain,ESP,2020-06-01,66.67
Spain,ESP,2020-06-02,66.67
Spain,ESP,2020-06-03,66.67
Spain,ESP,2020-06-04,66.67
Spain,ESP,2020-06-05,66.67
Spain,ESP,2020-06-06,66.67
Spain,ESP,2020-06-07,66.67
Spain,ESP,2020-06-08,57.41
Spain,ESP,2020-06-09,57.41
Spain,ESP,2020-06-10,57.41
Spain,ESP,2020-06-11,57.41
Spain,ESP,2020-06-12,57.41
Spain,ESP,2020-06-13,57.41
Spain,ESP,2020-06-14,57.41
Spain,ESP,2020-06-15,57.41
Spain,ESP,2020-06-16,57.41
Spain,ESP,2020-06-17,57.41
Spain,ESP,2020-06-18,57.41
Spain,ESP,2020-06-19,57.41
Spain,ESP,2020-06-20,57.41
Spain,ESP,2020-06-21,41.2
Spain,ESP,2020-06-22,41.2
Spain,ESP,2020-06-23,41.2
Spain,ESP,2020-06-24,41.2
Spain,ESP,2020-06-25,41.2
Spain,ESP,2020-06-26,41.2
Spain,ESP,2020-06-27,41.2
Spain,ESP,2020-06-28,41.2
Spain,ESP,2020-06-29,41.2
Spain,ESP,2020-06-30,41.2
Spain,ESP,2020-07-01,41.2
Spain,ESP,2020-07-02,41.2
Spain,ESP,2020-07-03,41.2
Spain,ESP,2020-07-04,56.94
Spain,ESP,2020-07-05,56.94
Spain,ESP,2020-07-06,56.94
Spain,ESP,2020-07-07,56.94
Spain,ESP,2020-07-08,56.94
Spain,ESP,2020-07-09,56.94
Spain,ESP,2020-07-10,56.94
Spain,ESP,2020-07-11,56.94
Spain,ESP,2020-07-12,56.94
Spain,ESP,2020-07-13,56.94
Spain,ESP,2020-07-14,56.94
Spain,ESP,2020-07-15,64.35
Spain,ESP,2020-07-16,64.35
Spain,ESP,2020-07-17,64.35
Spain,ESP,2020-07-18,64.35
Spain,ESP,2020-07-19,64.35
Spain,ESP,2020-07-20,64.35
Spain,ESP,2020-07-21,64.35
Spain,ESP,2020-07-22,64.35
Spain,ESP,2020-07-23,64.35
Spain,ESP,2020-07-24,64.35
Spain,ESP,2020-07-25,64.35
Spain,ESP,2020-07-26,64.35
Spain,ESP,2020-07-27,64.35
Spain,ESP,2020-07-28,64.35
Spain,ESP,2020-07-29,64.35
Spain,ESP,2020-07-30,64.35
Spain,ESP,2020-07-31,64.35
Spain,ESP,2020-08-01,64.35
Spain,ESP,2020-08-02,64.35
Spain,ESP,2020-08-03,64.35
Spain,ESP,2020-08-04,64.35
Spain,ESP,2020-08-05,64.35
Spain,ESP,2020-08-06,64.35
Spain,ESP,2020-08-07,64.35
Spain,ESP,2020-08-08,64.35
Spain,ESP,2020-08-09,64.35
Spain,ESP,2020-08-10,60.65
Spain,ESP,2020-08-11,60.65
Spain,ESP,2020-08-12,60.65
Spain,ESP,2020-08-13,60.65
Spain,ESP,2020-08-14,62.5
Spain,ESP,2020-08-15,62.5
Spain,ESP,2020-08-16,62.5
Spain,ESP,2020-08-17,62.5
Spain,ESP,2020-08-18,62.5
Spain,ESP,2020-08-19,62.5
Spain,ESP,2020-08-20,62.5
Spain,ESP,2020-08-21,62.5
Spain,ESP,2020-08-22,62.5
Spain,ESP,2020-08-23,62.5
Spain,ESP,2020-08-24,62.5
Spain,ESP,2020-08-25,62.5
Spain,ESP,2020-08-26,62.5
Spain,ESP,2020-08-27,62.5
Spain,ESP,2020-08-28,62.5
Spain,ESP,2020-08-29,62.5
Spain,ESP,2020-08-30,62.5
Spain,ESP,2020-08-31,62.5
Spain,ESP,2020-09-01,62.5
Spain,ESP,2020-09-02,62.5
Spain,ESP,2020-09-03,62.5
Spain,ESP,2020-09-04,62.5
Spain,ESP,2020-09-05,62.5
Spain,ESP,2020-09-06,62.5
Spain,ESP,2020-09-07,60.65
Spain,ESP,2020-09-08,60.65
Spain,ESP,2020-09-09,60.65
Spain,ESP,2020-09-10,60.65
Spain,ESP,2020-09-11,60.65
Spain,ESP,2020-09-12,60.65
Spain,ESP,2020-09-13,60.65
Spain,ESP,2020-09-14,60.65
Spain,ESP,2020-09-15,60.65
Spain,ESP,2020-09-16,60.65
Spain,ESP,2020-09-17,60.65
Spain,ESP,2020-09-18,60.65
Spain,ESP,2020-09-19,60.65
Spain,ESP,2020-09-20,60.65
Spain,ESP,2020-09-21,60.65
Spain,ESP,2020-09-22,60.65
Spain,ESP,2020-09-23,60.65
Spain,ESP,2020-09-24,60.65
Spain,ESP,2020-09-25,60.65
Spain,ESP,2020-09-26,60.65
Spain,ESP,2020-09-27,60.65
Spain,ESP,2020-09-28,60.65
Spain,ESP,2020-09-29,60.65
Spain,ESP,2020-09-30,60.65
Spain,ESP,2020-10-01,60.65
Spain,ESP,2020-10-02,60.65
Spain,ESP,2020-10-03,60.65
Spain,ESP,2020-10-04,60.65
Spain,ESP,2020-10-05,60.65
Spain,ESP,2020-10-06,60.65
Spain,ESP,2020-10-07,64.35
Spain,ESP,2020-10-08,64.35
Spain,ESP,2020-10-09,64.35
Spain,ESP,2020-10-10,64.35
Spain,ESP,2020-10-11,64.35
Spain,ESP,2020-10-12,64.35
Spain,ESP,2020-10-13,64.35
Spain,ESP,2020-10-14,64.35
Spain,ESP,2020-10-15,64.35
Spain,ESP,2020-10-16,64.35
Spain,ESP,2020-10-17,64.35
Spain,ESP,2020-10-18,64.35
Spain,ESP,2020-10-19,64.35
Spain,ESP,2020-10-20,64.35
Spain,ESP,2020-10-21,64.35
Spain,ESP,2020-10-22,58.8
Spain,ESP,2020-10-23,58.8
Spain,ESP,2020-10-24,58.8
Spain,ESP,2020-10-25,71.3
Spain,ESP,2020-10-26,71.3
Spain,ESP,2020-10-27,71.3
Spain,ESP,2020-10-28,71.3
Spain,ESP,2020-10-29,71.3
Spain,ESP,2020-10-30,71.3
Spain,ESP,2020-10-31,71.3
Spain,ESP,2020-11-01,71.3
Spain,ESP,2020-11-02,71.3
Spain,ESP,2020-11-03,71.3
Spain,ESP,2020-11-04,71.3
Spain,ESP,2020-11-05,71.3
Spain,ESP,2020-11-06,71.3
Spain,ESP,2020-11-07,71.3
Spain,ESP,2020-11-08,71.3
Spain,ESP,2020-11-09,71.3
Spain,ESP,2020-11-10,71.3
Spain,ESP,2020-11-11,71.3
Spain,ESP,2020-11-12,71.3
Spain,ESP,2020-11-13,71.3
Spain,ESP,2020-11-14,71.3
Spain,ESP,2020-11-15,71.3
Spain,ESP,2020-11-16,71.3
Spain,ESP,2020-11-17,71.3
Spain,ESP,2020-11-18,71.3
Spain,ESP,2020-11-19,71.3
Spain,ESP,2020-11-20,71.3
Spain,ESP,2020-11-21,71.3
Spain,ESP,2020-11-22,71.3
Spain,ESP,2020-11-23,71.3
Spain,ESP,2020-11-24,71.3
Spain,ESP,2020-11-25,71.3
Spain,ESP,2020-11-26,71.3
Spain,ESP,2020-11-27,71.3
Spain,ESP,2020-11-28,71.3
Spain,ESP,2020-11-29,71.3
Spain,ESP,2020-11-30,71.3
Spain,ESP,2020-12-01,71.3
Spain,ESP,2020-12-02,71.3
Spain,ESP,2020-12-03,71.3
Spain,ESP,2020-12-04,71.3
Spain,ESP,2020-12-05,71.3
Spain,ESP,2020-12-06,71.3
Spain,ESP,2020-12-07,71.3
Spain,ESP,2020-12-08,71.3
Spain,ESP,2020-12-09,71.3
Spain,ESP,2020-12-10,71.3
Spain,ESP,2020-12-11,71.3
Spain,ESP,2020-12-12,71.3
Spain,ESP,2020-12-13,71.3
Spain,ESP,2020-12-14,71.3
Spain,ESP,2020-12-15,71.3
Spain,ESP,2020-12-16,71.3
Spain,ESP,2020-12-17,71.3
Spain,ESP,2020-12-18,71.3
Spain,ESP,2020-12-19,71.3
Spain,ESP,2020-12-20,71.3
Spain,ESP,2020-12-21,71.3
Spain,ESP,2020-12-22,71.3
Spain,ESP,2020-12-23,78.7
Spain,ESP,2020-12-24,78.7
Spain,ESP,2020-12-25,78.7
Spain,ESP,2020-12-26,78.7
Spain,ESP,2020-12-27,78.7
Spain,ESP,2020-12-28,78.7
Spain,ESP,2020-12-29,78.7
Spain,ESP,2020-12-30,78.7
Spain,ESP,2020-12-31,78.7
Spain,ESP,2021-01-01,78.7
Spain,ESP,2021-01-02,78.7
Spain,ESP,2021-01-03,78.7
Spain,ESP,2021-01-04,78.7
Spain,ESP,2021-01-05,78.7
Spain,ESP,2021-01-06,78.7
Spain,ESP,2021-01-07,71.3
Spain,ESP,2021-01-08,71.3
Spain,ESP,2021-01-09,71.3
Spain,ESP,2021-01-10,71.3
Spain,ESP,2021-01-11,71.3
Spain,ESP,2021-01-12,71.3
Spain,ESP,2021-01-13,71.3
Spain,ESP,2021-01-14,71.3
Spain,ESP,2021-01-15,71.3
Spain,ESP,2021-01-16,71.3
Spain,ESP,2021-01-17,71.3
Spain,ESP,2021-01-18,71.3
Spain,ESP,2021-01-19,71.3
Spain,ESP,2021-01-20,71.3
Spain,ESP,2021-01-21,71.3
Spain,ESP,2021-01-22,71.3
Spain,ESP,2021-01-23,71.3
Spain,ESP,2021-01-24,71.3
Spain,ESP,2021-01-25,71.3
Spain,ESP,2021-01-26,71.3
Spain,ESP,2021-01-27,71.3
Spain,ESP,2021-01-28,71.3
Spain,ESP,2021-01-29,71.3
Spain,ESP,2021-01-30,71.3
Spain,ESP,2021-01-31,71.3
Spain,ESP,2021-02-01,71.3
Spain,ESP,2021-02-02,71.3
Spain,ESP,2021-02-03,71.3
Spain,ESP,2021-02-04,71.3
Spain,ESP,2021-02-05,71.3
Spain,ESP,2021-02-06,71.3
Spain,ESP,2021-02-07,71.3
Spain,ESP,2021-02-08,71.3
Spain,ESP,2021-02-09,71.3
Spain,ESP,2021-02-10,71.3
Spain,ESP,2021-02-11,71.3
Spain,ESP,2021-02-12,71.3
Spain,ESP,2021-02-13,71.3
Spain,ESP,2021-02-14,71.3
Spain,ESP,2021-02-15,71.3
Spain,ESP,2021-02-16,71.3
Spain,ESP,2021-02-17,71.3
Spain,ESP,2021-02-18,71.3
Spain,ESP,2021-02-19,71.3
Spain,ESP,2021-02-20,71.3
Spain,ESP,2021-02-21,71.3
Spain,ESP,2021-02-22,71.3
Spain,ESP,2021-02-23,71.3
Spain,ESP,2021-02-24,71.3
Spain,ESP,2021-02-25,71.3
Spain,ESP,2021-02-26,71.3
Spain,ESP,2021-02-27,71.3
Spain,ESP,2021-02-28,71.3
Spain,ESP,2021-03-01,71.3
Spain,ESP,2021-03-02,71.3
Spain,ESP,2021-03-03,71.3
Spain,ESP,2021-03-04,71.3
Spain,ESP,2021-03-05,71.3
Spain,ESP,2021-03-06,71.3
Spain,ESP,2021-03-07,71.3
Spain,ESP,2021-03-08,71.3
Sri Lanka,LKA,2020-01-01,0
Sri Lanka,LKA,2020-01-02,0
Sri Lanka,LKA,2020-01-03,0
Sri Lanka,LKA,2020-01-04,0
Sri Lanka,LKA,2020-01-05,0
Sri Lanka,LKA,2020-01-06,0
Sri Lanka,LKA,2020-01-07,0
Sri Lanka,LKA,2020-01-08,0
Sri Lanka,LKA,2020-01-09,0
Sri Lanka,LKA,2020-01-10,0
Sri Lanka,LKA,2020-01-11,0
Sri Lanka,LKA,2020-01-12,0
Sri Lanka,LKA,2020-01-13,0
Sri Lanka,LKA,2020-01-14,0
Sri Lanka,LKA,2020-01-15,0
Sri Lanka,LKA,2020-01-16,0
Sri Lanka,LKA,2020-01-17,0
Sri Lanka,LKA,2020-01-18,0
Sri Lanka,LKA,2020-01-19,0
Sri Lanka,LKA,2020-01-20,0
Sri Lanka,LKA,2020-01-21,0
Sri Lanka,LKA,2020-01-22,0
Sri Lanka,LKA,2020-01-23,0
Sri Lanka,LKA,2020-01-24,0
Sri Lanka,LKA,2020-01-25,0
Sri Lanka,LKA,2020-01-26,2.78
Sri Lanka,LKA,2020-01-27,2.78
Sri Lanka,LKA,2020-01-28,8.33
Sri Lanka,LKA,2020-01-29,8.33
Sri Lanka,LKA,2020-01-30,8.33
Sri Lanka,LKA,2020-01-31,8.33
Sri Lanka,LKA,2020-02-01,8.33
Sri Lanka,LKA,2020-02-02,8.33
Sri Lanka,LKA,2020-02-03,8.33
Sri Lanka,LKA,2020-02-04,8.33
Sri Lanka,LKA,2020-02-05,8.33
Sri Lanka,LKA,2020-02-06,8.33
Sri Lanka,LKA,2020-02-07,8.33
Sri Lanka,LKA,2020-02-08,8.33
Sri Lanka,LKA,2020-02-09,8.33
Sri Lanka,LKA,2020-02-10,8.33
Sri Lanka,LKA,2020-02-11,8.33
Sri Lanka,LKA,2020-02-12,8.33
Sri Lanka,LKA,2020-02-13,8.33
Sri Lanka,LKA,2020-02-14,8.33
Sri Lanka,LKA,2020-02-15,8.33
Sri Lanka,LKA,2020-02-16,8.33
Sri Lanka,LKA,2020-02-17,8.33
Sri Lanka,LKA,2020-02-18,8.33
Sri Lanka,LKA,2020-02-19,8.33
Sri Lanka,LKA,2020-02-20,8.33
Sri Lanka,LKA,2020-02-21,8.33
Sri Lanka,LKA,2020-02-22,8.33
Sri Lanka,LKA,2020-02-23,8.33
Sri Lanka,LKA,2020-02-24,11.11
Sri Lanka,LKA,2020-02-25,11.11
Sri Lanka,LKA,2020-02-26,11.11
Sri Lanka,LKA,2020-02-27,11.11
Sri Lanka,LKA,2020-02-28,11.11
Sri Lanka,LKA,2020-02-29,11.11
Sri Lanka,LKA,2020-03-01,11.11
Sri Lanka,LKA,2020-03-02,11.11
Sri Lanka,LKA,2020-03-03,11.11
Sri Lanka,LKA,2020-03-04,11.11
Sri Lanka,LKA,2020-03-05,11.11
Sri Lanka,LKA,2020-03-06,11.11
Sri Lanka,LKA,2020-03-07,11.11
Sri Lanka,LKA,2020-03-08,11.11
Sri Lanka,LKA,2020-03-09,11.11
Sri Lanka,LKA,2020-03-10,11.11
Sri Lanka,LKA,2020-03-11,11.11
Sri Lanka,LKA,2020-03-12,11.11
Sri Lanka,LKA,2020-03-13,18.52
Sri Lanka,LKA,2020-03-14,49.07
Sri Lanka,LKA,2020-03-15,49.07
Sri Lanka,LKA,2020-03-16,60.19
Sri Lanka,LKA,2020-03-17,60.19
Sri Lanka,LKA,2020-03-18,81.48
Sri Lanka,LKA,2020-03-19,84.26
Sri Lanka,LKA,2020-03-20,88.89
Sri Lanka,LKA,2020-03-21,88.89
Sri Lanka,LKA,2020-03-22,88.89
Sri Lanka,LKA,2020-03-23,97.22
Sri Lanka,LKA,2020-03-24,97.22
Sri Lanka,LKA,2020-03-25,97.22
Sri Lanka,LKA,2020-03-26,97.22
Sri Lanka,LKA,2020-03-27,100
Sri Lanka,LKA,2020-03-28,100
Sri Lanka,LKA,2020-03-29,100
Sri Lanka,LKA,2020-03-30,100
Sri Lanka,LKA,2020-03-31,100
Sri Lanka,LKA,2020-04-01,100
Sri Lanka,LKA,2020-04-02,100
Sri Lanka,LKA,2020-04-03,100
Sri Lanka,LKA,2020-04-04,100
Sri Lanka,LKA,2020-04-05,100
Sri Lanka,LKA,2020-04-06,100
Sri Lanka,LKA,2020-04-07,100
Sri Lanka,LKA,2020-04-08,100
Sri Lanka,LKA,2020-04-09,100
Sri Lanka,LKA,2020-04-10,100
Sri Lanka,LKA,2020-04-11,100
Sri Lanka,LKA,2020-04-12,100
Sri Lanka,LKA,2020-04-13,100
Sri Lanka,LKA,2020-04-14,100
Sri Lanka,LKA,2020-04-15,100
Sri Lanka,LKA,2020-04-16,100
Sri Lanka,LKA,2020-04-17,100
Sri Lanka,LKA,2020-04-18,83.33
Sri Lanka,LKA,2020-04-19,83.33
Sri Lanka,LKA,2020-04-20,81.48
Sri Lanka,LKA,2020-04-21,81.48
Sri Lanka,LKA,2020-04-22,77.78
Sri Lanka,LKA,2020-04-23,77.78
Sri Lanka,LKA,2020-04-24,79.63
Sri Lanka,LKA,2020-04-25,79.63
Sri Lanka,LKA,2020-04-26,79.63
Sri Lanka,LKA,2020-04-27,79.63
Sri Lanka,LKA,2020-04-28,79.63
Sri Lanka,LKA,2020-04-29,79.63
Sri Lanka,LKA,2020-04-30,79.63
Sri Lanka,LKA,2020-05-01,79.63
Sri Lanka,LKA,2020-05-02,79.63
Sri Lanka,LKA,2020-05-03,79.63
Sri Lanka,LKA,2020-05-04,79.63
Sri Lanka,LKA,2020-05-05,79.63
Sri Lanka,LKA,2020-05-06,79.63
Sri Lanka,LKA,2020-05-07,79.63
Sri Lanka,LKA,2020-05-08,79.63
Sri Lanka,LKA,2020-05-09,79.63
Sri Lanka,LKA,2020-05-10,79.63
Sri Lanka,LKA,2020-05-11,79.63
Sri Lanka,LKA,2020-05-12,79.63
Sri Lanka,LKA,2020-05-13,82.41
Sri Lanka,LKA,2020-05-14,82.41
Sri Lanka,LKA,2020-05-15,82.41
Sri Lanka,LKA,2020-05-16,82.41
Sri Lanka,LKA,2020-05-17,82.41
Sri Lanka,LKA,2020-05-18,82.41
Sri Lanka,LKA,2020-05-19,82.41
Sri Lanka,LKA,2020-05-20,82.41
Sri Lanka,LKA,2020-05-21,82.41
Sri Lanka,LKA,2020-05-22,79.63
Sri Lanka,LKA,2020-05-23,79.63
Sri Lanka,LKA,2020-05-24,79.63
Sri Lanka,LKA,2020-05-25,79.63
Sri Lanka,LKA,2020-05-26,76.85
Sri Lanka,LKA,2020-05-27,76.85
Sri Lanka,LKA,2020-05-28,76.85
Sri Lanka,LKA,2020-05-29,76.85
Sri Lanka,LKA,2020-05-30,76.85
Sri Lanka,LKA,2020-05-31,76.85
Sri Lanka,LKA,2020-06-01,76.85
Sri Lanka,LKA,2020-06-02,76.85
Sri Lanka,LKA,2020-06-03,76.85
Sri Lanka,LKA,2020-06-04,76.85
Sri Lanka,LKA,2020-06-05,76.85
Sri Lanka,LKA,2020-06-06,76.85
Sri Lanka,LKA,2020-06-07,76.85
Sri Lanka,LKA,2020-06-08,60.19
Sri Lanka,LKA,2020-06-09,60.19
Sri Lanka,LKA,2020-06-10,60.19
Sri Lanka,LKA,2020-06-11,55.56
Sri Lanka,LKA,2020-06-12,55.56
Sri Lanka,LKA,2020-06-13,55.56
Sri Lanka,LKA,2020-06-14,55.56
Sri Lanka,LKA,2020-06-15,55.56
Sri Lanka,LKA,2020-06-16,55.56
Sri Lanka,LKA,2020-06-17,55.56
Sri Lanka,LKA,2020-06-18,55.56
Sri Lanka,LKA,2020-06-19,55.56
Sri Lanka,LKA,2020-06-20,55.56
Sri Lanka,LKA,2020-06-21,55.56
Sri Lanka,LKA,2020-06-22,55.56
Sri Lanka,LKA,2020-06-23,55.56
Sri Lanka,LKA,2020-06-24,55.56
Sri Lanka,LKA,2020-06-25,55.56
Sri Lanka,LKA,2020-06-26,55.56
Sri Lanka,LKA,2020-06-27,55.56
Sri Lanka,LKA,2020-06-28,53.7
Sri Lanka,LKA,2020-06-29,53.7
Sri Lanka,LKA,2020-06-30,53.7
Sri Lanka,LKA,2020-07-01,53.7
Sri Lanka,LKA,2020-07-02,53.7
Sri Lanka,LKA,2020-07-03,53.7
Sri Lanka,LKA,2020-07-04,53.7
Sri Lanka,LKA,2020-07-05,53.7
Sri Lanka,LKA,2020-07-06,50
Sri Lanka,LKA,2020-07-07,50
Sri Lanka,LKA,2020-07-08,50
Sri Lanka,LKA,2020-07-09,50
Sri Lanka,LKA,2020-07-10,50
Sri Lanka,LKA,2020-07-11,50
Sri Lanka,LKA,2020-07-12,50
Sri Lanka,LKA,2020-07-13,53.7
Sri Lanka,LKA,2020-07-14,53.7
Sri Lanka,LKA,2020-07-15,53.7
Sri Lanka,LKA,2020-07-16,53.7
Sri Lanka,LKA,2020-07-17,53.7
Sri Lanka,LKA,2020-07-18,53.7
Sri Lanka,LKA,2020-07-19,53.7
Sri Lanka,LKA,2020-07-20,53.7
Sri Lanka,LKA,2020-07-21,53.7
Sri Lanka,LKA,2020-07-22,53.7
Sri Lanka,LKA,2020-07-23,53.7
Sri Lanka,LKA,2020-07-24,53.7
Sri Lanka,LKA,2020-07-25,53.7
Sri Lanka,LKA,2020-07-26,53.7
Sri Lanka,LKA,2020-07-27,50
Sri Lanka,LKA,2020-07-28,50
Sri Lanka,LKA,2020-07-29,50
Sri Lanka,LKA,2020-07-30,50
Sri Lanka,LKA,2020-07-31,50
Sri Lanka,LKA,2020-08-01,41.67
Sri Lanka,LKA,2020-08-02,41.67
Sri Lanka,LKA,2020-08-03,41.67
Sri Lanka,LKA,2020-08-04,41.67
Sri Lanka,LKA,2020-08-05,41.67
Sri Lanka,LKA,2020-08-06,41.67
Sri Lanka,LKA,2020-08-07,41.67
Sri Lanka,LKA,2020-08-08,41.67
Sri Lanka,LKA,2020-08-09,41.67
Sri Lanka,LKA,2020-08-10,41.67
Sri Lanka,LKA,2020-08-11,41.67
Sri Lanka,LKA,2020-08-12,41.67
Sri Lanka,LKA,2020-08-13,41.67
Sri Lanka,LKA,2020-08-14,41.67
Sri Lanka,LKA,2020-08-15,41.67
Sri Lanka,LKA,2020-08-16,41.67
Sri Lanka,LKA,2020-08-17,41.67
Sri Lanka,LKA,2020-08-18,41.67
Sri Lanka,LKA,2020-08-19,33.33
Sri Lanka,LKA,2020-08-20,29.63
Sri Lanka,LKA,2020-08-21,29.63
Sri Lanka,LKA,2020-08-22,29.63
Sri Lanka,LKA,2020-08-23,29.63
Sri Lanka,LKA,2020-08-24,29.63
Sri Lanka,LKA,2020-08-25,29.63
Sri Lanka,LKA,2020-08-26,29.63
Sri Lanka,LKA,2020-08-27,29.63
Sri Lanka,LKA,2020-08-28,29.63
Sri Lanka,LKA,2020-08-29,29.63
Sri Lanka,LKA,2020-08-30,29.63
Sri Lanka,LKA,2020-08-31,29.63
Sri Lanka,LKA,2020-09-01,29.63
Sri Lanka,LKA,2020-09-02,29.63
Sri Lanka,LKA,2020-09-03,29.63
Sri Lanka,LKA,2020-09-04,29.63
Sri Lanka,LKA,2020-09-05,29.63
Sri Lanka,LKA,2020-09-06,29.63
Sri Lanka,LKA,2020-09-07,29.63
Sri Lanka,LKA,2020-09-08,29.63
Sri Lanka,LKA,2020-09-09,29.63
Sri Lanka,LKA,2020-09-10,26.85
Sri Lanka,LKA,2020-09-11,26.85
Sri Lanka,LKA,2020-09-12,26.85
Sri Lanka,LKA,2020-09-13,26.85
Sri Lanka,LKA,2020-09-14,26.85
Sri Lanka,LKA,2020-09-15,26.85
Sri Lanka,LKA,2020-09-16,26.85
Sri Lanka,LKA,2020-09-17,26.85
Sri Lanka,LKA,2020-09-18,26.85
Sri Lanka,LKA,2020-09-19,26.85
Sri Lanka,LKA,2020-09-20,26.85
Sri Lanka,LKA,2020-09-21,26.85
Sri Lanka,LKA,2020-09-22,26.85
Sri Lanka,LKA,2020-09-23,26.85
Sri Lanka,LKA,2020-09-24,26.85
Sri Lanka,LKA,2020-09-25,26.85
Sri Lanka,LKA,2020-09-26,26.85
Sri Lanka,LKA,2020-09-27,26.85
Sri Lanka,LKA,2020-09-28,26.85
Sri Lanka,LKA,2020-09-29,26.85
Sri Lanka,LKA,2020-09-30,26.85
Sri Lanka,LKA,2020-10-01,26.85
Sri Lanka,LKA,2020-10-02,26.85
Sri Lanka,LKA,2020-10-03,26.85
Sri Lanka,LKA,2020-10-04,26.85
Sri Lanka,LKA,2020-10-05,34.26
Sri Lanka,LKA,2020-10-06,34.26
Sri Lanka,LKA,2020-10-07,34.26
Sri Lanka,LKA,2020-10-08,34.26
Sri Lanka,LKA,2020-10-09,34.26
Sri Lanka,LKA,2020-10-10,34.26
Sri Lanka,LKA,2020-10-11,34.26
Sri Lanka,LKA,2020-10-12,34.26
Sri Lanka,LKA,2020-10-13,34.26
Sri Lanka,LKA,2020-10-14,34.26
Sri Lanka,LKA,2020-10-15,34.26
Sri Lanka,LKA,2020-10-16,34.26
Sri Lanka,LKA,2020-10-17,34.26
Sri Lanka,LKA,2020-10-18,34.26
Sri Lanka,LKA,2020-10-19,34.26
Sri Lanka,LKA,2020-10-20,34.26
Sri Lanka,LKA,2020-10-21,34.26
Sri Lanka,LKA,2020-10-22,34.26
Sri Lanka,LKA,2020-10-23,34.26
Sri Lanka,LKA,2020-10-24,34.26
Sri Lanka,LKA,2020-10-25,34.26
Sri Lanka,LKA,2020-10-26,34.26
Sri Lanka,LKA,2020-10-27,34.26
Sri Lanka,LKA,2020-10-28,34.26
Sri Lanka,LKA,2020-10-29,34.26
Sri Lanka,LKA,2020-10-30,34.26
Sri Lanka,LKA,2020-10-31,34.26
Sri Lanka,LKA,2020-11-01,34.26
Sri Lanka,LKA,2020-11-02,55.09
Sri Lanka,LKA,2020-11-03,55.09
Sri Lanka,LKA,2020-11-04,55.09
Sri Lanka,LKA,2020-11-05,55.09
Sri Lanka,LKA,2020-11-06,55.09
Sri Lanka,LKA,2020-11-07,55.09
Sri Lanka,LKA,2020-11-08,55.09
Sri Lanka,LKA,2020-11-09,55.09
Sri Lanka,LKA,2020-11-10,55.09
Sri Lanka,LKA,2020-11-11,55.09
Sri Lanka,LKA,2020-11-12,55.09
Sri Lanka,LKA,2020-11-13,55.09
Sri Lanka,LKA,2020-11-14,55.09
Sri Lanka,LKA,2020-11-15,55.09
Sri Lanka,LKA,2020-11-16,47.69
Sri Lanka,LKA,2020-11-17,49.54
Sri Lanka,LKA,2020-11-18,49.54
Sri Lanka,LKA,2020-11-19,49.54
Sri Lanka,LKA,2020-11-20,49.54
Sri Lanka,LKA,2020-11-21,49.54
Sri Lanka,LKA,2020-11-22,49.54
Sri Lanka,LKA,2020-11-23,49.54
Sri Lanka,LKA,2020-11-24,49.54
Sri Lanka,LKA,2020-11-25,49.54
Sri Lanka,LKA,2020-11-26,49.54
Sri Lanka,LKA,2020-11-27,49.54
Sri Lanka,LKA,2020-11-28,49.54
Sri Lanka,LKA,2020-11-29,49.54
Sri Lanka,LKA,2020-11-30,49.54
Sri Lanka,LKA,2020-12-01,49.54
Sri Lanka,LKA,2020-12-02,49.54
Sri Lanka,LKA,2020-12-03,49.54
Sri Lanka,LKA,2020-12-04,49.54
Sri Lanka,LKA,2020-12-05,49.54
Sri Lanka,LKA,2020-12-06,49.54
Sri Lanka,LKA,2020-12-07,49.54
Sri Lanka,LKA,2020-12-08,49.54
Sri Lanka,LKA,2020-12-09,49.54
Sri Lanka,LKA,2020-12-10,49.54
Sri Lanka,LKA,2020-12-11,49.54
Sri Lanka,LKA,2020-12-12,49.54
Sri Lanka,LKA,2020-12-13,49.54
Sri Lanka,LKA,2020-12-14,75.46
Sri Lanka,LKA,2020-12-15,75.46
Sri Lanka,LKA,2020-12-16,75.46
Sri Lanka,LKA,2020-12-17,75.46
Sri Lanka,LKA,2020-12-18,75.46
Sri Lanka,LKA,2020-12-19,75.46
Sri Lanka,LKA,2020-12-20,75.46
Sri Lanka,LKA,2020-12-21,75.46
Sri Lanka,LKA,2020-12-22,78.24
Sri Lanka,LKA,2020-12-23,78.24
Sri Lanka,LKA,2020-12-24,78.24
Sri Lanka,LKA,2020-12-25,78.24
Sri Lanka,LKA,2020-12-26,78.24
Sri Lanka,LKA,2020-12-27,78.24
Sri Lanka,LKA,2020-12-28,78.24
Sri Lanka,LKA,2020-12-29,78.24
Sri Lanka,LKA,2020-12-30,78.24
Sri Lanka,LKA,2020-12-31,78.24
Sri Lanka,LKA,2021-01-01,78.24
Sri Lanka,LKA,2021-01-02,78.24
Sri Lanka,LKA,2021-01-03,78.24
Sri Lanka,LKA,2021-01-04,78.24
Sri Lanka,LKA,2021-01-05,78.24
Sri Lanka,LKA,2021-01-06,78.24
Sri Lanka,LKA,2021-01-07,78.24
Sri Lanka,LKA,2021-01-08,78.24
Sri Lanka,LKA,2021-01-09,78.24
Sri Lanka,LKA,2021-01-10,78.24
Sri Lanka,LKA,2021-01-11,81.94
Sri Lanka,LKA,2021-01-12,81.94
Sri Lanka,LKA,2021-01-13,81.94
Sri Lanka,LKA,2021-01-14,81.94
Sri Lanka,LKA,2021-01-15,81.94
Sri Lanka,LKA,2021-01-16,81.94
Sri Lanka,LKA,2021-01-17,81.94
Sri Lanka,LKA,2021-01-18,81.94
Sri Lanka,LKA,2021-01-19,81.94
Sri Lanka,LKA,2021-01-20,81.94
Sri Lanka,LKA,2021-01-21,81.94
Sri Lanka,LKA,2021-01-22,81.94
Sri Lanka,LKA,2021-01-23,81.94
Sri Lanka,LKA,2021-01-24,81.94
Sri Lanka,LKA,2021-01-25,81.94
Sri Lanka,LKA,2021-01-26,81.94
Sri Lanka,LKA,2021-01-27,81.94
Sri Lanka,LKA,2021-01-28,81.94
Sri Lanka,LKA,2021-01-29,81.94
Sri Lanka,LKA,2021-01-30,81.94
Sri Lanka,LKA,2021-01-31,81.94
Sri Lanka,LKA,2021-02-01,81.94
Sri Lanka,LKA,2021-02-02,81.94
Sri Lanka,LKA,2021-02-03,81.94
Sri Lanka,LKA,2021-02-04,81.94
Sri Lanka,LKA,2021-02-05,81.94
Sri Lanka,LKA,2021-02-06,81.94
Sri Lanka,LKA,2021-02-07,81.94
Sri Lanka,LKA,2021-02-08,81.94
Sri Lanka,LKA,2021-02-09,81.94
Sri Lanka,LKA,2021-02-10,81.94
Sri Lanka,LKA,2021-02-11,81.94
Sri Lanka,LKA,2021-02-12,81.94
Sri Lanka,LKA,2021-02-13,81.94
Sri Lanka,LKA,2021-02-14,81.94
Sri Lanka,LKA,2021-02-15,81.94
Sri Lanka,LKA,2021-02-16,81.94
Sri Lanka,LKA,2021-02-17,81.94
Sri Lanka,LKA,2021-02-18,81.94
Sri Lanka,LKA,2021-02-19,81.94
Sri Lanka,LKA,2021-02-20,81.94
Sri Lanka,LKA,2021-02-21,81.94
Sri Lanka,LKA,2021-02-22,81.94
Sri Lanka,LKA,2021-02-23,81.94
Sri Lanka,LKA,2021-02-24,81.94
Sri Lanka,LKA,2021-02-25,81.94
Sri Lanka,LKA,2021-02-26,81.94
Sri Lanka,LKA,2021-02-27,81.94
Sri Lanka,LKA,2021-02-28,81.94
Sri Lanka,LKA,2021-03-01,81.94
Sri Lanka,LKA,2021-03-02,81.94
Sri Lanka,LKA,2021-03-03,81.94
Sri Lanka,LKA,2021-03-04,81.94
Sri Lanka,LKA,2021-03-05,81.94
Sri Lanka,LKA,2021-03-06,81.94
Sri Lanka,LKA,2021-03-07,81.94
Sudan,SDN,2020-01-01,0
Sudan,SDN,2020-01-02,0
Sudan,SDN,2020-01-03,0
Sudan,SDN,2020-01-04,0
Sudan,SDN,2020-01-05,0
Sudan,SDN,2020-01-06,0
Sudan,SDN,2020-01-07,0
Sudan,SDN,2020-01-08,0
Sudan,SDN,2020-01-09,0
Sudan,SDN,2020-01-10,0
Sudan,SDN,2020-01-11,0
Sudan,SDN,2020-01-12,0
Sudan,SDN,2020-01-13,0
Sudan,SDN,2020-01-14,0
Sudan,SDN,2020-01-15,0
Sudan,SDN,2020-01-16,0
Sudan,SDN,2020-01-17,0
Sudan,SDN,2020-01-18,0
Sudan,SDN,2020-01-19,0
Sudan,SDN,2020-01-20,0
Sudan,SDN,2020-01-21,0
Sudan,SDN,2020-01-22,0
Sudan,SDN,2020-01-23,0
Sudan,SDN,2020-01-24,0
Sudan,SDN,2020-01-25,0
Sudan,SDN,2020-01-26,0
Sudan,SDN,2020-01-27,0
Sudan,SDN,2020-01-28,5.56
Sudan,SDN,2020-01-29,5.56
Sudan,SDN,2020-01-30,5.56
Sudan,SDN,2020-01-31,5.56
Sudan,SDN,2020-02-01,5.56
Sudan,SDN,2020-02-02,5.56
Sudan,SDN,2020-02-03,5.56
Sudan,SDN,2020-02-04,5.56
Sudan,SDN,2020-02-05,5.56
Sudan,SDN,2020-02-06,5.56
Sudan,SDN,2020-02-07,5.56
Sudan,SDN,2020-02-08,5.56
Sudan,SDN,2020-02-09,5.56
Sudan,SDN,2020-02-10,5.56
Sudan,SDN,2020-02-11,5.56
Sudan,SDN,2020-02-12,5.56
Sudan,SDN,2020-02-13,5.56
Sudan,SDN,2020-02-14,5.56
Sudan,SDN,2020-02-15,5.56
Sudan,SDN,2020-02-16,5.56
Sudan,SDN,2020-02-17,5.56
Sudan,SDN,2020-02-18,5.56
Sudan,SDN,2020-02-19,5.56
Sudan,SDN,2020-02-20,5.56
Sudan,SDN,2020-02-21,5.56
Sudan,SDN,2020-02-22,5.56
Sudan,SDN,2020-02-23,5.56
Sudan,SDN,2020-02-24,5.56
Sudan,SDN,2020-02-25,5.56
Sudan,SDN,2020-02-26,5.56
Sudan,SDN,2020-02-27,5.56
Sudan,SDN,2020-02-28,5.56
Sudan,SDN,2020-02-29,5.56
Sudan,SDN,2020-03-01,5.56
Sudan,SDN,2020-03-02,5.56
Sudan,SDN,2020-03-03,5.56
Sudan,SDN,2020-03-04,5.56
Sudan,SDN,2020-03-05,5.56
Sudan,SDN,2020-03-06,5.56
Sudan,SDN,2020-03-07,5.56
Sudan,SDN,2020-03-08,5.56
Sudan,SDN,2020-03-09,5.56
Sudan,SDN,2020-03-10,5.56
Sudan,SDN,2020-03-11,5.56
Sudan,SDN,2020-03-12,5.56
Sudan,SDN,2020-03-13,11.11
Sudan,SDN,2020-03-14,45.37
Sudan,SDN,2020-03-15,45.37
Sudan,SDN,2020-03-16,56.48
Sudan,SDN,2020-03-17,56.48
Sudan,SDN,2020-03-18,56.48
Sudan,SDN,2020-03-19,56.48
Sudan,SDN,2020-03-20,56.48
Sudan,SDN,2020-03-21,56.48
Sudan,SDN,2020-03-22,56.48
Sudan,SDN,2020-03-23,65.74
Sudan,SDN,2020-03-24,65.74
Sudan,SDN,2020-03-25,65.74
Sudan,SDN,2020-03-26,76.85
Sudan,SDN,2020-03-27,76.85
Sudan,SDN,2020-03-28,76.85
Sudan,SDN,2020-03-29,76.85
Sudan,SDN,2020-03-30,76.85
Sudan,SDN,2020-03-31,76.85
Sudan,SDN,2020-04-01,76.85
Sudan,SDN,2020-04-02,76.85
Sudan,SDN,2020-04-03,76.85
Sudan,SDN,2020-04-04,76.85
Sudan,SDN,2020-04-05,76.85
Sudan,SDN,2020-04-06,76.85
Sudan,SDN,2020-04-07,76.85
Sudan,SDN,2020-04-08,76.85
Sudan,SDN,2020-04-09,76.85
Sudan,SDN,2020-04-10,76.85
Sudan,SDN,2020-04-11,76.85
Sudan,SDN,2020-04-12,76.85
Sudan,SDN,2020-04-13,79.63
Sudan,SDN,2020-04-14,79.63
Sudan,SDN,2020-04-15,79.63
Sudan,SDN,2020-04-16,79.63
Sudan,SDN,2020-04-17,79.63
Sudan,SDN,2020-04-18,87.04
Sudan,SDN,2020-04-19,87.04
Sudan,SDN,2020-04-20,87.04
Sudan,SDN,2020-04-21,87.04
Sudan,SDN,2020-04-22,87.04
Sudan,SDN,2020-04-23,87.04
Sudan,SDN,2020-04-24,87.04
Sudan,SDN,2020-04-25,87.04
Sudan,SDN,2020-04-26,87.04
Sudan,SDN,2020-04-27,87.04
Sudan,SDN,2020-04-28,87.04
Sudan,SDN,2020-04-29,87.04
Sudan,SDN,2020-04-30,87.04
Sudan,SDN,2020-05-01,87.04
Sudan,SDN,2020-05-02,87.04
Sudan,SDN,2020-05-03,87.04
Sudan,SDN,2020-05-04,87.04
Sudan,SDN,2020-05-05,87.04
Sudan,SDN,2020-05-06,87.04
Sudan,SDN,2020-05-07,87.04
Sudan,SDN,2020-05-08,87.04
Sudan,SDN,2020-05-09,87.04
Sudan,SDN,2020-05-10,87.04
Sudan,SDN,2020-05-11,87.04
Sudan,SDN,2020-05-12,87.04
Sudan,SDN,2020-05-13,87.04
Sudan,SDN,2020-05-14,87.04
Sudan,SDN,2020-05-15,87.04
Sudan,SDN,2020-05-16,87.04
Sudan,SDN,2020-05-17,87.04
Sudan,SDN,2020-05-18,87.04
Sudan,SDN,2020-05-19,87.04
Sudan,SDN,2020-05-20,87.04
Sudan,SDN,2020-05-21,87.04
Sudan,SDN,2020-05-22,87.04
Sudan,SDN,2020-05-23,87.04
Sudan,SDN,2020-05-24,87.04
Sudan,SDN,2020-05-25,87.04
Sudan,SDN,2020-05-26,87.04
Sudan,SDN,2020-05-27,87.04
Sudan,SDN,2020-05-28,87.04
Sudan,SDN,2020-05-29,91.67
Sudan,SDN,2020-05-30,91.67
Sudan,SDN,2020-05-31,91.67
Sudan,SDN,2020-06-01,91.67
Sudan,SDN,2020-06-02,91.67
Sudan,SDN,2020-06-03,91.67
Sudan,SDN,2020-06-04,91.67
Sudan,SDN,2020-06-05,91.67
Sudan,SDN,2020-06-06,91.67
Sudan,SDN,2020-06-07,91.67
Sudan,SDN,2020-06-08,91.67
Sudan,SDN,2020-06-09,91.67
Sudan,SDN,2020-06-10,91.67
Sudan,SDN,2020-06-11,91.67
Sudan,SDN,2020-06-12,84.26
Sudan,SDN,2020-06-13,84.26
Sudan,SDN,2020-06-14,84.26
Sudan,SDN,2020-06-15,84.26
Sudan,SDN,2020-06-16,84.26
Sudan,SDN,2020-06-17,84.26
Sudan,SDN,2020-06-18,84.26
Sudan,SDN,2020-06-19,84.26
Sudan,SDN,2020-06-20,84.26
Sudan,SDN,2020-06-21,84.26
Sudan,SDN,2020-06-22,84.26
Sudan,SDN,2020-06-23,84.26
Sudan,SDN,2020-06-24,84.26
Sudan,SDN,2020-06-25,84.26
Sudan,SDN,2020-06-26,84.26
Sudan,SDN,2020-06-27,84.26
Sudan,SDN,2020-06-28,84.26
Sudan,SDN,2020-06-29,84.26
Sudan,SDN,2020-06-30,84.26
Sudan,SDN,2020-07-01,84.26
Sudan,SDN,2020-07-02,84.26
Sudan,SDN,2020-07-03,84.26
Sudan,SDN,2020-07-04,84.26
Sudan,SDN,2020-07-05,84.26
Sudan,SDN,2020-07-06,84.26
Sudan,SDN,2020-07-07,84.26
Sudan,SDN,2020-07-08,74.07
Sudan,SDN,2020-07-09,74.07
Sudan,SDN,2020-07-10,74.07
Sudan,SDN,2020-07-11,74.07
Sudan,SDN,2020-07-12,74.07
Sudan,SDN,2020-07-13,71.3
Sudan,SDN,2020-07-14,71.3
Sudan,SDN,2020-07-15,71.3
Sudan,SDN,2020-07-16,71.3
Sudan,SDN,2020-07-17,71.3
Sudan,SDN,2020-07-18,71.3
Sudan,SDN,2020-07-19,71.3
Sudan,SDN,2020-07-20,71.3
Sudan,SDN,2020-07-21,71.3
Sudan,SDN,2020-07-22,71.3
Sudan,SDN,2020-07-23,71.3
Sudan,SDN,2020-07-24,71.3
Sudan,SDN,2020-07-25,71.3
Sudan,SDN,2020-07-26,71.3
Sudan,SDN,2020-07-27,71.3
Sudan,SDN,2020-07-28,71.3
Sudan,SDN,2020-07-29,71.3
Sudan,SDN,2020-07-30,71.3
Sudan,SDN,2020-07-31,71.3
Sudan,SDN,2020-08-01,71.3
Sudan,SDN,2020-08-02,71.3
Sudan,SDN,2020-08-03,71.3
Sudan,SDN,2020-08-04,71.3
Sudan,SDN,2020-08-05,69.91
Sudan,SDN,2020-08-06,69.91
Sudan,SDN,2020-08-07,69.91
Sudan,SDN,2020-08-08,69.91
Sudan,SDN,2020-08-09,69.91
Sudan,SDN,2020-08-10,69.91
Sudan,SDN,2020-08-11,69.91
Sudan,SDN,2020-08-12,69.91
Sudan,SDN,2020-08-13,69.91
Sudan,SDN,2020-08-14,69.91
Sudan,SDN,2020-08-15,69.91
Sudan,SDN,2020-08-16,69.91
Sudan,SDN,2020-08-17,69.91
Sudan,SDN,2020-08-18,69.91
Sudan,SDN,2020-08-19,75.46
Sudan,SDN,2020-08-20,75.46
Sudan,SDN,2020-08-21,75.46
Sudan,SDN,2020-08-22,75.46
Sudan,SDN,2020-08-23,75.46
Sudan,SDN,2020-08-24,75.46
Sudan,SDN,2020-08-25,75.46
Sudan,SDN,2020-08-26,75.46
Sudan,SDN,2020-08-27,75.46
Sudan,SDN,2020-08-28,75.46
Sudan,SDN,2020-08-29,75.46
Sudan,SDN,2020-08-30,75.46
Sudan,SDN,2020-08-31,75.46
Sudan,SDN,2020-09-01,62.96
Sudan,SDN,2020-09-02,62.96
Sudan,SDN,2020-09-03,62.96
Sudan,SDN,2020-09-04,62.96
Sudan,SDN,2020-09-05,62.96
Sudan,SDN,2020-09-06,62.96
Sudan,SDN,2020-09-07,62.96
Sudan,SDN,2020-09-08,68.52
Sudan,SDN,2020-09-09,68.52
Sudan,SDN,2020-09-10,68.52
Sudan,SDN,2020-09-11,62.96
Sudan,SDN,2020-09-12,62.96
Sudan,SDN,2020-09-13,62.96
Sudan,SDN,2020-09-14,62.96
Sudan,SDN,2020-09-15,62.96
Sudan,SDN,2020-09-16,62.96
Sudan,SDN,2020-09-17,62.96
Sudan,SDN,2020-09-18,62.96
Sudan,SDN,2020-09-19,57.41
Sudan,SDN,2020-09-20,57.41
Sudan,SDN,2020-09-21,57.41
Sudan,SDN,2020-09-22,57.41
Sudan,SDN,2020-09-23,57.41
Sudan,SDN,2020-09-24,57.41
Sudan,SDN,2020-09-25,53.7
Sudan,SDN,2020-09-26,51.85
Sudan,SDN,2020-09-27,51.85
Sudan,SDN,2020-09-28,51.85
Sudan,SDN,2020-09-29,51.85
Sudan,SDN,2020-09-30,51.85
Sudan,SDN,2020-10-01,51.85
Sudan,SDN,2020-10-02,51.85
Sudan,SDN,2020-10-03,51.85
Sudan,SDN,2020-10-04,51.85
Sudan,SDN,2020-10-05,51.85
Sudan,SDN,2020-10-06,51.85
Sudan,SDN,2020-10-07,51.85
Sudan,SDN,2020-10-08,51.85
Sudan,SDN,2020-10-09,46.3
Sudan,SDN,2020-10-10,46.3
Sudan,SDN,2020-10-11,42.59
Sudan,SDN,2020-10-12,42.59
Sudan,SDN,2020-10-13,42.59
Sudan,SDN,2020-10-14,42.59
Sudan,SDN,2020-10-15,42.59
Sudan,SDN,2020-10-16,42.59
Sudan,SDN,2020-10-17,42.59
Sudan,SDN,2020-10-18,42.59
Sudan,SDN,2020-10-19,34.26
Sudan,SDN,2020-10-20,34.26
Sudan,SDN,2020-10-21,34.26
Sudan,SDN,2020-10-22,34.26
Sudan,SDN,2020-10-23,34.26
Sudan,SDN,2020-10-24,34.26
Sudan,SDN,2020-10-25,34.26
Sudan,SDN,2020-10-26,34.26
Sudan,SDN,2020-10-27,34.26
Sudan,SDN,2020-10-28,34.26
Sudan,SDN,2020-10-29,34.26
Sudan,SDN,2020-10-30,34.26
Sudan,SDN,2020-10-31,34.26
Sudan,SDN,2020-11-01,34.26
Sudan,SDN,2020-11-02,34.26
Sudan,SDN,2020-11-03,28.7
Sudan,SDN,2020-11-04,28.7
Sudan,SDN,2020-11-05,28.7
Sudan,SDN,2020-11-06,28.7
Sudan,SDN,2020-11-07,28.7
Sudan,SDN,2020-11-08,28.7
Sudan,SDN,2020-11-09,28.7
Sudan,SDN,2020-11-10,28.7
Sudan,SDN,2020-11-11,28.7
Sudan,SDN,2020-11-12,28.7
Sudan,SDN,2020-11-13,28.7
Sudan,SDN,2020-11-14,28.7
Sudan,SDN,2020-11-15,28.7
Sudan,SDN,2020-11-16,28.7
Sudan,SDN,2020-11-17,28.7
Sudan,SDN,2020-11-18,28.7
Sudan,SDN,2020-11-19,28.7
Sudan,SDN,2020-11-20,28.7
Sudan,SDN,2020-11-21,28.7
Sudan,SDN,2020-11-22,28.7
Sudan,SDN,2020-11-23,28.7
Sudan,SDN,2020-11-25,28.7
Sudan,SDN,2020-11-26,28.7
Sudan,SDN,2020-11-27,28.7
Sudan,SDN,2020-11-28,28.7
Sudan,SDN,2020-11-29,28.7
Sudan,SDN,2020-11-30,28.7
Sudan,SDN,2020-12-01,28.7
Sudan,SDN,2020-12-02,28.7
Sudan,SDN,2020-12-03,28.7
Sudan,SDN,2020-12-04,28.7
Sudan,SDN,2020-12-05,28.7
Sudan,SDN,2020-12-06,28.7
Sudan,SDN,2020-12-07,28.7
Sudan,SDN,2020-12-08,26.85
Sudan,SDN,2020-12-09,26.85
Sudan,SDN,2020-12-10,26.85
Sudan,SDN,2020-12-11,26.85
Sudan,SDN,2020-12-12,26.85
Sudan,SDN,2020-12-13,26.85
Sudan,SDN,2020-12-14,26.85
Sudan,SDN,2020-12-15,21.3
Sudan,SDN,2020-12-16,21.3
Sudan,SDN,2020-12-17,21.3
Sudan,SDN,2020-12-18,21.3
Sudan,SDN,2020-12-19,21.3
Sudan,SDN,2020-12-20,21.3
Sudan,SDN,2020-12-21,21.3
Sudan,SDN,2020-12-22,23.15
Sudan,SDN,2020-12-23,28.7
Sudan,SDN,2020-12-24,28.7
Sudan,SDN,2020-12-25,28.7
Sudan,SDN,2020-12-26,28.7
Sudan,SDN,2020-12-27,28.7
Sudan,SDN,2020-12-28,28.7
Sudan,SDN,2020-12-29,28.7
Sudan,SDN,2020-12-30,28.7
Sudan,SDN,2020-12-31,28.7
Sudan,SDN,2021-01-01,28.7
Sudan,SDN,2021-01-02,28.7
Sudan,SDN,2021-01-03,28.7
Sudan,SDN,2021-01-04,28.7
Sudan,SDN,2021-01-05,23.15
Sudan,SDN,2021-01-06,23.15
Sudan,SDN,2021-01-07,23.15
Sudan,SDN,2021-01-08,23.15
Sudan,SDN,2021-01-09,23.15
Sudan,SDN,2021-01-10,23.15
Sudan,SDN,2021-01-11,23.15
Sudan,SDN,2021-01-12,28.7
Sudan,SDN,2021-01-13,25.93
Sudan,SDN,2021-01-14,25.93
Sudan,SDN,2021-01-15,25.93
Sudan,SDN,2021-01-16,25.93
Sudan,SDN,2021-01-17,25.93
Sudan,SDN,2021-01-18,25.93
Sudan,SDN,2021-01-19,25.93
Sudan,SDN,2021-01-20,25.93
Sudan,SDN,2021-01-21,25.93
Sudan,SDN,2021-01-22,25.93
Sudan,SDN,2021-01-23,25.93
Sudan,SDN,2021-01-24,25.93
Sudan,SDN,2021-01-25,25.93
Sudan,SDN,2021-01-26,25.93
Sudan,SDN,2021-01-27,25.93
Sudan,SDN,2021-01-28,25.93
Sudan,SDN,2021-01-29,25.93
Sudan,SDN,2021-01-30,25.93
Sudan,SDN,2021-01-31,25.93
Sudan,SDN,2021-02-01,25.93
Sudan,SDN,2021-02-02,25.93
Sudan,SDN,2021-02-03,25.93
Sudan,SDN,2021-02-04,25.93
Sudan,SDN,2021-02-05,25.93
Sudan,SDN,2021-02-06,25.93
Sudan,SDN,2021-02-07,25.93
Sudan,SDN,2021-02-08,25.93
Sudan,SDN,2021-02-09,25.93
Sudan,SDN,2021-02-10,25.93
Sudan,SDN,2021-02-11,25.93
Sudan,SDN,2021-02-12,25.93
Sudan,SDN,2021-02-13,25.93
Sudan,SDN,2021-02-14,25.93
Sudan,SDN,2021-02-15,25.93
Sudan,SDN,2021-02-16,25.93
Sudan,SDN,2021-02-17,25.93
Sudan,SDN,2021-02-18,25.93
Sudan,SDN,2021-02-19,25.93
Sudan,SDN,2021-02-20,25.93
Sudan,SDN,2021-02-21,25.93
Sudan,SDN,2021-02-22,14.81
Sudan,SDN,2021-02-23,14.81
Sudan,SDN,2021-02-24,14.81
Sudan,SDN,2021-02-25,14.81
Sudan,SDN,2021-02-26,14.81
Sudan,SDN,2021-02-27,14.81
Sudan,SDN,2021-02-28,14.81
Sudan,SDN,2021-03-01,14.81
Sudan,SDN,2021-03-02,12.04
Sudan,SDN,2021-03-03,12.04
Sudan,SDN,2021-03-04,12.04
Sudan,SDN,2021-03-05,12.04
Sudan,SDN,2021-03-06,12.04
Sudan,SDN,2021-03-07,12.04
Sudan,SDN,2021-03-08,12.04
Suriname,SUR,2020-01-01,0
Suriname,SUR,2020-01-02,0
Suriname,SUR,2020-01-03,0
Suriname,SUR,2020-01-04,0
Suriname,SUR,2020-01-05,0
Suriname,SUR,2020-01-06,0
Suriname,SUR,2020-01-07,0
Suriname,SUR,2020-01-08,0
Suriname,SUR,2020-01-09,0
Suriname,SUR,2020-01-10,0
Suriname,SUR,2020-01-11,0
Suriname,SUR,2020-01-12,0
Suriname,SUR,2020-01-13,0
Suriname,SUR,2020-01-14,0
Suriname,SUR,2020-01-15,0
Suriname,SUR,2020-01-16,0
Suriname,SUR,2020-01-17,0
Suriname,SUR,2020-01-18,0
Suriname,SUR,2020-01-19,0
Suriname,SUR,2020-01-20,0
Suriname,SUR,2020-01-21,0
Suriname,SUR,2020-01-22,0
Suriname,SUR,2020-01-23,0
Suriname,SUR,2020-01-24,0
Suriname,SUR,2020-01-25,0
Suriname,SUR,2020-01-26,0
Suriname,SUR,2020-01-27,0
Suriname,SUR,2020-01-28,0
Suriname,SUR,2020-01-29,0
Suriname,SUR,2020-01-30,0
Suriname,SUR,2020-01-31,0
Suriname,SUR,2020-02-01,0
Suriname,SUR,2020-02-02,0
Suriname,SUR,2020-02-03,0
Suriname,SUR,2020-02-04,0
Suriname,SUR,2020-02-05,0
Suriname,SUR,2020-02-06,0
Suriname,SUR,2020-02-07,0
Suriname,SUR,2020-02-08,0
Suriname,SUR,2020-02-09,0
Suriname,SUR,2020-02-10,0
Suriname,SUR,2020-02-11,0
Suriname,SUR,2020-02-12,0
Suriname,SUR,2020-02-13,0
Suriname,SUR,2020-02-14,0
Suriname,SUR,2020-02-15,0
Suriname,SUR,2020-02-16,0
Suriname,SUR,2020-02-17,0
Suriname,SUR,2020-02-18,0
Suriname,SUR,2020-02-19,0
Suriname,SUR,2020-02-20,0
Suriname,SUR,2020-02-21,0
Suriname,SUR,2020-02-22,0
Suriname,SUR,2020-02-23,0
Suriname,SUR,2020-02-24,0
Suriname,SUR,2020-02-25,0
Suriname,SUR,2020-02-26,0
Suriname,SUR,2020-02-27,0
Suriname,SUR,2020-02-28,0
Suriname,SUR,2020-02-29,0
Suriname,SUR,2020-03-01,0
Suriname,SUR,2020-03-02,0
Suriname,SUR,2020-03-03,0
Suriname,SUR,2020-03-04,0
Suriname,SUR,2020-03-05,0
Suriname,SUR,2020-03-06,0
Suriname,SUR,2020-03-07,0
Suriname,SUR,2020-03-08,0
Suriname,SUR,2020-03-09,0
Suriname,SUR,2020-03-10,0
Suriname,SUR,2020-03-11,0
Suriname,SUR,2020-03-12,0
Suriname,SUR,2020-03-13,11.11
Suriname,SUR,2020-03-14,33.33
Suriname,SUR,2020-03-15,33.33
Suriname,SUR,2020-03-16,52.78
Suriname,SUR,2020-03-17,52.78
Suriname,SUR,2020-03-18,52.78
Suriname,SUR,2020-03-19,52.78
Suriname,SUR,2020-03-20,52.78
Suriname,SUR,2020-03-21,52.78
Suriname,SUR,2020-03-22,52.78
Suriname,SUR,2020-03-23,52.78
Suriname,SUR,2020-03-24,52.78
Suriname,SUR,2020-03-25,52.78
Suriname,SUR,2020-03-26,52.78
Suriname,SUR,2020-03-27,52.78
Suriname,SUR,2020-03-28,71.3
Suriname,SUR,2020-03-29,71.3
Suriname,SUR,2020-03-30,71.3
Suriname,SUR,2020-03-31,71.3
Suriname,SUR,2020-04-01,71.3
Suriname,SUR,2020-04-02,71.3
Suriname,SUR,2020-04-03,71.3
Suriname,SUR,2020-04-04,71.3
Suriname,SUR,2020-04-05,71.3
Suriname,SUR,2020-04-06,82.41
Suriname,SUR,2020-04-07,82.41
Suriname,SUR,2020-04-08,82.41
Suriname,SUR,2020-04-09,82.41
Suriname,SUR,2020-04-10,82.41
Suriname,SUR,2020-04-11,82.41
Suriname,SUR,2020-04-12,82.41
Suriname,SUR,2020-04-13,82.41
Suriname,SUR,2020-04-14,82.41
Suriname,SUR,2020-04-15,82.41
Suriname,SUR,2020-04-16,82.41
Suriname,SUR,2020-04-17,82.41
Suriname,SUR,2020-04-18,82.41
Suriname,SUR,2020-04-19,82.41
Suriname,SUR,2020-04-20,82.41
Suriname,SUR,2020-04-21,82.41
Suriname,SUR,2020-04-22,82.41
Suriname,SUR,2020-04-23,82.41
Suriname,SUR,2020-04-24,82.41
Suriname,SUR,2020-04-25,82.41
Suriname,SUR,2020-04-26,82.41
Suriname,SUR,2020-04-27,82.41
Suriname,SUR,2020-04-28,82.41
Suriname,SUR,2020-04-29,82.41
Suriname,SUR,2020-04-30,82.41
Suriname,SUR,2020-05-01,82.41
Suriname,SUR,2020-05-02,82.41
Suriname,SUR,2020-05-03,82.41
Suriname,SUR,2020-05-04,82.41
Suriname,SUR,2020-05-05,82.41
Suriname,SUR,2020-05-06,82.41
Suriname,SUR,2020-05-07,82.41
Suriname,SUR,2020-05-08,82.41
Suriname,SUR,2020-05-09,82.41
Suriname,SUR,2020-05-10,79.63
Suriname,SUR,2020-05-11,79.63
Suriname,SUR,2020-05-12,79.63
Suriname,SUR,2020-05-13,79.63
Suriname,SUR,2020-05-14,79.63
Suriname,SUR,2020-05-15,79.63
Suriname,SUR,2020-05-16,79.63
Suriname,SUR,2020-05-17,79.63
Suriname,SUR,2020-05-18,79.63
Suriname,SUR,2020-05-19,79.63
Suriname,SUR,2020-05-20,74.07
Suriname,SUR,2020-05-21,74.07
Suriname,SUR,2020-05-22,74.07
Suriname,SUR,2020-05-23,74.07
Suriname,SUR,2020-05-24,70.37
Suriname,SUR,2020-05-25,70.37
Suriname,SUR,2020-05-26,72.22
Suriname,SUR,2020-05-27,72.22
Suriname,SUR,2020-05-28,72.22
Suriname,SUR,2020-05-29,72.22
Suriname,SUR,2020-05-30,69.44
Suriname,SUR,2020-05-31,77.78
Suriname,SUR,2020-06-01,77.78
Suriname,SUR,2020-06-02,77.78
Suriname,SUR,2020-06-03,77.78
Suriname,SUR,2020-06-04,93.52
Suriname,SUR,2020-06-05,93.52
Suriname,SUR,2020-06-06,93.52
Suriname,SUR,2020-06-07,93.52
Suriname,SUR,2020-06-08,93.52
Suriname,SUR,2020-06-09,93.52
Suriname,SUR,2020-06-10,93.52
Suriname,SUR,2020-06-11,93.52
Suriname,SUR,2020-06-12,93.52
Suriname,SUR,2020-06-13,93.52
Suriname,SUR,2020-06-14,93.52
Suriname,SUR,2020-06-15,93.52
Suriname,SUR,2020-06-16,93.52
Suriname,SUR,2020-06-17,93.52
Suriname,SUR,2020-06-18,93.52
Suriname,SUR,2020-06-19,93.52
Suriname,SUR,2020-06-20,93.52
Suriname,SUR,2020-06-21,81.48
Suriname,SUR,2020-06-22,81.48
Suriname,SUR,2020-06-23,81.48
Suriname,SUR,2020-06-24,81.48
Suriname,SUR,2020-06-25,81.48
Suriname,SUR,2020-06-26,81.48
Suriname,SUR,2020-06-27,81.48
Suriname,SUR,2020-06-28,81.48
Suriname,SUR,2020-06-29,81.48
Suriname,SUR,2020-06-30,81.48
Suriname,SUR,2020-07-01,81.48
Suriname,SUR,2020-07-02,81.48
Suriname,SUR,2020-07-03,81.48
Suriname,SUR,2020-07-04,81.48
Suriname,SUR,2020-07-05,89.81
Suriname,SUR,2020-07-06,86.11
Suriname,SUR,2020-07-07,86.11
Suriname,SUR,2020-07-08,86.11
Suriname,SUR,2020-07-09,86.11
Suriname,SUR,2020-07-10,86.11
Suriname,SUR,2020-07-11,86.11
Suriname,SUR,2020-07-12,86.11
Suriname,SUR,2020-07-13,86.11
Suriname,SUR,2020-07-14,86.11
Suriname,SUR,2020-07-15,86.11
Suriname,SUR,2020-07-16,86.11
Suriname,SUR,2020-07-17,86.11
Suriname,SUR,2020-07-18,86.11
Suriname,SUR,2020-07-19,86.11
Suriname,SUR,2020-07-20,86.11
Suriname,SUR,2020-07-21,83.33
Suriname,SUR,2020-07-22,83.33
Suriname,SUR,2020-07-23,83.33
Suriname,SUR,2020-07-24,83.33
Suriname,SUR,2020-07-25,83.33
Suriname,SUR,2020-07-26,81.48
Suriname,SUR,2020-07-27,75.93
Suriname,SUR,2020-07-28,75.93
Suriname,SUR,2020-07-29,75.93
Suriname,SUR,2020-07-30,75.93
Suriname,SUR,2020-07-31,75.93
Suriname,SUR,2020-08-01,75.93
Suriname,SUR,2020-08-02,75.93
Suriname,SUR,2020-08-03,75.93
Suriname,SUR,2020-08-04,75.93
Suriname,SUR,2020-08-05,75.93
Suriname,SUR,2020-08-06,75.93
Suriname,SUR,2020-08-07,75.93
Suriname,SUR,2020-08-08,75.93
Suriname,SUR,2020-08-09,75.93
Suriname,SUR,2020-08-10,79.63
Suriname,SUR,2020-08-11,85.19
Suriname,SUR,2020-08-12,85.19
Suriname,SUR,2020-08-13,85.19
Suriname,SUR,2020-08-14,85.19
Suriname,SUR,2020-08-15,85.19
Suriname,SUR,2020-08-16,85.19
Suriname,SUR,2020-08-17,85.19
Suriname,SUR,2020-08-18,85.19
Suriname,SUR,2020-08-19,85.19
Suriname,SUR,2020-08-20,85.19
Suriname,SUR,2020-08-21,85.19
Suriname,SUR,2020-08-22,85.19
Suriname,SUR,2020-08-23,85.19
Suriname,SUR,2020-08-24,85.19
Suriname,SUR,2020-08-25,85.19
Suriname,SUR,2020-08-26,85.19
Suriname,SUR,2020-08-27,85.19
Suriname,SUR,2020-08-28,96.3
Suriname,SUR,2020-08-29,96.3
Suriname,SUR,2020-08-30,96.3
Suriname,SUR,2020-08-31,96.3
Suriname,SUR,2020-09-01,96.3
Suriname,SUR,2020-09-02,96.3
Suriname,SUR,2020-09-03,96.3
Suriname,SUR,2020-09-04,96.3
Suriname,SUR,2020-09-05,96.3
Suriname,SUR,2020-09-06,96.3
Suriname,SUR,2020-09-07,96.3
Suriname,SUR,2020-09-08,96.3
Suriname,SUR,2020-09-09,96.3
Suriname,SUR,2020-09-10,96.3
Suriname,SUR,2020-09-11,100
Suriname,SUR,2020-09-12,100
Suriname,SUR,2020-09-13,100
Suriname,SUR,2020-09-14,100
Suriname,SUR,2020-09-15,70.37
Suriname,SUR,2020-09-16,70.37
Suriname,SUR,2020-09-17,70.37
Suriname,SUR,2020-09-18,70.37
Suriname,SUR,2020-09-19,70.37
Suriname,SUR,2020-09-20,70.37
Suriname,SUR,2020-09-21,70.37
Suriname,SUR,2020-09-22,70.37
Suriname,SUR,2020-09-23,70.37
Suriname,SUR,2020-09-24,70.37
Suriname,SUR,2020-09-25,70.37
Suriname,SUR,2020-09-26,70.37
Suriname,SUR,2020-09-27,70.37
Suriname,SUR,2020-09-28,67.59
Suriname,SUR,2020-09-29,67.59
Suriname,SUR,2020-09-30,67.59
Suriname,SUR,2020-10-01,60.19
Suriname,SUR,2020-10-02,60.19
Suriname,SUR,2020-10-03,60.19
Suriname,SUR,2020-10-04,60.19
Suriname,SUR,2020-10-05,60.19
Suriname,SUR,2020-10-06,57.41
Suriname,SUR,2020-10-07,57.41
Suriname,SUR,2020-10-08,57.41
Suriname,SUR,2020-10-09,57.41
Suriname,SUR,2020-10-10,57.41
Suriname,SUR,2020-10-11,57.41
Suriname,SUR,2020-10-12,57.41
Suriname,SUR,2020-10-13,57.41
Suriname,SUR,2020-10-14,57.41
Suriname,SUR,2020-10-15,57.41
Suriname,SUR,2020-10-16,57.41
Suriname,SUR,2020-10-17,57.41
Suriname,SUR,2020-10-18,57.41
Suriname,SUR,2020-10-19,57.41
Suriname,SUR,2020-10-20,57.41
Suriname,SUR,2020-10-21,57.41
Suriname,SUR,2020-10-22,57.41
Suriname,SUR,2020-10-23,57.41
Suriname,SUR,2020-10-24,57.41
Suriname,SUR,2020-10-25,57.41
Suriname,SUR,2020-10-26,57.41
Suriname,SUR,2020-10-27,57.41
Suriname,SUR,2020-10-28,57.41
Suriname,SUR,2020-10-29,57.41
Suriname,SUR,2020-10-30,57.41
Suriname,SUR,2020-10-31,57.41
Suriname,SUR,2020-11-01,57.41
Suriname,SUR,2020-11-02,57.41
Suriname,SUR,2020-11-03,57.41
Suriname,SUR,2020-11-04,57.41
Suriname,SUR,2020-11-05,57.41
Suriname,SUR,2020-11-06,57.41
Suriname,SUR,2020-11-07,57.41
Suriname,SUR,2020-11-08,57.41
Suriname,SUR,2020-11-09,54.63
Suriname,SUR,2020-11-10,54.63
Suriname,SUR,2020-11-11,54.63
Suriname,SUR,2020-11-12,54.63
Suriname,SUR,2020-11-13,54.63
Suriname,SUR,2020-11-14,54.63
Suriname,SUR,2020-11-15,54.63
Suriname,SUR,2020-11-16,54.63
Suriname,SUR,2020-11-17,54.63
Suriname,SUR,2020-11-18,54.63
Suriname,SUR,2020-11-19,54.63
Suriname,SUR,2020-11-20,54.63
Suriname,SUR,2020-11-21,54.63
Suriname,SUR,2020-11-22,60.19
Suriname,SUR,2020-11-23,60.19
Suriname,SUR,2020-11-24,60.19
Suriname,SUR,2020-11-25,60.19
Suriname,SUR,2020-11-26,60.19
Suriname,SUR,2020-11-27,60.19
Suriname,SUR,2020-11-28,60.19
Suriname,SUR,2020-11-29,60.19
Suriname,SUR,2020-11-30,60.19
Suriname,SUR,2020-12-01,54.63
Suriname,SUR,2020-12-02,57.41
Suriname,SUR,2020-12-03,57.41
Suriname,SUR,2020-12-04,57.41
Suriname,SUR,2020-12-05,57.41
Suriname,SUR,2020-12-06,57.41
Suriname,SUR,2020-12-07,57.41
Suriname,SUR,2020-12-08,57.41
Suriname,SUR,2020-12-09,57.41
Suriname,SUR,2020-12-10,57.41
Suriname,SUR,2020-12-11,57.41
Suriname,SUR,2020-12-12,57.41
Suriname,SUR,2020-12-13,57.41
Suriname,SUR,2020-12-14,64.81
Suriname,SUR,2020-12-15,64.81
Suriname,SUR,2020-12-16,64.81
Suriname,SUR,2020-12-17,64.81
Suriname,SUR,2020-12-18,64.81
Suriname,SUR,2020-12-19,64.81
Suriname,SUR,2020-12-20,64.81
Suriname,SUR,2020-12-21,64.81
Suriname,SUR,2020-12-22,67.59
Suriname,SUR,2020-12-23,67.59
Suriname,SUR,2020-12-24,67.59
Suriname,SUR,2020-12-25,67.59
Suriname,SUR,2020-12-26,67.59
Suriname,SUR,2020-12-27,67.59
Suriname,SUR,2020-12-28,67.59
Suriname,SUR,2020-12-29,67.59
Suriname,SUR,2020-12-30,67.59
Suriname,SUR,2020-12-31,67.59
Suriname,SUR,2021-01-01,67.59
Suriname,SUR,2021-01-02,67.59
Suriname,SUR,2021-01-03,67.59
Suriname,SUR,2021-01-04,67.59
Suriname,SUR,2021-01-05,67.59
Suriname,SUR,2021-01-06,67.59
Suriname,SUR,2021-01-07,67.59
Suriname,SUR,2021-01-08,67.59
Suriname,SUR,2021-01-09,67.59
Suriname,SUR,2021-01-10,67.59
Suriname,SUR,2021-01-11,67.59
Suriname,SUR,2021-01-12,63.89
Suriname,SUR,2021-01-13,63.89
Suriname,SUR,2021-01-14,63.89
Suriname,SUR,2021-01-15,63.89
Suriname,SUR,2021-01-16,63.89
Suriname,SUR,2021-01-17,63.89
Suriname,SUR,2021-01-18,63.89
Suriname,SUR,2021-01-19,70.37
Suriname,SUR,2021-01-20,70.37
Suriname,SUR,2021-01-21,70.37
Suriname,SUR,2021-01-22,70.37
Suriname,SUR,2021-01-23,70.37
Suriname,SUR,2021-01-24,70.37
Suriname,SUR,2021-01-25,70.37
Suriname,SUR,2021-01-26,70.37
Suriname,SUR,2021-01-27,70.37
Suriname,SUR,2021-01-28,70.37
Suriname,SUR,2021-01-29,70.37
Suriname,SUR,2021-01-30,70.37
Suriname,SUR,2021-01-31,70.37
Suriname,SUR,2021-02-01,70.37
Suriname,SUR,2021-02-02,70.37
Suriname,SUR,2021-02-03,70.37
Suriname,SUR,2021-02-04,70.37
Suriname,SUR,2021-02-05,70.37
Suriname,SUR,2021-02-06,70.37
Suriname,SUR,2021-02-07,70.37
Suriname,SUR,2021-02-08,70.37
Suriname,SUR,2021-02-09,70.37
Suriname,SUR,2021-02-10,70.37
Suriname,SUR,2021-02-11,70.37
Suriname,SUR,2021-02-12,70.37
Suriname,SUR,2021-02-13,70.37
Suriname,SUR,2021-02-14,70.37
Suriname,SUR,2021-02-15,66.67
Suriname,SUR,2021-02-16,66.67
Suriname,SUR,2021-02-17,66.67
Suriname,SUR,2021-02-18,66.67
Suriname,SUR,2021-02-19,66.67
Suriname,SUR,2021-02-20,66.67
Suriname,SUR,2021-02-21,66.67
Suriname,SUR,2021-02-22,66.67
Suriname,SUR,2021-02-23,66.67
Suriname,SUR,2021-02-24,66.67
Suriname,SUR,2021-02-25,66.67
Suriname,SUR,2021-02-26,66.67
Suriname,SUR,2021-02-27,66.67
Suriname,SUR,2021-02-28,66.67
Sweden,SWE,2020-01-01,0
Sweden,SWE,2020-01-02,0
Sweden,SWE,2020-01-03,0
Sweden,SWE,2020-01-04,0
Sweden,SWE,2020-01-05,0
Sweden,SWE,2020-01-06,0
Sweden,SWE,2020-01-07,0
Sweden,SWE,2020-01-08,0
Sweden,SWE,2020-01-09,0
Sweden,SWE,2020-01-10,0
Sweden,SWE,2020-01-11,0
Sweden,SWE,2020-01-12,0
Sweden,SWE,2020-01-13,0
Sweden,SWE,2020-01-14,0
Sweden,SWE,2020-01-15,0
Sweden,SWE,2020-01-16,0
Sweden,SWE,2020-01-17,0
Sweden,SWE,2020-01-18,0
Sweden,SWE,2020-01-19,0
Sweden,SWE,2020-01-20,0
Sweden,SWE,2020-01-21,0
Sweden,SWE,2020-01-22,0
Sweden,SWE,2020-01-23,0
Sweden,SWE,2020-01-24,0
Sweden,SWE,2020-01-25,0
Sweden,SWE,2020-01-26,0
Sweden,SWE,2020-01-27,0
Sweden,SWE,2020-01-28,0
Sweden,SWE,2020-01-29,0
Sweden,SWE,2020-01-30,0
Sweden,SWE,2020-01-31,0
Sweden,SWE,2020-02-01,0
Sweden,SWE,2020-02-02,0
Sweden,SWE,2020-02-03,0
Sweden,SWE,2020-02-04,0
Sweden,SWE,2020-02-05,0
Sweden,SWE,2020-02-06,0
Sweden,SWE,2020-02-07,0
Sweden,SWE,2020-02-08,0
Sweden,SWE,2020-02-09,0
Sweden,SWE,2020-02-10,0
Sweden,SWE,2020-02-11,0
Sweden,SWE,2020-02-12,0
Sweden,SWE,2020-02-13,0
Sweden,SWE,2020-02-14,0
Sweden,SWE,2020-02-15,0
Sweden,SWE,2020-02-16,0
Sweden,SWE,2020-02-17,0
Sweden,SWE,2020-02-18,0
Sweden,SWE,2020-02-19,0
Sweden,SWE,2020-02-20,0
Sweden,SWE,2020-02-21,0
Sweden,SWE,2020-02-22,0
Sweden,SWE,2020-02-23,0
Sweden,SWE,2020-02-24,0
Sweden,SWE,2020-02-25,0
Sweden,SWE,2020-02-26,0
Sweden,SWE,2020-02-27,0
Sweden,SWE,2020-02-28,0
Sweden,SWE,2020-02-29,0
Sweden,SWE,2020-03-01,0
Sweden,SWE,2020-03-02,0
Sweden,SWE,2020-03-03,0
Sweden,SWE,2020-03-04,0
Sweden,SWE,2020-03-05,0
Sweden,SWE,2020-03-06,0
Sweden,SWE,2020-03-07,0
Sweden,SWE,2020-03-08,0
Sweden,SWE,2020-03-09,11.11
Sweden,SWE,2020-03-10,11.11
Sweden,SWE,2020-03-11,11.11
Sweden,SWE,2020-03-12,27.78
Sweden,SWE,2020-03-13,27.78
Sweden,SWE,2020-03-14,27.78
Sweden,SWE,2020-03-15,27.78
Sweden,SWE,2020-03-16,27.78
Sweden,SWE,2020-03-17,35.19
Sweden,SWE,2020-03-18,35.19
Sweden,SWE,2020-03-19,43.52
Sweden,SWE,2020-03-20,43.52
Sweden,SWE,2020-03-21,43.52
Sweden,SWE,2020-03-22,43.52
Sweden,SWE,2020-03-23,43.52
Sweden,SWE,2020-03-24,43.52
Sweden,SWE,2020-03-25,50.93
Sweden,SWE,2020-03-26,50.93
Sweden,SWE,2020-03-27,50.93
Sweden,SWE,2020-03-28,50.93
Sweden,SWE,2020-03-29,53.7
Sweden,SWE,2020-03-30,53.7
Sweden,SWE,2020-03-31,53.7
Sweden,SWE,2020-04-01,59.26
Sweden,SWE,2020-04-02,59.26
Sweden,SWE,2020-04-03,59.26
Sweden,SWE,2020-04-04,64.81
Sweden,SWE,2020-04-05,64.81
Sweden,SWE,2020-04-06,64.81
Sweden,SWE,2020-04-07,64.81
Sweden,SWE,2020-04-08,64.81
Sweden,SWE,2020-04-09,64.81
Sweden,SWE,2020-04-10,64.81
Sweden,SWE,2020-04-11,64.81
Sweden,SWE,2020-04-12,64.81
Sweden,SWE,2020-04-13,64.81
Sweden,SWE,2020-04-14,64.81
Sweden,SWE,2020-04-15,64.81
Sweden,SWE,2020-04-16,64.81
Sweden,SWE,2020-04-17,64.81
Sweden,SWE,2020-04-18,64.81
Sweden,SWE,2020-04-19,64.81
Sweden,SWE,2020-04-20,64.81
Sweden,SWE,2020-04-21,64.81
Sweden,SWE,2020-04-22,64.81
Sweden,SWE,2020-04-23,64.81
Sweden,SWE,2020-04-24,64.81
Sweden,SWE,2020-04-25,64.81
Sweden,SWE,2020-04-26,64.81
Sweden,SWE,2020-04-27,64.81
Sweden,SWE,2020-04-28,64.81
Sweden,SWE,2020-04-29,64.81
Sweden,SWE,2020-04-30,64.81
Sweden,SWE,2020-05-01,64.81
Sweden,SWE,2020-05-02,64.81
Sweden,SWE,2020-05-03,64.81
Sweden,SWE,2020-05-04,64.81
Sweden,SWE,2020-05-05,64.81
Sweden,SWE,2020-05-06,64.81
Sweden,SWE,2020-05-07,64.81
Sweden,SWE,2020-05-08,64.81
Sweden,SWE,2020-05-09,64.81
Sweden,SWE,2020-05-10,64.81
Sweden,SWE,2020-05-11,64.81
Sweden,SWE,2020-05-12,64.81
Sweden,SWE,2020-05-13,64.81
Sweden,SWE,2020-05-14,64.81
Sweden,SWE,2020-05-15,64.81
Sweden,SWE,2020-05-16,64.81
Sweden,SWE,2020-05-17,64.81
Sweden,SWE,2020-05-18,64.81
Sweden,SWE,2020-05-19,64.81
Sweden,SWE,2020-05-20,64.81
Sweden,SWE,2020-05-21,64.81
Sweden,SWE,2020-05-22,64.81
Sweden,SWE,2020-05-23,64.81
Sweden,SWE,2020-05-24,64.81
Sweden,SWE,2020-05-25,64.81
Sweden,SWE,2020-05-26,64.81
Sweden,SWE,2020-05-27,64.81
Sweden,SWE,2020-05-28,64.81
Sweden,SWE,2020-05-29,64.81
Sweden,SWE,2020-05-30,64.81
Sweden,SWE,2020-05-31,64.81
Sweden,SWE,2020-06-01,64.81
Sweden,SWE,2020-06-02,64.81
Sweden,SWE,2020-06-03,64.81
Sweden,SWE,2020-06-04,64.81
Sweden,SWE,2020-06-05,64.81
Sweden,SWE,2020-06-06,64.81
Sweden,SWE,2020-06-07,64.81
Sweden,SWE,2020-06-08,64.81
Sweden,SWE,2020-06-09,64.81
Sweden,SWE,2020-06-10,64.81
Sweden,SWE,2020-06-11,64.81
Sweden,SWE,2020-06-12,64.81
Sweden,SWE,2020-06-13,59.26
Sweden,SWE,2020-06-14,59.26
Sweden,SWE,2020-06-15,59.26
Sweden,SWE,2020-06-16,59.26
Sweden,SWE,2020-06-17,59.26
Sweden,SWE,2020-06-18,59.26
Sweden,SWE,2020-06-19,59.26
Sweden,SWE,2020-06-20,59.26
Sweden,SWE,2020-06-21,59.26
Sweden,SWE,2020-06-22,59.26
Sweden,SWE,2020-06-23,59.26
Sweden,SWE,2020-06-24,59.26
Sweden,SWE,2020-06-25,59.26
Sweden,SWE,2020-06-26,59.26
Sweden,SWE,2020-06-27,59.26
Sweden,SWE,2020-06-28,59.26
Sweden,SWE,2020-06-29,59.26
Sweden,SWE,2020-06-30,59.26
Sweden,SWE,2020-07-01,59.26
Sweden,SWE,2020-07-02,59.26
Sweden,SWE,2020-07-03,59.26
Sweden,SWE,2020-07-04,59.26
Sweden,SWE,2020-07-05,59.26
Sweden,SWE,2020-07-06,59.26
Sweden,SWE,2020-07-07,59.26
Sweden,SWE,2020-07-08,59.26
Sweden,SWE,2020-07-09,59.26
Sweden,SWE,2020-07-10,59.26
Sweden,SWE,2020-07-11,59.26
Sweden,SWE,2020-07-12,59.26
Sweden,SWE,2020-07-13,59.26
Sweden,SWE,2020-07-14,59.26
Sweden,SWE,2020-07-15,59.26
Sweden,SWE,2020-07-16,59.26
Sweden,SWE,2020-07-17,59.26
Sweden,SWE,2020-07-18,59.26
Sweden,SWE,2020-07-19,59.26
Sweden,SWE,2020-07-20,59.26
Sweden,SWE,2020-07-21,59.26
Sweden,SWE,2020-07-22,59.26
Sweden,SWE,2020-07-23,59.26
Sweden,SWE,2020-07-24,59.26
Sweden,SWE,2020-07-25,59.26
Sweden,SWE,2020-07-26,59.26
Sweden,SWE,2020-07-27,59.26
Sweden,SWE,2020-07-28,59.26
Sweden,SWE,2020-07-29,59.26
Sweden,SWE,2020-07-30,59.26
Sweden,SWE,2020-07-31,59.26
Sweden,SWE,2020-08-01,59.26
Sweden,SWE,2020-08-02,59.26
Sweden,SWE,2020-08-03,59.26
Sweden,SWE,2020-08-04,59.26
Sweden,SWE,2020-08-05,59.26
Sweden,SWE,2020-08-06,59.26
Sweden,SWE,2020-08-07,59.26
Sweden,SWE,2020-08-08,59.26
Sweden,SWE,2020-08-09,59.26
Sweden,SWE,2020-08-10,59.26
Sweden,SWE,2020-08-11,59.26
Sweden,SWE,2020-08-12,59.26
Sweden,SWE,2020-08-13,59.26
Sweden,SWE,2020-08-14,59.26
Sweden,SWE,2020-08-15,59.26
Sweden,SWE,2020-08-16,59.26
Sweden,SWE,2020-08-17,55.56
Sweden,SWE,2020-08-18,55.56
Sweden,SWE,2020-08-19,55.56
Sweden,SWE,2020-08-20,55.56
Sweden,SWE,2020-08-21,55.56
Sweden,SWE,2020-08-22,55.56
Sweden,SWE,2020-08-23,55.56
Sweden,SWE,2020-08-24,55.56
Sweden,SWE,2020-08-25,55.56
Sweden,SWE,2020-08-26,55.56
Sweden,SWE,2020-08-27,55.56
Sweden,SWE,2020-08-28,55.56
Sweden,SWE,2020-08-29,55.56
Sweden,SWE,2020-08-30,55.56
Sweden,SWE,2020-08-31,55.56
Sweden,SWE,2020-09-01,55.56
Sweden,SWE,2020-09-02,55.56
Sweden,SWE,2020-09-03,55.56
Sweden,SWE,2020-09-04,55.56
Sweden,SWE,2020-09-05,55.56
Sweden,SWE,2020-09-06,55.56
Sweden,SWE,2020-09-07,55.56
Sweden,SWE,2020-09-08,55.56
Sweden,SWE,2020-09-09,55.56
Sweden,SWE,2020-09-10,55.56
Sweden,SWE,2020-09-11,55.56
Sweden,SWE,2020-09-12,55.56
Sweden,SWE,2020-09-13,55.56
Sweden,SWE,2020-09-14,55.56
Sweden,SWE,2020-09-15,55.56
Sweden,SWE,2020-09-16,55.56
Sweden,SWE,2020-09-17,55.56
Sweden,SWE,2020-09-18,55.56
Sweden,SWE,2020-09-19,55.56
Sweden,SWE,2020-09-20,55.56
Sweden,SWE,2020-09-21,55.56
Sweden,SWE,2020-09-22,55.56
Sweden,SWE,2020-09-23,55.56
Sweden,SWE,2020-09-24,55.56
Sweden,SWE,2020-09-25,55.56
Sweden,SWE,2020-09-26,55.56
Sweden,SWE,2020-09-27,55.56
Sweden,SWE,2020-09-28,55.56
Sweden,SWE,2020-09-29,55.56
Sweden,SWE,2020-09-30,55.56
Sweden,SWE,2020-10-01,55.56
Sweden,SWE,2020-10-02,55.56
Sweden,SWE,2020-10-03,55.56
Sweden,SWE,2020-10-04,55.56
Sweden,SWE,2020-10-05,55.56
Sweden,SWE,2020-10-06,55.56
Sweden,SWE,2020-10-07,55.56
Sweden,SWE,2020-10-08,55.56
Sweden,SWE,2020-10-09,55.56
Sweden,SWE,2020-10-10,55.56
Sweden,SWE,2020-10-11,55.56
Sweden,SWE,2020-10-12,55.56
Sweden,SWE,2020-10-13,55.56
Sweden,SWE,2020-10-14,55.56
Sweden,SWE,2020-10-15,55.56
Sweden,SWE,2020-10-16,55.56
Sweden,SWE,2020-10-17,55.56
Sweden,SWE,2020-10-18,55.56
Sweden,SWE,2020-10-19,55.56
Sweden,SWE,2020-10-20,55.56
Sweden,SWE,2020-10-21,55.56
Sweden,SWE,2020-10-22,55.56
Sweden,SWE,2020-10-23,55.56
Sweden,SWE,2020-10-24,55.56
Sweden,SWE,2020-10-25,55.56
Sweden,SWE,2020-10-26,55.56
Sweden,SWE,2020-10-27,55.56
Sweden,SWE,2020-10-28,55.56
Sweden,SWE,2020-10-29,55.56
Sweden,SWE,2020-10-30,55.56
Sweden,SWE,2020-10-31,55.56
Sweden,SWE,2020-11-01,55.56
Sweden,SWE,2020-11-02,55.56
Sweden,SWE,2020-11-03,55.56
Sweden,SWE,2020-11-04,55.56
Sweden,SWE,2020-11-05,55.56
Sweden,SWE,2020-11-06,55.56
Sweden,SWE,2020-11-07,55.56
Sweden,SWE,2020-11-08,55.56
Sweden,SWE,2020-11-09,55.56
Sweden,SWE,2020-11-10,58.33
Sweden,SWE,2020-11-11,58.33
Sweden,SWE,2020-11-12,58.33
Sweden,SWE,2020-11-13,58.33
Sweden,SWE,2020-11-14,58.33
Sweden,SWE,2020-11-15,58.33
Sweden,SWE,2020-11-16,58.33
Sweden,SWE,2020-11-17,58.33
Sweden,SWE,2020-11-18,58.33
Sweden,SWE,2020-11-19,58.33
Sweden,SWE,2020-11-20,58.33
Sweden,SWE,2020-11-21,58.33
Sweden,SWE,2020-11-22,58.33
Sweden,SWE,2020-11-23,58.33
Sweden,SWE,2020-11-24,64.81
Sweden,SWE,2020-11-25,64.81
Sweden,SWE,2020-11-26,64.81
Sweden,SWE,2020-11-27,64.81
Sweden,SWE,2020-11-28,64.81
Sweden,SWE,2020-11-29,64.81
Sweden,SWE,2020-11-30,64.81
Sweden,SWE,2020-12-01,64.81
Sweden,SWE,2020-12-02,64.81
Sweden,SWE,2020-12-03,64.81
Sweden,SWE,2020-12-04,64.81
Sweden,SWE,2020-12-05,64.81
Sweden,SWE,2020-12-06,64.81
Sweden,SWE,2020-12-07,66.67
Sweden,SWE,2020-12-08,66.67
Sweden,SWE,2020-12-09,66.67
Sweden,SWE,2020-12-10,66.67
Sweden,SWE,2020-12-11,66.67
Sweden,SWE,2020-12-12,66.67
Sweden,SWE,2020-12-13,66.67
Sweden,SWE,2020-12-14,69.44
Sweden,SWE,2020-12-15,69.44
Sweden,SWE,2020-12-16,69.44
Sweden,SWE,2020-12-17,69.44
Sweden,SWE,2020-12-18,69.44
Sweden,SWE,2020-12-19,69.44
Sweden,SWE,2020-12-20,69.44
Sweden,SWE,2020-12-21,69.44
Sweden,SWE,2020-12-22,69.44
Sweden,SWE,2020-12-23,69.44
Sweden,SWE,2020-12-24,69.44
Sweden,SWE,2020-12-25,69.44
Sweden,SWE,2020-12-26,69.44
Sweden,SWE,2020-12-27,69.44
Sweden,SWE,2020-12-28,69.44
Sweden,SWE,2020-12-29,69.44
Sweden,SWE,2020-12-30,69.44
Sweden,SWE,2020-12-31,69.44
Sweden,SWE,2021-01-01,69.44
Sweden,SWE,2021-01-02,69.44
Sweden,SWE,2021-01-03,69.44
Sweden,SWE,2021-01-04,69.44
Sweden,SWE,2021-01-05,69.44
Sweden,SWE,2021-01-06,69.44
Sweden,SWE,2021-01-07,69.44
Sweden,SWE,2021-01-08,69.44
Sweden,SWE,2021-01-09,69.44
Sweden,SWE,2021-01-10,69.44
Sweden,SWE,2021-01-11,69.44
Sweden,SWE,2021-01-12,69.44
Sweden,SWE,2021-01-13,69.44
Sweden,SWE,2021-01-14,69.44
Sweden,SWE,2021-01-15,69.44
Sweden,SWE,2021-01-16,69.44
Sweden,SWE,2021-01-17,69.44
Sweden,SWE,2021-01-18,69.44
Sweden,SWE,2021-01-19,69.44
Sweden,SWE,2021-01-20,69.44
Sweden,SWE,2021-01-21,69.44
Sweden,SWE,2021-01-22,69.44
Sweden,SWE,2021-01-23,69.44
Sweden,SWE,2021-01-24,69.44
Sweden,SWE,2021-01-25,69.44
Sweden,SWE,2021-01-26,69.44
Sweden,SWE,2021-01-27,69.44
Sweden,SWE,2021-01-28,69.44
Sweden,SWE,2021-01-29,69.44
Sweden,SWE,2021-01-30,69.44
Sweden,SWE,2021-01-31,69.44
Sweden,SWE,2021-02-01,69.44
Sweden,SWE,2021-02-02,69.44
Sweden,SWE,2021-02-03,69.44
Sweden,SWE,2021-02-04,69.44
Sweden,SWE,2021-02-05,69.44
Sweden,SWE,2021-02-06,69.44
Sweden,SWE,2021-02-07,69.44
Sweden,SWE,2021-02-08,69.44
Sweden,SWE,2021-02-09,69.44
Sweden,SWE,2021-02-10,69.44
Sweden,SWE,2021-02-11,69.44
Sweden,SWE,2021-02-12,69.44
Sweden,SWE,2021-02-13,69.44
Sweden,SWE,2021-02-14,69.44
Sweden,SWE,2021-02-15,69.44
Sweden,SWE,2021-02-16,69.44
Sweden,SWE,2021-02-17,69.44
Sweden,SWE,2021-02-18,69.44
Sweden,SWE,2021-02-19,69.44
Sweden,SWE,2021-02-20,69.44
Sweden,SWE,2021-02-21,69.44
Sweden,SWE,2021-02-22,69.44
Sweden,SWE,2021-02-23,69.44
Sweden,SWE,2021-02-24,69.44
Sweden,SWE,2021-02-25,69.44
Sweden,SWE,2021-02-26,69.44
Sweden,SWE,2021-02-27,69.44
Sweden,SWE,2021-02-28,69.44
Sweden,SWE,2021-03-01,69.44
Sweden,SWE,2021-03-02,69.44
Sweden,SWE,2021-03-03,69.44
Sweden,SWE,2021-03-04,69.44
Sweden,SWE,2021-03-05,69.44
Sweden,SWE,2021-03-06,69.44
Sweden,SWE,2021-03-07,69.44
Sweden,SWE,2021-03-08,69.44
Switzerland,CHE,2020-01-01,0
Switzerland,CHE,2020-01-02,0
Switzerland,CHE,2020-01-03,0
Switzerland,CHE,2020-01-04,0
Switzerland,CHE,2020-01-05,0
Switzerland,CHE,2020-01-06,0
Switzerland,CHE,2020-01-07,0
Switzerland,CHE,2020-01-08,0
Switzerland,CHE,2020-01-09,0
Switzerland,CHE,2020-01-10,0
Switzerland,CHE,2020-01-11,0
Switzerland,CHE,2020-01-12,0
Switzerland,CHE,2020-01-13,0
Switzerland,CHE,2020-01-14,0
Switzerland,CHE,2020-01-15,0
Switzerland,CHE,2020-01-16,0
Switzerland,CHE,2020-01-17,0
Switzerland,CHE,2020-01-18,0
Switzerland,CHE,2020-01-19,0
Switzerland,CHE,2020-01-20,0
Switzerland,CHE,2020-01-21,0
Switzerland,CHE,2020-01-22,0
Switzerland,CHE,2020-01-23,0
Switzerland,CHE,2020-01-24,0
Switzerland,CHE,2020-01-25,0
Switzerland,CHE,2020-01-26,0
Switzerland,CHE,2020-01-27,0
Switzerland,CHE,2020-01-28,0
Switzerland,CHE,2020-01-29,0
Switzerland,CHE,2020-01-30,0
Switzerland,CHE,2020-01-31,0
Switzerland,CHE,2020-02-01,0
Switzerland,CHE,2020-02-02,0
Switzerland,CHE,2020-02-03,0
Switzerland,CHE,2020-02-04,0
Switzerland,CHE,2020-02-05,0
Switzerland,CHE,2020-02-06,0
Switzerland,CHE,2020-02-07,0
Switzerland,CHE,2020-02-08,0
Switzerland,CHE,2020-02-09,0
Switzerland,CHE,2020-02-10,0
Switzerland,CHE,2020-02-11,0
Switzerland,CHE,2020-02-12,0
Switzerland,CHE,2020-02-13,0
Switzerland,CHE,2020-02-14,0
Switzerland,CHE,2020-02-15,0
Switzerland,CHE,2020-02-16,0
Switzerland,CHE,2020-02-17,0
Switzerland,CHE,2020-02-18,0
Switzerland,CHE,2020-02-19,0
Switzerland,CHE,2020-02-20,0
Switzerland,CHE,2020-02-21,0
Switzerland,CHE,2020-02-22,0
Switzerland,CHE,2020-02-23,0
Switzerland,CHE,2020-02-24,0
Switzerland,CHE,2020-02-25,8.33
Switzerland,CHE,2020-02-26,8.33
Switzerland,CHE,2020-02-27,13.89
Switzerland,CHE,2020-02-28,19.44
Switzerland,CHE,2020-02-29,19.44
Switzerland,CHE,2020-03-01,19.44
Switzerland,CHE,2020-03-02,19.44
Switzerland,CHE,2020-03-03,25
Switzerland,CHE,2020-03-04,25
Switzerland,CHE,2020-03-05,25
Switzerland,CHE,2020-03-06,25
Switzerland,CHE,2020-03-07,25
Switzerland,CHE,2020-03-08,25
Switzerland,CHE,2020-03-09,25
Switzerland,CHE,2020-03-10,25
Switzerland,CHE,2020-03-11,25
Switzerland,CHE,2020-03-12,25
Switzerland,CHE,2020-03-13,33.33
Switzerland,CHE,2020-03-14,33.33
Switzerland,CHE,2020-03-15,33.33
Switzerland,CHE,2020-03-16,44.44
Switzerland,CHE,2020-03-17,73.15
Switzerland,CHE,2020-03-18,73.15
Switzerland,CHE,2020-03-19,73.15
Switzerland,CHE,2020-03-20,73.15
Switzerland,CHE,2020-03-21,73.15
Switzerland,CHE,2020-03-22,73.15
Switzerland,CHE,2020-03-23,73.15
Switzerland,CHE,2020-03-24,73.15
Switzerland,CHE,2020-03-25,73.15
Switzerland,CHE,2020-03-26,73.15
Switzerland,CHE,2020-03-27,73.15
Switzerland,CHE,2020-03-28,73.15
Switzerland,CHE,2020-03-29,73.15
Switzerland,CHE,2020-03-30,73.15
Switzerland,CHE,2020-03-31,73.15
Switzerland,CHE,2020-04-01,73.15
Switzerland,CHE,2020-04-02,73.15
Switzerland,CHE,2020-04-03,73.15
Switzerland,CHE,2020-04-04,73.15
Switzerland,CHE,2020-04-05,73.15
Switzerland,CHE,2020-04-06,73.15
Switzerland,CHE,2020-04-07,73.15
Switzerland,CHE,2020-04-08,73.15
Switzerland,CHE,2020-04-09,73.15
Switzerland,CHE,2020-04-10,73.15
Switzerland,CHE,2020-04-11,73.15
Switzerland,CHE,2020-04-12,73.15
Switzerland,CHE,2020-04-13,73.15
Switzerland,CHE,2020-04-14,73.15
Switzerland,CHE,2020-04-15,73.15
Switzerland,CHE,2020-04-16,73.15
Switzerland,CHE,2020-04-17,73.15
Switzerland,CHE,2020-04-18,73.15
Switzerland,CHE,2020-04-19,73.15
Switzerland,CHE,2020-04-20,73.15
Switzerland,CHE,2020-04-21,73.15
Switzerland,CHE,2020-04-22,73.15
Switzerland,CHE,2020-04-23,73.15
Switzerland,CHE,2020-04-24,73.15
Switzerland,CHE,2020-04-25,73.15
Switzerland,CHE,2020-04-26,73.15
Switzerland,CHE,2020-04-27,69.44
Switzerland,CHE,2020-04-28,69.44
Switzerland,CHE,2020-04-29,69.44
Switzerland,CHE,2020-04-30,69.44
Switzerland,CHE,2020-05-01,69.44
Switzerland,CHE,2020-05-02,69.44
Switzerland,CHE,2020-05-03,69.44
Switzerland,CHE,2020-05-04,69.44
Switzerland,CHE,2020-05-05,69.44
Switzerland,CHE,2020-05-06,69.44
Switzerland,CHE,2020-05-07,69.44
Switzerland,CHE,2020-05-08,69.44
Switzerland,CHE,2020-05-09,69.44
Switzerland,CHE,2020-05-10,69.44
Switzerland,CHE,2020-05-11,58.33
Switzerland,CHE,2020-05-12,58.33
Switzerland,CHE,2020-05-13,58.33
Switzerland,CHE,2020-05-14,58.33
Switzerland,CHE,2020-05-15,58.33
Switzerland,CHE,2020-05-16,58.33
Switzerland,CHE,2020-05-17,58.33
Switzerland,CHE,2020-05-18,58.33
Switzerland,CHE,2020-05-19,58.33
Switzerland,CHE,2020-05-20,58.33
Switzerland,CHE,2020-05-21,58.33
Switzerland,CHE,2020-05-22,58.33
Switzerland,CHE,2020-05-23,58.33
Switzerland,CHE,2020-05-24,58.33
Switzerland,CHE,2020-05-25,58.33
Switzerland,CHE,2020-05-26,58.33
Switzerland,CHE,2020-05-27,58.33
Switzerland,CHE,2020-05-28,58.33
Switzerland,CHE,2020-05-29,58.33
Switzerland,CHE,2020-05-30,55.56
Switzerland,CHE,2020-05-31,55.56
Switzerland,CHE,2020-06-01,55.56
Switzerland,CHE,2020-06-02,55.56
Switzerland,CHE,2020-06-03,55.56
Switzerland,CHE,2020-06-04,55.56
Switzerland,CHE,2020-06-05,55.56
Switzerland,CHE,2020-06-06,46.3
Switzerland,CHE,2020-06-07,46.3
Switzerland,CHE,2020-06-08,46.3
Switzerland,CHE,2020-06-09,46.3
Switzerland,CHE,2020-06-10,46.3
Switzerland,CHE,2020-06-11,46.3
Switzerland,CHE,2020-06-12,46.3
Switzerland,CHE,2020-06-13,46.3
Switzerland,CHE,2020-06-14,46.3
Switzerland,CHE,2020-06-15,46.3
Switzerland,CHE,2020-06-16,46.3
Switzerland,CHE,2020-06-17,46.3
Switzerland,CHE,2020-06-18,46.3
Switzerland,CHE,2020-06-19,46.3
Switzerland,CHE,2020-06-20,46.3
Switzerland,CHE,2020-06-21,46.3
Switzerland,CHE,2020-06-22,35.19
Switzerland,CHE,2020-06-23,35.19
Switzerland,CHE,2020-06-24,35.19
Switzerland,CHE,2020-06-25,35.19
Switzerland,CHE,2020-06-26,35.19
Switzerland,CHE,2020-06-27,35.19
Switzerland,CHE,2020-06-28,35.19
Switzerland,CHE,2020-06-29,35.19
Switzerland,CHE,2020-06-30,35.19
Switzerland,CHE,2020-07-01,35.19
Switzerland,CHE,2020-07-02,35.19
Switzerland,CHE,2020-07-03,39.35
Switzerland,CHE,2020-07-04,39.35
Switzerland,CHE,2020-07-05,39.35
Switzerland,CHE,2020-07-06,39.35
Switzerland,CHE,2020-07-07,39.35
Switzerland,CHE,2020-07-08,39.35
Switzerland,CHE,2020-07-09,39.35
Switzerland,CHE,2020-07-10,39.35
Switzerland,CHE,2020-07-11,39.35
Switzerland,CHE,2020-07-12,39.35
Switzerland,CHE,2020-07-13,39.35
Switzerland,CHE,2020-07-14,39.35
Switzerland,CHE,2020-07-15,39.35
Switzerland,CHE,2020-07-16,39.35
Switzerland,CHE,2020-07-17,39.35
Switzerland,CHE,2020-07-18,39.35
Switzerland,CHE,2020-07-19,39.35
Switzerland,CHE,2020-07-20,39.35
Switzerland,CHE,2020-07-21,39.35
Switzerland,CHE,2020-07-22,39.35
Switzerland,CHE,2020-07-23,39.35
Switzerland,CHE,2020-07-24,39.35
Switzerland,CHE,2020-07-25,39.35
Switzerland,CHE,2020-07-26,39.35
Switzerland,CHE,2020-07-27,39.35
Switzerland,CHE,2020-07-28,39.35
Switzerland,CHE,2020-07-29,39.35
Switzerland,CHE,2020-07-30,39.35
Switzerland,CHE,2020-07-31,43.06
Switzerland,CHE,2020-08-01,43.06
Switzerland,CHE,2020-08-02,43.06
Switzerland,CHE,2020-08-03,43.06
Switzerland,CHE,2020-08-04,43.06
Switzerland,CHE,2020-08-05,43.06
Switzerland,CHE,2020-08-06,43.06
Switzerland,CHE,2020-08-07,43.06
Switzerland,CHE,2020-08-08,43.06
Switzerland,CHE,2020-08-09,43.06
Switzerland,CHE,2020-08-10,43.06
Switzerland,CHE,2020-08-11,43.06
Switzerland,CHE,2020-08-12,43.06
Switzerland,CHE,2020-08-13,43.06
Switzerland,CHE,2020-08-14,43.06
Switzerland,CHE,2020-08-15,43.06
Switzerland,CHE,2020-08-16,43.06
Switzerland,CHE,2020-08-17,43.06
Switzerland,CHE,2020-08-18,43.06
Switzerland,CHE,2020-08-19,43.06
Switzerland,CHE,2020-08-20,43.06
Switzerland,CHE,2020-08-21,43.06
Switzerland,CHE,2020-08-22,43.06
Switzerland,CHE,2020-08-23,43.06
Switzerland,CHE,2020-08-24,43.06
Switzerland,CHE,2020-08-25,43.06
Switzerland,CHE,2020-08-26,43.06
Switzerland,CHE,2020-08-27,43.06
Switzerland,CHE,2020-08-28,43.06
Switzerland,CHE,2020-08-29,43.06
Switzerland,CHE,2020-08-30,43.06
Switzerland,CHE,2020-08-31,43.06
Switzerland,CHE,2020-09-01,43.06
Switzerland,CHE,2020-09-02,43.06
Switzerland,CHE,2020-09-03,43.06
Switzerland,CHE,2020-09-04,43.06
Switzerland,CHE,2020-09-05,43.06
Switzerland,CHE,2020-09-06,43.06
Switzerland,CHE,2020-09-07,43.06
Switzerland,CHE,2020-09-08,43.06
Switzerland,CHE,2020-09-09,43.06
Switzerland,CHE,2020-09-10,43.06
Switzerland,CHE,2020-09-11,43.06
Switzerland,CHE,2020-09-12,43.06
Switzerland,CHE,2020-09-13,43.06
Switzerland,CHE,2020-09-14,43.06
Switzerland,CHE,2020-09-15,43.06
Switzerland,CHE,2020-09-16,43.06
Switzerland,CHE,2020-09-17,43.06
Switzerland,CHE,2020-09-18,43.06
Switzerland,CHE,2020-09-19,43.06
Switzerland,CHE,2020-09-20,43.06
Switzerland,CHE,2020-09-21,43.06
Switzerland,CHE,2020-09-22,43.06
Switzerland,CHE,2020-09-23,43.06
Switzerland,CHE,2020-09-24,43.06
Switzerland,CHE,2020-09-25,43.06
Switzerland,CHE,2020-09-26,43.06
Switzerland,CHE,2020-09-27,43.06
Switzerland,CHE,2020-09-28,43.06
Switzerland,CHE,2020-09-29,43.06
Switzerland,CHE,2020-09-30,43.06
Switzerland,CHE,2020-10-01,31.94
Switzerland,CHE,2020-10-02,31.94
Switzerland,CHE,2020-10-03,31.94
Switzerland,CHE,2020-10-04,31.94
Switzerland,CHE,2020-10-05,31.94
Switzerland,CHE,2020-10-06,31.94
Switzerland,CHE,2020-10-07,31.94
Switzerland,CHE,2020-10-08,31.94
Switzerland,CHE,2020-10-09,31.94
Switzerland,CHE,2020-10-10,29.17
Switzerland,CHE,2020-10-11,29.17
Switzerland,CHE,2020-10-12,29.17
Switzerland,CHE,2020-10-13,29.17
Switzerland,CHE,2020-10-14,29.17
Switzerland,CHE,2020-10-15,29.17
Switzerland,CHE,2020-10-16,29.17
Switzerland,CHE,2020-10-17,29.17
Switzerland,CHE,2020-10-18,29.17
Switzerland,CHE,2020-10-19,32.87
Switzerland,CHE,2020-10-20,35.65
Switzerland,CHE,2020-10-21,35.65
Switzerland,CHE,2020-10-22,35.65
Switzerland,CHE,2020-10-23,35.65
Switzerland,CHE,2020-10-24,35.65
Switzerland,CHE,2020-10-25,35.65
Switzerland,CHE,2020-10-26,35.65
Switzerland,CHE,2020-10-27,35.65
Switzerland,CHE,2020-10-28,35.65
Switzerland,CHE,2020-10-29,41.67
Switzerland,CHE,2020-10-30,41.67
Switzerland,CHE,2020-10-31,41.67
Switzerland,CHE,2020-11-01,41.67
Switzerland,CHE,2020-11-02,59.26
Switzerland,CHE,2020-11-03,59.26
Switzerland,CHE,2020-11-04,59.26
Switzerland,CHE,2020-11-05,59.26
Switzerland,CHE,2020-11-06,59.26
Switzerland,CHE,2020-11-07,59.26
Switzerland,CHE,2020-11-08,59.26
Switzerland,CHE,2020-11-09,59.26
Switzerland,CHE,2020-11-10,59.26
Switzerland,CHE,2020-11-11,59.26
Switzerland,CHE,2020-11-12,59.26
Switzerland,CHE,2020-11-13,59.26
Switzerland,CHE,2020-11-14,59.26
Switzerland,CHE,2020-11-15,59.26
Switzerland,CHE,2020-11-16,59.26
Switzerland,CHE,2020-11-17,59.26
Switzerland,CHE,2020-11-18,59.26
Switzerland,CHE,2020-11-19,59.26
Switzerland,CHE,2020-11-20,59.26
Switzerland,CHE,2020-11-21,57.41
Switzerland,CHE,2020-11-22,57.41
Switzerland,CHE,2020-11-23,57.41
Switzerland,CHE,2020-11-24,57.41
Switzerland,CHE,2020-11-25,57.41
Switzerland,CHE,2020-11-26,57.41
Switzerland,CHE,2020-11-27,57.41
Switzerland,CHE,2020-11-28,57.41
Switzerland,CHE,2020-11-29,57.41
Switzerland,CHE,2020-11-30,57.41
Switzerland,CHE,2020-12-01,57.41
Switzerland,CHE,2020-12-02,57.41
Switzerland,CHE,2020-12-03,57.41
Switzerland,CHE,2020-12-04,57.41
Switzerland,CHE,2020-12-05,57.41
Switzerland,CHE,2020-12-06,57.41
Switzerland,CHE,2020-12-07,57.41
Switzerland,CHE,2020-12-08,57.41
Switzerland,CHE,2020-12-09,57.41
Switzerland,CHE,2020-12-10,57.41
Switzerland,CHE,2020-12-11,57.41
Switzerland,CHE,2020-12-12,60.19
Switzerland,CHE,2020-12-13,60.19
Switzerland,CHE,2020-12-14,60.19
Switzerland,CHE,2020-12-15,60.19
Switzerland,CHE,2020-12-16,60.19
Switzerland,CHE,2020-12-17,60.19
Switzerland,CHE,2020-12-18,60.19
Switzerland,CHE,2020-12-19,60.19
Switzerland,CHE,2020-12-20,60.19
Switzerland,CHE,2020-12-21,60.19
Switzerland,CHE,2020-12-22,60.19
Switzerland,CHE,2020-12-23,60.19
Switzerland,CHE,2020-12-24,60.19
Switzerland,CHE,2020-12-25,60.19
Switzerland,CHE,2020-12-26,60.19
Switzerland,CHE,2020-12-27,60.19
Switzerland,CHE,2020-12-28,60.19
Switzerland,CHE,2020-12-29,60.19
Switzerland,CHE,2020-12-30,60.19
Switzerland,CHE,2020-12-31,60.19
Switzerland,CHE,2021-01-01,60.19
Switzerland,CHE,2021-01-02,60.19
Switzerland,CHE,2021-01-03,60.19
Switzerland,CHE,2021-01-04,60.19
Switzerland,CHE,2021-01-05,60.19
Switzerland,CHE,2021-01-06,60.19
Switzerland,CHE,2021-01-07,60.19
Switzerland,CHE,2021-01-08,60.19
Switzerland,CHE,2021-01-09,60.19
Switzerland,CHE,2021-01-10,60.19
Switzerland,CHE,2021-01-11,60.19
Switzerland,CHE,2021-01-12,60.19
Switzerland,CHE,2021-01-13,60.19
Switzerland,CHE,2021-01-14,60.19
Switzerland,CHE,2021-01-15,60.19
Switzerland,CHE,2021-01-16,60.19
Switzerland,CHE,2021-01-17,60.19
Switzerland,CHE,2021-01-18,60.19
Switzerland,CHE,2021-01-19,60.19
Switzerland,CHE,2021-01-20,60.19
Switzerland,CHE,2021-01-21,60.19
Switzerland,CHE,2021-01-22,60.19
Switzerland,CHE,2021-01-23,60.19
Switzerland,CHE,2021-01-24,60.19
Switzerland,CHE,2021-01-25,60.19
Switzerland,CHE,2021-01-26,60.19
Switzerland,CHE,2021-01-27,60.19
Switzerland,CHE,2021-01-28,60.19
Switzerland,CHE,2021-01-29,60.19
Switzerland,CHE,2021-01-30,60.19
Switzerland,CHE,2021-01-31,60.19
Switzerland,CHE,2021-02-01,60.19
Switzerland,CHE,2021-02-02,60.19
Switzerland,CHE,2021-02-03,60.19
Switzerland,CHE,2021-02-04,60.19
Switzerland,CHE,2021-02-05,60.19
Switzerland,CHE,2021-02-06,60.19
Switzerland,CHE,2021-02-07,60.19
Switzerland,CHE,2021-02-08,60.19
Switzerland,CHE,2021-02-09,60.19
Switzerland,CHE,2021-02-10,60.19
Switzerland,CHE,2021-02-11,60.19
Switzerland,CHE,2021-02-12,60.19
Switzerland,CHE,2021-02-13,60.19
Switzerland,CHE,2021-02-14,60.19
Switzerland,CHE,2021-02-15,60.19
Switzerland,CHE,2021-02-16,60.19
Switzerland,CHE,2021-02-17,60.19
Switzerland,CHE,2021-02-18,60.19
Switzerland,CHE,2021-02-19,60.19
Switzerland,CHE,2021-02-20,60.19
Switzerland,CHE,2021-02-21,60.19
Switzerland,CHE,2021-02-22,60.19
Switzerland,CHE,2021-02-23,60.19
Switzerland,CHE,2021-02-24,60.19
Switzerland,CHE,2021-02-25,60.19
Switzerland,CHE,2021-02-26,60.19
Switzerland,CHE,2021-02-27,60.19
Switzerland,CHE,2021-02-28,60.19
Switzerland,CHE,2021-03-01,56.48
Switzerland,CHE,2021-03-02,56.48
Switzerland,CHE,2021-03-03,56.48
Switzerland,CHE,2021-03-04,56.48
Switzerland,CHE,2021-03-05,56.48
Switzerland,CHE,2021-03-06,56.48
Syria,SYR,2020-01-01,0
Syria,SYR,2020-01-02,0
Syria,SYR,2020-01-03,0
Syria,SYR,2020-01-04,0
Syria,SYR,2020-01-05,0
Syria,SYR,2020-01-06,0
Syria,SYR,2020-01-07,0
Syria,SYR,2020-01-08,0
Syria,SYR,2020-01-09,0
Syria,SYR,2020-01-10,0
Syria,SYR,2020-01-11,0
Syria,SYR,2020-01-12,0
Syria,SYR,2020-01-13,0
Syria,SYR,2020-01-14,0
Syria,SYR,2020-01-15,0
Syria,SYR,2020-01-16,0
Syria,SYR,2020-01-17,0
Syria,SYR,2020-01-18,0
Syria,SYR,2020-01-19,0
Syria,SYR,2020-01-20,0
Syria,SYR,2020-01-21,0
Syria,SYR,2020-01-22,0
Syria,SYR,2020-01-23,0
Syria,SYR,2020-01-24,0
Syria,SYR,2020-01-25,0
Syria,SYR,2020-01-26,0
Syria,SYR,2020-01-27,0
Syria,SYR,2020-01-28,0
Syria,SYR,2020-01-29,0
Syria,SYR,2020-01-30,0
Syria,SYR,2020-01-31,0
Syria,SYR,2020-02-01,2.78
Syria,SYR,2020-02-02,2.78
Syria,SYR,2020-02-03,2.78
Syria,SYR,2020-02-04,2.78
Syria,SYR,2020-02-05,2.78
Syria,SYR,2020-02-06,2.78
Syria,SYR,2020-02-07,2.78
Syria,SYR,2020-02-08,2.78
Syria,SYR,2020-02-09,2.78
Syria,SYR,2020-02-10,2.78
Syria,SYR,2020-02-11,2.78
Syria,SYR,2020-02-12,2.78
Syria,SYR,2020-02-13,2.78
Syria,SYR,2020-02-14,2.78
Syria,SYR,2020-02-15,2.78
Syria,SYR,2020-02-16,2.78
Syria,SYR,2020-02-17,2.78
Syria,SYR,2020-02-18,2.78
Syria,SYR,2020-02-19,2.78
Syria,SYR,2020-02-20,2.78
Syria,SYR,2020-02-21,2.78
Syria,SYR,2020-02-22,2.78
Syria,SYR,2020-02-23,2.78
Syria,SYR,2020-02-24,2.78
Syria,SYR,2020-02-25,2.78
Syria,SYR,2020-02-26,2.78
Syria,SYR,2020-02-27,2.78
Syria,SYR,2020-02-28,2.78
Syria,SYR,2020-02-29,2.78
Syria,SYR,2020-03-01,2.78
Syria,SYR,2020-03-02,2.78
Syria,SYR,2020-03-03,2.78
Syria,SYR,2020-03-04,2.78
Syria,SYR,2020-03-05,2.78
Syria,SYR,2020-03-06,2.78
Syria,SYR,2020-03-07,2.78
Syria,SYR,2020-03-08,13.89
Syria,SYR,2020-03-09,13.89
Syria,SYR,2020-03-10,19.44
Syria,SYR,2020-03-11,19.44
Syria,SYR,2020-03-12,23.15
Syria,SYR,2020-03-13,30.56
Syria,SYR,2020-03-14,41.67
Syria,SYR,2020-03-15,41.67
Syria,SYR,2020-03-16,61.11
Syria,SYR,2020-03-17,61.11
Syria,SYR,2020-03-18,61.11
Syria,SYR,2020-03-19,61.11
Syria,SYR,2020-03-20,61.11
Syria,SYR,2020-03-21,61.11
Syria,SYR,2020-03-22,61.11
Syria,SYR,2020-03-23,72.22
Syria,SYR,2020-03-24,72.22
Syria,SYR,2020-03-25,84.26
Syria,SYR,2020-03-26,84.26
Syria,SYR,2020-03-27,84.26
Syria,SYR,2020-03-28,84.26
Syria,SYR,2020-03-29,84.26
Syria,SYR,2020-03-30,84.26
Syria,SYR,2020-03-31,84.26
Syria,SYR,2020-04-01,87.04
Syria,SYR,2020-04-02,87.04
Syria,SYR,2020-04-03,87.04
Syria,SYR,2020-04-04,87.04
Syria,SYR,2020-04-05,87.04
Syria,SYR,2020-04-06,87.04
Syria,SYR,2020-04-07,87.04
Syria,SYR,2020-04-08,87.04
Syria,SYR,2020-04-09,87.04
Syria,SYR,2020-04-10,87.04
Syria,SYR,2020-04-11,87.04
Syria,SYR,2020-04-12,87.04
Syria,SYR,2020-04-13,87.04
Syria,SYR,2020-04-14,87.04
Syria,SYR,2020-04-15,87.04
Syria,SYR,2020-04-16,87.04
Syria,SYR,2020-04-17,87.04
Syria,SYR,2020-04-18,87.04
Syria,SYR,2020-04-19,87.04
Syria,SYR,2020-04-20,75.93
Syria,SYR,2020-04-21,75.93
Syria,SYR,2020-04-22,87.04
Syria,SYR,2020-04-23,87.04
Syria,SYR,2020-04-24,87.04
Syria,SYR,2020-04-25,87.04
Syria,SYR,2020-04-26,87.04
Syria,SYR,2020-04-27,87.04
Syria,SYR,2020-04-28,87.04
Syria,SYR,2020-04-29,87.04
Syria,SYR,2020-04-30,87.04
Syria,SYR,2020-05-01,87.04
Syria,SYR,2020-05-02,87.04
Syria,SYR,2020-05-03,87.04
Syria,SYR,2020-05-04,87.04
Syria,SYR,2020-05-05,87.04
Syria,SYR,2020-05-06,87.04
Syria,SYR,2020-05-07,87.04
Syria,SYR,2020-05-08,87.04
Syria,SYR,2020-05-09,87.04
Syria,SYR,2020-05-10,87.04
Syria,SYR,2020-05-11,87.04
Syria,SYR,2020-05-12,87.04
Syria,SYR,2020-05-13,87.04
Syria,SYR,2020-05-14,87.04
Syria,SYR,2020-05-15,87.04
Syria,SYR,2020-05-16,87.04
Syria,SYR,2020-05-17,87.04
Syria,SYR,2020-05-18,87.04
Syria,SYR,2020-05-19,87.04
Syria,SYR,2020-05-20,87.04
Syria,SYR,2020-05-21,87.04
Syria,SYR,2020-05-22,87.04
Syria,SYR,2020-05-23,87.04
Syria,SYR,2020-05-24,87.04
Syria,SYR,2020-05-25,87.04
Syria,SYR,2020-05-26,69.44
Syria,SYR,2020-05-27,69.44
Syria,SYR,2020-05-28,69.44
Syria,SYR,2020-05-29,69.44
Syria,SYR,2020-05-30,69.44
Syria,SYR,2020-05-31,69.44
Syria,SYR,2020-06-01,69.44
Syria,SYR,2020-06-02,69.44
Syria,SYR,2020-06-03,69.44
Syria,SYR,2020-06-04,69.44
Syria,SYR,2020-06-05,69.44
Syria,SYR,2020-06-06,69.44
Syria,SYR,2020-06-07,69.44
Syria,SYR,2020-06-08,69.44
Syria,SYR,2020-06-09,69.44
Syria,SYR,2020-06-10,69.44
Syria,SYR,2020-06-11,69.44
Syria,SYR,2020-06-12,69.44
Syria,SYR,2020-06-13,69.44
Syria,SYR,2020-06-14,69.44
Syria,SYR,2020-06-15,69.44
Syria,SYR,2020-06-16,69.44
Syria,SYR,2020-06-17,69.44
Syria,SYR,2020-06-18,69.44
Syria,SYR,2020-06-19,69.44
Syria,SYR,2020-06-20,69.44
Syria,SYR,2020-06-21,69.44
Syria,SYR,2020-06-22,69.44
Syria,SYR,2020-06-23,69.44
Syria,SYR,2020-06-24,69.44
Syria,SYR,2020-06-25,69.44
Syria,SYR,2020-06-26,69.44
Syria,SYR,2020-06-27,69.44
Syria,SYR,2020-06-28,69.44
Syria,SYR,2020-06-29,69.44
Syria,SYR,2020-06-30,69.44
Syria,SYR,2020-07-01,69.44
Syria,SYR,2020-07-02,69.44
Syria,SYR,2020-07-03,69.44
Syria,SYR,2020-07-04,69.44
Syria,SYR,2020-07-05,69.44
Syria,SYR,2020-07-06,69.44
Syria,SYR,2020-07-07,69.44
Syria,SYR,2020-07-08,69.44
Syria,SYR,2020-07-09,69.44
Syria,SYR,2020-07-10,69.44
Syria,SYR,2020-07-11,69.44
Syria,SYR,2020-07-12,69.44
Syria,SYR,2020-07-13,69.44
Syria,SYR,2020-07-14,69.44
Syria,SYR,2020-07-15,69.44
Syria,SYR,2020-07-16,69.44
Syria,SYR,2020-07-17,69.44
Syria,SYR,2020-07-18,69.44
Syria,SYR,2020-07-19,69.44
Syria,SYR,2020-07-20,69.44
Syria,SYR,2020-07-21,69.44
Syria,SYR,2020-07-22,69.44
Syria,SYR,2020-07-23,69.44
Syria,SYR,2020-07-24,69.44
Syria,SYR,2020-07-25,69.44
Syria,SYR,2020-07-26,69.44
Syria,SYR,2020-07-27,69.44
Syria,SYR,2020-07-28,69.44
Syria,SYR,2020-07-29,69.44
Syria,SYR,2020-07-30,69.44
Syria,SYR,2020-07-31,69.44
Syria,SYR,2020-08-01,69.44
Syria,SYR,2020-08-02,69.44
Syria,SYR,2020-08-03,65.74
Syria,SYR,2020-08-04,65.74
Syria,SYR,2020-08-05,65.74
Syria,SYR,2020-08-06,65.74
Syria,SYR,2020-08-07,65.74
Syria,SYR,2020-08-08,65.74
Syria,SYR,2020-08-09,65.74
Syria,SYR,2020-08-10,65.74
Syria,SYR,2020-08-11,62.04
Syria,SYR,2020-08-12,62.04
Syria,SYR,2020-08-13,62.04
Syria,SYR,2020-08-14,62.04
Syria,SYR,2020-08-15,62.04
Syria,SYR,2020-08-16,62.04
Syria,SYR,2020-08-17,62.04
Syria,SYR,2020-08-18,62.04
Syria,SYR,2020-08-19,62.04
Syria,SYR,2020-08-20,62.04
Syria,SYR,2020-08-21,62.04
Syria,SYR,2020-08-22,62.04
Syria,SYR,2020-08-23,62.04
Syria,SYR,2020-08-24,62.04
Syria,SYR,2020-08-25,62.04
Syria,SYR,2020-08-26,62.04
Syria,SYR,2020-08-27,62.04
Syria,SYR,2020-08-28,62.04
Syria,SYR,2020-08-29,62.04
Syria,SYR,2020-08-30,56.48
Syria,SYR,2020-08-31,60.19
Syria,SYR,2020-09-01,53.24
Syria,SYR,2020-09-02,53.24
Syria,SYR,2020-09-03,53.24
Syria,SYR,2020-09-04,53.24
Syria,SYR,2020-09-05,53.24
Syria,SYR,2020-09-06,53.24
Syria,SYR,2020-09-07,53.24
Syria,SYR,2020-09-08,53.24
Syria,SYR,2020-09-09,53.24
Syria,SYR,2020-09-10,53.24
Syria,SYR,2020-09-11,53.24
Syria,SYR,2020-09-12,53.24
Syria,SYR,2020-09-13,47.69
Syria,SYR,2020-09-14,47.69
Syria,SYR,2020-09-15,47.69
Syria,SYR,2020-09-16,47.69
Syria,SYR,2020-09-17,47.69
Syria,SYR,2020-09-18,47.69
Syria,SYR,2020-09-19,47.69
Syria,SYR,2020-09-20,47.69
Syria,SYR,2020-09-21,47.69
Syria,SYR,2020-09-22,47.69
Syria,SYR,2020-09-23,47.69
Syria,SYR,2020-09-24,47.69
Syria,SYR,2020-09-25,47.69
Syria,SYR,2020-09-26,47.69
Syria,SYR,2020-09-27,47.69
Syria,SYR,2020-09-28,47.69
Syria,SYR,2020-09-29,47.69
Syria,SYR,2020-09-30,47.69
Syria,SYR,2020-10-01,47.69
Syria,SYR,2020-10-02,47.69
Syria,SYR,2020-10-03,47.69
Syria,SYR,2020-10-04,47.69
Syria,SYR,2020-10-05,47.69
Syria,SYR,2020-10-06,47.69
Syria,SYR,2020-10-07,47.69
Syria,SYR,2020-10-08,47.69
Syria,SYR,2020-10-09,47.69
Syria,SYR,2020-10-10,47.69
Syria,SYR,2020-10-11,47.69
Syria,SYR,2020-10-12,47.69
Syria,SYR,2020-10-13,47.69
Syria,SYR,2020-10-14,47.69
Syria,SYR,2020-10-15,47.69
Syria,SYR,2020-10-16,47.69
Syria,SYR,2020-10-17,47.69
Syria,SYR,2020-10-18,47.69
Syria,SYR,2020-10-19,47.69
Syria,SYR,2020-10-20,47.69
Syria,SYR,2020-10-21,47.69
Syria,SYR,2020-10-22,47.69
Syria,SYR,2020-10-23,47.69
Syria,SYR,2020-10-24,47.69
Syria,SYR,2020-10-25,47.69
Syria,SYR,2020-10-26,47.69
Syria,SYR,2020-10-27,47.69
Syria,SYR,2020-10-28,47.69
Syria,SYR,2020-10-29,43.52
Syria,SYR,2020-10-30,40.74
Syria,SYR,2020-10-31,40.74
Syria,SYR,2020-11-01,40.74
Syria,SYR,2020-11-02,40.74
Syria,SYR,2020-11-03,40.74
Syria,SYR,2020-11-04,40.74
Syria,SYR,2020-11-05,40.74
Syria,SYR,2020-11-06,40.74
Syria,SYR,2020-11-07,40.74
Syria,SYR,2020-11-08,40.74
Syria,SYR,2020-11-09,40.74
Syria,SYR,2020-11-10,54.17
Syria,SYR,2020-11-11,54.17
Syria,SYR,2020-11-12,54.17
Syria,SYR,2020-11-13,54.17
Syria,SYR,2020-11-14,54.17
Syria,SYR,2020-11-15,54.17
Syria,SYR,2020-11-16,54.17
Syria,SYR,2020-11-17,54.17
Syria,SYR,2020-11-18,54.17
Syria,SYR,2020-11-19,54.17
Syria,SYR,2020-11-20,54.17
Syria,SYR,2020-11-21,54.17
Syria,SYR,2020-11-22,54.17
Syria,SYR,2020-11-23,54.17
Syria,SYR,2020-11-24,54.17
Syria,SYR,2020-11-25,54.17
Syria,SYR,2020-11-26,54.17
Syria,SYR,2020-11-27,54.17
Syria,SYR,2020-11-28,54.17
Syria,SYR,2020-11-29,54.17
Syria,SYR,2020-11-30,54.17
Syria,SYR,2020-12-01,54.17
Syria,SYR,2020-12-02,54.17
Syria,SYR,2020-12-03,54.17
Syria,SYR,2020-12-04,54.17
Syria,SYR,2020-12-05,54.17
Syria,SYR,2020-12-06,54.17
Syria,SYR,2020-12-07,54.17
Syria,SYR,2020-12-08,54.17
Syria,SYR,2020-12-09,54.17
Syria,SYR,2020-12-10,54.17
Syria,SYR,2020-12-11,54.17
Syria,SYR,2020-12-12,54.17
Syria,SYR,2020-12-13,54.17
Syria,SYR,2020-12-14,54.17
Syria,SYR,2020-12-15,54.17
Syria,SYR,2020-12-16,54.17
Syria,SYR,2020-12-17,54.17
Syria,SYR,2020-12-18,54.17
Syria,SYR,2020-12-19,54.17
Syria,SYR,2020-12-20,54.17
Syria,SYR,2020-12-21,54.17
Syria,SYR,2020-12-22,54.17
Syria,SYR,2020-12-23,54.17
Syria,SYR,2020-12-24,54.17
Syria,SYR,2020-12-25,54.17
Syria,SYR,2020-12-26,54.17
Syria,SYR,2020-12-27,54.17
Syria,SYR,2020-12-28,54.17
Syria,SYR,2020-12-29,54.17
Syria,SYR,2020-12-30,54.17
Syria,SYR,2020-12-31,54.17
Syria,SYR,2021-01-01,54.17
Syria,SYR,2021-01-02,54.17
Syria,SYR,2021-01-03,54.17
Syria,SYR,2021-01-04,54.17
Syria,SYR,2021-01-05,54.17
Syria,SYR,2021-01-06,54.17
Syria,SYR,2021-01-07,54.17
Syria,SYR,2021-01-08,54.17
Syria,SYR,2021-01-09,54.17
Syria,SYR,2021-01-10,54.17
Syria,SYR,2021-01-11,54.17
Syria,SYR,2021-01-12,54.17
Syria,SYR,2021-01-13,54.17
Syria,SYR,2021-01-14,54.17
Syria,SYR,2021-01-15,54.17
Syria,SYR,2021-01-16,54.17
Syria,SYR,2021-01-17,54.17
Syria,SYR,2021-01-18,54.17
Syria,SYR,2021-01-19,54.17
Syria,SYR,2021-01-20,54.17
Syria,SYR,2021-01-21,54.17
Syria,SYR,2021-01-22,54.17
Syria,SYR,2021-01-23,50.46
Syria,SYR,2021-01-24,50.46
Syria,SYR,2021-01-25,50.46
Syria,SYR,2021-01-26,50.46
Syria,SYR,2021-01-27,50.46
Syria,SYR,2021-01-28,50.46
Syria,SYR,2021-01-29,50.46
Syria,SYR,2021-01-30,50.46
Syria,SYR,2021-01-31,50.46
Syria,SYR,2021-02-01,50.46
Syria,SYR,2021-02-02,40.28
Syria,SYR,2021-02-03,40.28
Syria,SYR,2021-02-04,40.28
Syria,SYR,2021-02-05,40.28
Syria,SYR,2021-02-06,40.28
Syria,SYR,2021-02-07,40.28
Syria,SYR,2021-02-08,40.28
Syria,SYR,2021-02-09,40.28
Syria,SYR,2021-02-10,40.28
Syria,SYR,2021-02-11,40.28
Syria,SYR,2021-02-12,40.28
Syria,SYR,2021-02-13,40.28
Syria,SYR,2021-02-14,40.28
Syria,SYR,2021-02-15,40.28
Taiwan,TWN,2020-01-01,2.78
Taiwan,TWN,2020-01-02,8.33
Taiwan,TWN,2020-01-03,8.33
Taiwan,TWN,2020-01-04,8.33
Taiwan,TWN,2020-01-05,8.33
Taiwan,TWN,2020-01-06,8.33
Taiwan,TWN,2020-01-07,8.33
Taiwan,TWN,2020-01-08,8.33
Taiwan,TWN,2020-01-09,8.33
Taiwan,TWN,2020-01-10,8.33
Taiwan,TWN,2020-01-11,8.33
Taiwan,TWN,2020-01-12,8.33
Taiwan,TWN,2020-01-13,8.33
Taiwan,TWN,2020-01-14,8.33
Taiwan,TWN,2020-01-15,8.33
Taiwan,TWN,2020-01-16,8.33
Taiwan,TWN,2020-01-17,8.33
Taiwan,TWN,2020-01-18,8.33
Taiwan,TWN,2020-01-19,8.33
Taiwan,TWN,2020-01-20,13.89
Taiwan,TWN,2020-01-21,13.89
Taiwan,TWN,2020-01-22,13.89
Taiwan,TWN,2020-01-23,19.44
Taiwan,TWN,2020-01-24,19.44
Taiwan,TWN,2020-01-25,19.44
Taiwan,TWN,2020-01-26,19.44
Taiwan,TWN,2020-01-27,19.44
Taiwan,TWN,2020-01-28,19.44
Taiwan,TWN,2020-01-29,19.44
Taiwan,TWN,2020-01-30,19.44
Taiwan,TWN,2020-01-31,19.44
Taiwan,TWN,2020-02-01,19.44
Taiwan,TWN,2020-02-02,30.56
Taiwan,TWN,2020-02-03,30.56
Taiwan,TWN,2020-02-04,30.56
Taiwan,TWN,2020-02-05,30.56
Taiwan,TWN,2020-02-06,30.56
Taiwan,TWN,2020-02-07,30.56
Taiwan,TWN,2020-02-08,30.56
Taiwan,TWN,2020-02-09,30.56
Taiwan,TWN,2020-02-10,30.56
Taiwan,TWN,2020-02-11,30.56
Taiwan,TWN,2020-02-12,30.56
Taiwan,TWN,2020-02-13,30.56
Taiwan,TWN,2020-02-14,30.56
Taiwan,TWN,2020-02-15,30.56
Taiwan,TWN,2020-02-16,30.56
Taiwan,TWN,2020-02-17,30.56
Taiwan,TWN,2020-02-18,30.56
Taiwan,TWN,2020-02-19,30.56
Taiwan,TWN,2020-02-20,30.56
Taiwan,TWN,2020-02-21,30.56
Taiwan,TWN,2020-02-22,30.56
Taiwan,TWN,2020-02-23,30.56
Taiwan,TWN,2020-02-24,30.56
Taiwan,TWN,2020-02-25,23.15
Taiwan,TWN,2020-02-26,23.15
Taiwan,TWN,2020-02-27,23.15
Taiwan,TWN,2020-02-28,23.15
Taiwan,TWN,2020-02-29,23.15
Taiwan,TWN,2020-03-01,23.15
Taiwan,TWN,2020-03-02,23.15
Taiwan,TWN,2020-03-03,23.15
Taiwan,TWN,2020-03-04,23.15
Taiwan,TWN,2020-03-05,28.7
Taiwan,TWN,2020-03-06,28.7
Taiwan,TWN,2020-03-07,28.7
Taiwan,TWN,2020-03-08,28.7
Taiwan,TWN,2020-03-09,28.7
Taiwan,TWN,2020-03-10,28.7
Taiwan,TWN,2020-03-11,28.7
Taiwan,TWN,2020-03-12,28.7
Taiwan,TWN,2020-03-13,28.7
Taiwan,TWN,2020-03-14,28.7
Taiwan,TWN,2020-03-15,28.7
Taiwan,TWN,2020-03-16,28.7
Taiwan,TWN,2020-03-17,28.7
Taiwan,TWN,2020-03-18,28.7
Taiwan,TWN,2020-03-19,31.48
Taiwan,TWN,2020-03-20,31.48
Taiwan,TWN,2020-03-21,31.48
Taiwan,TWN,2020-03-22,31.48
Taiwan,TWN,2020-03-23,31.48
Taiwan,TWN,2020-03-24,31.48
Taiwan,TWN,2020-03-25,31.48
Taiwan,TWN,2020-03-26,31.48
Taiwan,TWN,2020-03-27,31.48
Taiwan,TWN,2020-03-28,31.48
Taiwan,TWN,2020-03-29,31.48
Taiwan,TWN,2020-03-30,31.48
Taiwan,TWN,2020-03-31,31.48
Taiwan,TWN,2020-04-01,31.48
Taiwan,TWN,2020-04-02,31.48
Taiwan,TWN,2020-04-03,31.48
Taiwan,TWN,2020-04-04,31.48
Taiwan,TWN,2020-04-05,31.48
Taiwan,TWN,2020-04-06,31.48
Taiwan,TWN,2020-04-07,31.48
Taiwan,TWN,2020-04-08,31.48
Taiwan,TWN,2020-04-09,31.48
Taiwan,TWN,2020-04-10,31.48
Taiwan,TWN,2020-04-11,31.48
Taiwan,TWN,2020-04-12,31.48
Taiwan,TWN,2020-04-13,31.48
Taiwan,TWN,2020-04-14,31.48
Taiwan,TWN,2020-04-15,31.48
Taiwan,TWN,2020-04-16,31.48
Taiwan,TWN,2020-04-17,31.48
Taiwan,TWN,2020-04-18,31.48
Taiwan,TWN,2020-04-19,31.48
Taiwan,TWN,2020-04-20,31.48
Taiwan,TWN,2020-04-21,31.48
Taiwan,TWN,2020-04-22,31.48
Taiwan,TWN,2020-04-23,31.48
Taiwan,TWN,2020-04-24,31.48
Taiwan,TWN,2020-04-25,31.48
Taiwan,TWN,2020-04-26,31.48
Taiwan,TWN,2020-04-27,31.48
Taiwan,TWN,2020-04-28,31.48
Taiwan,TWN,2020-04-29,31.48
Taiwan,TWN,2020-04-30,31.48
Taiwan,TWN,2020-05-01,31.48
Taiwan,TWN,2020-05-02,31.48
Taiwan,TWN,2020-05-03,31.48
Taiwan,TWN,2020-05-04,31.48
Taiwan,TWN,2020-05-05,31.48
Taiwan,TWN,2020-05-06,31.48
Taiwan,TWN,2020-05-07,31.48
Taiwan,TWN,2020-05-08,25.93
Taiwan,TWN,2020-05-09,25.93
Taiwan,TWN,2020-05-10,25.93
Taiwan,TWN,2020-05-11,25.93
Taiwan,TWN,2020-05-12,25.93
Taiwan,TWN,2020-05-13,25.93
Taiwan,TWN,2020-05-14,25.93
Taiwan,TWN,2020-05-15,25.93
Taiwan,TWN,2020-05-16,25.93
Taiwan,TWN,2020-05-17,25.93
Taiwan,TWN,2020-05-18,25.93
Taiwan,TWN,2020-05-19,25.93
Taiwan,TWN,2020-05-20,25.93
Taiwan,TWN,2020-05-21,25.93
Taiwan,TWN,2020-05-22,25.93
Taiwan,TWN,2020-05-23,25.93
Taiwan,TWN,2020-05-24,25.93
Taiwan,TWN,2020-05-25,25.93
Taiwan,TWN,2020-05-26,25.93
Taiwan,TWN,2020-05-27,25.93
Taiwan,TWN,2020-05-28,25.93
Taiwan,TWN,2020-05-29,25.93
Taiwan,TWN,2020-05-30,25.93
Taiwan,TWN,2020-05-31,25.93
Taiwan,TWN,2020-06-01,25.93
Taiwan,TWN,2020-06-02,25.93
Taiwan,TWN,2020-06-03,25.93
Taiwan,TWN,2020-06-04,25.93
Taiwan,TWN,2020-06-05,25.93
Taiwan,TWN,2020-06-06,25.93
Taiwan,TWN,2020-06-07,25.93
Taiwan,TWN,2020-06-08,25.93
Taiwan,TWN,2020-06-09,25.93
Taiwan,TWN,2020-06-10,25.93
Taiwan,TWN,2020-06-11,25.93
Taiwan,TWN,2020-06-12,25.93
Taiwan,TWN,2020-06-13,25.93
Taiwan,TWN,2020-06-14,25.93
Taiwan,TWN,2020-06-15,25.93
Taiwan,TWN,2020-06-16,25.93
Taiwan,TWN,2020-06-17,25.93
Taiwan,TWN,2020-06-18,25.93
Taiwan,TWN,2020-06-19,25.93
Taiwan,TWN,2020-06-20,25.93
Taiwan,TWN,2020-06-21,25.93
Taiwan,TWN,2020-06-22,23.15
Taiwan,TWN,2020-06-23,23.15
Taiwan,TWN,2020-06-24,23.15
Taiwan,TWN,2020-06-25,23.15
Taiwan,TWN,2020-06-26,23.15
Taiwan,TWN,2020-06-27,23.15
Taiwan,TWN,2020-06-28,23.15
Taiwan,TWN,2020-06-29,23.15
Taiwan,TWN,2020-06-30,23.15
Taiwan,TWN,2020-07-01,23.15
Taiwan,TWN,2020-07-02,23.15
Taiwan,TWN,2020-07-03,23.15
Taiwan,TWN,2020-07-04,23.15
Taiwan,TWN,2020-07-05,23.15
Taiwan,TWN,2020-07-06,23.15
Taiwan,TWN,2020-07-07,23.15
Taiwan,TWN,2020-07-08,23.15
Taiwan,TWN,2020-07-09,23.15
Taiwan,TWN,2020-07-10,23.15
Taiwan,TWN,2020-07-11,23.15
Taiwan,TWN,2020-07-12,23.15
Taiwan,TWN,2020-07-13,23.15
Taiwan,TWN,2020-07-14,23.15
Taiwan,TWN,2020-07-15,23.15
Taiwan,TWN,2020-07-16,23.15
Taiwan,TWN,2020-07-17,23.15
Taiwan,TWN,2020-07-18,23.15
Taiwan,TWN,2020-07-19,23.15
Taiwan,TWN,2020-07-20,23.15
Taiwan,TWN,2020-07-21,23.15
Taiwan,TWN,2020-07-22,23.15
Taiwan,TWN,2020-07-23,23.15
Taiwan,TWN,2020-07-24,23.15
Taiwan,TWN,2020-07-25,23.15
Taiwan,TWN,2020-07-26,23.15
Taiwan,TWN,2020-07-27,23.15
Taiwan,TWN,2020-07-28,23.15
Taiwan,TWN,2020-07-29,23.15
Taiwan,TWN,2020-07-30,23.15
Taiwan,TWN,2020-07-31,23.15
Taiwan,TWN,2020-08-01,23.15
Taiwan,TWN,2020-08-02,23.15
Taiwan,TWN,2020-08-03,23.15
Taiwan,TWN,2020-08-04,23.15
Taiwan,TWN,2020-08-05,23.15
Taiwan,TWN,2020-08-06,23.15
Taiwan,TWN,2020-08-07,23.15
Taiwan,TWN,2020-08-08,23.15
Taiwan,TWN,2020-08-09,23.15
Taiwan,TWN,2020-08-10,23.15
Taiwan,TWN,2020-08-11,23.15
Taiwan,TWN,2020-08-12,23.15
Taiwan,TWN,2020-08-13,23.15
Taiwan,TWN,2020-08-14,23.15
Taiwan,TWN,2020-08-15,23.15
Taiwan,TWN,2020-08-16,23.15
Taiwan,TWN,2020-08-17,23.15
Taiwan,TWN,2020-08-18,23.15
Taiwan,TWN,2020-08-19,23.15
Taiwan,TWN,2020-08-20,23.15
Taiwan,TWN,2020-08-21,23.15
Taiwan,TWN,2020-08-22,23.15
Taiwan,TWN,2020-08-23,23.15
Taiwan,TWN,2020-08-24,23.15
Taiwan,TWN,2020-08-25,23.15
Taiwan,TWN,2020-08-26,23.15
Taiwan,TWN,2020-08-27,23.15
Taiwan,TWN,2020-08-28,23.15
Taiwan,TWN,2020-08-29,23.15
Taiwan,TWN,2020-08-30,23.15
Taiwan,TWN,2020-08-31,23.15
Taiwan,TWN,2020-09-01,23.15
Taiwan,TWN,2020-09-02,23.15
Taiwan,TWN,2020-09-03,23.15
Taiwan,TWN,2020-09-04,23.15
Taiwan,TWN,2020-09-05,23.15
Taiwan,TWN,2020-09-06,23.15
Taiwan,TWN,2020-09-07,23.15
Taiwan,TWN,2020-09-08,23.15
Taiwan,TWN,2020-09-09,23.15
Taiwan,TWN,2020-09-10,23.15
Taiwan,TWN,2020-09-11,23.15
Taiwan,TWN,2020-09-12,23.15
Taiwan,TWN,2020-09-13,23.15
Taiwan,TWN,2020-09-14,23.15
Taiwan,TWN,2020-09-15,23.15
Taiwan,TWN,2020-09-16,23.15
Taiwan,TWN,2020-09-17,23.15
Taiwan,TWN,2020-09-18,23.15
Taiwan,TWN,2020-09-19,23.15
Taiwan,TWN,2020-09-20,23.15
Taiwan,TWN,2020-09-21,23.15
Taiwan,TWN,2020-09-22,23.15
Taiwan,TWN,2020-09-23,23.15
Taiwan,TWN,2020-09-24,23.15
Taiwan,TWN,2020-09-25,23.15
Taiwan,TWN,2020-09-26,23.15
Taiwan,TWN,2020-09-27,23.15
Taiwan,TWN,2020-09-28,23.15
Taiwan,TWN,2020-09-29,23.15
Taiwan,TWN,2020-09-30,23.15
Taiwan,TWN,2020-10-01,23.15
Taiwan,TWN,2020-10-02,23.15
Taiwan,TWN,2020-10-03,23.15
Taiwan,TWN,2020-10-04,23.15
Taiwan,TWN,2020-10-05,23.15
Taiwan,TWN,2020-10-06,23.15
Taiwan,TWN,2020-10-07,23.15
Taiwan,TWN,2020-10-08,23.15
Taiwan,TWN,2020-10-09,23.15
Taiwan,TWN,2020-10-10,23.15
Taiwan,TWN,2020-10-11,23.15
Taiwan,TWN,2020-10-12,23.15
Taiwan,TWN,2020-10-13,23.15
Taiwan,TWN,2020-10-14,23.15
Taiwan,TWN,2020-10-15,23.15
Taiwan,TWN,2020-10-16,23.15
Taiwan,TWN,2020-10-17,23.15
Taiwan,TWN,2020-10-18,23.15
Taiwan,TWN,2020-10-19,23.15
Taiwan,TWN,2020-10-20,23.15
Taiwan,TWN,2020-10-21,23.15
Taiwan,TWN,2020-10-22,23.15
Taiwan,TWN,2020-10-23,23.15
Taiwan,TWN,2020-10-24,23.15
Taiwan,TWN,2020-10-25,23.15
Taiwan,TWN,2020-10-26,23.15
Taiwan,TWN,2020-10-27,23.15
Taiwan,TWN,2020-10-28,23.15
Taiwan,TWN,2020-10-29,23.15
Taiwan,TWN,2020-10-30,23.15
Taiwan,TWN,2020-10-31,23.15
Taiwan,TWN,2020-11-01,23.15
Taiwan,TWN,2020-11-02,23.15
Taiwan,TWN,2020-11-03,23.15
Taiwan,TWN,2020-11-04,23.15
Taiwan,TWN,2020-11-05,23.15
Taiwan,TWN,2020-11-06,23.15
Taiwan,TWN,2020-11-07,23.15
Taiwan,TWN,2020-11-08,23.15
Taiwan,TWN,2020-11-09,23.15
Taiwan,TWN,2020-11-10,23.15
Taiwan,TWN,2020-11-11,23.15
Taiwan,TWN,2020-11-12,23.15
Taiwan,TWN,2020-11-13,23.15
Taiwan,TWN,2020-11-14,23.15
Taiwan,TWN,2020-11-15,23.15
Taiwan,TWN,2020-11-16,23.15
Taiwan,TWN,2020-11-17,23.15
Taiwan,TWN,2020-11-18,23.15
Taiwan,TWN,2020-11-19,23.15
Taiwan,TWN,2020-11-20,23.15
Taiwan,TWN,2020-11-21,23.15
Taiwan,TWN,2020-11-22,23.15
Taiwan,TWN,2020-11-23,23.15
Taiwan,TWN,2020-11-24,23.15
Taiwan,TWN,2020-11-25,23.15
Taiwan,TWN,2020-11-26,23.15
Taiwan,TWN,2020-11-27,23.15
Taiwan,TWN,2020-11-28,23.15
Taiwan,TWN,2020-11-29,23.15
Taiwan,TWN,2020-11-30,23.15
Taiwan,TWN,2020-12-01,19.44
Taiwan,TWN,2020-12-02,19.44
Taiwan,TWN,2020-12-03,19.44
Taiwan,TWN,2020-12-04,19.44
Taiwan,TWN,2020-12-05,19.44
Taiwan,TWN,2020-12-06,19.44
Taiwan,TWN,2020-12-07,19.44
Taiwan,TWN,2020-12-08,19.44
Taiwan,TWN,2020-12-09,19.44
Taiwan,TWN,2020-12-10,19.44
Taiwan,TWN,2020-12-11,19.44
Taiwan,TWN,2020-12-12,19.44
Taiwan,TWN,2020-12-13,19.44
Taiwan,TWN,2020-12-14,19.44
Taiwan,TWN,2020-12-15,19.44
Taiwan,TWN,2020-12-16,19.44
Taiwan,TWN,2020-12-17,19.44
Taiwan,TWN,2020-12-18,19.44
Taiwan,TWN,2020-12-19,19.44
Taiwan,TWN,2020-12-20,19.44
Taiwan,TWN,2020-12-21,19.44
Taiwan,TWN,2020-12-22,19.44
Taiwan,TWN,2020-12-23,19.44
Taiwan,TWN,2020-12-24,19.44
Taiwan,TWN,2020-12-25,19.44
Taiwan,TWN,2020-12-26,19.44
Taiwan,TWN,2020-12-27,19.44
Taiwan,TWN,2020-12-28,19.44
Taiwan,TWN,2020-12-29,19.44
Taiwan,TWN,2020-12-30,19.44
Taiwan,TWN,2020-12-31,19.44
Taiwan,TWN,2021-01-01,19.44
Taiwan,TWN,2021-01-02,19.44
Taiwan,TWN,2021-01-03,19.44
Taiwan,TWN,2021-01-04,19.44
Taiwan,TWN,2021-01-05,19.44
Taiwan,TWN,2021-01-06,19.44
Taiwan,TWN,2021-01-07,19.44
Taiwan,TWN,2021-01-08,19.44
Taiwan,TWN,2021-01-09,19.44
Taiwan,TWN,2021-01-10,19.44
Taiwan,TWN,2021-01-11,19.44
Taiwan,TWN,2021-01-12,19.44
Taiwan,TWN,2021-01-13,19.44
Taiwan,TWN,2021-01-14,19.44
Taiwan,TWN,2021-01-15,19.44
Taiwan,TWN,2021-01-16,19.44
Taiwan,TWN,2021-01-17,19.44
Taiwan,TWN,2021-01-18,19.44
Taiwan,TWN,2021-01-19,19.44
Taiwan,TWN,2021-01-20,19.44
Taiwan,TWN,2021-01-21,25
Taiwan,TWN,2021-01-22,25
Taiwan,TWN,2021-01-23,25
Taiwan,TWN,2021-01-24,25
Taiwan,TWN,2021-01-25,25
Taiwan,TWN,2021-01-26,25
Taiwan,TWN,2021-01-27,25
Taiwan,TWN,2021-01-28,25
Taiwan,TWN,2021-01-29,25
Taiwan,TWN,2021-01-30,25
Taiwan,TWN,2021-01-31,25
Taiwan,TWN,2021-02-01,25
Taiwan,TWN,2021-02-02,25
Taiwan,TWN,2021-02-03,25
Taiwan,TWN,2021-02-04,25
Taiwan,TWN,2021-02-05,25
Taiwan,TWN,2021-02-06,25
Taiwan,TWN,2021-02-07,25
Taiwan,TWN,2021-02-08,25
Taiwan,TWN,2021-02-09,25
Taiwan,TWN,2021-02-10,25
Taiwan,TWN,2021-02-11,25
Taiwan,TWN,2021-02-12,25
Taiwan,TWN,2021-02-13,25
Taiwan,TWN,2021-02-14,25
Taiwan,TWN,2021-02-15,25
Taiwan,TWN,2021-02-16,25
Taiwan,TWN,2021-02-17,25
Taiwan,TWN,2021-02-18,25
Taiwan,TWN,2021-02-19,25
Taiwan,TWN,2021-02-20,25
Taiwan,TWN,2021-02-21,25
Taiwan,TWN,2021-02-22,25
Taiwan,TWN,2021-02-23,25
Taiwan,TWN,2021-02-24,25
Taiwan,TWN,2021-02-25,25
Taiwan,TWN,2021-02-26,25
Taiwan,TWN,2021-02-27,25
Taiwan,TWN,2021-02-28,25
Taiwan,TWN,2021-03-01,25
Taiwan,TWN,2021-03-02,25
Taiwan,TWN,2021-03-03,25
Taiwan,TWN,2021-03-04,25
Taiwan,TWN,2021-03-05,25
Taiwan,TWN,2021-03-06,25
Taiwan,TWN,2021-03-07,25
Taiwan,TWN,2021-03-08,25
Tajikistan,TJK,2020-01-01,0
Tajikistan,TJK,2020-01-02,0
Tajikistan,TJK,2020-01-03,0
Tajikistan,TJK,2020-01-04,0
Tajikistan,TJK,2020-01-05,0
Tajikistan,TJK,2020-01-06,0
Tajikistan,TJK,2020-01-07,0
Tajikistan,TJK,2020-01-08,0
Tajikistan,TJK,2020-01-09,0
Tajikistan,TJK,2020-01-10,0
Tajikistan,TJK,2020-01-11,0
Tajikistan,TJK,2020-01-12,0
Tajikistan,TJK,2020-01-13,0
Tajikistan,TJK,2020-01-14,0
Tajikistan,TJK,2020-01-15,0
Tajikistan,TJK,2020-01-16,0
Tajikistan,TJK,2020-01-17,0
Tajikistan,TJK,2020-01-18,0
Tajikistan,TJK,2020-01-19,0
Tajikistan,TJK,2020-01-20,0
Tajikistan,TJK,2020-01-21,5.56
Tajikistan,TJK,2020-01-22,5.56
Tajikistan,TJK,2020-01-23,5.56
Tajikistan,TJK,2020-01-24,5.56
Tajikistan,TJK,2020-01-25,5.56
Tajikistan,TJK,2020-01-26,5.56
Tajikistan,TJK,2020-01-27,5.56
Tajikistan,TJK,2020-01-28,5.56
Tajikistan,TJK,2020-01-29,5.56
Tajikistan,TJK,2020-01-30,5.56
Tajikistan,TJK,2020-01-31,5.56
Tajikistan,TJK,2020-02-01,5.56
Tajikistan,TJK,2020-02-02,5.56
Tajikistan,TJK,2020-02-03,11.11
Tajikistan,TJK,2020-02-04,11.11
Tajikistan,TJK,2020-02-05,11.11
Tajikistan,TJK,2020-02-06,11.11
Tajikistan,TJK,2020-02-07,11.11
Tajikistan,TJK,2020-02-08,11.11
Tajikistan,TJK,2020-02-09,11.11
Tajikistan,TJK,2020-02-10,11.11
Tajikistan,TJK,2020-02-11,11.11
Tajikistan,TJK,2020-02-12,11.11
Tajikistan,TJK,2020-02-13,11.11
Tajikistan,TJK,2020-02-14,11.11
Tajikistan,TJK,2020-02-15,11.11
Tajikistan,TJK,2020-02-16,11.11
Tajikistan,TJK,2020-02-17,11.11
Tajikistan,TJK,2020-02-18,11.11
Tajikistan,TJK,2020-02-19,11.11
Tajikistan,TJK,2020-02-20,11.11
Tajikistan,TJK,2020-02-21,11.11
Tajikistan,TJK,2020-02-22,11.11
Tajikistan,TJK,2020-02-23,11.11
Tajikistan,TJK,2020-02-24,11.11
Tajikistan,TJK,2020-02-25,11.11
Tajikistan,TJK,2020-02-26,11.11
Tajikistan,TJK,2020-02-27,11.11
Tajikistan,TJK,2020-02-28,11.11
Tajikistan,TJK,2020-02-29,11.11
Tajikistan,TJK,2020-03-01,11.11
Tajikistan,TJK,2020-03-02,11.11
Tajikistan,TJK,2020-03-03,13.89
Tajikistan,TJK,2020-03-04,13.89
Tajikistan,TJK,2020-03-05,13.89
Tajikistan,TJK,2020-03-06,13.89
Tajikistan,TJK,2020-03-07,13.89
Tajikistan,TJK,2020-03-08,13.89
Tajikistan,TJK,2020-03-09,13.89
Tajikistan,TJK,2020-03-10,13.89
Tajikistan,TJK,2020-03-11,13.89
Tajikistan,TJK,2020-03-12,13.89
Tajikistan,TJK,2020-03-13,13.89
Tajikistan,TJK,2020-03-14,13.89
Tajikistan,TJK,2020-03-15,13.89
Tajikistan,TJK,2020-03-16,13.89
Tajikistan,TJK,2020-03-17,13.89
Tajikistan,TJK,2020-03-18,19.44
Tajikistan,TJK,2020-03-19,19.44
Tajikistan,TJK,2020-03-20,19.44
Tajikistan,TJK,2020-03-21,19.44
Tajikistan,TJK,2020-03-22,19.44
Tajikistan,TJK,2020-03-23,19.44
Tajikistan,TJK,2020-03-24,19.44
Tajikistan,TJK,2020-03-25,19.44
Tajikistan,TJK,2020-03-26,19.44
Tajikistan,TJK,2020-03-27,19.44
Tajikistan,TJK,2020-03-28,19.44
Tajikistan,TJK,2020-03-29,19.44
Tajikistan,TJK,2020-03-30,19.44
Tajikistan,TJK,2020-03-31,19.44
Tajikistan,TJK,2020-04-01,19.44
Tajikistan,TJK,2020-04-02,19.44
Tajikistan,TJK,2020-04-03,19.44
Tajikistan,TJK,2020-04-04,19.44
Tajikistan,TJK,2020-04-05,19.44
Tajikistan,TJK,2020-04-06,19.44
Tajikistan,TJK,2020-04-07,19.44
Tajikistan,TJK,2020-04-08,19.44
Tajikistan,TJK,2020-04-09,19.44
Tajikistan,TJK,2020-04-10,22.22
Tajikistan,TJK,2020-04-11,22.22
Tajikistan,TJK,2020-04-12,22.22
Tajikistan,TJK,2020-04-13,22.22
Tajikistan,TJK,2020-04-14,22.22
Tajikistan,TJK,2020-04-15,22.22
Tajikistan,TJK,2020-04-16,22.22
Tajikistan,TJK,2020-04-17,22.22
Tajikistan,TJK,2020-04-18,33.33
Tajikistan,TJK,2020-04-19,33.33
Tajikistan,TJK,2020-04-20,33.33
Tajikistan,TJK,2020-04-21,33.33
Tajikistan,TJK,2020-04-22,33.33
Tajikistan,TJK,2020-04-23,33.33
Tajikistan,TJK,2020-04-24,33.33
Tajikistan,TJK,2020-04-25,40.74
Tajikistan,TJK,2020-04-26,40.74
Tajikistan,TJK,2020-04-27,40.74
Tajikistan,TJK,2020-04-28,40.74
Tajikistan,TJK,2020-04-29,40.74
Tajikistan,TJK,2020-04-30,40.74
Tajikistan,TJK,2020-05-01,40.74
Tajikistan,TJK,2020-05-02,40.74
Tajikistan,TJK,2020-05-03,40.74
Tajikistan,TJK,2020-05-04,40.74
Tajikistan,TJK,2020-05-05,40.74
Tajikistan,TJK,2020-05-06,40.74
Tajikistan,TJK,2020-05-07,40.74
Tajikistan,TJK,2020-05-08,40.74
Tajikistan,TJK,2020-05-09,46.3
Tajikistan,TJK,2020-05-10,46.3
Tajikistan,TJK,2020-05-11,46.3
Tajikistan,TJK,2020-05-12,44.44
Tajikistan,TJK,2020-05-13,44.44
Tajikistan,TJK,2020-05-14,44.44
Tajikistan,TJK,2020-05-15,44.44
Tajikistan,TJK,2020-05-16,44.44
Tajikistan,TJK,2020-05-17,44.44
Tajikistan,TJK,2020-05-18,44.44
Tajikistan,TJK,2020-05-19,44.44
Tajikistan,TJK,2020-05-20,44.44
Tajikistan,TJK,2020-05-21,44.44
Tajikistan,TJK,2020-05-22,44.44
Tajikistan,TJK,2020-05-23,44.44
Tajikistan,TJK,2020-05-24,44.44
Tajikistan,TJK,2020-05-25,44.44
Tajikistan,TJK,2020-05-26,44.44
Tajikistan,TJK,2020-05-27,44.44
Tajikistan,TJK,2020-05-28,44.44
Tajikistan,TJK,2020-05-29,44.44
Tajikistan,TJK,2020-05-30,44.44
Tajikistan,TJK,2020-05-31,44.44
Tajikistan,TJK,2020-06-01,44.44
Tajikistan,TJK,2020-06-02,44.44
Tajikistan,TJK,2020-06-03,58.33
Tajikistan,TJK,2020-06-04,58.33
Tajikistan,TJK,2020-06-05,58.33
Tajikistan,TJK,2020-06-06,58.33
Tajikistan,TJK,2020-06-07,58.33
Tajikistan,TJK,2020-06-08,58.33
Tajikistan,TJK,2020-06-09,58.33
Tajikistan,TJK,2020-06-10,58.33
Tajikistan,TJK,2020-06-11,58.33
Tajikistan,TJK,2020-06-12,58.33
Tajikistan,TJK,2020-06-13,58.33
Tajikistan,TJK,2020-06-14,58.33
Tajikistan,TJK,2020-06-15,57.41
Tajikistan,TJK,2020-06-16,57.41
Tajikistan,TJK,2020-06-17,57.41
Tajikistan,TJK,2020-06-18,57.41
Tajikistan,TJK,2020-06-19,57.41
Tajikistan,TJK,2020-06-20,65.74
Tajikistan,TJK,2020-06-21,65.74
Tajikistan,TJK,2020-06-22,65.74
Tajikistan,TJK,2020-06-23,65.74
Tajikistan,TJK,2020-06-24,65.74
Tajikistan,TJK,2020-06-25,65.74
Tajikistan,TJK,2020-06-26,65.74
Tajikistan,TJK,2020-06-27,65.74
Tajikistan,TJK,2020-06-28,65.74
Tajikistan,TJK,2020-06-29,65.74
Tajikistan,TJK,2020-06-30,65.74
Tajikistan,TJK,2020-07-01,62.96
Tajikistan,TJK,2020-07-02,62.96
Tajikistan,TJK,2020-07-03,62.96
Tajikistan,TJK,2020-07-04,62.96
Tajikistan,TJK,2020-07-05,62.96
Tajikistan,TJK,2020-07-06,62.96
Tajikistan,TJK,2020-07-07,62.96
Tajikistan,TJK,2020-07-08,62.96
Tajikistan,TJK,2020-07-09,62.96
Tajikistan,TJK,2020-07-10,62.96
Tajikistan,TJK,2020-07-11,62.96
Tajikistan,TJK,2020-07-12,62.96
Tajikistan,TJK,2020-07-13,62.96
Tajikistan,TJK,2020-07-14,62.96
Tajikistan,TJK,2020-07-15,62.96
Tajikistan,TJK,2020-07-16,54.63
Tajikistan,TJK,2020-07-17,54.63
Tajikistan,TJK,2020-07-18,54.63
Tajikistan,TJK,2020-07-19,54.63
Tajikistan,TJK,2020-07-20,54.63
Tajikistan,TJK,2020-07-21,54.63
Tajikistan,TJK,2020-07-22,54.63
Tajikistan,TJK,2020-07-23,54.63
Tajikistan,TJK,2020-07-24,49.07
Tajikistan,TJK,2020-07-25,49.07
Tajikistan,TJK,2020-07-26,49.07
Tajikistan,TJK,2020-07-27,49.07
Tajikistan,TJK,2020-07-28,49.07
Tajikistan,TJK,2020-07-29,49.07
Tajikistan,TJK,2020-07-30,49.07
Tajikistan,TJK,2020-07-31,49.07
Tajikistan,TJK,2020-08-01,49.07
Tajikistan,TJK,2020-08-02,49.07
Tajikistan,TJK,2020-08-03,49.07
Tajikistan,TJK,2020-08-04,49.07
Tajikistan,TJK,2020-08-05,49.07
Tajikistan,TJK,2020-08-06,49.07
Tajikistan,TJK,2020-08-07,47.22
Tajikistan,TJK,2020-08-08,47.22
Tajikistan,TJK,2020-08-09,47.22
Tajikistan,TJK,2020-08-10,47.22
Tajikistan,TJK,2020-08-11,47.22
Tajikistan,TJK,2020-08-12,47.22
Tajikistan,TJK,2020-08-13,47.22
Tajikistan,TJK,2020-08-14,47.22
Tajikistan,TJK,2020-08-15,47.22
Tajikistan,TJK,2020-08-16,47.22
Tajikistan,TJK,2020-08-17,47.22
Tajikistan,TJK,2020-08-18,47.22
Tajikistan,TJK,2020-08-19,47.22
Tajikistan,TJK,2020-08-20,47.22
Tajikistan,TJK,2020-08-21,47.22
Tajikistan,TJK,2020-08-22,47.22
Tajikistan,TJK,2020-08-23,47.22
Tajikistan,TJK,2020-08-24,47.22
Tajikistan,TJK,2020-08-25,47.22
Tajikistan,TJK,2020-08-26,47.22
Tajikistan,TJK,2020-08-27,47.22
Tajikistan,TJK,2020-08-28,38.89
Tajikistan,TJK,2020-08-29,38.89
Tajikistan,TJK,2020-08-30,38.89
Tajikistan,TJK,2020-08-31,38.89
Tajikistan,TJK,2020-09-01,38.89
Tajikistan,TJK,2020-09-02,38.89
Tajikistan,TJK,2020-09-03,38.89
Tajikistan,TJK,2020-09-04,38.89
Tajikistan,TJK,2020-09-05,38.89
Tajikistan,TJK,2020-09-06,38.89
Tajikistan,TJK,2020-09-07,38.89
Tajikistan,TJK,2020-09-08,33.33
Tajikistan,TJK,2020-09-09,33.33
Tajikistan,TJK,2020-09-10,33.33
Tajikistan,TJK,2020-09-11,33.33
Tajikistan,TJK,2020-09-12,33.33
Tajikistan,TJK,2020-09-13,33.33
Tajikistan,TJK,2020-09-14,33.33
Tajikistan,TJK,2020-09-15,33.33
Tajikistan,TJK,2020-09-16,33.33
Tajikistan,TJK,2020-09-17,33.33
Tajikistan,TJK,2020-09-18,33.33
Tajikistan,TJK,2020-09-19,33.33
Tajikistan,TJK,2020-09-20,33.33
Tajikistan,TJK,2020-09-21,33.33
Tajikistan,TJK,2020-09-22,33.33
Tajikistan,TJK,2020-09-23,33.33
Tajikistan,TJK,2020-09-24,33.33
Tajikistan,TJK,2020-09-25,33.33
Tajikistan,TJK,2020-09-26,33.33
Tajikistan,TJK,2020-09-27,33.33
Tajikistan,TJK,2020-09-28,33.33
Tajikistan,TJK,2020-09-29,36.11
Tajikistan,TJK,2020-09-30,36.11
Tajikistan,TJK,2020-10-01,36.11
Tajikistan,TJK,2020-10-02,36.11
Tajikistan,TJK,2020-10-03,36.11
Tajikistan,TJK,2020-10-04,36.11
Tajikistan,TJK,2020-10-05,36.11
Tajikistan,TJK,2020-10-06,36.11
Tajikistan,TJK,2020-10-07,36.11
Tajikistan,TJK,2020-10-08,36.11
Tajikistan,TJK,2020-10-09,36.11
Tajikistan,TJK,2020-10-10,36.11
Tajikistan,TJK,2020-10-11,36.11
Tajikistan,TJK,2020-10-12,36.11
Tajikistan,TJK,2020-10-13,36.11
Tajikistan,TJK,2020-10-14,36.11
Tajikistan,TJK,2020-10-15,36.11
Tajikistan,TJK,2020-10-16,36.11
Tajikistan,TJK,2020-10-17,36.11
Tajikistan,TJK,2020-10-18,36.11
Tajikistan,TJK,2020-10-19,36.11
Tajikistan,TJK,2020-10-20,36.11
Tajikistan,TJK,2020-10-21,36.11
Tajikistan,TJK,2020-10-22,36.11
Tajikistan,TJK,2020-10-23,36.11
Tajikistan,TJK,2020-10-24,36.11
Tajikistan,TJK,2020-10-25,36.11
Tajikistan,TJK,2020-10-26,36.11
Tajikistan,TJK,2020-10-27,36.11
Tajikistan,TJK,2020-10-28,36.11
Tajikistan,TJK,2020-10-29,36.11
Tajikistan,TJK,2020-10-30,36.11
Tajikistan,TJK,2020-10-31,36.11
Tajikistan,TJK,2020-11-01,36.11
Tajikistan,TJK,2020-11-02,33.33
Tajikistan,TJK,2020-11-03,33.33
Tajikistan,TJK,2020-11-04,33.33
Tajikistan,TJK,2020-11-05,33.33
Tajikistan,TJK,2020-11-06,33.33
Tajikistan,TJK,2020-11-07,33.33
Tajikistan,TJK,2020-11-08,33.33
Tajikistan,TJK,2020-11-09,33.33
Tajikistan,TJK,2020-11-10,33.33
Tajikistan,TJK,2020-11-11,33.33
Tajikistan,TJK,2020-11-12,33.33
Tajikistan,TJK,2020-11-13,33.33
Tajikistan,TJK,2020-11-14,33.33
Tajikistan,TJK,2020-11-15,33.33
Tajikistan,TJK,2020-11-16,33.33
Tajikistan,TJK,2020-11-17,33.33
Tajikistan,TJK,2020-11-18,33.33
Tajikistan,TJK,2020-11-19,33.33
Tajikistan,TJK,2020-11-20,33.33
Tajikistan,TJK,2020-11-21,33.33
Tajikistan,TJK,2020-11-22,33.33
Tajikistan,TJK,2020-11-23,33.33
Tajikistan,TJK,2020-11-24,33.33
Tajikistan,TJK,2020-11-25,33.33
Tajikistan,TJK,2020-11-26,33.33
Tajikistan,TJK,2020-11-27,33.33
Tajikistan,TJK,2020-11-28,33.33
Tajikistan,TJK,2020-11-29,33.33
Tajikistan,TJK,2020-11-30,33.33
Tajikistan,TJK,2020-12-01,33.33
Tajikistan,TJK,2020-12-02,33.33
Tajikistan,TJK,2020-12-03,33.33
Tajikistan,TJK,2020-12-04,33.33
Tajikistan,TJK,2020-12-05,33.33
Tajikistan,TJK,2020-12-06,33.33
Tajikistan,TJK,2020-12-07,33.33
Tajikistan,TJK,2020-12-08,33.33
Tajikistan,TJK,2020-12-09,33.33
Tajikistan,TJK,2020-12-10,33.33
Tajikistan,TJK,2020-12-11,33.33
Tajikistan,TJK,2020-12-12,33.33
Tajikistan,TJK,2020-12-13,33.33
Tajikistan,TJK,2020-12-14,33.33
Tajikistan,TJK,2020-12-15,33.33
Tajikistan,TJK,2020-12-16,33.33
Tajikistan,TJK,2020-12-17,36.11
Tajikistan,TJK,2020-12-18,36.11
Tajikistan,TJK,2020-12-19,38.89
Tajikistan,TJK,2020-12-20,38.89
Tajikistan,TJK,2020-12-21,38.89
Tajikistan,TJK,2020-12-22,38.89
Tajikistan,TJK,2020-12-23,38.89
Tajikistan,TJK,2020-12-24,38.89
Tajikistan,TJK,2020-12-25,38.89
Tajikistan,TJK,2020-12-26,38.89
Tajikistan,TJK,2020-12-27,38.89
Tajikistan,TJK,2020-12-28,38.89
Tajikistan,TJK,2020-12-29,38.89
Tajikistan,TJK,2020-12-30,38.89
Tajikistan,TJK,2020-12-31,38.89
Tajikistan,TJK,2021-01-01,38.89
Tajikistan,TJK,2021-01-02,38.89
Tajikistan,TJK,2021-01-03,38.89
Tajikistan,TJK,2021-01-04,38.89
Tajikistan,TJK,2021-01-05,42.59
Tajikistan,TJK,2021-01-06,42.59
Tajikistan,TJK,2021-01-07,42.59
Tajikistan,TJK,2021-01-08,42.59
Tajikistan,TJK,2021-01-09,42.59
Tajikistan,TJK,2021-01-10,42.59
Tajikistan,TJK,2021-01-11,42.59
Tajikistan,TJK,2021-01-12,42.59
Tajikistan,TJK,2021-01-13,42.59
Tajikistan,TJK,2021-01-14,42.59
Tajikistan,TJK,2021-01-15,42.59
Tajikistan,TJK,2021-01-16,42.59
Tajikistan,TJK,2021-01-17,42.59
Tajikistan,TJK,2021-01-18,42.59
Tajikistan,TJK,2021-01-19,44.44
Tajikistan,TJK,2021-01-20,44.44
Tajikistan,TJK,2021-01-21,44.44
Tajikistan,TJK,2021-01-22,44.44
Tajikistan,TJK,2021-01-23,37.04
Tajikistan,TJK,2021-01-24,37.04
Tajikistan,TJK,2021-01-25,37.04
Tajikistan,TJK,2021-01-26,37.04
Tajikistan,TJK,2021-01-27,37.04
Tajikistan,TJK,2021-01-28,37.04
Tajikistan,TJK,2021-01-29,37.04
Tajikistan,TJK,2021-01-30,37.04
Tajikistan,TJK,2021-01-31,25.93
Tajikistan,TJK,2021-02-01,25.93
Tajikistan,TJK,2021-02-02,25.93
Tajikistan,TJK,2021-02-03,25.93
Tajikistan,TJK,2021-02-04,22.22
Tajikistan,TJK,2021-02-05,22.22
Tajikistan,TJK,2021-02-06,22.22
Tajikistan,TJK,2021-02-07,22.22
Tajikistan,TJK,2021-02-08,22.22
Tajikistan,TJK,2021-02-09,22.22
Tajikistan,TJK,2021-02-10,22.22
Tajikistan,TJK,2021-02-11,22.22
Tajikistan,TJK,2021-02-12,22.22
Tajikistan,TJK,2021-02-13,22.22
Tajikistan,TJK,2021-02-14,22.22
Tajikistan,TJK,2021-02-15,22.22
Tajikistan,TJK,2021-02-16,22.22
Tajikistan,TJK,2021-02-17,22.22
Tajikistan,TJK,2021-02-18,22.22
Tajikistan,TJK,2021-02-19,22.22
Tajikistan,TJK,2021-02-20,22.22
Tajikistan,TJK,2021-02-21,22.22
Tajikistan,TJK,2021-02-22,22.22
Tajikistan,TJK,2021-02-23,22.22
Tajikistan,TJK,2021-02-24,22.22
Tajikistan,TJK,2021-02-25,16.67
Tajikistan,TJK,2021-02-26,16.67
Tajikistan,TJK,2021-02-27,16.67
Tajikistan,TJK,2021-02-28,16.67
Tajikistan,TJK,2021-03-01,16.67
Tajikistan,TJK,2021-03-02,16.67
Tajikistan,TJK,2021-03-03,16.67
Tajikistan,TJK,2021-03-04,16.67
Tajikistan,TJK,2021-03-05,16.67
Tajikistan,TJK,2021-03-06,16.67
Tajikistan,TJK,2021-03-07,16.67
Tanzania,TZA,2020-01-01,0
Tanzania,TZA,2020-01-02,0
Tanzania,TZA,2020-01-03,0
Tanzania,TZA,2020-01-04,0
Tanzania,TZA,2020-01-05,0
Tanzania,TZA,2020-01-06,0
Tanzania,TZA,2020-01-07,0
Tanzania,TZA,2020-01-08,0
Tanzania,TZA,2020-01-09,0
Tanzania,TZA,2020-01-10,0
Tanzania,TZA,2020-01-11,0
Tanzania,TZA,2020-01-12,0
Tanzania,TZA,2020-01-13,0
Tanzania,TZA,2020-01-14,0
Tanzania,TZA,2020-01-15,0
Tanzania,TZA,2020-01-16,0
Tanzania,TZA,2020-01-17,0
Tanzania,TZA,2020-01-18,0
Tanzania,TZA,2020-01-19,0
Tanzania,TZA,2020-01-20,0
Tanzania,TZA,2020-01-21,0
Tanzania,TZA,2020-01-22,0
Tanzania,TZA,2020-01-23,0
Tanzania,TZA,2020-01-24,0
Tanzania,TZA,2020-01-25,0
Tanzania,TZA,2020-01-26,0
Tanzania,TZA,2020-01-27,0
Tanzania,TZA,2020-01-28,0
Tanzania,TZA,2020-01-29,0
Tanzania,TZA,2020-01-30,2.78
Tanzania,TZA,2020-01-31,2.78
Tanzania,TZA,2020-02-01,2.78
Tanzania,TZA,2020-02-02,2.78
Tanzania,TZA,2020-02-03,2.78
Tanzania,TZA,2020-02-04,2.78
Tanzania,TZA,2020-02-05,2.78
Tanzania,TZA,2020-02-06,2.78
Tanzania,TZA,2020-02-07,2.78
Tanzania,TZA,2020-02-08,2.78
Tanzania,TZA,2020-02-09,2.78
Tanzania,TZA,2020-02-10,2.78
Tanzania,TZA,2020-02-11,2.78
Tanzania,TZA,2020-02-12,2.78
Tanzania,TZA,2020-02-13,2.78
Tanzania,TZA,2020-02-14,2.78
Tanzania,TZA,2020-02-15,2.78
Tanzania,TZA,2020-02-16,2.78
Tanzania,TZA,2020-02-17,2.78
Tanzania,TZA,2020-02-18,2.78
Tanzania,TZA,2020-02-19,2.78
Tanzania,TZA,2020-02-20,2.78
Tanzania,TZA,2020-02-21,2.78
Tanzania,TZA,2020-02-22,2.78
Tanzania,TZA,2020-02-23,2.78
Tanzania,TZA,2020-02-24,2.78
Tanzania,TZA,2020-02-25,2.78
Tanzania,TZA,2020-02-26,2.78
Tanzania,TZA,2020-02-27,2.78
Tanzania,TZA,2020-02-28,2.78
Tanzania,TZA,2020-02-29,2.78
Tanzania,TZA,2020-03-01,2.78
Tanzania,TZA,2020-03-02,2.78
Tanzania,TZA,2020-03-03,2.78
Tanzania,TZA,2020-03-04,2.78
Tanzania,TZA,2020-03-05,2.78
Tanzania,TZA,2020-03-06,2.78
Tanzania,TZA,2020-03-07,2.78
Tanzania,TZA,2020-03-08,2.78
Tanzania,TZA,2020-03-09,2.78
Tanzania,TZA,2020-03-10,2.78
Tanzania,TZA,2020-03-11,2.78
Tanzania,TZA,2020-03-12,2.78
Tanzania,TZA,2020-03-13,2.78
Tanzania,TZA,2020-03-14,2.78
Tanzania,TZA,2020-03-15,8.33
Tanzania,TZA,2020-03-16,8.33
Tanzania,TZA,2020-03-17,32.41
Tanzania,TZA,2020-03-18,36.11
Tanzania,TZA,2020-03-19,36.11
Tanzania,TZA,2020-03-20,36.11
Tanzania,TZA,2020-03-21,36.11
Tanzania,TZA,2020-03-22,36.11
Tanzania,TZA,2020-03-23,36.11
Tanzania,TZA,2020-03-24,36.11
Tanzania,TZA,2020-03-25,36.11
Tanzania,TZA,2020-03-26,44.44
Tanzania,TZA,2020-03-27,47.22
Tanzania,TZA,2020-03-28,47.22
Tanzania,TZA,2020-03-29,47.22
Tanzania,TZA,2020-03-30,47.22
Tanzania,TZA,2020-03-31,47.22
Tanzania,TZA,2020-04-01,47.22
Tanzania,TZA,2020-04-02,47.22
Tanzania,TZA,2020-04-03,47.22
Tanzania,TZA,2020-04-04,47.22
Tanzania,TZA,2020-04-05,47.22
Tanzania,TZA,2020-04-06,47.22
Tanzania,TZA,2020-04-07,47.22
Tanzania,TZA,2020-04-08,47.22
Tanzania,TZA,2020-04-09,47.22
Tanzania,TZA,2020-04-10,47.22
Tanzania,TZA,2020-04-11,47.22
Tanzania,TZA,2020-04-12,50
Tanzania,TZA,2020-04-13,50
Tanzania,TZA,2020-04-14,50
Tanzania,TZA,2020-04-15,50
Tanzania,TZA,2020-04-16,50
Tanzania,TZA,2020-04-17,50
Tanzania,TZA,2020-04-18,50
Tanzania,TZA,2020-04-19,50
Tanzania,TZA,2020-04-20,50
Tanzania,TZA,2020-04-21,50
Tanzania,TZA,2020-04-22,50
Tanzania,TZA,2020-04-23,50
Tanzania,TZA,2020-04-24,50
Tanzania,TZA,2020-04-25,50
Tanzania,TZA,2020-04-26,50
Tanzania,TZA,2020-04-27,50
Tanzania,TZA,2020-04-28,50
Tanzania,TZA,2020-04-29,50
Tanzania,TZA,2020-04-30,50
Tanzania,TZA,2020-05-01,50
Tanzania,TZA,2020-05-02,50
Tanzania,TZA,2020-05-03,50
Tanzania,TZA,2020-05-04,50
Tanzania,TZA,2020-05-05,50
Tanzania,TZA,2020-05-06,50
Tanzania,TZA,2020-05-07,50
Tanzania,TZA,2020-05-08,50
Tanzania,TZA,2020-05-09,50
Tanzania,TZA,2020-05-10,50
Tanzania,TZA,2020-05-11,50
Tanzania,TZA,2020-05-12,50
Tanzania,TZA,2020-05-13,50
Tanzania,TZA,2020-05-14,50
Tanzania,TZA,2020-05-15,50
Tanzania,TZA,2020-05-16,50
Tanzania,TZA,2020-05-17,50
Tanzania,TZA,2020-05-18,38.89
Tanzania,TZA,2020-05-19,38.89
Tanzania,TZA,2020-05-20,38.89
Tanzania,TZA,2020-05-21,38.89
Tanzania,TZA,2020-05-22,38.89
Tanzania,TZA,2020-05-23,38.89
Tanzania,TZA,2020-05-24,38.89
Tanzania,TZA,2020-05-25,38.89
Tanzania,TZA,2020-05-26,38.89
Tanzania,TZA,2020-05-27,41.67
Tanzania,TZA,2020-05-28,41.67
Tanzania,TZA,2020-05-29,41.67
Tanzania,TZA,2020-05-30,41.67
Tanzania,TZA,2020-05-31,41.67
Tanzania,TZA,2020-06-01,32.41
Tanzania,TZA,2020-06-02,32.41
Tanzania,TZA,2020-06-03,32.41
Tanzania,TZA,2020-06-04,32.41
Tanzania,TZA,2020-06-05,32.41
Tanzania,TZA,2020-06-06,32.41
Tanzania,TZA,2020-06-07,32.41
Tanzania,TZA,2020-06-08,32.41
Tanzania,TZA,2020-06-09,32.41
Tanzania,TZA,2020-06-10,32.41
Tanzania,TZA,2020-06-11,32.41
Tanzania,TZA,2020-06-12,32.41
Tanzania,TZA,2020-06-13,32.41
Tanzania,TZA,2020-06-14,32.41
Tanzania,TZA,2020-06-15,32.41
Tanzania,TZA,2020-06-16,32.41
Tanzania,TZA,2020-06-17,32.41
Tanzania,TZA,2020-06-18,32.41
Tanzania,TZA,2020-06-19,32.41
Tanzania,TZA,2020-06-20,32.41
Tanzania,TZA,2020-06-21,32.41
Tanzania,TZA,2020-06-22,32.41
Tanzania,TZA,2020-06-23,32.41
Tanzania,TZA,2020-06-24,32.41
Tanzania,TZA,2020-06-25,32.41
Tanzania,TZA,2020-06-26,32.41
Tanzania,TZA,2020-06-27,32.41
Tanzania,TZA,2020-06-28,32.41
Tanzania,TZA,2020-06-29,28.7
Tanzania,TZA,2020-06-30,28.7
Tanzania,TZA,2020-07-01,28.7
Tanzania,TZA,2020-07-02,28.7
Tanzania,TZA,2020-07-03,28.7
Tanzania,TZA,2020-07-04,28.7
Tanzania,TZA,2020-07-05,28.7
Tanzania,TZA,2020-07-06,28.7
Tanzania,TZA,2020-07-07,28.7
Tanzania,TZA,2020-07-08,28.7
Tanzania,TZA,2020-07-09,28.7
Tanzania,TZA,2020-07-10,28.7
Tanzania,TZA,2020-07-11,28.7
Tanzania,TZA,2020-07-12,28.7
Tanzania,TZA,2020-07-13,28.7
Tanzania,TZA,2020-07-14,28.7
Tanzania,TZA,2020-07-15,28.7
Tanzania,TZA,2020-07-16,28.7
Tanzania,TZA,2020-07-17,28.7
Tanzania,TZA,2020-07-18,28.7
Tanzania,TZA,2020-07-19,28.7
Tanzania,TZA,2020-07-20,31.48
Tanzania,TZA,2020-07-21,31.48
Tanzania,TZA,2020-07-22,31.48
Tanzania,TZA,2020-07-23,31.48
Tanzania,TZA,2020-07-24,31.48
Tanzania,TZA,2020-07-25,31.48
Tanzania,TZA,2020-07-26,31.48
Tanzania,TZA,2020-07-27,31.48
Tanzania,TZA,2020-07-28,31.48
Tanzania,TZA,2020-07-29,31.48
Tanzania,TZA,2020-07-30,31.48
Tanzania,TZA,2020-07-31,31.48
Tanzania,TZA,2020-08-01,31.48
Tanzania,TZA,2020-08-02,31.48
Tanzania,TZA,2020-08-03,31.48
Tanzania,TZA,2020-08-04,31.48
Tanzania,TZA,2020-08-05,31.48
Tanzania,TZA,2020-08-06,31.48
Tanzania,TZA,2020-08-07,31.48
Tanzania,TZA,2020-08-08,31.48
Tanzania,TZA,2020-08-09,31.48
Tanzania,TZA,2020-08-10,31.48
Tanzania,TZA,2020-08-11,31.48
Tanzania,TZA,2020-08-12,31.48
Tanzania,TZA,2020-08-13,31.48
Tanzania,TZA,2020-08-14,31.48
Tanzania,TZA,2020-08-15,31.48
Tanzania,TZA,2020-08-16,31.48
Tanzania,TZA,2020-08-17,31.48
Tanzania,TZA,2020-08-18,25.93
Tanzania,TZA,2020-08-19,25.93
Tanzania,TZA,2020-08-20,25.93
Tanzania,TZA,2020-08-21,25.93
Tanzania,TZA,2020-08-22,25.93
Tanzania,TZA,2020-08-23,25.93
Tanzania,TZA,2020-08-24,25.93
Tanzania,TZA,2020-08-25,25.93
Tanzania,TZA,2020-08-26,25.93
Tanzania,TZA,2020-08-27,28.7
Tanzania,TZA,2020-08-28,28.7
Tanzania,TZA,2020-08-29,28.7
Tanzania,TZA,2020-08-30,28.7
Tanzania,TZA,2020-08-31,28.7
Tanzania,TZA,2020-09-01,28.7
Tanzania,TZA,2020-09-02,28.7
Tanzania,TZA,2020-09-03,28.7
Tanzania,TZA,2020-09-04,28.7
Tanzania,TZA,2020-09-05,28.7
Tanzania,TZA,2020-09-06,28.7
Tanzania,TZA,2020-09-07,28.7
Tanzania,TZA,2020-09-08,28.7
Tanzania,TZA,2020-09-09,28.7
Tanzania,TZA,2020-09-10,28.7
Tanzania,TZA,2020-09-11,28.7
Tanzania,TZA,2020-09-12,28.7
Tanzania,TZA,2020-09-13,28.7
Tanzania,TZA,2020-09-14,28.7
Tanzania,TZA,2020-09-15,28.7
Tanzania,TZA,2020-09-16,28.7
Tanzania,TZA,2020-09-17,12.04
Tanzania,TZA,2020-09-18,12.04
Tanzania,TZA,2020-09-19,12.04
Tanzania,TZA,2020-09-20,12.04
Tanzania,TZA,2020-09-21,12.04
Tanzania,TZA,2020-09-22,12.04
Tanzania,TZA,2020-09-23,12.04
Tanzania,TZA,2020-09-24,12.04
Tanzania,TZA,2020-09-25,12.04
Tanzania,TZA,2020-09-26,12.04
Tanzania,TZA,2020-09-27,12.04
Tanzania,TZA,2020-09-28,12.04
Tanzania,TZA,2020-09-29,12.04
Tanzania,TZA,2020-09-30,12.04
Tanzania,TZA,2020-10-01,12.04
Tanzania,TZA,2020-10-02,12.04
Tanzania,TZA,2020-10-03,12.04
Tanzania,TZA,2020-10-04,12.04
Tanzania,TZA,2020-10-05,12.04
Tanzania,TZA,2020-10-06,12.04
Tanzania,TZA,2020-10-07,12.04
Tanzania,TZA,2020-10-08,12.04
Tanzania,TZA,2020-10-09,12.04
Tanzania,TZA,2020-10-10,12.04
Tanzania,TZA,2020-10-11,12.04
Tanzania,TZA,2020-10-12,12.04
Tanzania,TZA,2020-10-13,12.04
Tanzania,TZA,2020-10-14,12.04
Tanzania,TZA,2020-10-15,17.59
Tanzania,TZA,2020-10-16,17.59
Tanzania,TZA,2020-10-17,17.59
Tanzania,TZA,2020-10-18,17.59
Tanzania,TZA,2020-10-19,17.59
Tanzania,TZA,2020-10-20,17.59
Tanzania,TZA,2020-10-21,17.59
Tanzania,TZA,2020-10-22,17.59
Tanzania,TZA,2020-10-23,17.59
Tanzania,TZA,2020-10-24,17.59
Tanzania,TZA,2020-10-25,17.59
Tanzania,TZA,2020-10-26,17.59
Tanzania,TZA,2020-10-27,17.59
Tanzania,TZA,2020-10-28,17.59
Tanzania,TZA,2020-10-29,17.59
Tanzania,TZA,2020-10-30,17.59
Tanzania,TZA,2020-10-31,17.59
Tanzania,TZA,2020-11-01,17.59
Tanzania,TZA,2020-11-02,17.59
Tanzania,TZA,2020-11-03,17.59
Tanzania,TZA,2020-11-04,17.59
Tanzania,TZA,2020-11-05,17.59
Tanzania,TZA,2020-11-06,17.59
Tanzania,TZA,2020-11-07,17.59
Tanzania,TZA,2020-11-08,17.59
Tanzania,TZA,2020-11-09,17.59
Tanzania,TZA,2020-11-10,17.59
Tanzania,TZA,2020-11-11,17.59
Tanzania,TZA,2020-11-12,17.59
Tanzania,TZA,2020-11-13,17.59
Tanzania,TZA,2020-11-14,17.59
Tanzania,TZA,2020-11-15,17.59
Tanzania,TZA,2020-11-16,17.59
Tanzania,TZA,2020-11-17,17.59
Tanzania,TZA,2020-11-18,17.59
Tanzania,TZA,2020-11-19,17.59
Tanzania,TZA,2020-11-20,17.59
Tanzania,TZA,2020-11-21,17.59
Tanzania,TZA,2020-11-22,17.59
Tanzania,TZA,2020-11-23,17.59
Tanzania,TZA,2020-11-24,17.59
Tanzania,TZA,2020-11-25,17.59
Tanzania,TZA,2020-11-26,17.59
Tanzania,TZA,2020-11-27,17.59
Tanzania,TZA,2020-11-28,17.59
Tanzania,TZA,2020-11-29,17.59
Tanzania,TZA,2020-11-30,17.59
Tanzania,TZA,2020-12-01,17.59
Tanzania,TZA,2020-12-02,17.59
Tanzania,TZA,2020-12-03,17.59
Tanzania,TZA,2020-12-04,17.59
Tanzania,TZA,2020-12-05,17.59
Tanzania,TZA,2020-12-06,17.59
Tanzania,TZA,2020-12-07,17.59
Tanzania,TZA,2020-12-08,17.59
Tanzania,TZA,2020-12-09,17.59
Tanzania,TZA,2020-12-10,17.59
Tanzania,TZA,2020-12-11,17.59
Tanzania,TZA,2020-12-12,17.59
Tanzania,TZA,2020-12-13,17.59
Tanzania,TZA,2020-12-14,6.48
Tanzania,TZA,2020-12-15,6.48
Tanzania,TZA,2020-12-16,6.48
Tanzania,TZA,2020-12-17,6.48
Tanzania,TZA,2020-12-18,6.48
Tanzania,TZA,2020-12-19,6.48
Tanzania,TZA,2020-12-20,6.48
Tanzania,TZA,2020-12-21,6.48
Tanzania,TZA,2020-12-22,6.48
Tanzania,TZA,2020-12-23,6.48
Tanzania,TZA,2020-12-24,6.48
Tanzania,TZA,2020-12-25,6.48
Tanzania,TZA,2020-12-26,6.48
Tanzania,TZA,2020-12-27,6.48
Tanzania,TZA,2020-12-28,6.48
Tanzania,TZA,2020-12-29,6.48
Tanzania,TZA,2020-12-30,6.48
Tanzania,TZA,2020-12-31,6.48
Tanzania,TZA,2021-01-01,6.48
Tanzania,TZA,2021-01-02,6.48
Tanzania,TZA,2021-01-03,6.48
Tanzania,TZA,2021-01-04,6.48
Tanzania,TZA,2021-01-05,6.48
Tanzania,TZA,2021-01-06,6.48
Tanzania,TZA,2021-01-07,6.48
Tanzania,TZA,2021-01-08,6.48
Tanzania,TZA,2021-01-09,6.48
Tanzania,TZA,2021-01-10,6.48
Tanzania,TZA,2021-01-11,6.48
Tanzania,TZA,2021-01-12,6.48
Tanzania,TZA,2021-01-13,6.48
Tanzania,TZA,2021-01-14,6.48
Tanzania,TZA,2021-01-15,6.48
Tanzania,TZA,2021-01-16,6.48
Tanzania,TZA,2021-01-17,6.48
Tanzania,TZA,2021-01-18,6.48
Tanzania,TZA,2021-01-19,6.48
Tanzania,TZA,2021-01-20,6.48
Tanzania,TZA,2021-01-21,6.48
Tanzania,TZA,2021-01-22,6.48
Tanzania,TZA,2021-01-23,6.48
Tanzania,TZA,2021-01-24,6.48
Tanzania,TZA,2021-01-25,6.48
Tanzania,TZA,2021-01-26,6.48
Tanzania,TZA,2021-01-27,6.48
Tanzania,TZA,2021-01-28,6.48
Tanzania,TZA,2021-01-29,6.48
Tanzania,TZA,2021-01-30,6.48
Tanzania,TZA,2021-01-31,6.48
Tanzania,TZA,2021-02-01,6.48
Tanzania,TZA,2021-02-02,12.04
Tanzania,TZA,2021-02-03,12.04
Tanzania,TZA,2021-02-04,12.04
Tanzania,TZA,2021-02-05,12.04
Tanzania,TZA,2021-02-06,12.04
Tanzania,TZA,2021-02-07,12.04
Tanzania,TZA,2021-02-08,12.04
Tanzania,TZA,2021-02-09,12.04
Tanzania,TZA,2021-02-10,12.04
Tanzania,TZA,2021-02-11,12.04
Tanzania,TZA,2021-02-12,12.04
Tanzania,TZA,2021-02-13,12.04
Tanzania,TZA,2021-02-14,12.04
Tanzania,TZA,2021-02-15,12.04
Tanzania,TZA,2021-02-16,8.33
Tanzania,TZA,2021-02-17,8.33
Tanzania,TZA,2021-02-18,8.33
Tanzania,TZA,2021-02-19,8.33
Tanzania,TZA,2021-02-20,8.33
Tanzania,TZA,2021-02-21,8.33
Tanzania,TZA,2021-02-22,8.33
Tanzania,TZA,2021-02-23,8.33
Tanzania,TZA,2021-02-24,8.33
Tanzania,TZA,2021-02-25,8.33
Tanzania,TZA,2021-02-26,8.33
Tanzania,TZA,2021-02-27,8.33
Tanzania,TZA,2021-02-28,8.33
Tanzania,TZA,2021-03-01,8.33
Tanzania,TZA,2021-03-02,8.33
Tanzania,TZA,2021-03-03,8.33
Tanzania,TZA,2021-03-04,8.33
Tanzania,TZA,2021-03-05,8.33
Tanzania,TZA,2021-03-06,8.33
Tanzania,TZA,2021-03-07,8.33
Tanzania,TZA,2021-03-08,8.33
Thailand,THA,2020-01-01,0
Thailand,THA,2020-01-02,0
Thailand,THA,2020-01-03,0
Thailand,THA,2020-01-04,0
Thailand,THA,2020-01-05,0
Thailand,THA,2020-01-06,0
Thailand,THA,2020-01-07,0
Thailand,THA,2020-01-08,0
Thailand,THA,2020-01-09,0
Thailand,THA,2020-01-10,0
Thailand,THA,2020-01-11,0
Thailand,THA,2020-01-12,0
Thailand,THA,2020-01-13,0
Thailand,THA,2020-01-14,0
Thailand,THA,2020-01-15,0
Thailand,THA,2020-01-16,0
Thailand,THA,2020-01-17,0
Thailand,THA,2020-01-18,0
Thailand,THA,2020-01-19,0
Thailand,THA,2020-01-20,0
Thailand,THA,2020-01-21,0
Thailand,THA,2020-01-22,0
Thailand,THA,2020-01-23,0
Thailand,THA,2020-01-24,0
Thailand,THA,2020-01-25,0
Thailand,THA,2020-01-26,0
Thailand,THA,2020-01-27,0
Thailand,THA,2020-01-28,0
Thailand,THA,2020-01-29,0
Thailand,THA,2020-01-30,0
Thailand,THA,2020-01-31,0
Thailand,THA,2020-02-01,0
Thailand,THA,2020-02-02,0
Thailand,THA,2020-02-03,0
Thailand,THA,2020-02-04,0
Thailand,THA,2020-02-05,0
Thailand,THA,2020-02-06,0
Thailand,THA,2020-02-07,0
Thailand,THA,2020-02-08,0
Thailand,THA,2020-02-09,0
Thailand,THA,2020-02-10,0
Thailand,THA,2020-02-11,0
Thailand,THA,2020-02-12,0
Thailand,THA,2020-02-13,0
Thailand,THA,2020-02-14,0
Thailand,THA,2020-02-15,0
Thailand,THA,2020-02-16,0
Thailand,THA,2020-02-17,0
Thailand,THA,2020-02-18,0
Thailand,THA,2020-02-19,0
Thailand,THA,2020-02-20,0
Thailand,THA,2020-02-21,0
Thailand,THA,2020-02-22,0
Thailand,THA,2020-02-23,0
Thailand,THA,2020-02-24,0
Thailand,THA,2020-02-25,0
Thailand,THA,2020-02-26,0
Thailand,THA,2020-02-27,0
Thailand,THA,2020-02-28,0
Thailand,THA,2020-02-29,0
Thailand,THA,2020-03-01,0
Thailand,THA,2020-03-02,0
Thailand,THA,2020-03-03,0
Thailand,THA,2020-03-04,0
Thailand,THA,2020-03-05,0
Thailand,THA,2020-03-06,16.67
Thailand,THA,2020-03-07,16.67
Thailand,THA,2020-03-08,16.67
Thailand,THA,2020-03-09,16.67
Thailand,THA,2020-03-10,25
Thailand,THA,2020-03-11,25
Thailand,THA,2020-03-12,25
Thailand,THA,2020-03-13,25
Thailand,THA,2020-03-14,25
Thailand,THA,2020-03-15,26.85
Thailand,THA,2020-03-16,33.8
Thailand,THA,2020-03-17,39.35
Thailand,THA,2020-03-18,48.61
Thailand,THA,2020-03-19,48.61
Thailand,THA,2020-03-20,48.61
Thailand,THA,2020-03-21,52.31
Thailand,THA,2020-03-22,52.31
Thailand,THA,2020-03-23,52.31
Thailand,THA,2020-03-24,52.31
Thailand,THA,2020-03-25,57.87
Thailand,THA,2020-03-26,68.06
Thailand,THA,2020-03-27,68.06
Thailand,THA,2020-03-28,68.06
Thailand,THA,2020-03-29,68.06
Thailand,THA,2020-03-30,68.06
Thailand,THA,2020-03-31,68.06
Thailand,THA,2020-04-01,68.06
Thailand,THA,2020-04-02,68.06
Thailand,THA,2020-04-03,76.85
Thailand,THA,2020-04-04,76.85
Thailand,THA,2020-04-05,76.85
Thailand,THA,2020-04-06,76.85
Thailand,THA,2020-04-07,76.85
Thailand,THA,2020-04-08,76.85
Thailand,THA,2020-04-09,76.85
Thailand,THA,2020-04-10,76.85
Thailand,THA,2020-04-11,76.85
Thailand,THA,2020-04-12,76.85
Thailand,THA,2020-04-13,76.85
Thailand,THA,2020-04-14,76.85
Thailand,THA,2020-04-15,76.85
Thailand,THA,2020-04-16,76.85
Thailand,THA,2020-04-17,76.85
Thailand,THA,2020-04-18,76.85
Thailand,THA,2020-04-19,76.85
Thailand,THA,2020-04-20,76.85
Thailand,THA,2020-04-21,76.85
Thailand,THA,2020-04-22,76.85
Thailand,THA,2020-04-23,76.85
Thailand,THA,2020-04-24,76.85
Thailand,THA,2020-04-25,76.85
Thailand,THA,2020-04-26,76.85
Thailand,THA,2020-04-27,76.85
Thailand,THA,2020-04-28,76.85
Thailand,THA,2020-04-29,76.85
Thailand,THA,2020-04-30,76.85
Thailand,THA,2020-05-01,76.85
Thailand,THA,2020-05-02,76.85
Thailand,THA,2020-05-03,75
Thailand,THA,2020-05-04,75
Thailand,THA,2020-05-05,75
Thailand,THA,2020-05-06,75
Thailand,THA,2020-05-07,75
Thailand,THA,2020-05-08,75
Thailand,THA,2020-05-09,75
Thailand,THA,2020-05-10,75
Thailand,THA,2020-05-11,75
Thailand,THA,2020-05-12,75
Thailand,THA,2020-05-13,75
Thailand,THA,2020-05-14,75
Thailand,THA,2020-05-15,75
Thailand,THA,2020-05-16,75
Thailand,THA,2020-05-17,73.15
Thailand,THA,2020-05-18,73.15
Thailand,THA,2020-05-19,75
Thailand,THA,2020-05-20,75
Thailand,THA,2020-05-21,75
Thailand,THA,2020-05-22,75
Thailand,THA,2020-05-23,75
Thailand,THA,2020-05-24,75
Thailand,THA,2020-05-25,75
Thailand,THA,2020-05-26,75
Thailand,THA,2020-05-27,75
Thailand,THA,2020-05-28,75
Thailand,THA,2020-05-29,75
Thailand,THA,2020-05-30,75
Thailand,THA,2020-05-31,75
Thailand,THA,2020-06-01,75
Thailand,THA,2020-06-02,75
Thailand,THA,2020-06-03,75
Thailand,THA,2020-06-04,75
Thailand,THA,2020-06-05,75
Thailand,THA,2020-06-06,62.96
Thailand,THA,2020-06-07,62.96
Thailand,THA,2020-06-08,62.96
Thailand,THA,2020-06-09,62.96
Thailand,THA,2020-06-10,62.96
Thailand,THA,2020-06-11,62.96
Thailand,THA,2020-06-12,62.96
Thailand,THA,2020-06-13,62.96
Thailand,THA,2020-06-14,62.96
Thailand,THA,2020-06-15,59.26
Thailand,THA,2020-06-16,59.26
Thailand,THA,2020-06-17,59.26
Thailand,THA,2020-06-18,59.26
Thailand,THA,2020-06-19,59.26
Thailand,THA,2020-06-20,59.26
Thailand,THA,2020-06-21,59.26
Thailand,THA,2020-06-22,59.26
Thailand,THA,2020-06-23,59.26
Thailand,THA,2020-06-24,59.26
Thailand,THA,2020-06-25,59.26
Thailand,THA,2020-06-26,59.26
Thailand,THA,2020-06-27,59.26
Thailand,THA,2020-06-28,59.26
Thailand,THA,2020-06-29,59.26
Thailand,THA,2020-06-30,59.26
Thailand,THA,2020-07-01,52.78
Thailand,THA,2020-07-02,52.78
Thailand,THA,2020-07-03,52.78
Thailand,THA,2020-07-04,52.78
Thailand,THA,2020-07-05,52.78
Thailand,THA,2020-07-06,52.78
Thailand,THA,2020-07-07,52.78
Thailand,THA,2020-07-08,52.78
Thailand,THA,2020-07-09,52.78
Thailand,THA,2020-07-10,52.78
Thailand,THA,2020-07-11,52.78
Thailand,THA,2020-07-12,52.78
Thailand,THA,2020-07-13,52.78
Thailand,THA,2020-07-14,52.78
Thailand,THA,2020-07-15,52.78
Thailand,THA,2020-07-16,52.78
Thailand,THA,2020-07-17,52.78
Thailand,THA,2020-07-18,52.78
Thailand,THA,2020-07-19,52.78
Thailand,THA,2020-07-20,52.78
Thailand,THA,2020-07-21,52.78
Thailand,THA,2020-07-22,52.78
Thailand,THA,2020-07-23,52.78
Thailand,THA,2020-07-24,52.78
Thailand,THA,2020-07-25,52.78
Thailand,THA,2020-07-26,52.78
Thailand,THA,2020-07-27,52.78
Thailand,THA,2020-07-28,52.78
Thailand,THA,2020-07-29,52.78
Thailand,THA,2020-07-30,52.78
Thailand,THA,2020-07-31,52.78
Thailand,THA,2020-08-01,52.78
Thailand,THA,2020-08-02,52.78
Thailand,THA,2020-08-03,52.78
Thailand,THA,2020-08-04,52.78
Thailand,THA,2020-08-05,52.78
Thailand,THA,2020-08-06,52.78
Thailand,THA,2020-08-07,52.78
Thailand,THA,2020-08-08,52.78
Thailand,THA,2020-08-09,52.78
Thailand,THA,2020-08-10,52.78
Thailand,THA,2020-08-11,52.78
Thailand,THA,2020-08-12,52.78
Thailand,THA,2020-08-13,52.78
Thailand,THA,2020-08-14,50
Thailand,THA,2020-08-15,50
Thailand,THA,2020-08-16,50
Thailand,THA,2020-08-17,50
Thailand,THA,2020-08-18,50
Thailand,THA,2020-08-19,50
Thailand,THA,2020-08-20,50
Thailand,THA,2020-08-21,50
Thailand,THA,2020-08-22,50
Thailand,THA,2020-08-23,50
Thailand,THA,2020-08-24,50
Thailand,THA,2020-08-25,50
Thailand,THA,2020-08-26,50
Thailand,THA,2020-08-27,50
Thailand,THA,2020-08-28,50
Thailand,THA,2020-08-29,50
Thailand,THA,2020-08-30,50
Thailand,THA,2020-08-31,50
Thailand,THA,2020-09-01,50
Thailand,THA,2020-09-02,50
Thailand,THA,2020-09-03,50
Thailand,THA,2020-09-04,50
Thailand,THA,2020-09-05,50
Thailand,THA,2020-09-06,50
Thailand,THA,2020-09-07,44.44
Thailand,THA,2020-09-08,44.44
Thailand,THA,2020-09-09,44.44
Thailand,THA,2020-09-10,44.44
Thailand,THA,2020-09-11,44.44
Thailand,THA,2020-09-12,44.44
Thailand,THA,2020-09-13,44.44
Thailand,THA,2020-09-14,44.44
Thailand,THA,2020-09-15,44.44
Thailand,THA,2020-09-16,44.44
Thailand,THA,2020-09-17,44.44
Thailand,THA,2020-09-18,44.44
Thailand,THA,2020-09-19,44.44
Thailand,THA,2020-09-20,44.44
Thailand,THA,2020-09-21,44.44
Thailand,THA,2020-09-22,47.22
Thailand,THA,2020-09-23,47.22
Thailand,THA,2020-09-24,47.22
Thailand,THA,2020-09-25,47.22
Thailand,THA,2020-09-26,47.22
Thailand,THA,2020-09-27,47.22
Thailand,THA,2020-09-28,47.22
Thailand,THA,2020-09-29,47.22
Thailand,THA,2020-09-30,47.22
Thailand,THA,2020-10-01,47.22
Thailand,THA,2020-10-02,47.22
Thailand,THA,2020-10-03,47.22
Thailand,THA,2020-10-04,47.22
Thailand,THA,2020-10-05,47.22
Thailand,THA,2020-10-06,47.22
Thailand,THA,2020-10-07,47.22
Thailand,THA,2020-10-08,47.22
Thailand,THA,2020-10-09,47.22
Thailand,THA,2020-10-10,47.22
Thailand,THA,2020-10-11,47.22
Thailand,THA,2020-10-12,47.22
Thailand,THA,2020-10-13,47.22
Thailand,THA,2020-10-14,47.22
Thailand,THA,2020-10-15,47.22
Thailand,THA,2020-10-16,47.22
Thailand,THA,2020-10-17,47.22
Thailand,THA,2020-10-18,47.22
Thailand,THA,2020-10-19,47.22
Thailand,THA,2020-10-20,47.22
Thailand,THA,2020-10-21,47.22
Thailand,THA,2020-10-22,47.22
Thailand,THA,2020-10-23,47.22
Thailand,THA,2020-10-24,47.22
Thailand,THA,2020-10-25,47.22
Thailand,THA,2020-10-26,47.22
Thailand,THA,2020-10-27,47.22
Thailand,THA,2020-10-28,47.22
Thailand,THA,2020-10-29,47.22
Thailand,THA,2020-10-30,47.22
Thailand,THA,2020-10-31,47.22
Thailand,THA,2020-11-01,47.22
Thailand,THA,2020-11-02,47.22
Thailand,THA,2020-11-03,47.22
Thailand,THA,2020-11-04,47.22
Thailand,THA,2020-11-05,47.22
Thailand,THA,2020-11-06,47.22
Thailand,THA,2020-11-07,47.22
Thailand,THA,2020-11-08,47.22
Thailand,THA,2020-11-09,47.22
Thailand,THA,2020-11-10,47.22
Thailand,THA,2020-11-11,47.22
Thailand,THA,2020-11-12,47.22
Thailand,THA,2020-11-13,47.22
Thailand,THA,2020-11-14,47.22
Thailand,THA,2020-11-15,47.22
Thailand,THA,2020-11-16,47.22
Thailand,THA,2020-11-17,47.22
Thailand,THA,2020-11-18,47.22
Thailand,THA,2020-11-19,47.22
Thailand,THA,2020-11-20,47.22
Thailand,THA,2020-11-21,47.22
Thailand,THA,2020-11-22,50
Thailand,THA,2020-11-23,50
Thailand,THA,2020-11-24,50
Thailand,THA,2020-11-25,50
Thailand,THA,2020-11-26,50
Thailand,THA,2020-11-27,50
Thailand,THA,2020-11-28,50
Thailand,THA,2020-11-29,50
Thailand,THA,2020-11-30,50
Thailand,THA,2020-12-01,50
Thailand,THA,2020-12-02,50
Thailand,THA,2020-12-03,50
Thailand,THA,2020-12-04,50
Thailand,THA,2020-12-05,50
Thailand,THA,2020-12-06,50
Thailand,THA,2020-12-07,50
Thailand,THA,2020-12-08,50
Thailand,THA,2020-12-09,50
Thailand,THA,2020-12-10,50
Thailand,THA,2020-12-11,50
Thailand,THA,2020-12-12,50
Thailand,THA,2020-12-13,50
Thailand,THA,2020-12-14,50
Thailand,THA,2020-12-15,50
Thailand,THA,2020-12-16,50
Thailand,THA,2020-12-17,50
Thailand,THA,2020-12-18,50
Thailand,THA,2020-12-19,50
Thailand,THA,2020-12-20,50
Thailand,THA,2020-12-21,63.89
Thailand,THA,2020-12-22,63.89
Thailand,THA,2020-12-23,63.89
Thailand,THA,2020-12-24,63.89
Thailand,THA,2020-12-25,63.89
Thailand,THA,2020-12-26,63.89
Thailand,THA,2020-12-27,63.89
Thailand,THA,2020-12-28,63.89
Thailand,THA,2020-12-29,63.89
Thailand,THA,2020-12-30,63.89
Thailand,THA,2020-12-31,63.89
Thailand,THA,2021-01-01,63.89
Thailand,THA,2021-01-02,63.89
Thailand,THA,2021-01-03,63.89
Thailand,THA,2021-01-04,63.89
Thailand,THA,2021-01-05,63.89
Thailand,THA,2021-01-06,63.89
Thailand,THA,2021-01-07,63.89
Thailand,THA,2021-01-08,63.89
Thailand,THA,2021-01-09,63.89
Thailand,THA,2021-01-10,63.89
Thailand,THA,2021-01-11,63.89
Thailand,THA,2021-01-12,63.89
Thailand,THA,2021-01-13,63.89
Thailand,THA,2021-01-14,63.89
Thailand,THA,2021-01-15,58.33
Thailand,THA,2021-01-16,53.7
Thailand,THA,2021-01-17,53.7
Thailand,THA,2021-01-18,53.7
Thailand,THA,2021-01-19,62.04
Thailand,THA,2021-01-20,62.04
Thailand,THA,2021-01-21,62.04
Thailand,THA,2021-01-22,58.33
Thailand,THA,2021-01-23,58.33
Thailand,THA,2021-01-24,52.78
Thailand,THA,2021-01-25,52.78
Thailand,THA,2021-01-26,52.78
Thailand,THA,2021-01-27,52.78
Thailand,THA,2021-01-28,52.78
Thailand,THA,2021-01-29,52.78
Thailand,THA,2021-01-30,52.78
Thailand,THA,2021-01-31,52.78
Thailand,THA,2021-02-01,44.44
Thailand,THA,2021-02-02,44.44
Thailand,THA,2021-02-03,44.44
Thailand,THA,2021-02-04,40.74
Thailand,THA,2021-02-05,40.74
Thailand,THA,2021-02-06,40.74
Thailand,THA,2021-02-07,40.74
Thailand,THA,2021-02-08,40.74
Thailand,THA,2021-02-09,40.74
Thailand,THA,2021-02-10,41.67
Thailand,THA,2021-02-11,41.67
Thailand,THA,2021-02-12,41.67
Thailand,THA,2021-02-13,41.67
Thailand,THA,2021-02-14,41.67
Thailand,THA,2021-02-15,41.67
Thailand,THA,2021-02-16,41.67
Thailand,THA,2021-02-17,41.67
Thailand,THA,2021-02-18,41.67
Thailand,THA,2021-02-19,41.67
Thailand,THA,2021-02-20,41.67
Thailand,THA,2021-02-21,41.67
Thailand,THA,2021-02-22,41.67
Thailand,THA,2021-02-23,52.78
Thailand,THA,2021-02-24,52.78
Thailand,THA,2021-02-25,52.78
Thailand,THA,2021-02-26,52.78
Thailand,THA,2021-02-27,52.78
Thailand,THA,2021-02-28,52.78
Thailand,THA,2021-03-01,47.22
Thailand,THA,2021-03-02,47.22
Thailand,THA,2021-03-03,47.22
Thailand,THA,2021-03-04,47.22
Thailand,THA,2021-03-05,47.22
Thailand,THA,2021-03-06,47.22
Thailand,THA,2021-03-07,47.22
Thailand,THA,2021-03-08,47.22
Timor,TLS,2020-01-01,0
Timor,TLS,2020-01-02,0
Timor,TLS,2020-01-03,0
Timor,TLS,2020-01-04,0
Timor,TLS,2020-01-05,0
Timor,TLS,2020-01-06,0
Timor,TLS,2020-01-07,0
Timor,TLS,2020-01-08,0
Timor,TLS,2020-01-09,0
Timor,TLS,2020-01-10,0
Timor,TLS,2020-01-11,0
Timor,TLS,2020-01-12,0
Timor,TLS,2020-01-13,0
Timor,TLS,2020-01-14,0
Timor,TLS,2020-01-15,0
Timor,TLS,2020-01-16,0
Timor,TLS,2020-01-17,0
Timor,TLS,2020-01-18,0
Timor,TLS,2020-01-19,0
Timor,TLS,2020-01-20,0
Timor,TLS,2020-01-21,0
Timor,TLS,2020-01-22,0
Timor,TLS,2020-01-23,0
Timor,TLS,2020-01-24,0
Timor,TLS,2020-01-25,0
Timor,TLS,2020-01-26,0
Timor,TLS,2020-01-27,0
Timor,TLS,2020-01-28,0
Timor,TLS,2020-01-29,0
Timor,TLS,2020-01-30,5.56
Timor,TLS,2020-01-31,5.56
Timor,TLS,2020-02-01,5.56
Timor,TLS,2020-02-02,5.56
Timor,TLS,2020-02-03,8.33
Timor,TLS,2020-02-04,8.33
Timor,TLS,2020-02-05,8.33
Timor,TLS,2020-02-06,8.33
Timor,TLS,2020-02-07,11.11
Timor,TLS,2020-02-08,11.11
Timor,TLS,2020-02-09,11.11
Timor,TLS,2020-02-10,11.11
Timor,TLS,2020-02-11,11.11
Timor,TLS,2020-02-12,11.11
Timor,TLS,2020-02-13,11.11
Timor,TLS,2020-02-14,11.11
Timor,TLS,2020-02-15,11.11
Timor,TLS,2020-02-16,11.11
Timor,TLS,2020-02-17,11.11
Timor,TLS,2020-02-18,11.11
Timor,TLS,2020-02-19,11.11
Timor,TLS,2020-02-20,11.11
Timor,TLS,2020-02-21,11.11
Timor,TLS,2020-02-22,11.11
Timor,TLS,2020-02-23,11.11
Timor,TLS,2020-02-24,11.11
Timor,TLS,2020-02-25,11.11
Timor,TLS,2020-02-26,11.11
Timor,TLS,2020-02-27,11.11
Timor,TLS,2020-02-28,11.11
Timor,TLS,2020-02-29,11.11
Timor,TLS,2020-03-01,11.11
Timor,TLS,2020-03-02,11.11
Timor,TLS,2020-03-03,11.11
Timor,TLS,2020-03-04,11.11
Timor,TLS,2020-03-05,11.11
Timor,TLS,2020-03-06,11.11
Timor,TLS,2020-03-07,11.11
Timor,TLS,2020-03-08,11.11
Timor,TLS,2020-03-09,11.11
Timor,TLS,2020-03-10,11.11
Timor,TLS,2020-03-11,11.11
Timor,TLS,2020-03-12,11.11
Timor,TLS,2020-03-13,11.11
Timor,TLS,2020-03-14,11.11
Timor,TLS,2020-03-15,11.11
Timor,TLS,2020-03-16,11.11
Timor,TLS,2020-03-17,11.11
Timor,TLS,2020-03-18,11.11
Timor,TLS,2020-03-19,11.11
Timor,TLS,2020-03-20,13.89
Timor,TLS,2020-03-21,13.89
Timor,TLS,2020-03-22,13.89
Timor,TLS,2020-03-23,30.56
Timor,TLS,2020-03-24,30.56
Timor,TLS,2020-03-25,30.56
Timor,TLS,2020-03-26,30.56
Timor,TLS,2020-03-27,30.56
Timor,TLS,2020-03-28,75
Timor,TLS,2020-03-29,75
Timor,TLS,2020-03-30,75
Timor,TLS,2020-03-31,75
Timor,TLS,2020-04-01,75
Timor,TLS,2020-04-02,75
Timor,TLS,2020-04-03,75
Timor,TLS,2020-04-04,75
Timor,TLS,2020-04-05,75
Timor,TLS,2020-04-06,75
Timor,TLS,2020-04-07,75
Timor,TLS,2020-04-08,75
Timor,TLS,2020-04-09,75
Timor,TLS,2020-04-10,75
Timor,TLS,2020-04-11,75
Timor,TLS,2020-04-12,75
Timor,TLS,2020-04-13,77.78
Timor,TLS,2020-04-14,77.78
Timor,TLS,2020-04-15,77.78
Timor,TLS,2020-04-16,77.78
Timor,TLS,2020-04-17,77.78
Timor,TLS,2020-04-18,77.78
Timor,TLS,2020-04-19,77.78
Timor,TLS,2020-04-20,77.78
Timor,TLS,2020-04-21,77.78
Timor,TLS,2020-04-22,77.78
Timor,TLS,2020-04-23,77.78
Timor,TLS,2020-04-24,77.78
Timor,TLS,2020-04-25,77.78
Timor,TLS,2020-04-26,77.78
Timor,TLS,2020-04-27,77.78
Timor,TLS,2020-04-28,77.78
Timor,TLS,2020-04-29,77.78
Timor,TLS,2020-04-30,66.67
Timor,TLS,2020-05-01,66.67
Timor,TLS,2020-05-02,66.67
Timor,TLS,2020-05-03,66.67
Timor,TLS,2020-05-04,66.67
Timor,TLS,2020-05-05,66.67
Timor,TLS,2020-05-06,66.67
Timor,TLS,2020-05-07,66.67
Timor,TLS,2020-05-08,66.67
Timor,TLS,2020-05-09,66.67
Timor,TLS,2020-05-10,66.67
Timor,TLS,2020-05-11,66.67
Timor,TLS,2020-05-12,66.67
Timor,TLS,2020-05-13,66.67
Timor,TLS,2020-05-14,66.67
Timor,TLS,2020-05-15,66.67
Timor,TLS,2020-05-16,66.67
Timor,TLS,2020-05-17,66.67
Timor,TLS,2020-05-18,66.67
Timor,TLS,2020-05-19,66.67
Timor,TLS,2020-05-20,66.67
Timor,TLS,2020-05-21,66.67
Timor,TLS,2020-05-22,66.67
Timor,TLS,2020-05-23,66.67
Timor,TLS,2020-05-24,66.67
Timor,TLS,2020-05-25,66.67
Timor,TLS,2020-05-26,66.67
Timor,TLS,2020-05-27,33.33
Timor,TLS,2020-05-28,33.33
Timor,TLS,2020-05-29,33.33
Timor,TLS,2020-05-30,33.33
Timor,TLS,2020-05-31,33.33
Timor,TLS,2020-06-01,33.33
Timor,TLS,2020-06-02,33.33
Timor,TLS,2020-06-03,33.33
Timor,TLS,2020-06-04,33.33
Timor,TLS,2020-06-05,33.33
Timor,TLS,2020-06-06,33.33
Timor,TLS,2020-06-07,33.33
Timor,TLS,2020-06-08,33.33
Timor,TLS,2020-06-09,33.33
Timor,TLS,2020-06-10,33.33
Timor,TLS,2020-06-11,33.33
Timor,TLS,2020-06-12,33.33
Timor,TLS,2020-06-13,33.33
Timor,TLS,2020-06-14,33.33
Timor,TLS,2020-06-15,33.33
Timor,TLS,2020-06-16,33.33
Timor,TLS,2020-06-17,33.33
Timor,TLS,2020-06-18,33.33
Timor,TLS,2020-06-19,33.33
Timor,TLS,2020-06-20,33.33
Timor,TLS,2020-06-21,33.33
Timor,TLS,2020-06-22,33.33
Timor,TLS,2020-06-23,33.33
Timor,TLS,2020-06-24,33.33
Timor,TLS,2020-06-25,33.33
Timor,TLS,2020-06-26,29.63
Timor,TLS,2020-06-27,29.63
Timor,TLS,2020-06-28,29.63
Timor,TLS,2020-06-29,29.63
Timor,TLS,2020-06-30,29.63
Timor,TLS,2020-07-01,29.63
Timor,TLS,2020-07-02,29.63
Timor,TLS,2020-07-03,29.63
Timor,TLS,2020-07-04,29.63
Timor,TLS,2020-07-05,29.63
Timor,TLS,2020-07-06,29.63
Timor,TLS,2020-07-07,29.63
Timor,TLS,2020-07-08,29.63
Timor,TLS,2020-07-09,29.63
Timor,TLS,2020-07-10,29.63
Timor,TLS,2020-07-11,29.63
Timor,TLS,2020-07-12,29.63
Timor,TLS,2020-07-13,29.63
Timor,TLS,2020-07-14,29.63
Timor,TLS,2020-07-15,29.63
Timor,TLS,2020-07-16,29.63
Timor,TLS,2020-07-17,29.63
Timor,TLS,2020-07-18,29.63
Timor,TLS,2020-07-19,29.63
Timor,TLS,2020-07-20,29.63
Timor,TLS,2020-07-21,29.63
Timor,TLS,2020-07-22,29.63
Timor,TLS,2020-07-23,29.63
Timor,TLS,2020-07-24,29.63
Timor,TLS,2020-07-25,29.63
Timor,TLS,2020-07-26,29.63
Timor,TLS,2020-07-27,29.63
Timor,TLS,2020-07-28,29.63
Timor,TLS,2020-07-29,29.63
Timor,TLS,2020-07-30,29.63
Timor,TLS,2020-07-31,29.63
Timor,TLS,2020-08-01,29.63
Timor,TLS,2020-08-02,29.63
Timor,TLS,2020-08-03,29.63
Timor,TLS,2020-08-04,29.63
Timor,TLS,2020-08-05,29.63
Timor,TLS,2020-08-06,29.63
Timor,TLS,2020-08-07,29.63
Timor,TLS,2020-08-08,29.63
Timor,TLS,2020-08-09,29.63
Timor,TLS,2020-08-10,29.63
Timor,TLS,2020-08-11,29.63
Timor,TLS,2020-08-12,29.63
Timor,TLS,2020-08-13,29.63
Timor,TLS,2020-08-14,29.63
Timor,TLS,2020-08-15,29.63
Timor,TLS,2020-08-16,29.63
Timor,TLS,2020-08-17,29.63
Timor,TLS,2020-08-18,29.63
Timor,TLS,2020-08-19,29.63
Timor,TLS,2020-08-20,29.63
Timor,TLS,2020-08-21,29.63
Timor,TLS,2020-08-22,29.63
Timor,TLS,2020-08-23,29.63
Timor,TLS,2020-08-24,29.63
Timor,TLS,2020-08-25,29.63
Timor,TLS,2020-08-26,29.63
Timor,TLS,2020-08-27,29.63
Timor,TLS,2020-08-28,29.63
Timor,TLS,2020-08-29,29.63
Timor,TLS,2020-08-30,29.63
Timor,TLS,2020-08-31,29.63
Timor,TLS,2020-09-01,29.63
Timor,TLS,2020-09-02,29.63
Timor,TLS,2020-09-03,29.63
Timor,TLS,2020-09-04,29.63
Timor,TLS,2020-09-05,29.63
Timor,TLS,2020-09-06,29.63
Timor,TLS,2020-09-07,29.63
Timor,TLS,2020-09-08,29.63
Timor,TLS,2020-09-09,29.63
Timor,TLS,2020-09-10,29.63
Timor,TLS,2020-09-11,29.63
Timor,TLS,2020-09-12,29.63
Timor,TLS,2020-09-13,29.63
Timor,TLS,2020-09-14,29.63
Timor,TLS,2020-09-15,29.63
Timor,TLS,2020-09-16,29.63
Timor,TLS,2020-09-17,29.63
Timor,TLS,2020-09-18,29.63
Timor,TLS,2020-09-19,29.63
Timor,TLS,2020-09-20,29.63
Timor,TLS,2020-09-21,29.63
Timor,TLS,2020-09-22,29.63
Timor,TLS,2020-09-23,29.63
Timor,TLS,2020-09-24,29.63
Timor,TLS,2020-09-25,29.63
Timor,TLS,2020-09-26,29.63
Timor,TLS,2020-09-27,29.63
Timor,TLS,2020-09-28,29.63
Timor,TLS,2020-09-29,29.63
Timor,TLS,2020-09-30,29.63
Timor,TLS,2020-10-01,29.63
Timor,TLS,2020-10-02,29.63
Timor,TLS,2020-10-03,29.63
Timor,TLS,2020-10-04,29.63
Timor,TLS,2020-10-05,29.63
Timor,TLS,2020-10-06,29.63
Timor,TLS,2020-10-07,29.63
Timor,TLS,2020-10-08,29.63
Timor,TLS,2020-10-09,29.63
Timor,TLS,2020-10-10,29.63
Timor,TLS,2020-10-11,29.63
Timor,TLS,2020-10-12,29.63
Timor,TLS,2020-10-13,29.63
Timor,TLS,2020-10-14,29.63
Timor,TLS,2020-10-15,29.63
Timor,TLS,2020-10-16,29.63
Timor,TLS,2020-10-17,29.63
Timor,TLS,2020-10-18,29.63
Timor,TLS,2020-10-19,29.63
Timor,TLS,2020-10-20,29.63
Timor,TLS,2020-10-21,29.63
Timor,TLS,2020-10-22,29.63
Timor,TLS,2020-10-23,29.63
Timor,TLS,2020-10-24,29.63
Timor,TLS,2020-10-25,29.63
Timor,TLS,2020-10-26,29.63
Timor,TLS,2020-10-27,29.63
Timor,TLS,2020-10-28,29.63
Timor,TLS,2020-10-29,29.63
Timor,TLS,2020-10-30,25.93
Timor,TLS,2020-10-31,25.93
Timor,TLS,2020-11-01,25.93
Timor,TLS,2020-11-02,25.93
Timor,TLS,2020-11-03,25.93
Timor,TLS,2020-11-04,25.93
Timor,TLS,2020-11-05,25.93
Timor,TLS,2020-11-06,25.93
Timor,TLS,2020-11-07,25.93
Timor,TLS,2020-11-08,25.93
Timor,TLS,2020-11-09,25.93
Timor,TLS,2020-11-10,25.93
Timor,TLS,2020-11-11,25.93
Timor,TLS,2020-11-12,25.93
Timor,TLS,2020-11-13,25.93
Timor,TLS,2020-11-14,25.93
Timor,TLS,2020-11-15,25.93
Timor,TLS,2020-11-16,25.93
Timor,TLS,2020-11-17,27.78
Timor,TLS,2020-11-18,27.78
Timor,TLS,2020-11-19,27.78
Timor,TLS,2020-11-20,27.78
Timor,TLS,2020-11-21,27.78
Timor,TLS,2020-11-22,27.78
Timor,TLS,2020-11-23,27.78
Timor,TLS,2020-11-24,27.78
Timor,TLS,2020-11-25,27.78
Timor,TLS,2020-11-26,27.78
Timor,TLS,2020-11-27,27.78
Timor,TLS,2020-11-28,27.78
Timor,TLS,2020-11-29,27.78
Timor,TLS,2020-11-30,27.78
Timor,TLS,2020-12-01,27.78
Timor,TLS,2020-12-02,27.78
Timor,TLS,2020-12-03,27.78
Timor,TLS,2020-12-04,27.78
Timor,TLS,2020-12-05,27.78
Timor,TLS,2020-12-06,27.78
Timor,TLS,2020-12-07,27.78
Timor,TLS,2020-12-08,27.78
Timor,TLS,2020-12-09,27.78
Timor,TLS,2020-12-10,27.78
Timor,TLS,2020-12-11,27.78
Timor,TLS,2020-12-12,27.78
Timor,TLS,2020-12-13,27.78
Timor,TLS,2020-12-14,27.78
Timor,TLS,2020-12-15,27.78
Timor,TLS,2020-12-16,27.78
Timor,TLS,2020-12-17,27.78
Timor,TLS,2020-12-18,27.78
Timor,TLS,2020-12-19,27.78
Timor,TLS,2020-12-20,27.78
Timor,TLS,2020-12-21,27.78
Timor,TLS,2020-12-22,27.78
Timor,TLS,2020-12-23,27.78
Timor,TLS,2020-12-24,33.33
Timor,TLS,2020-12-25,33.33
Timor,TLS,2020-12-26,33.33
Timor,TLS,2020-12-27,33.33
Timor,TLS,2020-12-28,33.33
Timor,TLS,2020-12-29,33.33
Timor,TLS,2020-12-30,52.78
Timor,TLS,2020-12-31,52.78
Timor,TLS,2021-01-01,52.78
Timor,TLS,2021-01-02,52.78
Timor,TLS,2021-01-03,52.78
Timor,TLS,2021-01-04,60.19
Timor,TLS,2021-01-05,60.19
Timor,TLS,2021-01-06,60.19
Timor,TLS,2021-01-07,60.19
Timor,TLS,2021-01-08,60.19
Timor,TLS,2021-01-09,60.19
Timor,TLS,2021-01-10,60.19
Timor,TLS,2021-01-11,60.19
Timor,TLS,2021-01-12,60.19
Timor,TLS,2021-01-13,60.19
Timor,TLS,2021-01-14,60.19
Timor,TLS,2021-01-15,60.19
Timor,TLS,2021-01-16,60.19
Timor,TLS,2021-01-17,60.19
Timor,TLS,2021-01-18,49.07
Timor,TLS,2021-01-19,46.3
Timor,TLS,2021-01-20,46.3
Timor,TLS,2021-01-21,46.3
Timor,TLS,2021-01-22,46.3
Timor,TLS,2021-01-23,46.3
Timor,TLS,2021-01-24,46.3
Timor,TLS,2021-01-25,46.3
Timor,TLS,2021-01-26,46.3
Timor,TLS,2021-01-27,46.3
Timor,TLS,2021-01-28,46.3
Timor,TLS,2021-01-29,46.3
Timor,TLS,2021-01-30,46.3
Timor,TLS,2021-01-31,46.3
Timor,TLS,2021-02-01,46.3
Timor,TLS,2021-02-02,46.3
Timor,TLS,2021-02-03,46.3
Timor,TLS,2021-02-04,46.3
Timor,TLS,2021-02-05,46.3
Timor,TLS,2021-02-06,46.3
Timor,TLS,2021-02-07,46.3
Timor,TLS,2021-02-08,46.3
Timor,TLS,2021-02-09,42.59
Timor,TLS,2021-02-10,42.59
Timor,TLS,2021-02-11,42.59
Timor,TLS,2021-02-12,42.59
Timor,TLS,2021-02-13,42.59
Timor,TLS,2021-02-14,42.59
Timor,TLS,2021-02-15,42.59
Timor,TLS,2021-02-16,39.81
Timor,TLS,2021-02-17,39.81
Timor,TLS,2021-02-18,39.81
Timor,TLS,2021-02-19,39.81
Timor,TLS,2021-02-20,39.81
Timor,TLS,2021-02-21,39.81
Timor,TLS,2021-02-22,39.81
Timor,TLS,2021-02-23,39.81
Timor,TLS,2021-02-24,39.81
Timor,TLS,2021-02-25,39.81
Timor,TLS,2021-02-26,39.81
Timor,TLS,2021-02-27,39.81
Timor,TLS,2021-02-28,39.81
Timor,TLS,2021-03-01,39.81
Timor,TLS,2021-03-02,37.96
Timor,TLS,2021-03-03,37.96
Timor,TLS,2021-03-04,37.96
Timor,TLS,2021-03-05,37.96
Togo,TGO,2020-01-01,0
Togo,TGO,2020-01-02,0
Togo,TGO,2020-01-03,0
Togo,TGO,2020-01-04,0
Togo,TGO,2020-01-05,0
Togo,TGO,2020-01-06,0
Togo,TGO,2020-01-07,0
Togo,TGO,2020-01-08,0
Togo,TGO,2020-01-09,0
Togo,TGO,2020-01-10,0
Togo,TGO,2020-01-11,0
Togo,TGO,2020-01-12,0
Togo,TGO,2020-01-13,0
Togo,TGO,2020-01-14,0
Togo,TGO,2020-01-15,0
Togo,TGO,2020-01-16,0
Togo,TGO,2020-01-17,0
Togo,TGO,2020-01-18,0
Togo,TGO,2020-01-19,0
Togo,TGO,2020-01-20,0
Togo,TGO,2020-01-21,0
Togo,TGO,2020-01-22,0
Togo,TGO,2020-01-23,0
Togo,TGO,2020-01-24,0
Togo,TGO,2020-01-25,0
Togo,TGO,2020-01-26,0
Togo,TGO,2020-01-27,0
Togo,TGO,2020-01-28,0
Togo,TGO,2020-01-29,0
Togo,TGO,2020-01-30,0
Togo,TGO,2020-01-31,0
Togo,TGO,2020-02-01,0
Togo,TGO,2020-02-02,0
Togo,TGO,2020-02-03,0
Togo,TGO,2020-02-04,0
Togo,TGO,2020-02-05,0
Togo,TGO,2020-02-06,0
Togo,TGO,2020-02-07,0
Togo,TGO,2020-02-08,0
Togo,TGO,2020-02-09,0
Togo,TGO,2020-02-10,0
Togo,TGO,2020-02-11,0
Togo,TGO,2020-02-12,0
Togo,TGO,2020-02-13,0
Togo,TGO,2020-02-14,0
Togo,TGO,2020-02-15,0
Togo,TGO,2020-02-16,0
Togo,TGO,2020-02-17,0
Togo,TGO,2020-02-18,0
Togo,TGO,2020-02-19,0
Togo,TGO,2020-02-20,0
Togo,TGO,2020-02-21,0
Togo,TGO,2020-02-22,0
Togo,TGO,2020-02-23,0
Togo,TGO,2020-02-24,0
Togo,TGO,2020-02-25,0
Togo,TGO,2020-02-26,0
Togo,TGO,2020-02-27,0
Togo,TGO,2020-02-28,0
Togo,TGO,2020-02-29,0
Togo,TGO,2020-03-01,0
Togo,TGO,2020-03-02,0
Togo,TGO,2020-03-03,0
Togo,TGO,2020-03-04,0
Togo,TGO,2020-03-05,0
Togo,TGO,2020-03-06,0
Togo,TGO,2020-03-07,0
Togo,TGO,2020-03-08,0
Togo,TGO,2020-03-09,0
Togo,TGO,2020-03-10,0
Togo,TGO,2020-03-11,0
Togo,TGO,2020-03-12,0
Togo,TGO,2020-03-13,0
Togo,TGO,2020-03-14,0
Togo,TGO,2020-03-15,0
Togo,TGO,2020-03-16,22.22
Togo,TGO,2020-03-17,22.22
Togo,TGO,2020-03-18,22.22
Togo,TGO,2020-03-19,27.78
Togo,TGO,2020-03-20,61.11
Togo,TGO,2020-03-21,69.44
Togo,TGO,2020-03-22,69.44
Togo,TGO,2020-03-23,69.44
Togo,TGO,2020-03-24,69.44
Togo,TGO,2020-03-25,69.44
Togo,TGO,2020-03-26,69.44
Togo,TGO,2020-03-27,69.44
Togo,TGO,2020-03-28,69.44
Togo,TGO,2020-03-29,69.44
Togo,TGO,2020-03-30,69.44
Togo,TGO,2020-03-31,69.44
Togo,TGO,2020-04-01,69.44
Togo,TGO,2020-04-02,73.15
Togo,TGO,2020-04-03,73.15
Togo,TGO,2020-04-04,73.15
Togo,TGO,2020-04-05,73.15
Togo,TGO,2020-04-06,73.15
Togo,TGO,2020-04-07,73.15
Togo,TGO,2020-04-08,73.15
Togo,TGO,2020-04-09,73.15
Togo,TGO,2020-04-10,73.15
Togo,TGO,2020-04-11,73.15
Togo,TGO,2020-04-12,73.15
Togo,TGO,2020-04-13,73.15
Togo,TGO,2020-04-14,73.15
Togo,TGO,2020-04-15,73.15
Togo,TGO,2020-04-16,73.15
Togo,TGO,2020-04-17,73.15
Togo,TGO,2020-04-18,73.15
Togo,TGO,2020-04-19,73.15
Togo,TGO,2020-04-20,73.15
Togo,TGO,2020-04-21,73.15
Togo,TGO,2020-04-22,73.15
Togo,TGO,2020-04-23,73.15
Togo,TGO,2020-04-24,73.15
Togo,TGO,2020-04-25,73.15
Togo,TGO,2020-04-26,73.15
Togo,TGO,2020-04-27,73.15
Togo,TGO,2020-04-28,73.15
Togo,TGO,2020-04-29,73.15
Togo,TGO,2020-04-30,73.15
Togo,TGO,2020-05-01,73.15
Togo,TGO,2020-05-02,73.15
Togo,TGO,2020-05-03,73.15
Togo,TGO,2020-05-04,73.15
Togo,TGO,2020-05-05,73.15
Togo,TGO,2020-05-06,73.15
Togo,TGO,2020-05-07,73.15
Togo,TGO,2020-05-08,73.15
Togo,TGO,2020-05-09,73.15
Togo,TGO,2020-05-10,73.15
Togo,TGO,2020-05-11,73.15
Togo,TGO,2020-05-12,73.15
Togo,TGO,2020-05-13,73.15
Togo,TGO,2020-05-14,73.15
Togo,TGO,2020-05-15,73.15
Togo,TGO,2020-05-16,73.15
Togo,TGO,2020-05-17,73.15
Togo,TGO,2020-05-18,73.15
Togo,TGO,2020-05-19,73.15
Togo,TGO,2020-05-20,73.15
Togo,TGO,2020-05-21,73.15
Togo,TGO,2020-05-22,73.15
Togo,TGO,2020-05-23,73.15
Togo,TGO,2020-05-24,73.15
Togo,TGO,2020-05-25,73.15
Togo,TGO,2020-05-26,73.15
Togo,TGO,2020-05-27,73.15
Togo,TGO,2020-05-28,73.15
Togo,TGO,2020-05-29,73.15
Togo,TGO,2020-05-30,73.15
Togo,TGO,2020-05-31,73.15
Togo,TGO,2020-06-01,73.15
Togo,TGO,2020-06-02,73.15
Togo,TGO,2020-06-03,73.15
Togo,TGO,2020-06-04,73.15
Togo,TGO,2020-06-05,73.15
Togo,TGO,2020-06-06,73.15
Togo,TGO,2020-06-07,73.15
Togo,TGO,2020-06-08,69.44
Togo,TGO,2020-06-09,53.7
Togo,TGO,2020-06-10,53.7
Togo,TGO,2020-06-11,53.7
Togo,TGO,2020-06-12,53.7
Togo,TGO,2020-06-13,53.7
Togo,TGO,2020-06-14,53.7
Togo,TGO,2020-06-15,53.7
Togo,TGO,2020-06-16,53.7
Togo,TGO,2020-06-17,53.7
Togo,TGO,2020-06-18,53.7
Togo,TGO,2020-06-19,53.7
Togo,TGO,2020-06-20,53.7
Togo,TGO,2020-06-21,53.7
Togo,TGO,2020-06-22,53.7
Togo,TGO,2020-06-23,53.7
Togo,TGO,2020-06-24,53.7
Togo,TGO,2020-06-25,53.7
Togo,TGO,2020-06-26,53.7
Togo,TGO,2020-06-27,53.7
Togo,TGO,2020-06-28,53.7
Togo,TGO,2020-06-29,53.7
Togo,TGO,2020-06-30,53.7
Togo,TGO,2020-07-01,53.7
Togo,TGO,2020-07-02,53.7
Togo,TGO,2020-07-03,53.7
Togo,TGO,2020-07-04,53.7
Togo,TGO,2020-07-05,53.7
Togo,TGO,2020-07-06,53.7
Togo,TGO,2020-07-07,53.7
Togo,TGO,2020-07-08,53.7
Togo,TGO,2020-07-09,53.7
Togo,TGO,2020-07-10,53.7
Togo,TGO,2020-07-11,53.7
Togo,TGO,2020-07-12,53.7
Togo,TGO,2020-07-13,53.7
Togo,TGO,2020-07-14,53.7
Togo,TGO,2020-07-15,53.7
Togo,TGO,2020-07-16,53.7
Togo,TGO,2020-07-17,50.93
Togo,TGO,2020-07-18,50.93
Togo,TGO,2020-07-19,50.93
Togo,TGO,2020-07-20,50.93
Togo,TGO,2020-07-21,50.93
Togo,TGO,2020-07-22,50.93
Togo,TGO,2020-07-23,50.93
Togo,TGO,2020-07-24,50.93
Togo,TGO,2020-07-25,50.93
Togo,TGO,2020-07-26,50.93
Togo,TGO,2020-07-27,50.93
Togo,TGO,2020-07-28,50.93
Togo,TGO,2020-07-29,50.93
Togo,TGO,2020-07-30,50.93
Togo,TGO,2020-07-31,50.93
Togo,TGO,2020-08-01,50.93
Togo,TGO,2020-08-02,45.37
Togo,TGO,2020-08-03,45.37
Togo,TGO,2020-08-04,45.37
Togo,TGO,2020-08-05,45.37
Togo,TGO,2020-08-06,45.37
Togo,TGO,2020-08-07,45.37
Togo,TGO,2020-08-08,45.37
Togo,TGO,2020-08-09,45.37
Togo,TGO,2020-08-10,45.37
Togo,TGO,2020-08-11,45.37
Togo,TGO,2020-08-12,45.37
Togo,TGO,2020-08-13,45.37
Togo,TGO,2020-08-14,45.37
Togo,TGO,2020-08-15,45.37
Togo,TGO,2020-08-16,45.37
Togo,TGO,2020-08-17,45.37
Togo,TGO,2020-08-18,48.15
Togo,TGO,2020-08-19,48.15
Togo,TGO,2020-08-20,48.15
Togo,TGO,2020-08-21,48.15
Togo,TGO,2020-08-22,48.15
Togo,TGO,2020-08-23,48.15
Togo,TGO,2020-08-24,48.15
Togo,TGO,2020-08-25,48.15
Togo,TGO,2020-08-26,48.15
Togo,TGO,2020-08-27,48.15
Togo,TGO,2020-08-28,48.15
Togo,TGO,2020-08-29,49.07
Togo,TGO,2020-08-30,49.07
Togo,TGO,2020-08-31,49.07
Togo,TGO,2020-09-01,49.07
Togo,TGO,2020-09-02,49.07
Togo,TGO,2020-09-03,49.07
Togo,TGO,2020-09-04,49.07
Togo,TGO,2020-09-05,49.07
Togo,TGO,2020-09-06,49.07
Togo,TGO,2020-09-07,49.07
Togo,TGO,2020-09-08,49.07
Togo,TGO,2020-09-09,49.07
Togo,TGO,2020-09-10,49.07
Togo,TGO,2020-09-11,49.07
Togo,TGO,2020-09-12,49.07
Togo,TGO,2020-09-13,49.07
Togo,TGO,2020-09-14,49.07
Togo,TGO,2020-09-15,49.07
Togo,TGO,2020-09-16,49.07
Togo,TGO,2020-09-17,49.07
Togo,TGO,2020-09-18,49.07
Togo,TGO,2020-09-19,49.07
Togo,TGO,2020-09-20,49.07
Togo,TGO,2020-09-21,49.07
Togo,TGO,2020-09-22,49.07
Togo,TGO,2020-09-23,49.07
Togo,TGO,2020-09-24,49.07
Togo,TGO,2020-09-25,49.07
Togo,TGO,2020-09-26,49.07
Togo,TGO,2020-09-27,49.07
Togo,TGO,2020-09-28,49.07
Togo,TGO,2020-09-29,50.93
Togo,TGO,2020-09-30,50.93
Togo,TGO,2020-10-01,50.93
Togo,TGO,2020-10-02,50.93
Togo,TGO,2020-10-03,50.93
Togo,TGO,2020-10-04,50.93
Togo,TGO,2020-10-05,50.93
Togo,TGO,2020-10-06,50.93
Togo,TGO,2020-10-07,50.93
Togo,TGO,2020-10-08,50.93
Togo,TGO,2020-10-09,50.93
Togo,TGO,2020-10-10,50.93
Togo,TGO,2020-10-11,50.93
Togo,TGO,2020-10-12,50.93
Togo,TGO,2020-10-13,50.93
Togo,TGO,2020-10-14,50.93
Togo,TGO,2020-10-15,50.93
Togo,TGO,2020-10-16,56.48
Togo,TGO,2020-10-17,56.48
Togo,TGO,2020-10-18,56.48
Togo,TGO,2020-10-19,56.48
Togo,TGO,2020-10-20,56.48
Togo,TGO,2020-10-21,56.48
Togo,TGO,2020-10-22,56.48
Togo,TGO,2020-10-23,56.48
Togo,TGO,2020-10-24,56.48
Togo,TGO,2020-10-25,56.48
Togo,TGO,2020-10-26,56.48
Togo,TGO,2020-10-27,56.48
Togo,TGO,2020-10-28,56.48
Togo,TGO,2020-10-29,56.48
Togo,TGO,2020-10-30,56.48
Togo,TGO,2020-10-31,56.48
Togo,TGO,2020-11-01,56.48
Togo,TGO,2020-11-02,52.78
Togo,TGO,2020-11-03,52.78
Togo,TGO,2020-11-04,52.78
Togo,TGO,2020-11-05,52.78
Togo,TGO,2020-11-06,52.78
Togo,TGO,2020-11-07,52.78
Togo,TGO,2020-11-08,52.78
Togo,TGO,2020-11-09,52.78
Togo,TGO,2020-11-10,52.78
Togo,TGO,2020-11-11,52.78
Togo,TGO,2020-11-12,52.78
Togo,TGO,2020-11-13,52.78
Togo,TGO,2020-11-14,52.78
Togo,TGO,2020-11-15,52.78
Togo,TGO,2020-11-16,52.78
Togo,TGO,2020-11-17,52.78
Togo,TGO,2020-11-18,52.78
Togo,TGO,2020-11-19,52.78
Togo,TGO,2020-11-20,52.78
Togo,TGO,2020-11-21,52.78
Togo,TGO,2020-11-22,52.78
Togo,TGO,2020-11-23,52.78
Togo,TGO,2020-11-24,52.78
Togo,TGO,2020-11-25,52.78
Togo,TGO,2020-11-26,52.78
Togo,TGO,2020-11-27,52.78
Togo,TGO,2020-11-28,52.78
Togo,TGO,2020-11-29,52.78
Togo,TGO,2020-11-30,52.78
Togo,TGO,2020-12-01,52.78
Togo,TGO,2020-12-02,52.78
Togo,TGO,2020-12-03,52.78
Togo,TGO,2020-12-04,52.78
Togo,TGO,2020-12-05,52.78
Togo,TGO,2020-12-06,52.78
Togo,TGO,2020-12-07,52.78
Togo,TGO,2020-12-08,52.78
Togo,TGO,2020-12-09,52.78
Togo,TGO,2020-12-10,52.78
Togo,TGO,2020-12-11,52.78
Togo,TGO,2020-12-12,52.78
Togo,TGO,2020-12-13,52.78
Togo,TGO,2020-12-14,52.78
Togo,TGO,2020-12-15,52.78
Togo,TGO,2020-12-16,52.78
Togo,TGO,2020-12-17,52.78
Togo,TGO,2020-12-18,52.78
Togo,TGO,2020-12-19,52.78
Togo,TGO,2020-12-20,66.67
Togo,TGO,2020-12-21,66.67
Togo,TGO,2020-12-22,66.67
Togo,TGO,2020-12-23,66.67
Togo,TGO,2020-12-24,66.67
Togo,TGO,2020-12-25,66.67
Togo,TGO,2020-12-26,66.67
Togo,TGO,2020-12-27,66.67
Togo,TGO,2020-12-28,66.67
Togo,TGO,2020-12-29,66.67
Togo,TGO,2020-12-30,66.67
Togo,TGO,2020-12-31,66.67
Togo,TGO,2021-01-01,66.67
Togo,TGO,2021-01-02,66.67
Togo,TGO,2021-01-03,66.67
Togo,TGO,2021-01-04,61.11
Togo,TGO,2021-01-05,61.11
Togo,TGO,2021-01-06,61.11
Togo,TGO,2021-01-07,61.11
Togo,TGO,2021-01-08,61.11
Togo,TGO,2021-01-09,61.11
Togo,TGO,2021-01-10,61.11
Togo,TGO,2021-01-11,61.11
Togo,TGO,2021-01-12,37.5
Togo,TGO,2021-01-13,37.5
Togo,TGO,2021-01-14,37.5
Togo,TGO,2021-01-15,37.5
Togo,TGO,2021-01-16,37.5
Togo,TGO,2021-01-17,37.5
Togo,TGO,2021-01-18,37.5
Togo,TGO,2021-01-19,37.5
Togo,TGO,2021-01-20,37.5
Togo,TGO,2021-01-21,37.5
Togo,TGO,2021-01-22,37.5
Togo,TGO,2021-01-23,37.5
Togo,TGO,2021-01-24,37.5
Togo,TGO,2021-01-25,37.5
Togo,TGO,2021-01-26,37.5
Togo,TGO,2021-01-27,37.5
Togo,TGO,2021-01-28,37.5
Togo,TGO,2021-01-29,37.5
Togo,TGO,2021-01-30,37.5
Togo,TGO,2021-01-31,37.5
Togo,TGO,2021-02-01,37.5
Togo,TGO,2021-02-02,45.37
Togo,TGO,2021-02-03,45.37
Togo,TGO,2021-02-04,45.37
Togo,TGO,2021-02-05,45.37
Togo,TGO,2021-02-06,45.37
Togo,TGO,2021-02-07,45.37
Togo,TGO,2021-02-08,45.37
Togo,TGO,2021-02-09,45.37
Togo,TGO,2021-02-10,30.56
Togo,TGO,2021-02-11,30.56
Togo,TGO,2021-02-12,30.56
Togo,TGO,2021-02-13,30.56
Togo,TGO,2021-02-14,30.56
Togo,TGO,2021-02-15,30.56
Togo,TGO,2021-02-16,30.56
Togo,TGO,2021-02-17,30.56
Togo,TGO,2021-02-18,30.56
Togo,TGO,2021-02-19,30.56
Togo,TGO,2021-02-20,30.56
Togo,TGO,2021-02-21,30.56
Togo,TGO,2021-02-22,22.22
Togo,TGO,2021-02-23,22.22
Togo,TGO,2021-02-24,22.22
Togo,TGO,2021-02-25,22.22
Togo,TGO,2021-02-26,22.22
Togo,TGO,2021-02-27,22.22
Togo,TGO,2021-02-28,22.22
Togo,TGO,2021-03-01,62.04
Togo,TGO,2021-03-02,62.04
Togo,TGO,2021-03-03,62.04
Togo,TGO,2021-03-04,62.04
Togo,TGO,2021-03-05,62.04
Togo,TGO,2021-03-06,62.04
Togo,TGO,2021-03-07,62.04
Tonga,TON,2020-01-01,0
Tonga,TON,2020-01-02,0
Tonga,TON,2020-01-03,0
Tonga,TON,2020-01-04,0
Tonga,TON,2020-01-05,0
Tonga,TON,2020-01-06,0
Tonga,TON,2020-01-07,0
Tonga,TON,2020-01-08,0
Tonga,TON,2020-01-09,0
Tonga,TON,2020-01-10,0
Tonga,TON,2020-01-11,0
Tonga,TON,2020-01-12,0
Tonga,TON,2020-01-13,0
Tonga,TON,2020-01-14,0
Tonga,TON,2020-01-15,0
Tonga,TON,2020-01-16,0
Tonga,TON,2020-01-17,0
Tonga,TON,2020-01-18,0
Tonga,TON,2020-01-19,0
Tonga,TON,2020-01-20,0
Tonga,TON,2020-01-21,0
Tonga,TON,2020-01-22,0
Tonga,TON,2020-01-23,0
Tonga,TON,2020-01-24,0
Tonga,TON,2020-01-25,0
Tonga,TON,2020-01-26,0
Tonga,TON,2020-01-27,2.78
Tonga,TON,2020-01-28,2.78
Tonga,TON,2020-01-29,2.78
Tonga,TON,2020-01-30,2.78
Tonga,TON,2020-01-31,2.78
Tonga,TON,2020-02-01,2.78
Tonga,TON,2020-02-02,2.78
Tonga,TON,2020-02-03,2.78
Tonga,TON,2020-02-04,2.78
Tonga,TON,2020-02-05,5.56
Tonga,TON,2020-02-06,5.56
Tonga,TON,2020-02-07,5.56
Tonga,TON,2020-02-08,5.56
Tonga,TON,2020-02-09,5.56
Tonga,TON,2020-02-10,5.56
Tonga,TON,2020-02-11,5.56
Tonga,TON,2020-02-12,5.56
Tonga,TON,2020-02-13,5.56
Tonga,TON,2020-02-14,5.56
Tonga,TON,2020-02-15,5.56
Tonga,TON,2020-02-16,5.56
Tonga,TON,2020-02-17,5.56
Tonga,TON,2020-02-18,5.56
Tonga,TON,2020-02-19,5.56
Tonga,TON,2020-02-20,5.56
Tonga,TON,2020-02-21,5.56
Tonga,TON,2020-02-22,5.56
Tonga,TON,2020-02-23,5.56
Tonga,TON,2020-02-24,5.56
Tonga,TON,2020-02-25,5.56
Tonga,TON,2020-02-26,5.56
Tonga,TON,2020-02-27,5.56
Tonga,TON,2020-02-28,5.56
Tonga,TON,2020-02-29,5.56
Tonga,TON,2020-03-01,5.56
Tonga,TON,2020-03-02,5.56
Tonga,TON,2020-03-03,5.56
Tonga,TON,2020-03-04,5.56
Tonga,TON,2020-03-05,5.56
Tonga,TON,2020-03-06,5.56
Tonga,TON,2020-03-07,5.56
Tonga,TON,2020-03-08,5.56
Tonga,TON,2020-03-09,5.56
Tonga,TON,2020-03-10,5.56
Tonga,TON,2020-03-11,5.56
Tonga,TON,2020-03-12,5.56
Tonga,TON,2020-03-13,5.56
Tonga,TON,2020-03-14,5.56
Tonga,TON,2020-03-15,5.56
Tonga,TON,2020-03-16,5.56
Tonga,TON,2020-03-17,8.33
Tonga,TON,2020-03-18,8.33
Tonga,TON,2020-03-19,8.33
Tonga,TON,2020-03-20,41.67
Tonga,TON,2020-03-21,41.67
Tonga,TON,2020-03-22,41.67
Tonga,TON,2020-03-23,41.67
Tonga,TON,2020-03-24,41.67
Tonga,TON,2020-03-25,49.07
Tonga,TON,2020-03-26,49.07
Tonga,TON,2020-03-27,49.07
Tonga,TON,2020-03-28,49.07
Tonga,TON,2020-03-29,93.52
Tonga,TON,2020-03-30,93.52
Tonga,TON,2020-03-31,93.52
Tonga,TON,2020-04-01,93.52
Tonga,TON,2020-04-02,93.52
Tonga,TON,2020-04-03,93.52
Tonga,TON,2020-04-04,93.52
Tonga,TON,2020-04-05,93.52
Tonga,TON,2020-04-06,93.52
Tonga,TON,2020-04-07,93.52
Tonga,TON,2020-04-08,93.52
Tonga,TON,2020-04-09,93.52
Tonga,TON,2020-04-10,93.52
Tonga,TON,2020-04-11,93.52
Tonga,TON,2020-04-12,56.48
Tonga,TON,2020-04-13,56.48
Tonga,TON,2020-04-14,56.48
Tonga,TON,2020-04-15,56.48
Tonga,TON,2020-04-16,56.48
Tonga,TON,2020-04-17,56.48
Tonga,TON,2020-04-18,56.48
Tonga,TON,2020-04-19,56.48
Tonga,TON,2020-04-20,56.48
Tonga,TON,2020-04-21,56.48
Tonga,TON,2020-04-22,56.48
Tonga,TON,2020-04-23,56.48
Tonga,TON,2020-04-24,56.48
Tonga,TON,2020-04-25,56.48
Tonga,TON,2020-04-26,56.48
Tonga,TON,2020-04-27,56.48
Tonga,TON,2020-04-28,56.48
Tonga,TON,2020-04-29,56.48
Tonga,TON,2020-04-30,56.48
Tonga,TON,2020-05-01,47.22
Tonga,TON,2020-05-02,47.22
Tonga,TON,2020-05-03,47.22
Tonga,TON,2020-05-04,47.22
Tonga,TON,2020-05-05,50.93
Tonga,TON,2020-05-06,50.93
Tonga,TON,2020-05-07,50.93
Tonga,TON,2020-05-08,50.93
Tonga,TON,2020-05-09,50.93
Tonga,TON,2020-05-10,50.93
Tonga,TON,2020-05-11,50.93
Tonga,TON,2020-05-12,50.93
Tonga,TON,2020-05-13,50.93
Tonga,TON,2020-05-14,50.93
Tonga,TON,2020-05-15,50.93
Tonga,TON,2020-05-16,50.93
Tonga,TON,2020-05-17,50.93
Tonga,TON,2020-05-18,50.93
Tonga,TON,2020-05-19,50.93
Tonga,TON,2020-05-20,50.93
Tonga,TON,2020-05-21,50.93
Tonga,TON,2020-05-22,50.93
Tonga,TON,2020-05-23,50.93
Tonga,TON,2020-05-24,50.93
Tonga,TON,2020-05-25,50.93
Tonga,TON,2020-05-26,50.93
Tonga,TON,2020-05-27,50.93
Tonga,TON,2020-05-28,50.93
Tonga,TON,2020-05-29,47.22
Tonga,TON,2020-05-30,47.22
Tonga,TON,2020-05-31,47.22
Tonga,TON,2020-06-01,47.22
Tonga,TON,2020-06-02,47.22
Tonga,TON,2020-06-03,47.22
Tonga,TON,2020-06-04,47.22
Tonga,TON,2020-06-05,47.22
Tonga,TON,2020-06-06,47.22
Tonga,TON,2020-06-07,47.22
Tonga,TON,2020-06-08,47.22
Tonga,TON,2020-06-09,47.22
Tonga,TON,2020-06-10,47.22
Tonga,TON,2020-06-11,47.22
Tonga,TON,2020-06-12,47.22
Tonga,TON,2020-06-13,47.22
Tonga,TON,2020-06-14,47.22
Tonga,TON,2020-06-15,47.22
Tonga,TON,2020-06-16,47.22
Tonga,TON,2020-06-17,47.22
Tonga,TON,2020-06-18,47.22
Tonga,TON,2020-06-19,47.22
Tonga,TON,2020-06-20,47.22
Tonga,TON,2020-06-21,47.22
Tonga,TON,2020-06-22,47.22
Tonga,TON,2020-06-23,47.22
Tonga,TON,2020-06-24,47.22
Tonga,TON,2020-06-25,47.22
Tonga,TON,2020-06-26,47.22
Tonga,TON,2020-06-27,47.22
Tonga,TON,2020-06-28,47.22
Tonga,TON,2020-06-29,47.22
Tonga,TON,2020-06-30,47.22
Tonga,TON,2020-07-01,47.22
Tonga,TON,2020-07-02,47.22
Tonga,TON,2020-07-03,47.22
Tonga,TON,2020-07-04,47.22
Tonga,TON,2020-07-05,47.22
Tonga,TON,2020-07-06,47.22
Tonga,TON,2020-07-07,47.22
Tonga,TON,2020-07-08,47.22
Tonga,TON,2020-07-09,47.22
Tonga,TON,2020-07-10,47.22
Tonga,TON,2020-07-11,47.22
Tonga,TON,2020-07-12,47.22
Tonga,TON,2020-07-13,47.22
Tonga,TON,2020-07-14,47.22
Tonga,TON,2020-07-15,47.22
Tonga,TON,2020-07-16,47.22
Tonga,TON,2020-07-17,47.22
Tonga,TON,2020-07-18,47.22
Tonga,TON,2020-07-19,47.22
Tonga,TON,2020-07-20,47.22
Tonga,TON,2020-07-21,47.22
Tonga,TON,2020-07-22,47.22
Tonga,TON,2020-07-23,47.22
Tonga,TON,2020-07-24,47.22
Tonga,TON,2020-07-25,47.22
Tonga,TON,2020-07-26,47.22
Tonga,TON,2020-07-27,47.22
Tonga,TON,2020-07-28,47.22
Tonga,TON,2020-07-29,47.22
Tonga,TON,2020-07-30,47.22
Tonga,TON,2020-07-31,47.22
Tonga,TON,2020-08-01,47.22
Tonga,TON,2020-08-02,47.22
Tonga,TON,2020-08-03,47.22
Tonga,TON,2020-08-04,47.22
Tonga,TON,2020-08-05,47.22
Tonga,TON,2020-08-06,47.22
Tonga,TON,2020-08-07,47.22
Tonga,TON,2020-08-08,47.22
Tonga,TON,2020-08-09,47.22
Tonga,TON,2020-08-10,47.22
Tonga,TON,2020-08-11,47.22
Tonga,TON,2020-08-12,47.22
Tonga,TON,2020-08-13,47.22
Tonga,TON,2020-08-14,47.22
Tonga,TON,2020-08-15,47.22
Tonga,TON,2020-08-16,47.22
Tonga,TON,2020-08-17,47.22
Tonga,TON,2020-08-18,47.22
Tonga,TON,2020-08-19,47.22
Tonga,TON,2020-08-20,47.22
Tonga,TON,2020-08-21,47.22
Tonga,TON,2020-08-22,47.22
Tonga,TON,2020-08-23,47.22
Tonga,TON,2020-08-24,47.22
Tonga,TON,2020-08-25,47.22
Tonga,TON,2020-08-26,47.22
Tonga,TON,2020-08-27,47.22
Tonga,TON,2020-08-28,47.22
Tonga,TON,2020-08-29,47.22
Tonga,TON,2020-08-30,47.22
Tonga,TON,2020-08-31,47.22
Tonga,TON,2020-09-01,47.22
Tonga,TON,2020-09-02,47.22
Tonga,TON,2020-09-03,47.22
Tonga,TON,2020-09-04,47.22
Tonga,TON,2020-09-05,47.22
Tonga,TON,2020-09-06,47.22
Tonga,TON,2020-09-07,47.22
Tonga,TON,2020-09-08,47.22
Tonga,TON,2020-09-09,47.22
Tonga,TON,2020-09-10,47.22
Tonga,TON,2020-09-11,47.22
Tonga,TON,2020-09-12,47.22
Tonga,TON,2020-09-13,47.22
Tonga,TON,2020-09-14,47.22
Tonga,TON,2020-09-15,47.22
Tonga,TON,2020-09-16,47.22
Tonga,TON,2020-09-17,47.22
Tonga,TON,2020-09-18,47.22
Tonga,TON,2020-09-19,47.22
Tonga,TON,2020-09-20,47.22
Tonga,TON,2020-09-21,47.22
Tonga,TON,2020-09-22,47.22
Tonga,TON,2020-09-23,47.22
Tonga,TON,2020-09-24,47.22
Tonga,TON,2020-09-25,47.22
Tonga,TON,2020-09-26,47.22
Tonga,TON,2020-09-27,47.22
Tonga,TON,2020-09-28,47.22
Tonga,TON,2020-09-29,47.22
Tonga,TON,2020-09-30,47.22
Tonga,TON,2020-10-01,47.22
Tonga,TON,2020-10-02,47.22
Tonga,TON,2020-10-03,47.22
Tonga,TON,2020-10-04,47.22
Tonga,TON,2020-10-05,47.22
Tonga,TON,2020-10-06,47.22
Tonga,TON,2020-10-07,47.22
Tonga,TON,2020-10-08,47.22
Tonga,TON,2020-10-09,47.22
Tonga,TON,2020-10-10,47.22
Tonga,TON,2020-10-11,47.22
Tonga,TON,2020-10-12,47.22
Tonga,TON,2020-10-13,47.22
Tonga,TON,2020-10-14,47.22
Tonga,TON,2020-10-15,47.22
Tonga,TON,2020-10-16,47.22
Tonga,TON,2020-10-17,47.22
Tonga,TON,2020-10-18,47.22
Tonga,TON,2020-10-19,47.22
Tonga,TON,2020-10-20,47.22
Tonga,TON,2020-10-21,47.22
Tonga,TON,2020-10-22,47.22
Tonga,TON,2020-10-23,47.22
Tonga,TON,2020-10-24,47.22
Tonga,TON,2020-10-25,47.22
Tonga,TON,2020-10-26,47.22
Tonga,TON,2020-10-27,47.22
Tonga,TON,2020-10-28,47.22
Tonga,TON,2020-10-29,47.22
Tonga,TON,2020-10-30,47.22
Tonga,TON,2020-10-31,47.22
Tonga,TON,2020-11-01,47.22
Tonga,TON,2020-11-02,47.22
Tonga,TON,2020-11-03,47.22
Tonga,TON,2020-11-04,47.22
Tonga,TON,2020-11-05,47.22
Tonga,TON,2020-11-06,47.22
Tonga,TON,2020-11-07,47.22
Tonga,TON,2020-11-08,47.22
Tonga,TON,2020-11-09,47.22
Tonga,TON,2020-11-10,47.22
Tonga,TON,2020-11-11,47.22
Tonga,TON,2020-11-12,47.22
Tonga,TON,2020-11-13,47.22
Tonga,TON,2020-11-14,47.22
Tonga,TON,2020-11-15,47.22
Tonga,TON,2020-11-16,47.22
Tonga,TON,2020-11-17,47.22
Tonga,TON,2020-11-18,47.22
Tonga,TON,2020-11-19,47.22
Tonga,TON,2020-11-20,47.22
Tonga,TON,2020-11-21,47.22
Tonga,TON,2020-11-22,47.22
Tonga,TON,2020-11-23,47.22
Tonga,TON,2020-11-24,47.22
Tonga,TON,2020-11-25,47.22
Tonga,TON,2020-11-26,47.22
Tonga,TON,2020-11-27,47.22
Tonga,TON,2020-11-28,47.22
Tonga,TON,2020-11-29,47.22
Tonga,TON,2020-11-30,47.22
Tonga,TON,2020-12-01,47.22
Tonga,TON,2020-12-02,47.22
Tonga,TON,2020-12-03,47.22
Tonga,TON,2020-12-04,47.22
Tonga,TON,2020-12-05,47.22
Tonga,TON,2020-12-06,47.22
Tonga,TON,2020-12-07,47.22
Tonga,TON,2020-12-08,47.22
Tonga,TON,2020-12-09,47.22
Tonga,TON,2020-12-10,47.22
Tonga,TON,2020-12-11,47.22
Tonga,TON,2020-12-12,47.22
Tonga,TON,2020-12-13,47.22
Tonga,TON,2020-12-14,47.22
Tonga,TON,2020-12-15,47.22
Tonga,TON,2020-12-16,47.22
Tonga,TON,2020-12-17,47.22
Tonga,TON,2020-12-18,47.22
Tonga,TON,2020-12-19,47.22
Tonga,TON,2020-12-20,47.22
Tonga,TON,2020-12-21,47.22
Tonga,TON,2020-12-22,47.22
Tonga,TON,2020-12-23,47.22
Tonga,TON,2020-12-24,47.22
Tonga,TON,2020-12-25,39.81
Tonga,TON,2020-12-26,47.22
Tonga,TON,2020-12-27,47.22
Tonga,TON,2020-12-28,47.22
Tonga,TON,2020-12-29,47.22
Tonga,TON,2020-12-30,47.22
Tonga,TON,2020-12-31,47.22
Tonga,TON,2021-01-01,39.81
Tonga,TON,2021-01-02,47.22
Tonga,TON,2021-01-03,47.22
Tonga,TON,2021-01-04,47.22
Tonga,TON,2021-01-05,47.22
Tonga,TON,2021-01-06,47.22
Tonga,TON,2021-01-07,47.22
Tonga,TON,2021-01-08,47.22
Tonga,TON,2021-01-09,47.22
Tonga,TON,2021-01-10,47.22
Tonga,TON,2021-01-11,47.22
Tonga,TON,2021-01-12,47.22
Tonga,TON,2021-01-13,47.22
Tonga,TON,2021-01-14,47.22
Tonga,TON,2021-01-15,47.22
Tonga,TON,2021-01-16,47.22
Tonga,TON,2021-01-17,47.22
Tonga,TON,2021-01-18,47.22
Tonga,TON,2021-01-19,47.22
Tonga,TON,2021-01-20,47.22
Tonga,TON,2021-01-21,47.22
Tonga,TON,2021-01-22,47.22
Tonga,TON,2021-01-23,47.22
Tonga,TON,2021-01-24,47.22
Tonga,TON,2021-01-25,47.22
Tonga,TON,2021-01-26,47.22
Tonga,TON,2021-01-27,47.22
Tonga,TON,2021-01-28,47.22
Tonga,TON,2021-01-29,47.22
Tonga,TON,2021-01-30,47.22
Tonga,TON,2021-01-31,47.22
Tonga,TON,2021-02-01,47.22
Tonga,TON,2021-02-02,47.22
Tonga,TON,2021-02-03,47.22
Tonga,TON,2021-02-04,47.22
Tonga,TON,2021-02-05,47.22
Tonga,TON,2021-02-06,47.22
Tonga,TON,2021-02-07,47.22
Tonga,TON,2021-02-08,47.22
Tonga,TON,2021-02-09,47.22
Tonga,TON,2021-02-10,47.22
Tonga,TON,2021-02-11,47.22
Tonga,TON,2021-02-12,47.22
Tonga,TON,2021-02-13,47.22
Tonga,TON,2021-02-14,47.22
Tonga,TON,2021-02-15,47.22
Tonga,TON,2021-02-16,47.22
Tonga,TON,2021-02-17,47.22
Tonga,TON,2021-02-18,47.22
Tonga,TON,2021-02-19,47.22
Tonga,TON,2021-02-20,47.22
Tonga,TON,2021-02-21,47.22
Tonga,TON,2021-02-22,47.22
Tonga,TON,2021-02-23,47.22
Tonga,TON,2021-02-24,47.22
Tonga,TON,2021-02-25,47.22
Tonga,TON,2021-02-26,47.22
Tonga,TON,2021-02-27,47.22
Tonga,TON,2021-02-28,47.22
Tonga,TON,2021-03-01,47.22
Tonga,TON,2021-03-02,47.22
Tonga,TON,2021-03-03,47.22
Tonga,TON,2021-03-04,47.22
Tonga,TON,2021-03-05,47.22
Tonga,TON,2021-03-06,47.22
Tonga,TON,2021-03-07,47.22
Tonga,TON,2021-03-08,47.22
Trinidad and Tobago,TTO,2020-01-01,0
Trinidad and Tobago,TTO,2020-01-02,0
Trinidad and Tobago,TTO,2020-01-03,0
Trinidad and Tobago,TTO,2020-01-04,0
Trinidad and Tobago,TTO,2020-01-05,0
Trinidad and Tobago,TTO,2020-01-06,0
Trinidad and Tobago,TTO,2020-01-07,0
Trinidad and Tobago,TTO,2020-01-08,0
Trinidad and Tobago,TTO,2020-01-09,0
Trinidad and Tobago,TTO,2020-01-10,0
Trinidad and Tobago,TTO,2020-01-11,0
Trinidad and Tobago,TTO,2020-01-12,0
Trinidad and Tobago,TTO,2020-01-13,0
Trinidad and Tobago,TTO,2020-01-14,0
Trinidad and Tobago,TTO,2020-01-15,0
Trinidad and Tobago,TTO,2020-01-16,0
Trinidad and Tobago,TTO,2020-01-17,0
Trinidad and Tobago,TTO,2020-01-18,0
Trinidad and Tobago,TTO,2020-01-19,0
Trinidad and Tobago,TTO,2020-01-20,0
Trinidad and Tobago,TTO,2020-01-21,0
Trinidad and Tobago,TTO,2020-01-22,0
Trinidad and Tobago,TTO,2020-01-23,0
Trinidad and Tobago,TTO,2020-01-24,0
Trinidad and Tobago,TTO,2020-01-25,0
Trinidad and Tobago,TTO,2020-01-26,0
Trinidad and Tobago,TTO,2020-01-27,0
Trinidad and Tobago,TTO,2020-01-28,0
Trinidad and Tobago,TTO,2020-01-29,0
Trinidad and Tobago,TTO,2020-01-30,5.56
Trinidad and Tobago,TTO,2020-01-31,5.56
Trinidad and Tobago,TTO,2020-02-01,5.56
Trinidad and Tobago,TTO,2020-02-02,11.11
Trinidad and Tobago,TTO,2020-02-03,11.11
Trinidad and Tobago,TTO,2020-02-04,11.11
Trinidad and Tobago,TTO,2020-02-05,11.11
Trinidad and Tobago,TTO,2020-02-06,11.11
Trinidad and Tobago,TTO,2020-02-07,11.11
Trinidad and Tobago,TTO,2020-02-08,11.11
Trinidad and Tobago,TTO,2020-02-09,11.11
Trinidad and Tobago,TTO,2020-02-10,11.11
Trinidad and Tobago,TTO,2020-02-11,11.11
Trinidad and Tobago,TTO,2020-02-12,11.11
Trinidad and Tobago,TTO,2020-02-13,11.11
Trinidad and Tobago,TTO,2020-02-14,11.11
Trinidad and Tobago,TTO,2020-02-15,11.11
Trinidad and Tobago,TTO,2020-02-16,11.11
Trinidad and Tobago,TTO,2020-02-17,11.11
Trinidad and Tobago,TTO,2020-02-18,11.11
Trinidad and Tobago,TTO,2020-02-19,11.11
Trinidad and Tobago,TTO,2020-02-20,11.11
Trinidad and Tobago,TTO,2020-02-21,11.11
Trinidad and Tobago,TTO,2020-02-22,11.11
Trinidad and Tobago,TTO,2020-02-23,11.11
Trinidad and Tobago,TTO,2020-02-24,11.11
Trinidad and Tobago,TTO,2020-02-25,11.11
Trinidad and Tobago,TTO,2020-02-26,11.11
Trinidad and Tobago,TTO,2020-02-27,11.11
Trinidad and Tobago,TTO,2020-02-28,11.11
Trinidad and Tobago,TTO,2020-02-29,11.11
Trinidad and Tobago,TTO,2020-03-01,11.11
Trinidad and Tobago,TTO,2020-03-02,11.11
Trinidad and Tobago,TTO,2020-03-03,11.11
Trinidad and Tobago,TTO,2020-03-04,16.67
Trinidad and Tobago,TTO,2020-03-05,16.67
Trinidad and Tobago,TTO,2020-03-06,16.67
Trinidad and Tobago,TTO,2020-03-07,16.67
Trinidad and Tobago,TTO,2020-03-08,16.67
Trinidad and Tobago,TTO,2020-03-09,16.67
Trinidad and Tobago,TTO,2020-03-10,16.67
Trinidad and Tobago,TTO,2020-03-11,16.67
Trinidad and Tobago,TTO,2020-03-12,16.67
Trinidad and Tobago,TTO,2020-03-13,20.37
Trinidad and Tobago,TTO,2020-03-14,31.48
Trinidad and Tobago,TTO,2020-03-15,31.48
Trinidad and Tobago,TTO,2020-03-16,45.37
Trinidad and Tobago,TTO,2020-03-17,49.07
Trinidad and Tobago,TTO,2020-03-18,49.07
Trinidad and Tobago,TTO,2020-03-19,49.07
Trinidad and Tobago,TTO,2020-03-20,49.07
Trinidad and Tobago,TTO,2020-03-21,54.63
Trinidad and Tobago,TTO,2020-03-22,54.63
Trinidad and Tobago,TTO,2020-03-23,60.19
Trinidad and Tobago,TTO,2020-03-24,60.19
Trinidad and Tobago,TTO,2020-03-25,60.19
Trinidad and Tobago,TTO,2020-03-26,60.19
Trinidad and Tobago,TTO,2020-03-27,60.19
Trinidad and Tobago,TTO,2020-03-28,60.19
Trinidad and Tobago,TTO,2020-03-29,65.74
Trinidad and Tobago,TTO,2020-03-30,76.85
Trinidad and Tobago,TTO,2020-03-31,79.63
Trinidad and Tobago,TTO,2020-04-01,79.63
Trinidad and Tobago,TTO,2020-04-02,79.63
Trinidad and Tobago,TTO,2020-04-03,79.63
Trinidad and Tobago,TTO,2020-04-04,79.63
Trinidad and Tobago,TTO,2020-04-05,79.63
Trinidad and Tobago,TTO,2020-04-06,79.63
Trinidad and Tobago,TTO,2020-04-07,79.63
Trinidad and Tobago,TTO,2020-04-08,79.63
Trinidad and Tobago,TTO,2020-04-09,79.63
Trinidad and Tobago,TTO,2020-04-10,79.63
Trinidad and Tobago,TTO,2020-04-11,79.63
Trinidad and Tobago,TTO,2020-04-12,79.63
Trinidad and Tobago,TTO,2020-04-13,79.63
Trinidad and Tobago,TTO,2020-04-14,79.63
Trinidad and Tobago,TTO,2020-04-15,79.63
Trinidad and Tobago,TTO,2020-04-16,79.63
Trinidad and Tobago,TTO,2020-04-17,79.63
Trinidad and Tobago,TTO,2020-04-18,79.63
Trinidad and Tobago,TTO,2020-04-19,79.63
Trinidad and Tobago,TTO,2020-04-20,79.63
Trinidad and Tobago,TTO,2020-04-21,79.63
Trinidad and Tobago,TTO,2020-04-22,79.63
Trinidad and Tobago,TTO,2020-04-23,79.63
Trinidad and Tobago,TTO,2020-04-24,79.63
Trinidad and Tobago,TTO,2020-04-25,79.63
Trinidad and Tobago,TTO,2020-04-26,79.63
Trinidad and Tobago,TTO,2020-04-27,90.74
Trinidad and Tobago,TTO,2020-04-28,90.74
Trinidad and Tobago,TTO,2020-04-29,90.74
Trinidad and Tobago,TTO,2020-04-30,90.74
Trinidad and Tobago,TTO,2020-05-01,90.74
Trinidad and Tobago,TTO,2020-05-02,90.74
Trinidad and Tobago,TTO,2020-05-03,90.74
Trinidad and Tobago,TTO,2020-05-04,90.74
Trinidad and Tobago,TTO,2020-05-05,90.74
Trinidad and Tobago,TTO,2020-05-06,90.74
Trinidad and Tobago,TTO,2020-05-07,90.74
Trinidad and Tobago,TTO,2020-05-08,90.74
Trinidad and Tobago,TTO,2020-05-09,90.74
Trinidad and Tobago,TTO,2020-05-10,90.74
Trinidad and Tobago,TTO,2020-05-11,90.74
Trinidad and Tobago,TTO,2020-05-12,90.74
Trinidad and Tobago,TTO,2020-05-13,90.74
Trinidad and Tobago,TTO,2020-05-14,90.74
Trinidad and Tobago,TTO,2020-05-15,90.74
Trinidad and Tobago,TTO,2020-05-16,90.74
Trinidad and Tobago,TTO,2020-05-17,90.74
Trinidad and Tobago,TTO,2020-05-18,90.74
Trinidad and Tobago,TTO,2020-05-19,90.74
Trinidad and Tobago,TTO,2020-05-20,90.74
Trinidad and Tobago,TTO,2020-05-21,87.04
Trinidad and Tobago,TTO,2020-05-22,87.04
Trinidad and Tobago,TTO,2020-05-23,87.04
Trinidad and Tobago,TTO,2020-05-24,87.04
Trinidad and Tobago,TTO,2020-05-25,87.04
Trinidad and Tobago,TTO,2020-05-26,87.04
Trinidad and Tobago,TTO,2020-05-27,87.04
Trinidad and Tobago,TTO,2020-05-28,87.04
Trinidad and Tobago,TTO,2020-05-29,87.04
Trinidad and Tobago,TTO,2020-05-30,87.04
Trinidad and Tobago,TTO,2020-05-31,87.04
Trinidad and Tobago,TTO,2020-06-01,87.04
Trinidad and Tobago,TTO,2020-06-02,87.04
Trinidad and Tobago,TTO,2020-06-03,87.04
Trinidad and Tobago,TTO,2020-06-04,87.04
Trinidad and Tobago,TTO,2020-06-05,87.04
Trinidad and Tobago,TTO,2020-06-06,87.04
Trinidad and Tobago,TTO,2020-06-07,87.04
Trinidad and Tobago,TTO,2020-06-08,83.33
Trinidad and Tobago,TTO,2020-06-09,77.78
Trinidad and Tobago,TTO,2020-06-10,77.78
Trinidad and Tobago,TTO,2020-06-11,77.78
Trinidad and Tobago,TTO,2020-06-12,77.78
Trinidad and Tobago,TTO,2020-06-13,77.78
Trinidad and Tobago,TTO,2020-06-14,77.78
Trinidad and Tobago,TTO,2020-06-15,77.78
Trinidad and Tobago,TTO,2020-06-16,77.78
Trinidad and Tobago,TTO,2020-06-17,77.78
Trinidad and Tobago,TTO,2020-06-18,77.78
Trinidad and Tobago,TTO,2020-06-19,77.78
Trinidad and Tobago,TTO,2020-06-20,77.78
Trinidad and Tobago,TTO,2020-06-21,77.78
Trinidad and Tobago,TTO,2020-06-22,60.19
Trinidad and Tobago,TTO,2020-06-23,60.19
Trinidad and Tobago,TTO,2020-06-24,60.19
Trinidad and Tobago,TTO,2020-06-25,60.19
Trinidad and Tobago,TTO,2020-06-26,60.19
Trinidad and Tobago,TTO,2020-06-27,60.19
Trinidad and Tobago,TTO,2020-06-28,60.19
Trinidad and Tobago,TTO,2020-06-29,60.19
Trinidad and Tobago,TTO,2020-06-30,60.19
Trinidad and Tobago,TTO,2020-07-01,60.19
Trinidad and Tobago,TTO,2020-07-02,60.19
Trinidad and Tobago,TTO,2020-07-03,60.19
Trinidad and Tobago,TTO,2020-07-04,60.19
Trinidad and Tobago,TTO,2020-07-05,60.19
Trinidad and Tobago,TTO,2020-07-06,60.19
Trinidad and Tobago,TTO,2020-07-07,60.19
Trinidad and Tobago,TTO,2020-07-08,60.19
Trinidad and Tobago,TTO,2020-07-09,60.19
Trinidad and Tobago,TTO,2020-07-10,60.19
Trinidad and Tobago,TTO,2020-07-11,60.19
Trinidad and Tobago,TTO,2020-07-12,60.19
Trinidad and Tobago,TTO,2020-07-13,60.19
Trinidad and Tobago,TTO,2020-07-14,60.19
Trinidad and Tobago,TTO,2020-07-15,60.19
Trinidad and Tobago,TTO,2020-07-16,60.19
Trinidad and Tobago,TTO,2020-07-17,60.19
Trinidad and Tobago,TTO,2020-07-18,60.19
Trinidad and Tobago,TTO,2020-07-19,60.19
Trinidad and Tobago,TTO,2020-07-20,60.19
Trinidad and Tobago,TTO,2020-07-21,60.19
Trinidad and Tobago,TTO,2020-07-22,60.19
Trinidad and Tobago,TTO,2020-07-23,60.19
Trinidad and Tobago,TTO,2020-07-24,60.19
Trinidad and Tobago,TTO,2020-07-25,60.19
Trinidad and Tobago,TTO,2020-07-26,60.19
Trinidad and Tobago,TTO,2020-07-27,60.19
Trinidad and Tobago,TTO,2020-07-28,60.19
Trinidad and Tobago,TTO,2020-07-29,60.19
Trinidad and Tobago,TTO,2020-07-30,60.19
Trinidad and Tobago,TTO,2020-07-31,60.19
Trinidad and Tobago,TTO,2020-08-01,60.19
Trinidad and Tobago,TTO,2020-08-02,60.19
Trinidad and Tobago,TTO,2020-08-03,60.19
Trinidad and Tobago,TTO,2020-08-04,60.19
Trinidad and Tobago,TTO,2020-08-05,60.19
Trinidad and Tobago,TTO,2020-08-06,60.19
Trinidad and Tobago,TTO,2020-08-07,60.19
Trinidad and Tobago,TTO,2020-08-08,60.19
Trinidad and Tobago,TTO,2020-08-09,60.19
Trinidad and Tobago,TTO,2020-08-10,60.19
Trinidad and Tobago,TTO,2020-08-11,60.19
Trinidad and Tobago,TTO,2020-08-12,60.19
Trinidad and Tobago,TTO,2020-08-13,60.19
Trinidad and Tobago,TTO,2020-08-14,60.19
Trinidad and Tobago,TTO,2020-08-15,60.19
Trinidad and Tobago,TTO,2020-08-16,60.19
Trinidad and Tobago,TTO,2020-08-17,80.56
Trinidad and Tobago,TTO,2020-08-18,80.56
Trinidad and Tobago,TTO,2020-08-19,80.56
Trinidad and Tobago,TTO,2020-08-20,80.56
Trinidad and Tobago,TTO,2020-08-21,80.56
Trinidad and Tobago,TTO,2020-08-22,80.56
Trinidad and Tobago,TTO,2020-08-23,80.56
Trinidad and Tobago,TTO,2020-08-24,80.56
Trinidad and Tobago,TTO,2020-08-25,80.56
Trinidad and Tobago,TTO,2020-08-26,80.56
Trinidad and Tobago,TTO,2020-08-27,80.56
Trinidad and Tobago,TTO,2020-08-28,80.56
Trinidad and Tobago,TTO,2020-08-29,80.56
Trinidad and Tobago,TTO,2020-08-30,80.56
Trinidad and Tobago,TTO,2020-08-31,80.56
Trinidad and Tobago,TTO,2020-09-01,80.56
Trinidad and Tobago,TTO,2020-09-02,80.56
Trinidad and Tobago,TTO,2020-09-03,80.56
Trinidad and Tobago,TTO,2020-09-04,80.56
Trinidad and Tobago,TTO,2020-09-05,80.56
Trinidad and Tobago,TTO,2020-09-06,80.56
Trinidad and Tobago,TTO,2020-09-07,80.56
Trinidad and Tobago,TTO,2020-09-08,80.56
Trinidad and Tobago,TTO,2020-09-09,80.56
Trinidad and Tobago,TTO,2020-09-10,80.56
Trinidad and Tobago,TTO,2020-09-11,80.56
Trinidad and Tobago,TTO,2020-09-12,80.56
Trinidad and Tobago,TTO,2020-09-13,80.56
Trinidad and Tobago,TTO,2020-09-14,80.56
Trinidad and Tobago,TTO,2020-09-15,80.56
Trinidad and Tobago,TTO,2020-09-16,80.56
Trinidad and Tobago,TTO,2020-09-17,80.56
Trinidad and Tobago,TTO,2020-09-18,80.56
Trinidad and Tobago,TTO,2020-09-19,80.56
Trinidad and Tobago,TTO,2020-09-20,80.56
Trinidad and Tobago,TTO,2020-09-21,80.56
Trinidad and Tobago,TTO,2020-09-22,80.56
Trinidad and Tobago,TTO,2020-09-23,80.56
Trinidad and Tobago,TTO,2020-09-24,80.56
Trinidad and Tobago,TTO,2020-09-25,80.56
Trinidad and Tobago,TTO,2020-09-26,80.56
Trinidad and Tobago,TTO,2020-09-27,80.56
Trinidad and Tobago,TTO,2020-09-28,80.56
Trinidad and Tobago,TTO,2020-09-29,80.56
Trinidad and Tobago,TTO,2020-09-30,80.56
Trinidad and Tobago,TTO,2020-10-01,80.56
Trinidad and Tobago,TTO,2020-10-02,80.56
Trinidad and Tobago,TTO,2020-10-03,80.56
Trinidad and Tobago,TTO,2020-10-04,80.56
Trinidad and Tobago,TTO,2020-10-05,80.56
Trinidad and Tobago,TTO,2020-10-06,80.56
Trinidad and Tobago,TTO,2020-10-07,80.56
Trinidad and Tobago,TTO,2020-10-08,80.56
Trinidad and Tobago,TTO,2020-10-09,80.56
Trinidad and Tobago,TTO,2020-10-10,77.78
Trinidad and Tobago,TTO,2020-10-11,77.78
Trinidad and Tobago,TTO,2020-10-12,69.44
Trinidad and Tobago,TTO,2020-10-13,69.44
Trinidad and Tobago,TTO,2020-10-14,69.44
Trinidad and Tobago,TTO,2020-10-15,69.44
Trinidad and Tobago,TTO,2020-10-16,69.44
Trinidad and Tobago,TTO,2020-10-17,69.44
Trinidad and Tobago,TTO,2020-10-18,69.44
Trinidad and Tobago,TTO,2020-10-19,69.44
Trinidad and Tobago,TTO,2020-10-20,69.44
Trinidad and Tobago,TTO,2020-10-21,69.44
Trinidad and Tobago,TTO,2020-10-22,69.44
Trinidad and Tobago,TTO,2020-10-23,69.44
Trinidad and Tobago,TTO,2020-10-24,69.44
Trinidad and Tobago,TTO,2020-10-25,69.44
Trinidad and Tobago,TTO,2020-10-26,65.74
Trinidad and Tobago,TTO,2020-10-27,65.74
Trinidad and Tobago,TTO,2020-10-28,65.74
Trinidad and Tobago,TTO,2020-10-29,65.74
Trinidad and Tobago,TTO,2020-10-30,65.74
Trinidad and Tobago,TTO,2020-10-31,65.74
Trinidad and Tobago,TTO,2020-11-01,65.74
Trinidad and Tobago,TTO,2020-11-02,65.74
Trinidad and Tobago,TTO,2020-11-03,65.74
Trinidad and Tobago,TTO,2020-11-04,65.74
Trinidad and Tobago,TTO,2020-11-05,65.74
Trinidad and Tobago,TTO,2020-11-06,65.74
Trinidad and Tobago,TTO,2020-11-07,65.74
Trinidad and Tobago,TTO,2020-11-08,65.74
Trinidad and Tobago,TTO,2020-11-09,65.74
Trinidad and Tobago,TTO,2020-11-10,65.74
Trinidad and Tobago,TTO,2020-11-11,65.74
Trinidad and Tobago,TTO,2020-11-12,65.74
Trinidad and Tobago,TTO,2020-11-13,65.74
Trinidad and Tobago,TTO,2020-11-14,65.74
Trinidad and Tobago,TTO,2020-11-15,65.74
Trinidad and Tobago,TTO,2020-11-16,65.74
Trinidad and Tobago,TTO,2020-11-17,65.74
Trinidad and Tobago,TTO,2020-11-18,65.74
Trinidad and Tobago,TTO,2020-11-19,65.74
Trinidad and Tobago,TTO,2020-11-20,65.74
Trinidad and Tobago,TTO,2020-11-21,65.74
Trinidad and Tobago,TTO,2020-11-22,65.74
Trinidad and Tobago,TTO,2020-11-23,65.74
Trinidad and Tobago,TTO,2020-11-24,65.74
Trinidad and Tobago,TTO,2020-11-25,65.74
Trinidad and Tobago,TTO,2020-11-26,65.74
Trinidad and Tobago,TTO,2020-11-27,65.74
Trinidad and Tobago,TTO,2020-11-28,65.74
Trinidad and Tobago,TTO,2020-11-29,65.74
Trinidad and Tobago,TTO,2020-11-30,65.74
Trinidad and Tobago,TTO,2020-12-01,65.74
Trinidad and Tobago,TTO,2020-12-02,65.74
Trinidad and Tobago,TTO,2020-12-03,65.74
Trinidad and Tobago,TTO,2020-12-04,65.74
Trinidad and Tobago,TTO,2020-12-05,65.74
Trinidad and Tobago,TTO,2020-12-06,65.74
Trinidad and Tobago,TTO,2020-12-07,65.74
Trinidad and Tobago,TTO,2020-12-08,68.52
Trinidad and Tobago,TTO,2020-12-09,68.52
Trinidad and Tobago,TTO,2020-12-10,68.52
Trinidad and Tobago,TTO,2020-12-11,68.52
Trinidad and Tobago,TTO,2020-12-12,68.52
Trinidad and Tobago,TTO,2020-12-13,68.52
Trinidad and Tobago,TTO,2020-12-14,68.52
Trinidad and Tobago,TTO,2020-12-15,68.52
Trinidad and Tobago,TTO,2020-12-16,68.52
Trinidad and Tobago,TTO,2020-12-17,68.52
Trinidad and Tobago,TTO,2020-12-18,68.52
Trinidad and Tobago,TTO,2020-12-19,68.52
Trinidad and Tobago,TTO,2020-12-20,68.52
Trinidad and Tobago,TTO,2020-12-21,68.52
Trinidad and Tobago,TTO,2020-12-22,68.52
Trinidad and Tobago,TTO,2020-12-23,68.52
Trinidad and Tobago,TTO,2020-12-24,68.52
Trinidad and Tobago,TTO,2020-12-25,68.52
Trinidad and Tobago,TTO,2020-12-26,68.52
Trinidad and Tobago,TTO,2020-12-27,68.52
Trinidad and Tobago,TTO,2020-12-28,68.52
Trinidad and Tobago,TTO,2020-12-29,68.52
Trinidad and Tobago,TTO,2020-12-30,68.52
Trinidad and Tobago,TTO,2020-12-31,68.52
Trinidad and Tobago,TTO,2021-01-01,68.52
Trinidad and Tobago,TTO,2021-01-02,68.52
Trinidad and Tobago,TTO,2021-01-03,68.52
Trinidad and Tobago,TTO,2021-01-04,68.52
Trinidad and Tobago,TTO,2021-01-05,68.52
Trinidad and Tobago,TTO,2021-01-06,68.52
Trinidad and Tobago,TTO,2021-01-07,68.52
Trinidad and Tobago,TTO,2021-01-08,68.52
Trinidad and Tobago,TTO,2021-01-09,68.52
Trinidad and Tobago,TTO,2021-01-10,68.52
Trinidad and Tobago,TTO,2021-01-11,68.52
Trinidad and Tobago,TTO,2021-01-12,68.52
Trinidad and Tobago,TTO,2021-01-13,68.52
Trinidad and Tobago,TTO,2021-01-14,68.52
Trinidad and Tobago,TTO,2021-01-15,68.52
Trinidad and Tobago,TTO,2021-01-16,68.52
Trinidad and Tobago,TTO,2021-01-17,68.52
Trinidad and Tobago,TTO,2021-01-18,68.52
Trinidad and Tobago,TTO,2021-01-19,68.52
Trinidad and Tobago,TTO,2021-01-20,68.52
Trinidad and Tobago,TTO,2021-01-21,68.52
Trinidad and Tobago,TTO,2021-01-22,68.52
Trinidad and Tobago,TTO,2021-01-23,68.52
Trinidad and Tobago,TTO,2021-01-24,68.52
Trinidad and Tobago,TTO,2021-01-25,68.52
Trinidad and Tobago,TTO,2021-01-26,68.52
Trinidad and Tobago,TTO,2021-01-27,68.52
Trinidad and Tobago,TTO,2021-01-28,68.52
Trinidad and Tobago,TTO,2021-01-29,68.52
Trinidad and Tobago,TTO,2021-01-30,68.52
Trinidad and Tobago,TTO,2021-01-31,68.52
Trinidad and Tobago,TTO,2021-02-01,68.52
Trinidad and Tobago,TTO,2021-02-02,68.52
Trinidad and Tobago,TTO,2021-02-03,68.52
Trinidad and Tobago,TTO,2021-02-04,68.52
Trinidad and Tobago,TTO,2021-02-05,68.52
Trinidad and Tobago,TTO,2021-02-06,68.52
Trinidad and Tobago,TTO,2021-02-07,68.52
Trinidad and Tobago,TTO,2021-02-08,64.81
Trinidad and Tobago,TTO,2021-02-09,64.81
Trinidad and Tobago,TTO,2021-02-10,64.81
Trinidad and Tobago,TTO,2021-02-11,64.81
Trinidad and Tobago,TTO,2021-02-12,64.81
Trinidad and Tobago,TTO,2021-02-13,64.81
Trinidad and Tobago,TTO,2021-02-14,64.81
Trinidad and Tobago,TTO,2021-02-15,64.81
Trinidad and Tobago,TTO,2021-02-16,64.81
Trinidad and Tobago,TTO,2021-02-17,64.81
Trinidad and Tobago,TTO,2021-02-18,64.81
Trinidad and Tobago,TTO,2021-02-19,64.81
Trinidad and Tobago,TTO,2021-02-20,64.81
Trinidad and Tobago,TTO,2021-02-21,64.81
Trinidad and Tobago,TTO,2021-02-22,64.81
Trinidad and Tobago,TTO,2021-02-23,64.81
Trinidad and Tobago,TTO,2021-02-24,64.81
Trinidad and Tobago,TTO,2021-02-25,64.81
Trinidad and Tobago,TTO,2021-02-26,64.81
Trinidad and Tobago,TTO,2021-02-27,64.81
Trinidad and Tobago,TTO,2021-02-28,64.81
Trinidad and Tobago,TTO,2021-03-01,64.81
Trinidad and Tobago,TTO,2021-03-02,64.81
Trinidad and Tobago,TTO,2021-03-03,64.81
Trinidad and Tobago,TTO,2021-03-04,64.81
Trinidad and Tobago,TTO,2021-03-05,64.81
Trinidad and Tobago,TTO,2021-03-06,64.81
Trinidad and Tobago,TTO,2021-03-07,64.81
Trinidad and Tobago,TTO,2021-03-08,64.81
Tunisia,TUN,2020-01-01,0
Tunisia,TUN,2020-01-02,0
Tunisia,TUN,2020-01-03,0
Tunisia,TUN,2020-01-04,0
Tunisia,TUN,2020-01-05,0
Tunisia,TUN,2020-01-06,0
Tunisia,TUN,2020-01-07,0
Tunisia,TUN,2020-01-08,0
Tunisia,TUN,2020-01-09,0
Tunisia,TUN,2020-01-10,0
Tunisia,TUN,2020-01-11,0
Tunisia,TUN,2020-01-12,0
Tunisia,TUN,2020-01-13,0
Tunisia,TUN,2020-01-14,0
Tunisia,TUN,2020-01-15,0
Tunisia,TUN,2020-01-16,0
Tunisia,TUN,2020-01-17,0
Tunisia,TUN,2020-01-18,0
Tunisia,TUN,2020-01-19,0
Tunisia,TUN,2020-01-20,0
Tunisia,TUN,2020-01-21,0
Tunisia,TUN,2020-01-22,0
Tunisia,TUN,2020-01-23,0
Tunisia,TUN,2020-01-24,0
Tunisia,TUN,2020-01-25,0
Tunisia,TUN,2020-01-26,0
Tunisia,TUN,2020-01-27,0
Tunisia,TUN,2020-01-28,0
Tunisia,TUN,2020-01-29,0
Tunisia,TUN,2020-01-30,0
Tunisia,TUN,2020-01-31,0
Tunisia,TUN,2020-02-01,0
Tunisia,TUN,2020-02-02,0
Tunisia,TUN,2020-02-03,0
Tunisia,TUN,2020-02-04,0
Tunisia,TUN,2020-02-05,0
Tunisia,TUN,2020-02-06,0
Tunisia,TUN,2020-02-07,0
Tunisia,TUN,2020-02-08,0
Tunisia,TUN,2020-02-09,0
Tunisia,TUN,2020-02-10,0
Tunisia,TUN,2020-02-11,0
Tunisia,TUN,2020-02-12,0
Tunisia,TUN,2020-02-13,0
Tunisia,TUN,2020-02-14,0
Tunisia,TUN,2020-02-15,0
Tunisia,TUN,2020-02-16,0
Tunisia,TUN,2020-02-17,0
Tunisia,TUN,2020-02-18,0
Tunisia,TUN,2020-02-19,0
Tunisia,TUN,2020-02-20,0
Tunisia,TUN,2020-02-21,0
Tunisia,TUN,2020-02-22,0
Tunisia,TUN,2020-02-23,0
Tunisia,TUN,2020-02-24,0
Tunisia,TUN,2020-02-25,0
Tunisia,TUN,2020-02-26,0
Tunisia,TUN,2020-02-27,0
Tunisia,TUN,2020-02-28,0
Tunisia,TUN,2020-02-29,0
Tunisia,TUN,2020-03-01,0
Tunisia,TUN,2020-03-02,0
Tunisia,TUN,2020-03-03,0
Tunisia,TUN,2020-03-04,13.89
Tunisia,TUN,2020-03-05,13.89
Tunisia,TUN,2020-03-06,13.89
Tunisia,TUN,2020-03-07,13.89
Tunisia,TUN,2020-03-08,13.89
Tunisia,TUN,2020-03-09,16.67
Tunisia,TUN,2020-03-10,16.67
Tunisia,TUN,2020-03-11,16.67
Tunisia,TUN,2020-03-12,27.78
Tunisia,TUN,2020-03-13,33.33
Tunisia,TUN,2020-03-14,33.33
Tunisia,TUN,2020-03-15,33.33
Tunisia,TUN,2020-03-16,38.89
Tunisia,TUN,2020-03-17,38.89
Tunisia,TUN,2020-03-18,48.15
Tunisia,TUN,2020-03-19,48.15
Tunisia,TUN,2020-03-20,77.78
Tunisia,TUN,2020-03-21,77.78
Tunisia,TUN,2020-03-22,90.74
Tunisia,TUN,2020-03-23,90.74
Tunisia,TUN,2020-03-24,90.74
Tunisia,TUN,2020-03-25,90.74
Tunisia,TUN,2020-03-26,90.74
Tunisia,TUN,2020-03-27,90.74
Tunisia,TUN,2020-03-28,90.74
Tunisia,TUN,2020-03-29,90.74
Tunisia,TUN,2020-03-30,90.74
Tunisia,TUN,2020-03-31,90.74
Tunisia,TUN,2020-04-01,90.74
Tunisia,TUN,2020-04-02,90.74
Tunisia,TUN,2020-04-03,90.74
Tunisia,TUN,2020-04-04,90.74
Tunisia,TUN,2020-04-05,90.74
Tunisia,TUN,2020-04-06,90.74
Tunisia,TUN,2020-04-07,90.74
Tunisia,TUN,2020-04-08,90.74
Tunisia,TUN,2020-04-09,90.74
Tunisia,TUN,2020-04-10,90.74
Tunisia,TUN,2020-04-11,90.74
Tunisia,TUN,2020-04-12,90.74
Tunisia,TUN,2020-04-13,90.74
Tunisia,TUN,2020-04-14,90.74
Tunisia,TUN,2020-04-15,90.74
Tunisia,TUN,2020-04-16,90.74
Tunisia,TUN,2020-04-17,90.74
Tunisia,TUN,2020-04-18,90.74
Tunisia,TUN,2020-04-19,90.74
Tunisia,TUN,2020-04-20,90.74
Tunisia,TUN,2020-04-21,90.74
Tunisia,TUN,2020-04-22,90.74
Tunisia,TUN,2020-04-23,90.74
Tunisia,TUN,2020-04-24,90.74
Tunisia,TUN,2020-04-25,90.74
Tunisia,TUN,2020-04-26,90.74
Tunisia,TUN,2020-04-27,90.74
Tunisia,TUN,2020-04-28,90.74
Tunisia,TUN,2020-04-29,90.74
Tunisia,TUN,2020-04-30,90.74
Tunisia,TUN,2020-05-01,90.74
Tunisia,TUN,2020-05-02,90.74
Tunisia,TUN,2020-05-03,90.74
Tunisia,TUN,2020-05-04,87.04
Tunisia,TUN,2020-05-05,87.04
Tunisia,TUN,2020-05-06,87.04
Tunisia,TUN,2020-05-07,87.04
Tunisia,TUN,2020-05-08,87.04
Tunisia,TUN,2020-05-09,87.04
Tunisia,TUN,2020-05-10,87.04
Tunisia,TUN,2020-05-11,87.04
Tunisia,TUN,2020-05-12,87.04
Tunisia,TUN,2020-05-13,87.04
Tunisia,TUN,2020-05-14,87.04
Tunisia,TUN,2020-05-15,83.33
Tunisia,TUN,2020-05-16,83.33
Tunisia,TUN,2020-05-17,83.33
Tunisia,TUN,2020-05-18,83.33
Tunisia,TUN,2020-05-19,83.33
Tunisia,TUN,2020-05-20,83.33
Tunisia,TUN,2020-05-21,83.33
Tunisia,TUN,2020-05-22,83.33
Tunisia,TUN,2020-05-23,83.33
Tunisia,TUN,2020-05-24,83.33
Tunisia,TUN,2020-05-25,83.33
Tunisia,TUN,2020-05-26,83.33
Tunisia,TUN,2020-05-27,83.33
Tunisia,TUN,2020-05-28,79.63
Tunisia,TUN,2020-05-29,79.63
Tunisia,TUN,2020-05-30,79.63
Tunisia,TUN,2020-05-31,79.63
Tunisia,TUN,2020-06-01,79.63
Tunisia,TUN,2020-06-02,79.63
Tunisia,TUN,2020-06-03,79.63
Tunisia,TUN,2020-06-04,68.52
Tunisia,TUN,2020-06-05,68.52
Tunisia,TUN,2020-06-06,68.52
Tunisia,TUN,2020-06-07,68.52
Tunisia,TUN,2020-06-08,29.63
Tunisia,TUN,2020-06-09,29.63
Tunisia,TUN,2020-06-10,29.63
Tunisia,TUN,2020-06-11,29.63
Tunisia,TUN,2020-06-12,29.63
Tunisia,TUN,2020-06-13,29.63
Tunisia,TUN,2020-06-14,29.63
Tunisia,TUN,2020-06-15,29.63
Tunisia,TUN,2020-06-16,29.63
Tunisia,TUN,2020-06-17,29.63
Tunisia,TUN,2020-06-18,29.63
Tunisia,TUN,2020-06-19,29.63
Tunisia,TUN,2020-06-20,29.63
Tunisia,TUN,2020-06-21,29.63
Tunisia,TUN,2020-06-22,29.63
Tunisia,TUN,2020-06-23,29.63
Tunisia,TUN,2020-06-24,29.63
Tunisia,TUN,2020-06-25,29.63
Tunisia,TUN,2020-06-26,29.63
Tunisia,TUN,2020-06-27,26.85
Tunisia,TUN,2020-06-28,26.85
Tunisia,TUN,2020-06-29,26.85
Tunisia,TUN,2020-06-30,26.85
Tunisia,TUN,2020-07-01,26.85
Tunisia,TUN,2020-07-02,26.85
Tunisia,TUN,2020-07-03,26.85
Tunisia,TUN,2020-07-04,26.85
Tunisia,TUN,2020-07-05,26.85
Tunisia,TUN,2020-07-06,26.85
Tunisia,TUN,2020-07-07,26.85
Tunisia,TUN,2020-07-08,26.85
Tunisia,TUN,2020-07-09,26.85
Tunisia,TUN,2020-07-10,26.85
Tunisia,TUN,2020-07-11,26.85
Tunisia,TUN,2020-07-12,26.85
Tunisia,TUN,2020-07-13,26.85
Tunisia,TUN,2020-07-14,26.85
Tunisia,TUN,2020-07-15,26.85
Tunisia,TUN,2020-07-16,26.85
Tunisia,TUN,2020-07-17,26.85
Tunisia,TUN,2020-07-18,26.85
Tunisia,TUN,2020-07-19,26.85
Tunisia,TUN,2020-07-20,26.85
Tunisia,TUN,2020-07-21,26.85
Tunisia,TUN,2020-07-22,26.85
Tunisia,TUN,2020-07-23,26.85
Tunisia,TUN,2020-07-24,26.85
Tunisia,TUN,2020-07-25,26.85
Tunisia,TUN,2020-07-26,26.85
Tunisia,TUN,2020-07-27,26.85
Tunisia,TUN,2020-07-28,26.85
Tunisia,TUN,2020-07-29,26.85
Tunisia,TUN,2020-07-30,26.85
Tunisia,TUN,2020-07-31,26.85
Tunisia,TUN,2020-08-01,26.85
Tunisia,TUN,2020-08-02,26.85
Tunisia,TUN,2020-08-03,26.85
Tunisia,TUN,2020-08-04,26.85
Tunisia,TUN,2020-08-05,26.85
Tunisia,TUN,2020-08-06,26.85
Tunisia,TUN,2020-08-07,24.07
Tunisia,TUN,2020-08-08,24.07
Tunisia,TUN,2020-08-09,24.07
Tunisia,TUN,2020-08-10,24.07
Tunisia,TUN,2020-08-11,24.07
Tunisia,TUN,2020-08-12,24.07
Tunisia,TUN,2020-08-13,24.07
Tunisia,TUN,2020-08-14,24.07
Tunisia,TUN,2020-08-15,24.07
Tunisia,TUN,2020-08-16,24.07
Tunisia,TUN,2020-08-17,24.07
Tunisia,TUN,2020-08-18,24.07
Tunisia,TUN,2020-08-19,24.07
Tunisia,TUN,2020-08-20,24.07
Tunisia,TUN,2020-08-21,24.07
Tunisia,TUN,2020-08-22,24.07
Tunisia,TUN,2020-08-23,24.07
Tunisia,TUN,2020-08-24,24.07
Tunisia,TUN,2020-08-25,24.07
Tunisia,TUN,2020-08-26,24.07
Tunisia,TUN,2020-08-27,24.07
Tunisia,TUN,2020-08-28,24.07
Tunisia,TUN,2020-08-29,26.85
Tunisia,TUN,2020-08-30,26.85
Tunisia,TUN,2020-08-31,26.85
Tunisia,TUN,2020-09-01,26.85
Tunisia,TUN,2020-09-02,26.85
Tunisia,TUN,2020-09-03,26.85
Tunisia,TUN,2020-09-04,26.85
Tunisia,TUN,2020-09-05,26.85
Tunisia,TUN,2020-09-06,26.85
Tunisia,TUN,2020-09-07,26.85
Tunisia,TUN,2020-09-08,26.85
Tunisia,TUN,2020-09-09,26.85
Tunisia,TUN,2020-09-10,26.85
Tunisia,TUN,2020-09-11,26.85
Tunisia,TUN,2020-09-12,26.85
Tunisia,TUN,2020-09-13,26.85
Tunisia,TUN,2020-09-14,26.85
Tunisia,TUN,2020-09-15,23.15
Tunisia,TUN,2020-09-16,23.15
Tunisia,TUN,2020-09-17,23.15
Tunisia,TUN,2020-09-18,23.15
Tunisia,TUN,2020-09-19,23.15
Tunisia,TUN,2020-09-20,23.15
Tunisia,TUN,2020-09-21,23.15
Tunisia,TUN,2020-09-22,23.15
Tunisia,TUN,2020-09-23,23.15
Tunisia,TUN,2020-09-24,23.15
Tunisia,TUN,2020-09-25,23.15
Tunisia,TUN,2020-09-26,23.15
Tunisia,TUN,2020-09-27,23.15
Tunisia,TUN,2020-09-28,23.15
Tunisia,TUN,2020-09-29,23.15
Tunisia,TUN,2020-09-30,23.15
Tunisia,TUN,2020-10-01,23.15
Tunisia,TUN,2020-10-02,23.15
Tunisia,TUN,2020-10-03,49.07
Tunisia,TUN,2020-10-04,49.07
Tunisia,TUN,2020-10-05,49.07
Tunisia,TUN,2020-10-06,49.07
Tunisia,TUN,2020-10-07,49.07
Tunisia,TUN,2020-10-08,54.63
Tunisia,TUN,2020-10-09,54.63
Tunisia,TUN,2020-10-10,54.63
Tunisia,TUN,2020-10-11,54.63
Tunisia,TUN,2020-10-12,54.63
Tunisia,TUN,2020-10-13,54.63
Tunisia,TUN,2020-10-14,54.63
Tunisia,TUN,2020-10-15,54.63
Tunisia,TUN,2020-10-16,54.63
Tunisia,TUN,2020-10-17,54.63
Tunisia,TUN,2020-10-18,54.63
Tunisia,TUN,2020-10-19,54.63
Tunisia,TUN,2020-10-20,54.63
Tunisia,TUN,2020-10-21,54.63
Tunisia,TUN,2020-10-22,54.63
Tunisia,TUN,2020-10-23,54.63
Tunisia,TUN,2020-10-24,54.63
Tunisia,TUN,2020-10-25,54.63
Tunisia,TUN,2020-10-26,54.63
Tunisia,TUN,2020-10-27,54.63
Tunisia,TUN,2020-10-28,75
Tunisia,TUN,2020-10-29,75
Tunisia,TUN,2020-10-30,75
Tunisia,TUN,2020-10-31,75
Tunisia,TUN,2020-11-01,75
Tunisia,TUN,2020-11-02,75
Tunisia,TUN,2020-11-03,66.67
Tunisia,TUN,2020-11-04,66.67
Tunisia,TUN,2020-11-05,66.67
Tunisia,TUN,2020-11-06,66.67
Tunisia,TUN,2020-11-07,66.67
Tunisia,TUN,2020-11-08,62.96
Tunisia,TUN,2020-11-09,62.96
Tunisia,TUN,2020-11-10,62.96
Tunisia,TUN,2020-11-11,62.96
Tunisia,TUN,2020-11-12,62.96
Tunisia,TUN,2020-11-13,62.96
Tunisia,TUN,2020-11-14,62.96
Tunisia,TUN,2020-11-15,62.96
Tunisia,TUN,2020-11-16,62.96
Tunisia,TUN,2020-11-17,62.96
Tunisia,TUN,2020-11-18,62.96
Tunisia,TUN,2020-11-19,62.96
Tunisia,TUN,2020-11-20,62.96
Tunisia,TUN,2020-11-21,62.96
Tunisia,TUN,2020-11-22,62.96
Tunisia,TUN,2020-11-23,62.96
Tunisia,TUN,2020-11-24,62.96
Tunisia,TUN,2020-11-25,68.52
Tunisia,TUN,2020-11-26,68.52
Tunisia,TUN,2020-11-27,68.52
Tunisia,TUN,2020-11-28,68.52
Tunisia,TUN,2020-11-29,68.52
Tunisia,TUN,2020-11-30,68.52
Tunisia,TUN,2020-12-01,68.52
Tunisia,TUN,2020-12-02,68.52
Tunisia,TUN,2020-12-03,68.52
Tunisia,TUN,2020-12-04,68.52
Tunisia,TUN,2020-12-05,68.52
Tunisia,TUN,2020-12-06,68.52
Tunisia,TUN,2020-12-07,68.52
Tunisia,TUN,2020-12-08,68.52
Tunisia,TUN,2020-12-09,68.52
Tunisia,TUN,2020-12-10,68.52
Tunisia,TUN,2020-12-11,68.52
Tunisia,TUN,2020-12-12,68.52
Tunisia,TUN,2020-12-13,68.52
Tunisia,TUN,2020-12-14,68.52
Tunisia,TUN,2020-12-15,68.52
Tunisia,TUN,2020-12-16,68.52
Tunisia,TUN,2020-12-17,68.52
Tunisia,TUN,2020-12-18,68.52
Tunisia,TUN,2020-12-19,68.52
Tunisia,TUN,2020-12-20,68.52
Tunisia,TUN,2020-12-21,71.3
Tunisia,TUN,2020-12-22,71.3
Tunisia,TUN,2020-12-23,71.3
Tunisia,TUN,2020-12-24,71.3
Tunisia,TUN,2020-12-25,71.3
Tunisia,TUN,2020-12-26,71.3
Tunisia,TUN,2020-12-27,71.3
Tunisia,TUN,2020-12-28,71.3
Tunisia,TUN,2020-12-29,71.3
Tunisia,TUN,2020-12-30,71.3
Tunisia,TUN,2020-12-31,71.3
Tunisia,TUN,2021-01-01,71.3
Tunisia,TUN,2021-01-02,71.3
Tunisia,TUN,2021-01-03,71.3
Tunisia,TUN,2021-01-04,71.3
Tunisia,TUN,2021-01-05,71.3
Tunisia,TUN,2021-01-06,71.3
Tunisia,TUN,2021-01-07,71.3
Tunisia,TUN,2021-01-08,71.3
Tunisia,TUN,2021-01-09,71.3
Tunisia,TUN,2021-01-10,71.3
Tunisia,TUN,2021-01-11,71.3
Tunisia,TUN,2021-01-12,71.3
Tunisia,TUN,2021-01-13,69.91
Tunisia,TUN,2021-01-14,69.91
Tunisia,TUN,2021-01-15,69.91
Tunisia,TUN,2021-01-16,69.91
Tunisia,TUN,2021-01-17,69.91
Tunisia,TUN,2021-01-18,72.22
Tunisia,TUN,2021-01-19,72.22
Tunisia,TUN,2021-01-20,72.22
Tunisia,TUN,2021-01-21,72.22
Tunisia,TUN,2021-01-22,72.22
Tunisia,TUN,2021-01-23,72.22
Tunisia,TUN,2021-01-24,72.22
Tunisia,TUN,2021-01-25,79.63
Tunisia,TUN,2021-01-26,79.63
Tunisia,TUN,2021-01-27,79.63
Tunisia,TUN,2021-01-28,79.63
Tunisia,TUN,2021-01-29,79.63
Tunisia,TUN,2021-01-30,79.63
Tunisia,TUN,2021-01-31,79.63
Tunisia,TUN,2021-02-01,79.63
Tunisia,TUN,2021-02-02,79.63
Tunisia,TUN,2021-02-03,79.63
Tunisia,TUN,2021-02-04,79.63
Tunisia,TUN,2021-02-05,79.63
Tunisia,TUN,2021-02-06,79.63
Tunisia,TUN,2021-02-07,79.63
Tunisia,TUN,2021-02-08,79.63
Tunisia,TUN,2021-02-09,79.63
Tunisia,TUN,2021-02-10,79.63
Tunisia,TUN,2021-02-11,79.63
Tunisia,TUN,2021-02-12,79.63
Tunisia,TUN,2021-02-13,79.63
Tunisia,TUN,2021-02-14,79.63
Tunisia,TUN,2021-02-15,79.63
Tunisia,TUN,2021-02-16,79.63
Tunisia,TUN,2021-02-17,79.63
Tunisia,TUN,2021-02-18,79.63
Tunisia,TUN,2021-02-19,79.63
Tunisia,TUN,2021-02-20,79.63
Tunisia,TUN,2021-02-21,79.63
Tunisia,TUN,2021-02-22,79.63
Tunisia,TUN,2021-02-23,79.63
Tunisia,TUN,2021-02-24,79.63
Tunisia,TUN,2021-02-25,79.63
Tunisia,TUN,2021-02-26,79.63
Tunisia,TUN,2021-02-27,79.63
Tunisia,TUN,2021-02-28,79.63
Tunisia,TUN,2021-03-01,79.63
Tunisia,TUN,2021-03-02,79.63
Tunisia,TUN,2021-03-03,79.63
Tunisia,TUN,2021-03-04,79.63
Tunisia,TUN,2021-03-05,79.63
Tunisia,TUN,2021-03-06,79.63
Tunisia,TUN,2021-03-07,79.63
Tunisia,TUN,2021-03-08,79.63
Turkey,TUR,2020-01-01,0
Turkey,TUR,2020-01-02,0
Turkey,TUR,2020-01-03,0
Turkey,TUR,2020-01-04,0
Turkey,TUR,2020-01-05,0
Turkey,TUR,2020-01-06,0
Turkey,TUR,2020-01-07,0
Turkey,TUR,2020-01-08,0
Turkey,TUR,2020-01-09,0
Turkey,TUR,2020-01-10,0
Turkey,TUR,2020-01-11,0
Turkey,TUR,2020-01-12,0
Turkey,TUR,2020-01-13,0
Turkey,TUR,2020-01-14,0
Turkey,TUR,2020-01-15,0
Turkey,TUR,2020-01-16,0
Turkey,TUR,2020-01-17,0
Turkey,TUR,2020-01-18,0
Turkey,TUR,2020-01-19,0
Turkey,TUR,2020-01-20,0
Turkey,TUR,2020-01-21,0
Turkey,TUR,2020-01-22,0
Turkey,TUR,2020-01-23,0
Turkey,TUR,2020-01-24,2.78
Turkey,TUR,2020-01-25,2.78
Turkey,TUR,2020-01-26,2.78
Turkey,TUR,2020-01-27,2.78
Turkey,TUR,2020-01-28,2.78
Turkey,TUR,2020-01-29,2.78
Turkey,TUR,2020-01-30,2.78
Turkey,TUR,2020-01-31,2.78
Turkey,TUR,2020-02-01,2.78
Turkey,TUR,2020-02-02,2.78
Turkey,TUR,2020-02-03,2.78
Turkey,TUR,2020-02-04,2.78
Turkey,TUR,2020-02-05,8.33
Turkey,TUR,2020-02-06,8.33
Turkey,TUR,2020-02-07,19.44
Turkey,TUR,2020-02-08,19.44
Turkey,TUR,2020-02-09,19.44
Turkey,TUR,2020-02-10,19.44
Turkey,TUR,2020-02-11,19.44
Turkey,TUR,2020-02-12,19.44
Turkey,TUR,2020-02-13,19.44
Turkey,TUR,2020-02-14,19.44
Turkey,TUR,2020-02-15,19.44
Turkey,TUR,2020-02-16,19.44
Turkey,TUR,2020-02-17,19.44
Turkey,TUR,2020-02-18,19.44
Turkey,TUR,2020-02-19,19.44
Turkey,TUR,2020-02-20,19.44
Turkey,TUR,2020-02-21,19.44
Turkey,TUR,2020-02-22,19.44
Turkey,TUR,2020-02-23,19.44
Turkey,TUR,2020-02-24,19.44
Turkey,TUR,2020-02-25,19.44
Turkey,TUR,2020-02-26,19.44
Turkey,TUR,2020-02-27,19.44
Turkey,TUR,2020-02-28,19.44
Turkey,TUR,2020-02-29,19.44
Turkey,TUR,2020-03-01,19.44
Turkey,TUR,2020-03-02,19.44
Turkey,TUR,2020-03-03,19.44
Turkey,TUR,2020-03-04,19.44
Turkey,TUR,2020-03-05,19.44
Turkey,TUR,2020-03-06,19.44
Turkey,TUR,2020-03-07,19.44
Turkey,TUR,2020-03-08,19.44
Turkey,TUR,2020-03-09,23.15
Turkey,TUR,2020-03-10,23.15
Turkey,TUR,2020-03-11,23.15
Turkey,TUR,2020-03-12,23.15
Turkey,TUR,2020-03-13,23.15
Turkey,TUR,2020-03-14,23.15
Turkey,TUR,2020-03-15,23.15
Turkey,TUR,2020-03-16,52.78
Turkey,TUR,2020-03-17,52.78
Turkey,TUR,2020-03-18,58.33
Turkey,TUR,2020-03-19,58.33
Turkey,TUR,2020-03-20,58.33
Turkey,TUR,2020-03-21,62.04
Turkey,TUR,2020-03-22,62.04
Turkey,TUR,2020-03-23,62.04
Turkey,TUR,2020-03-24,67.59
Turkey,TUR,2020-03-25,67.59
Turkey,TUR,2020-03-26,67.59
Turkey,TUR,2020-03-27,70.37
Turkey,TUR,2020-03-28,75.93
Turkey,TUR,2020-03-29,75.93
Turkey,TUR,2020-03-30,75.93
Turkey,TUR,2020-03-31,75.93
Turkey,TUR,2020-04-01,75.93
Turkey,TUR,2020-04-02,75.93
Turkey,TUR,2020-04-03,75.93
Turkey,TUR,2020-04-04,75.93
Turkey,TUR,2020-04-05,75.93
Turkey,TUR,2020-04-06,75.93
Turkey,TUR,2020-04-07,75.93
Turkey,TUR,2020-04-08,75.93
Turkey,TUR,2020-04-09,75.93
Turkey,TUR,2020-04-10,75.93
Turkey,TUR,2020-04-11,77.78
Turkey,TUR,2020-04-12,77.78
Turkey,TUR,2020-04-13,75.93
Turkey,TUR,2020-04-14,75.93
Turkey,TUR,2020-04-15,75.93
Turkey,TUR,2020-04-16,75.93
Turkey,TUR,2020-04-17,75.93
Turkey,TUR,2020-04-18,77.78
Turkey,TUR,2020-04-19,77.78
Turkey,TUR,2020-04-20,75.93
Turkey,TUR,2020-04-21,75.93
Turkey,TUR,2020-04-22,75.93
Turkey,TUR,2020-04-23,75.93
Turkey,TUR,2020-04-24,75.93
Turkey,TUR,2020-04-25,75.93
Turkey,TUR,2020-04-26,75.93
Turkey,TUR,2020-04-27,75.93
Turkey,TUR,2020-04-28,75.93
Turkey,TUR,2020-04-29,75.93
Turkey,TUR,2020-04-30,75.93
Turkey,TUR,2020-05-01,75.93
Turkey,TUR,2020-05-02,75.93
Turkey,TUR,2020-05-03,75.93
Turkey,TUR,2020-05-04,75.93
Turkey,TUR,2020-05-05,75.93
Turkey,TUR,2020-05-06,75.93
Turkey,TUR,2020-05-07,75.93
Turkey,TUR,2020-05-08,75.93
Turkey,TUR,2020-05-09,75.93
Turkey,TUR,2020-05-10,75.93
Turkey,TUR,2020-05-11,75.93
Turkey,TUR,2020-05-12,75.93
Turkey,TUR,2020-05-13,75.93
Turkey,TUR,2020-05-14,75.93
Turkey,TUR,2020-05-15,75.93
Turkey,TUR,2020-05-16,75.93
Turkey,TUR,2020-05-17,75.93
Turkey,TUR,2020-05-18,75.93
Turkey,TUR,2020-05-19,75.93
Turkey,TUR,2020-05-20,75.93
Turkey,TUR,2020-05-21,75.93
Turkey,TUR,2020-05-22,75.93
Turkey,TUR,2020-05-23,75.93
Turkey,TUR,2020-05-24,75.93
Turkey,TUR,2020-05-25,75.93
Turkey,TUR,2020-05-26,75.93
Turkey,TUR,2020-05-27,75.93
Turkey,TUR,2020-05-28,75.93
Turkey,TUR,2020-05-29,75.93
Turkey,TUR,2020-05-30,75.93
Turkey,TUR,2020-05-31,75.93
Turkey,TUR,2020-06-01,63.89
Turkey,TUR,2020-06-02,63.89
Turkey,TUR,2020-06-03,63.89
Turkey,TUR,2020-06-04,63.89
Turkey,TUR,2020-06-05,63.89
Turkey,TUR,2020-06-06,63.89
Turkey,TUR,2020-06-07,63.89
Turkey,TUR,2020-06-08,63.89
Turkey,TUR,2020-06-09,63.89
Turkey,TUR,2020-06-10,63.89
Turkey,TUR,2020-06-11,63.89
Turkey,TUR,2020-06-12,63.89
Turkey,TUR,2020-06-13,63.89
Turkey,TUR,2020-06-14,63.89
Turkey,TUR,2020-06-15,63.89
Turkey,TUR,2020-06-16,63.89
Turkey,TUR,2020-06-17,63.89
Turkey,TUR,2020-06-18,63.89
Turkey,TUR,2020-06-19,63.89
Turkey,TUR,2020-06-20,63.89
Turkey,TUR,2020-06-21,63.89
Turkey,TUR,2020-06-22,63.89
Turkey,TUR,2020-06-23,63.89
Turkey,TUR,2020-06-24,63.89
Turkey,TUR,2020-06-25,63.89
Turkey,TUR,2020-06-26,63.89
Turkey,TUR,2020-06-27,63.89
Turkey,TUR,2020-06-28,63.89
Turkey,TUR,2020-06-29,63.89
Turkey,TUR,2020-06-30,63.89
Turkey,TUR,2020-07-01,63.89
Turkey,TUR,2020-07-02,63.89
Turkey,TUR,2020-07-03,63.89
Turkey,TUR,2020-07-04,63.89
Turkey,TUR,2020-07-05,63.89
Turkey,TUR,2020-07-06,63.89
Turkey,TUR,2020-07-07,63.89
Turkey,TUR,2020-07-08,63.89
Turkey,TUR,2020-07-09,63.89
Turkey,TUR,2020-07-10,63.89
Turkey,TUR,2020-07-11,63.89
Turkey,TUR,2020-07-12,63.89
Turkey,TUR,2020-07-13,63.89
Turkey,TUR,2020-07-14,63.89
Turkey,TUR,2020-07-15,63.89
Turkey,TUR,2020-07-16,63.89
Turkey,TUR,2020-07-17,63.89
Turkey,TUR,2020-07-18,63.89
Turkey,TUR,2020-07-19,63.89
Turkey,TUR,2020-07-20,63.89
Turkey,TUR,2020-07-21,63.89
Turkey,TUR,2020-07-22,42.59
Turkey,TUR,2020-07-23,42.59
Turkey,TUR,2020-07-24,42.59
Turkey,TUR,2020-07-25,42.59
Turkey,TUR,2020-07-26,42.59
Turkey,TUR,2020-07-27,42.59
Turkey,TUR,2020-07-28,42.59
Turkey,TUR,2020-07-29,42.59
Turkey,TUR,2020-07-30,42.59
Turkey,TUR,2020-07-31,42.59
Turkey,TUR,2020-08-01,42.59
Turkey,TUR,2020-08-02,42.59
Turkey,TUR,2020-08-03,42.59
Turkey,TUR,2020-08-04,42.59
Turkey,TUR,2020-08-05,48.15
Turkey,TUR,2020-08-06,48.15
Turkey,TUR,2020-08-07,48.15
Turkey,TUR,2020-08-08,48.15
Turkey,TUR,2020-08-09,48.15
Turkey,TUR,2020-08-10,48.15
Turkey,TUR,2020-08-11,48.15
Turkey,TUR,2020-08-12,48.15
Turkey,TUR,2020-08-13,48.15
Turkey,TUR,2020-08-14,48.15
Turkey,TUR,2020-08-15,48.15
Turkey,TUR,2020-08-16,48.15
Turkey,TUR,2020-08-17,48.15
Turkey,TUR,2020-08-18,48.15
Turkey,TUR,2020-08-19,48.15
Turkey,TUR,2020-08-20,48.15
Turkey,TUR,2020-08-21,48.15
Turkey,TUR,2020-08-22,48.15
Turkey,TUR,2020-08-23,48.15
Turkey,TUR,2020-08-24,48.15
Turkey,TUR,2020-08-25,48.15
Turkey,TUR,2020-08-26,48.15
Turkey,TUR,2020-08-27,48.15
Turkey,TUR,2020-08-28,48.15
Turkey,TUR,2020-08-29,48.15
Turkey,TUR,2020-08-30,48.15
Turkey,TUR,2020-08-31,48.15
Turkey,TUR,2020-09-01,44.44
Turkey,TUR,2020-09-02,44.44
Turkey,TUR,2020-09-03,44.44
Turkey,TUR,2020-09-04,47.22
Turkey,TUR,2020-09-05,47.22
Turkey,TUR,2020-09-06,47.22
Turkey,TUR,2020-09-07,47.22
Turkey,TUR,2020-09-08,47.22
Turkey,TUR,2020-09-09,52.78
Turkey,TUR,2020-09-10,63.89
Turkey,TUR,2020-09-11,63.89
Turkey,TUR,2020-09-12,73.61
Turkey,TUR,2020-09-13,73.61
Turkey,TUR,2020-09-14,73.61
Turkey,TUR,2020-09-15,73.61
Turkey,TUR,2020-09-16,73.61
Turkey,TUR,2020-09-17,73.61
Turkey,TUR,2020-09-18,73.61
Turkey,TUR,2020-09-19,73.61
Turkey,TUR,2020-09-20,73.61
Turkey,TUR,2020-09-21,69.91
Turkey,TUR,2020-09-22,69.91
Turkey,TUR,2020-09-23,69.91
Turkey,TUR,2020-09-24,69.91
Turkey,TUR,2020-09-25,69.91
Turkey,TUR,2020-09-26,69.91
Turkey,TUR,2020-09-27,69.91
Turkey,TUR,2020-09-28,69.91
Turkey,TUR,2020-09-29,69.91
Turkey,TUR,2020-09-30,69.91
Turkey,TUR,2020-10-01,69.91
Turkey,TUR,2020-10-02,69.91
Turkey,TUR,2020-10-03,69.91
Turkey,TUR,2020-10-04,69.91
Turkey,TUR,2020-10-05,69.91
Turkey,TUR,2020-10-06,71.76
Turkey,TUR,2020-10-07,71.76
Turkey,TUR,2020-10-08,71.76
Turkey,TUR,2020-10-09,71.76
Turkey,TUR,2020-10-10,71.76
Turkey,TUR,2020-10-11,71.76
Turkey,TUR,2020-10-12,71.76
Turkey,TUR,2020-10-13,71.76
Turkey,TUR,2020-10-14,71.76
Turkey,TUR,2020-10-15,71.76
Turkey,TUR,2020-10-16,69.91
Turkey,TUR,2020-10-17,69.91
Turkey,TUR,2020-10-18,69.91
Turkey,TUR,2020-10-19,69.91
Turkey,TUR,2020-10-20,69.91
Turkey,TUR,2020-10-21,69.91
Turkey,TUR,2020-10-22,69.91
Turkey,TUR,2020-10-23,69.91
Turkey,TUR,2020-10-24,69.91
Turkey,TUR,2020-10-25,69.91
Turkey,TUR,2020-10-26,69.91
Turkey,TUR,2020-10-27,69.91
Turkey,TUR,2020-10-28,69.91
Turkey,TUR,2020-10-29,62.5
Turkey,TUR,2020-10-30,62.5
Turkey,TUR,2020-10-31,62.5
Turkey,TUR,2020-11-01,62.5
Turkey,TUR,2020-11-02,62.5
Turkey,TUR,2020-11-03,62.5
Turkey,TUR,2020-11-04,62.5
Turkey,TUR,2020-11-05,62.5
Turkey,TUR,2020-11-06,62.5
Turkey,TUR,2020-11-07,62.5
Turkey,TUR,2020-11-08,62.5
Turkey,TUR,2020-11-09,62.5
Turkey,TUR,2020-11-10,62.5
Turkey,TUR,2020-11-11,62.5
Turkey,TUR,2020-11-12,62.5
Turkey,TUR,2020-11-13,62.5
Turkey,TUR,2020-11-14,62.5
Turkey,TUR,2020-11-15,62.5
Turkey,TUR,2020-11-16,62.5
Turkey,TUR,2020-11-17,62.5
Turkey,TUR,2020-11-18,62.5
Turkey,TUR,2020-11-19,62.5
Turkey,TUR,2020-11-20,66.2
Turkey,TUR,2020-11-21,66.2
Turkey,TUR,2020-11-22,66.2
Turkey,TUR,2020-11-23,66.2
Turkey,TUR,2020-11-24,66.2
Turkey,TUR,2020-11-25,66.2
Turkey,TUR,2020-11-26,66.2
Turkey,TUR,2020-11-27,66.2
Turkey,TUR,2020-11-28,66.2
Turkey,TUR,2020-11-29,66.2
Turkey,TUR,2020-11-30,66.2
Turkey,TUR,2020-12-01,66.2
Turkey,TUR,2020-12-02,66.2
Turkey,TUR,2020-12-03,66.2
Turkey,TUR,2020-12-04,66.2
Turkey,TUR,2020-12-05,66.2
Turkey,TUR,2020-12-06,66.2
Turkey,TUR,2020-12-07,62.5
Turkey,TUR,2020-12-08,62.5
Turkey,TUR,2020-12-09,62.5
Turkey,TUR,2020-12-10,62.5
Turkey,TUR,2020-12-11,62.5
Turkey,TUR,2020-12-12,62.5
Turkey,TUR,2020-12-13,62.5
Turkey,TUR,2020-12-14,62.5
Turkey,TUR,2020-12-15,62.5
Turkey,TUR,2020-12-16,62.5
Turkey,TUR,2020-12-17,62.5
Turkey,TUR,2020-12-18,62.5
Turkey,TUR,2020-12-19,62.5
Turkey,TUR,2020-12-20,62.5
Turkey,TUR,2020-12-21,62.5
Turkey,TUR,2020-12-22,62.5
Turkey,TUR,2020-12-23,62.5
Turkey,TUR,2020-12-24,62.5
Turkey,TUR,2020-12-25,62.5
Turkey,TUR,2020-12-26,62.5
Turkey,TUR,2020-12-27,62.5
Turkey,TUR,2020-12-28,62.5
Turkey,TUR,2020-12-29,62.5
Turkey,TUR,2020-12-30,65.28
Turkey,TUR,2020-12-31,80.09
Turkey,TUR,2021-01-01,80.09
Turkey,TUR,2021-01-02,80.09
Turkey,TUR,2021-01-03,80.09
Turkey,TUR,2021-01-04,80.09
Turkey,TUR,2021-01-05,80.09
Turkey,TUR,2021-01-06,65.28
Turkey,TUR,2021-01-07,65.28
Turkey,TUR,2021-01-08,65.28
Turkey,TUR,2021-01-09,65.28
Turkey,TUR,2021-01-10,65.28
Turkey,TUR,2021-01-11,65.28
Turkey,TUR,2021-01-12,65.28
Turkey,TUR,2021-01-13,65.28
Turkey,TUR,2021-01-14,65.28
Turkey,TUR,2021-01-15,73.61
Turkey,TUR,2021-01-16,73.61
Turkey,TUR,2021-01-17,73.61
Turkey,TUR,2021-01-18,73.61
Turkey,TUR,2021-01-19,73.61
Turkey,TUR,2021-01-20,73.61
Turkey,TUR,2021-01-21,73.61
Turkey,TUR,2021-01-22,73.61
Turkey,TUR,2021-01-23,73.61
Turkey,TUR,2021-01-24,73.61
Turkey,TUR,2021-01-25,70.83
Turkey,TUR,2021-01-26,70.83
Turkey,TUR,2021-01-27,70.83
Turkey,TUR,2021-01-28,70.83
Turkey,TUR,2021-01-29,70.83
Turkey,TUR,2021-01-30,70.83
Turkey,TUR,2021-01-31,70.83
Turkey,TUR,2021-02-01,68.06
Turkey,TUR,2021-02-02,68.06
Turkey,TUR,2021-02-03,68.06
Turkey,TUR,2021-02-04,68.06
Turkey,TUR,2021-02-05,68.06
Turkey,TUR,2021-02-06,68.06
Turkey,TUR,2021-02-07,68.06
Turkey,TUR,2021-02-08,69.44
Turkey,TUR,2021-02-09,69.44
Turkey,TUR,2021-02-10,69.44
Turkey,TUR,2021-02-11,69.44
Turkey,TUR,2021-02-12,69.44
Turkey,TUR,2021-02-13,69.44
Turkey,TUR,2021-02-14,69.44
Turkey,TUR,2021-02-15,72.22
Turkey,TUR,2021-02-16,72.22
Turkey,TUR,2021-02-17,72.22
Turkey,TUR,2021-02-18,72.22
Turkey,TUR,2021-02-19,72.22
Turkey,TUR,2021-02-20,72.22
Turkey,TUR,2021-02-21,72.22
Turkey,TUR,2021-02-22,72.22
Turkey,TUR,2021-02-23,72.22
Turkey,TUR,2021-02-24,72.22
Turkey,TUR,2021-02-25,72.22
Turkey,TUR,2021-02-26,72.22
Turkey,TUR,2021-02-27,72.22
Turkey,TUR,2021-02-28,72.22
Turkey,TUR,2021-03-01,66.67
Turkey,TUR,2021-03-02,64.81
Turkey,TUR,2021-03-03,64.81
Turkey,TUR,2021-03-04,64.81
Turkey,TUR,2021-03-05,64.81
Turkey,TUR,2021-03-06,64.81
Turkey,TUR,2021-03-07,64.81
Turkey,TUR,2021-03-08,64.81
Turkmenistan,TKM,2020-01-01,0
Turkmenistan,TKM,2020-01-02,0
Turkmenistan,TKM,2020-01-03,0
Turkmenistan,TKM,2020-01-04,0
Turkmenistan,TKM,2020-01-05,0
Turkmenistan,TKM,2020-01-06,0
Turkmenistan,TKM,2020-01-07,0
Turkmenistan,TKM,2020-01-08,2.78
Turkmenistan,TKM,2020-01-09,2.78
Turkmenistan,TKM,2020-01-10,2.78
Turkmenistan,TKM,2020-01-11,2.78
Turkmenistan,TKM,2020-01-12,2.78
Turkmenistan,TKM,2020-01-13,2.78
Turkmenistan,TKM,2020-01-14,2.78
Turkmenistan,TKM,2020-01-15,2.78
Turkmenistan,TKM,2020-01-16,2.78
Turkmenistan,TKM,2020-01-17,2.78
Turkmenistan,TKM,2020-01-18,2.78
Turkmenistan,TKM,2020-01-19,2.78
Turkmenistan,TKM,2020-01-20,8.33
Turkmenistan,TKM,2020-01-21,8.33
Turkmenistan,TKM,2020-01-22,8.33
Turkmenistan,TKM,2020-01-23,8.33
Turkmenistan,TKM,2020-01-24,8.33
Turkmenistan,TKM,2020-01-25,8.33
Turkmenistan,TKM,2020-01-26,8.33
Turkmenistan,TKM,2020-01-27,8.33
Turkmenistan,TKM,2020-01-28,8.33
Turkmenistan,TKM,2020-01-29,8.33
Turkmenistan,TKM,2020-01-30,8.33
Turkmenistan,TKM,2020-01-31,8.33
Turkmenistan,TKM,2020-02-01,13.89
Turkmenistan,TKM,2020-02-02,13.89
Turkmenistan,TKM,2020-02-03,13.89
Turkmenistan,TKM,2020-02-04,13.89
Turkmenistan,TKM,2020-02-05,13.89
Turkmenistan,TKM,2020-02-06,13.89
Turkmenistan,TKM,2020-02-07,13.89
Turkmenistan,TKM,2020-02-08,13.89
Turkmenistan,TKM,2020-02-09,13.89
Turkmenistan,TKM,2020-02-10,19.44
Turkmenistan,TKM,2020-02-11,19.44
Turkmenistan,TKM,2020-02-12,19.44
Turkmenistan,TKM,2020-02-13,19.44
Turkmenistan,TKM,2020-02-14,19.44
Turkmenistan,TKM,2020-02-15,19.44
Turkmenistan,TKM,2020-02-16,19.44
Turkmenistan,TKM,2020-02-17,19.44
Turkmenistan,TKM,2020-02-18,19.44
Turkmenistan,TKM,2020-02-19,19.44
Turkmenistan,TKM,2020-02-20,19.44
Turkmenistan,TKM,2020-02-21,19.44
Turkmenistan,TKM,2020-02-22,19.44
Turkmenistan,TKM,2020-02-23,19.44
Turkmenistan,TKM,2020-02-24,19.44
Turkmenistan,TKM,2020-02-25,19.44
Turkmenistan,TKM,2020-02-26,19.44
Turkmenistan,TKM,2020-02-27,19.44
Turkmenistan,TKM,2020-02-28,19.44
Turkmenistan,TKM,2020-02-29,19.44
Turkmenistan,TKM,2020-03-01,19.44
Turkmenistan,TKM,2020-03-02,19.44
Turkmenistan,TKM,2020-03-03,19.44
Turkmenistan,TKM,2020-03-04,19.44
Turkmenistan,TKM,2020-03-05,19.44
Turkmenistan,TKM,2020-03-06,19.44
Turkmenistan,TKM,2020-03-07,19.44
Turkmenistan,TKM,2020-03-08,19.44
Turkmenistan,TKM,2020-03-09,19.44
Turkmenistan,TKM,2020-03-10,19.44
Turkmenistan,TKM,2020-03-11,19.44
Turkmenistan,TKM,2020-03-12,19.44
Turkmenistan,TKM,2020-03-13,19.44
Turkmenistan,TKM,2020-03-14,19.44
Turkmenistan,TKM,2020-03-15,19.44
Turkmenistan,TKM,2020-03-16,19.44
Turkmenistan,TKM,2020-03-17,19.44
Turkmenistan,TKM,2020-03-18,19.44
Turkmenistan,TKM,2020-03-19,27.78
Turkmenistan,TKM,2020-03-20,27.78
Turkmenistan,TKM,2020-03-21,30.56
Turkmenistan,TKM,2020-03-22,30.56
Turkmenistan,TKM,2020-03-23,30.56
Turkmenistan,TKM,2020-03-24,47.22
Turkmenistan,TKM,2020-03-25,50.93
Turkmenistan,TKM,2020-03-26,50.93
Turkmenistan,TKM,2020-03-27,50.93
Turkmenistan,TKM,2020-03-28,50.93
Turkmenistan,TKM,2020-03-29,50.93
Turkmenistan,TKM,2020-03-30,50.93
Turkmenistan,TKM,2020-03-31,50.93
Turkmenistan,TKM,2020-04-01,45.37
Turkmenistan,TKM,2020-04-02,45.37
Turkmenistan,TKM,2020-04-03,45.37
Turkmenistan,TKM,2020-04-04,45.37
Turkmenistan,TKM,2020-04-05,45.37
Turkmenistan,TKM,2020-04-06,45.37
Turkmenistan,TKM,2020-04-07,45.37
Turkmenistan,TKM,2020-04-08,45.37
Turkmenistan,TKM,2020-04-09,45.37
Turkmenistan,TKM,2020-04-10,45.37
Turkmenistan,TKM,2020-04-11,45.37
Turkmenistan,TKM,2020-04-12,45.37
Turkmenistan,TKM,2020-04-13,45.37
Turkmenistan,TKM,2020-04-14,45.37
Turkmenistan,TKM,2020-04-15,45.37
Turkmenistan,TKM,2020-04-16,45.37
Turkmenistan,TKM,2020-04-17,45.37
Turkmenistan,TKM,2020-04-18,45.37
Turkmenistan,TKM,2020-04-19,45.37
Turkmenistan,TKM,2020-04-20,34.26
Turkmenistan,TKM,2020-04-21,34.26
Turkmenistan,TKM,2020-04-22,34.26
Turkmenistan,TKM,2020-04-23,31.48
Turkmenistan,TKM,2020-04-24,31.48
Turkmenistan,TKM,2020-04-25,31.48
Turkmenistan,TKM,2020-04-26,31.48
Turkmenistan,TKM,2020-04-27,31.48
Turkmenistan,TKM,2020-04-28,31.48
Turkmenistan,TKM,2020-04-29,31.48
Turkmenistan,TKM,2020-04-30,31.48
Turkmenistan,TKM,2020-05-01,31.48
Turkmenistan,TKM,2020-05-02,31.48
Turkmenistan,TKM,2020-05-03,31.48
Turkmenistan,TKM,2020-05-04,31.48
Turkmenistan,TKM,2020-05-05,31.48
Turkmenistan,TKM,2020-05-06,31.48
Turkmenistan,TKM,2020-05-07,31.48
Turkmenistan,TKM,2020-05-08,31.48
Turkmenistan,TKM,2020-05-09,31.48
Turkmenistan,TKM,2020-05-10,31.48
Turkmenistan,TKM,2020-05-11,31.48
Turkmenistan,TKM,2020-05-12,31.48
Turkmenistan,TKM,2020-05-13,31.48
Turkmenistan,TKM,2020-05-14,31.48
Turkmenistan,TKM,2020-05-15,31.48
Turkmenistan,TKM,2020-05-16,31.48
Turkmenistan,TKM,2020-05-17,31.48
Turkmenistan,TKM,2020-05-18,31.48
Turkmenistan,TKM,2020-05-19,31.48
Turkmenistan,TKM,2020-05-20,31.48
Turkmenistan,TKM,2020-05-21,31.48
Turkmenistan,TKM,2020-05-22,31.48
Turkmenistan,TKM,2020-05-23,31.48
Turkmenistan,TKM,2020-05-24,31.48
Turkmenistan,TKM,2020-05-25,31.48
Turkmenistan,TKM,2020-05-26,31.48
Turkmenistan,TKM,2020-05-27,31.48
Turkmenistan,TKM,2020-05-28,31.48
Turkmenistan,TKM,2020-05-29,31.48
Turkmenistan,TKM,2020-05-30,31.48
Turkmenistan,TKM,2020-05-31,31.48
Turkmenistan,TKM,2020-06-01,31.48
Turkmenistan,TKM,2020-06-02,31.48
Turkmenistan,TKM,2020-06-03,31.48
Turkmenistan,TKM,2020-06-04,31.48
Turkmenistan,TKM,2020-06-05,31.48
Turkmenistan,TKM,2020-06-06,31.48
Turkmenistan,TKM,2020-06-07,31.48
Turkmenistan,TKM,2020-06-08,31.48
Turkmenistan,TKM,2020-06-09,31.48
Turkmenistan,TKM,2020-06-10,31.48
Turkmenistan,TKM,2020-06-11,31.48
Turkmenistan,TKM,2020-06-12,31.48
Turkmenistan,TKM,2020-06-13,31.48
Turkmenistan,TKM,2020-06-14,31.48
Turkmenistan,TKM,2020-06-15,31.48
Turkmenistan,TKM,2020-06-16,31.48
Turkmenistan,TKM,2020-06-17,31.48
Turkmenistan,TKM,2020-06-18,31.48
Turkmenistan,TKM,2020-06-19,31.48
Turkmenistan,TKM,2020-06-20,31.48
Turkmenistan,TKM,2020-06-21,31.48
Turkmenistan,TKM,2020-06-22,31.48
Turkmenistan,TKM,2020-06-23,28.7
Turkmenistan,TKM,2020-06-24,28.7
Turkmenistan,TKM,2020-06-25,28.7
Turkmenistan,TKM,2020-06-26,28.7
Turkmenistan,TKM,2020-06-27,28.7
Turkmenistan,TKM,2020-06-28,28.7
Turkmenistan,TKM,2020-06-29,28.7
Turkmenistan,TKM,2020-06-30,28.7
Turkmenistan,TKM,2020-07-01,28.7
Turkmenistan,TKM,2020-07-02,28.7
Turkmenistan,TKM,2020-07-03,28.7
Turkmenistan,TKM,2020-07-04,28.7
Turkmenistan,TKM,2020-07-05,28.7
Turkmenistan,TKM,2020-07-06,28.7
Turkmenistan,TKM,2020-07-07,28.7
Turkmenistan,TKM,2020-07-08,28.7
Turkmenistan,TKM,2020-07-09,28.7
Turkmenistan,TKM,2020-07-10,28.7
Turkmenistan,TKM,2020-07-11,28.7
Turkmenistan,TKM,2020-07-12,28.7
Turkmenistan,TKM,2020-07-13,28.7
Turkmenistan,TKM,2020-07-14,37.04
Turkmenistan,TKM,2020-07-15,37.04
Turkmenistan,TKM,2020-07-16,58.33
Turkmenistan,TKM,2020-07-17,55.56
Turkmenistan,TKM,2020-07-18,55.56
Turkmenistan,TKM,2020-07-19,55.56
Turkmenistan,TKM,2020-07-20,55.56
Turkmenistan,TKM,2020-07-21,55.56
Turkmenistan,TKM,2020-07-22,55.56
Turkmenistan,TKM,2020-07-23,55.56
Turkmenistan,TKM,2020-07-24,47.22
Turkmenistan,TKM,2020-07-25,47.22
Turkmenistan,TKM,2020-07-26,47.22
Turkmenistan,TKM,2020-07-27,47.22
Turkmenistan,TKM,2020-07-28,47.22
Turkmenistan,TKM,2020-07-29,47.22
Turkmenistan,TKM,2020-07-30,47.22
Turkmenistan,TKM,2020-07-31,47.22
Turkmenistan,TKM,2020-08-01,47.22
Turkmenistan,TKM,2020-08-02,47.22
Turkmenistan,TKM,2020-08-03,47.22
Turkmenistan,TKM,2020-08-04,47.22
Turkmenistan,TKM,2020-08-05,47.22
Turkmenistan,TKM,2020-08-06,47.22
Turkmenistan,TKM,2020-08-07,47.22
Turkmenistan,TKM,2020-08-08,47.22
Turkmenistan,TKM,2020-08-09,47.22
Turkmenistan,TKM,2020-08-10,47.22
Turkmenistan,TKM,2020-08-11,47.22
Turkmenistan,TKM,2020-08-12,47.22
Turkmenistan,TKM,2020-08-13,47.22
Turkmenistan,TKM,2020-08-14,47.22
Turkmenistan,TKM,2020-08-15,47.22
Turkmenistan,TKM,2020-08-16,47.22
Turkmenistan,TKM,2020-08-17,47.22
Turkmenistan,TKM,2020-08-18,47.22
Turkmenistan,TKM,2020-08-19,47.22
Turkmenistan,TKM,2020-08-20,47.22
Turkmenistan,TKM,2020-08-21,47.22
Turkmenistan,TKM,2020-08-22,47.22
Turkmenistan,TKM,2020-08-23,47.22
Turkmenistan,TKM,2020-08-24,47.22
Turkmenistan,TKM,2020-08-25,47.22
Turkmenistan,TKM,2020-08-26,47.22
Turkmenistan,TKM,2020-08-27,47.22
Turkmenistan,TKM,2020-08-28,47.22
Turkmenistan,TKM,2020-08-29,47.22
Turkmenistan,TKM,2020-08-30,47.22
Turkmenistan,TKM,2020-08-31,47.22
Turkmenistan,TKM,2020-09-01,47.22
Turkmenistan,TKM,2020-09-02,47.22
Turkmenistan,TKM,2020-09-03,47.22
Turkmenistan,TKM,2020-09-04,47.22
Turkmenistan,TKM,2020-09-05,47.22
Turkmenistan,TKM,2020-09-06,47.22
Turkmenistan,TKM,2020-09-07,47.22
Turkmenistan,TKM,2020-09-08,47.22
Turkmenistan,TKM,2020-09-09,47.22
Turkmenistan,TKM,2020-09-10,47.22
Turkmenistan,TKM,2020-09-11,47.22
Turkmenistan,TKM,2020-09-12,47.22
Turkmenistan,TKM,2020-09-13,47.22
Turkmenistan,TKM,2020-09-14,47.22
Turkmenistan,TKM,2020-09-15,47.22
Turkmenistan,TKM,2020-09-16,47.22
Turkmenistan,TKM,2020-09-17,47.22
Turkmenistan,TKM,2020-09-18,47.22
Turkmenistan,TKM,2020-09-19,47.22
Turkmenistan,TKM,2020-09-20,47.22
Turkmenistan,TKM,2020-09-21,47.22
Turkmenistan,TKM,2020-09-22,47.22
Turkmenistan,TKM,2020-09-23,47.22
Turkmenistan,TKM,2020-09-24,47.22
Turkmenistan,TKM,2020-09-25,47.22
Turkmenistan,TKM,2020-09-26,47.22
Turkmenistan,TKM,2020-09-27,47.22
Turkmenistan,TKM,2020-09-28,47.22
Turkmenistan,TKM,2020-09-29,47.22
Turkmenistan,TKM,2020-09-30,47.22
Turkmenistan,TKM,2020-10-01,47.22
Turkmenistan,TKM,2020-10-02,53.7
Turkmenistan,TKM,2020-10-03,53.7
Turkmenistan,TKM,2020-10-04,53.7
Turkmenistan,TKM,2020-10-05,53.7
Turkmenistan,TKM,2020-10-06,53.7
Turkmenistan,TKM,2020-10-07,53.7
Turkmenistan,TKM,2020-10-08,53.7
Turkmenistan,TKM,2020-10-09,53.7
Turkmenistan,TKM,2020-10-10,53.7
Turkmenistan,TKM,2020-10-11,53.7
Turkmenistan,TKM,2020-10-12,53.7
Turkmenistan,TKM,2020-10-13,53.7
Turkmenistan,TKM,2020-10-14,53.7
Turkmenistan,TKM,2020-10-15,53.7
Turkmenistan,TKM,2020-10-16,53.7
Turkmenistan,TKM,2020-10-17,53.7
Turkmenistan,TKM,2020-10-18,53.7
Turkmenistan,TKM,2020-10-19,53.7
Turkmenistan,TKM,2020-10-20,53.7
Turkmenistan,TKM,2020-10-21,56.48
Turkmenistan,TKM,2020-10-22,67.59
Turkmenistan,TKM,2020-10-23,67.59
Turkmenistan,TKM,2020-10-24,67.59
Turkmenistan,TKM,2020-10-25,67.59
Turkmenistan,TKM,2020-10-26,67.59
Turkmenistan,TKM,2020-10-27,67.59
Turkmenistan,TKM,2020-10-28,67.59
Turkmenistan,TKM,2020-10-29,67.59
Turkmenistan,TKM,2020-10-30,67.59
Turkmenistan,TKM,2020-10-31,67.59
Turkmenistan,TKM,2020-11-01,67.59
Turkmenistan,TKM,2020-11-02,67.59
Turkmenistan,TKM,2020-11-03,67.59
Turkmenistan,TKM,2020-11-04,67.59
Turkmenistan,TKM,2020-11-05,73.15
Turkmenistan,TKM,2020-11-06,73.15
Turkmenistan,TKM,2020-11-07,73.15
Turkmenistan,TKM,2020-11-08,73.15
Turkmenistan,TKM,2020-11-09,73.15
Turkmenistan,TKM,2020-11-10,73.15
Turkmenistan,TKM,2020-11-11,73.15
Turkmenistan,TKM,2020-11-12,73.15
Turkmenistan,TKM,2020-11-13,73.15
Turkmenistan,TKM,2020-11-14,73.15
Turkmenistan,TKM,2020-11-15,73.15
Turkmenistan,TKM,2020-11-16,73.15
Turkmenistan,TKM,2020-11-17,73.15
Turkmenistan,TKM,2020-11-18,73.15
Turkmenistan,TKM,2020-11-19,73.15
Turkmenistan,TKM,2020-11-20,73.15
Turkmenistan,TKM,2020-11-21,73.15
Turkmenistan,TKM,2020-11-22,73.15
Turkmenistan,TKM,2020-11-23,73.15
Turkmenistan,TKM,2020-11-24,73.15
Turkmenistan,TKM,2020-11-25,73.15
Turkmenistan,TKM,2020-11-26,73.15
Turkmenistan,TKM,2020-11-27,73.15
Turkmenistan,TKM,2020-11-28,73.15
Turkmenistan,TKM,2020-11-29,73.15
Turkmenistan,TKM,2020-11-30,73.15
Turkmenistan,TKM,2020-12-01,73.15
Turkmenistan,TKM,2020-12-02,73.15
Turkmenistan,TKM,2020-12-03,73.15
Turkmenistan,TKM,2020-12-04,73.15
Turkmenistan,TKM,2020-12-05,73.15
Turkmenistan,TKM,2020-12-06,73.15
Turkmenistan,TKM,2020-12-07,73.15
Turkmenistan,TKM,2020-12-08,73.15
Turkmenistan,TKM,2020-12-09,73.15
Turkmenistan,TKM,2020-12-10,73.15
Turkmenistan,TKM,2020-12-11,73.15
Turkmenistan,TKM,2020-12-12,73.15
Turkmenistan,TKM,2020-12-13,73.15
Turkmenistan,TKM,2020-12-14,73.15
Turkmenistan,TKM,2020-12-15,73.15
Turkmenistan,TKM,2020-12-16,73.15
Turkmenistan,TKM,2020-12-17,73.15
Turkmenistan,TKM,2020-12-18,64.81
Turkmenistan,TKM,2020-12-19,64.81
Turkmenistan,TKM,2020-12-20,64.81
Turkmenistan,TKM,2020-12-21,64.81
Turkmenistan,TKM,2020-12-22,64.81
Turkmenistan,TKM,2020-12-23,64.81
Turkmenistan,TKM,2020-12-24,64.81
Turkmenistan,TKM,2020-12-25,64.81
Turkmenistan,TKM,2020-12-26,64.81
Turkmenistan,TKM,2020-12-27,64.81
Turkmenistan,TKM,2020-12-28,64.81
Turkmenistan,TKM,2020-12-29,64.81
Turkmenistan,TKM,2020-12-30,64.81
Turkmenistan,TKM,2020-12-31,64.81
Turkmenistan,TKM,2021-01-01,64.81
Turkmenistan,TKM,2021-01-02,64.81
Turkmenistan,TKM,2021-01-03,64.81
Turkmenistan,TKM,2021-01-04,64.81
Turkmenistan,TKM,2021-01-05,73.15
Turkmenistan,TKM,2021-01-06,73.15
Turkmenistan,TKM,2021-01-07,73.15
Turkmenistan,TKM,2021-01-08,73.15
Turkmenistan,TKM,2021-01-09,73.15
Turkmenistan,TKM,2021-01-10,73.15
Turkmenistan,TKM,2021-01-11,73.15
Turkmenistan,TKM,2021-01-12,73.15
Turkmenistan,TKM,2021-01-13,73.15
Turkmenistan,TKM,2021-01-14,73.15
Turkmenistan,TKM,2021-01-15,73.15
Turkmenistan,TKM,2021-01-16,73.15
Turkmenistan,TKM,2021-01-17,73.15
Turkmenistan,TKM,2021-01-18,73.15
Turkmenistan,TKM,2021-01-19,73.15
Turkmenistan,TKM,2021-01-20,73.15
Turkmenistan,TKM,2021-01-21,73.15
Turkmenistan,TKM,2021-01-22,73.15
Turkmenistan,TKM,2021-01-23,73.15
Turkmenistan,TKM,2021-01-24,73.15
Turkmenistan,TKM,2021-01-25,73.15
Turkmenistan,TKM,2021-01-26,73.15
Turkmenistan,TKM,2021-01-27,73.15
Turkmenistan,TKM,2021-01-28,73.15
Turkmenistan,TKM,2021-01-29,73.15
Turkmenistan,TKM,2021-01-30,73.15
Turkmenistan,TKM,2021-01-31,73.15
Turkmenistan,TKM,2021-02-01,73.15
Turkmenistan,TKM,2021-02-02,73.15
Turkmenistan,TKM,2021-02-03,73.15
Turkmenistan,TKM,2021-02-04,58.33
Turkmenistan,TKM,2021-02-05,58.33
Turkmenistan,TKM,2021-02-06,58.33
Turkmenistan,TKM,2021-02-07,58.33
Turkmenistan,TKM,2021-02-08,58.33
Turkmenistan,TKM,2021-02-09,58.33
Turkmenistan,TKM,2021-02-10,58.33
Turkmenistan,TKM,2021-02-11,58.33
Turkmenistan,TKM,2021-02-12,58.33
Turkmenistan,TKM,2021-02-13,54.63
Turkmenistan,TKM,2021-02-14,54.63
Turkmenistan,TKM,2021-02-15,54.63
Turkmenistan,TKM,2021-02-16,54.63
Turkmenistan,TKM,2021-02-17,54.63
Turkmenistan,TKM,2021-02-18,54.63
Turkmenistan,TKM,2021-02-19,54.63
Turkmenistan,TKM,2021-02-20,54.63
Turkmenistan,TKM,2021-02-21,54.63
Turkmenistan,TKM,2021-02-22,54.63
Turkmenistan,TKM,2021-02-23,54.63
Turkmenistan,TKM,2021-02-24,54.63
Turkmenistan,TKM,2021-02-25,54.63
Turkmenistan,TKM,2021-02-26,54.63
Turkmenistan,TKM,2021-02-27,54.63
Turkmenistan,TKM,2021-02-28,54.63
Turkmenistan,TKM,2021-03-01,58.33
Turkmenistan,TKM,2021-03-02,58.33
Turkmenistan,TKM,2021-03-03,58.33
Turkmenistan,TKM,2021-03-04,58.33
Turkmenistan,TKM,2021-03-05,58.33
Turkmenistan,TKM,2021-03-06,58.33
Turkmenistan,TKM,2021-03-07,58.33
Turkmenistan,TKM,2021-03-08,58.33
Uganda,UGA,2020-01-01,0
Uganda,UGA,2020-01-02,0
Uganda,UGA,2020-01-03,0
Uganda,UGA,2020-01-04,0
Uganda,UGA,2020-01-05,0
Uganda,UGA,2020-01-06,0
Uganda,UGA,2020-01-07,0
Uganda,UGA,2020-01-08,0
Uganda,UGA,2020-01-09,0
Uganda,UGA,2020-01-10,0
Uganda,UGA,2020-01-11,0
Uganda,UGA,2020-01-12,0
Uganda,UGA,2020-01-13,0
Uganda,UGA,2020-01-14,0
Uganda,UGA,2020-01-15,0
Uganda,UGA,2020-01-16,0
Uganda,UGA,2020-01-17,0
Uganda,UGA,2020-01-18,0
Uganda,UGA,2020-01-19,0
Uganda,UGA,2020-01-20,2.78
Uganda,UGA,2020-01-21,2.78
Uganda,UGA,2020-01-22,2.78
Uganda,UGA,2020-01-23,2.78
Uganda,UGA,2020-01-24,2.78
Uganda,UGA,2020-01-25,2.78
Uganda,UGA,2020-01-26,2.78
Uganda,UGA,2020-01-27,2.78
Uganda,UGA,2020-01-28,2.78
Uganda,UGA,2020-01-29,13.89
Uganda,UGA,2020-01-30,13.89
Uganda,UGA,2020-01-31,13.89
Uganda,UGA,2020-02-01,13.89
Uganda,UGA,2020-02-02,13.89
Uganda,UGA,2020-02-03,13.89
Uganda,UGA,2020-02-04,13.89
Uganda,UGA,2020-02-05,13.89
Uganda,UGA,2020-02-06,16.67
Uganda,UGA,2020-02-07,16.67
Uganda,UGA,2020-02-08,16.67
Uganda,UGA,2020-02-09,16.67
Uganda,UGA,2020-02-10,16.67
Uganda,UGA,2020-02-11,16.67
Uganda,UGA,2020-02-12,16.67
Uganda,UGA,2020-02-13,16.67
Uganda,UGA,2020-02-14,16.67
Uganda,UGA,2020-02-15,16.67
Uganda,UGA,2020-02-16,16.67
Uganda,UGA,2020-02-17,16.67
Uganda,UGA,2020-02-18,16.67
Uganda,UGA,2020-02-19,16.67
Uganda,UGA,2020-02-20,16.67
Uganda,UGA,2020-02-21,16.67
Uganda,UGA,2020-02-22,16.67
Uganda,UGA,2020-02-23,16.67
Uganda,UGA,2020-02-24,16.67
Uganda,UGA,2020-02-25,16.67
Uganda,UGA,2020-02-26,16.67
Uganda,UGA,2020-02-27,16.67
Uganda,UGA,2020-02-28,16.67
Uganda,UGA,2020-02-29,16.67
Uganda,UGA,2020-03-01,16.67
Uganda,UGA,2020-03-02,16.67
Uganda,UGA,2020-03-03,16.67
Uganda,UGA,2020-03-04,16.67
Uganda,UGA,2020-03-05,16.67
Uganda,UGA,2020-03-06,16.67
Uganda,UGA,2020-03-07,16.67
Uganda,UGA,2020-03-08,16.67
Uganda,UGA,2020-03-09,16.67
Uganda,UGA,2020-03-10,16.67
Uganda,UGA,2020-03-11,16.67
Uganda,UGA,2020-03-12,16.67
Uganda,UGA,2020-03-13,16.67
Uganda,UGA,2020-03-14,16.67
Uganda,UGA,2020-03-15,16.67
Uganda,UGA,2020-03-16,16.67
Uganda,UGA,2020-03-17,16.67
Uganda,UGA,2020-03-18,33.33
Uganda,UGA,2020-03-19,33.33
Uganda,UGA,2020-03-20,44.44
Uganda,UGA,2020-03-21,44.44
Uganda,UGA,2020-03-22,47.22
Uganda,UGA,2020-03-23,47.22
Uganda,UGA,2020-03-24,47.22
Uganda,UGA,2020-03-25,69.44
Uganda,UGA,2020-03-26,69.44
Uganda,UGA,2020-03-27,69.44
Uganda,UGA,2020-03-28,69.44
Uganda,UGA,2020-03-29,69.44
Uganda,UGA,2020-03-30,93.52
Uganda,UGA,2020-03-31,93.52
Uganda,UGA,2020-04-01,93.52
Uganda,UGA,2020-04-02,93.52
Uganda,UGA,2020-04-03,93.52
Uganda,UGA,2020-04-04,93.52
Uganda,UGA,2020-04-05,93.52
Uganda,UGA,2020-04-06,93.52
Uganda,UGA,2020-04-07,93.52
Uganda,UGA,2020-04-08,93.52
Uganda,UGA,2020-04-09,93.52
Uganda,UGA,2020-04-10,93.52
Uganda,UGA,2020-04-11,93.52
Uganda,UGA,2020-04-12,93.52
Uganda,UGA,2020-04-13,93.52
Uganda,UGA,2020-04-14,93.52
Uganda,UGA,2020-04-15,93.52
Uganda,UGA,2020-04-16,93.52
Uganda,UGA,2020-04-17,93.52
Uganda,UGA,2020-04-18,93.52
Uganda,UGA,2020-04-19,93.52
Uganda,UGA,2020-04-20,93.52
Uganda,UGA,2020-04-21,93.52
Uganda,UGA,2020-04-22,93.52
Uganda,UGA,2020-04-23,93.52
Uganda,UGA,2020-04-24,93.52
Uganda,UGA,2020-04-25,93.52
Uganda,UGA,2020-04-26,93.52
Uganda,UGA,2020-04-27,93.52
Uganda,UGA,2020-04-28,93.52
Uganda,UGA,2020-04-29,93.52
Uganda,UGA,2020-04-30,93.52
Uganda,UGA,2020-05-01,93.52
Uganda,UGA,2020-05-02,93.52
Uganda,UGA,2020-05-03,93.52
Uganda,UGA,2020-05-04,93.52
Uganda,UGA,2020-05-05,93.52
Uganda,UGA,2020-05-06,89.81
Uganda,UGA,2020-05-07,89.81
Uganda,UGA,2020-05-08,89.81
Uganda,UGA,2020-05-09,89.81
Uganda,UGA,2020-05-10,89.81
Uganda,UGA,2020-05-11,89.81
Uganda,UGA,2020-05-12,89.81
Uganda,UGA,2020-05-13,89.81
Uganda,UGA,2020-05-14,89.81
Uganda,UGA,2020-05-15,89.81
Uganda,UGA,2020-05-16,89.81
Uganda,UGA,2020-05-17,89.81
Uganda,UGA,2020-05-18,86.11
Uganda,UGA,2020-05-19,86.11
Uganda,UGA,2020-05-20,86.11
Uganda,UGA,2020-05-21,86.11
Uganda,UGA,2020-05-22,86.11
Uganda,UGA,2020-05-23,86.11
Uganda,UGA,2020-05-24,86.11
Uganda,UGA,2020-05-25,86.11
Uganda,UGA,2020-05-26,80.56
Uganda,UGA,2020-05-27,80.56
Uganda,UGA,2020-05-28,80.56
Uganda,UGA,2020-05-29,80.56
Uganda,UGA,2020-05-30,80.56
Uganda,UGA,2020-05-31,80.56
Uganda,UGA,2020-06-01,80.56
Uganda,UGA,2020-06-02,80.56
Uganda,UGA,2020-06-03,80.56
Uganda,UGA,2020-06-04,77.78
Uganda,UGA,2020-06-05,77.78
Uganda,UGA,2020-06-06,77.78
Uganda,UGA,2020-06-07,77.78
Uganda,UGA,2020-06-08,77.78
Uganda,UGA,2020-06-09,77.78
Uganda,UGA,2020-06-10,77.78
Uganda,UGA,2020-06-11,77.78
Uganda,UGA,2020-06-12,84.26
Uganda,UGA,2020-06-13,84.26
Uganda,UGA,2020-06-14,84.26
Uganda,UGA,2020-06-15,84.26
Uganda,UGA,2020-06-16,84.26
Uganda,UGA,2020-06-17,84.26
Uganda,UGA,2020-06-18,84.26
Uganda,UGA,2020-06-19,84.26
Uganda,UGA,2020-06-20,84.26
Uganda,UGA,2020-06-21,84.26
Uganda,UGA,2020-06-22,87.04
Uganda,UGA,2020-06-23,87.04
Uganda,UGA,2020-06-24,87.04
Uganda,UGA,2020-06-25,87.04
Uganda,UGA,2020-06-26,87.04
Uganda,UGA,2020-06-27,87.04
Uganda,UGA,2020-06-28,87.04
Uganda,UGA,2020-06-29,87.04
Uganda,UGA,2020-06-30,87.04
Uganda,UGA,2020-07-01,87.04
Uganda,UGA,2020-07-02,87.04
Uganda,UGA,2020-07-03,87.04
Uganda,UGA,2020-07-04,87.04
Uganda,UGA,2020-07-05,87.04
Uganda,UGA,2020-07-06,87.04
Uganda,UGA,2020-07-07,87.04
Uganda,UGA,2020-07-08,87.04
Uganda,UGA,2020-07-09,87.04
Uganda,UGA,2020-07-10,81.48
Uganda,UGA,2020-07-11,81.48
Uganda,UGA,2020-07-12,81.48
Uganda,UGA,2020-07-13,81.48
Uganda,UGA,2020-07-14,81.48
Uganda,UGA,2020-07-15,81.48
Uganda,UGA,2020-07-16,81.48
Uganda,UGA,2020-07-17,79.63
Uganda,UGA,2020-07-18,79.63
Uganda,UGA,2020-07-19,79.63
Uganda,UGA,2020-07-20,79.63
Uganda,UGA,2020-07-21,79.63
Uganda,UGA,2020-07-22,79.63
Uganda,UGA,2020-07-23,79.63
Uganda,UGA,2020-07-24,79.63
Uganda,UGA,2020-07-25,79.63
Uganda,UGA,2020-07-26,79.63
Uganda,UGA,2020-07-27,76.85
Uganda,UGA,2020-07-28,76.85
Uganda,UGA,2020-07-29,76.85
Uganda,UGA,2020-07-30,76.85
Uganda,UGA,2020-07-31,76.85
Uganda,UGA,2020-08-01,76.85
Uganda,UGA,2020-08-02,76.85
Uganda,UGA,2020-08-03,76.85
Uganda,UGA,2020-08-04,76.85
Uganda,UGA,2020-08-05,76.85
Uganda,UGA,2020-08-06,76.85
Uganda,UGA,2020-08-07,76.85
Uganda,UGA,2020-08-08,76.85
Uganda,UGA,2020-08-09,76.85
Uganda,UGA,2020-08-10,81.48
Uganda,UGA,2020-08-11,81.48
Uganda,UGA,2020-08-12,81.48
Uganda,UGA,2020-08-13,81.48
Uganda,UGA,2020-08-14,81.48
Uganda,UGA,2020-08-15,81.48
Uganda,UGA,2020-08-16,81.48
Uganda,UGA,2020-08-17,81.48
Uganda,UGA,2020-08-18,81.48
Uganda,UGA,2020-08-19,81.48
Uganda,UGA,2020-08-20,81.48
Uganda,UGA,2020-08-21,81.48
Uganda,UGA,2020-08-22,81.48
Uganda,UGA,2020-08-23,81.48
Uganda,UGA,2020-08-24,81.48
Uganda,UGA,2020-08-25,81.48
Uganda,UGA,2020-08-26,81.48
Uganda,UGA,2020-08-27,81.48
Uganda,UGA,2020-08-28,81.48
Uganda,UGA,2020-08-29,81.48
Uganda,UGA,2020-08-30,81.48
Uganda,UGA,2020-08-31,81.48
Uganda,UGA,2020-09-01,81.48
Uganda,UGA,2020-09-02,81.48
Uganda,UGA,2020-09-03,81.48
Uganda,UGA,2020-09-04,81.48
Uganda,UGA,2020-09-05,81.48
Uganda,UGA,2020-09-06,81.48
Uganda,UGA,2020-09-07,81.48
Uganda,UGA,2020-09-08,81.48
Uganda,UGA,2020-09-09,81.48
Uganda,UGA,2020-09-10,81.48
Uganda,UGA,2020-09-11,81.48
Uganda,UGA,2020-09-12,81.48
Uganda,UGA,2020-09-13,81.48
Uganda,UGA,2020-09-14,81.48
Uganda,UGA,2020-09-15,81.48
Uganda,UGA,2020-09-16,81.48
Uganda,UGA,2020-09-17,81.48
Uganda,UGA,2020-09-18,81.48
Uganda,UGA,2020-09-19,81.48
Uganda,UGA,2020-09-20,78.7
Uganda,UGA,2020-09-21,78.7
Uganda,UGA,2020-09-22,78.7
Uganda,UGA,2020-09-23,78.7
Uganda,UGA,2020-09-24,78.7
Uganda,UGA,2020-09-25,78.7
Uganda,UGA,2020-09-26,73.15
Uganda,UGA,2020-09-27,73.15
Uganda,UGA,2020-09-28,73.15
Uganda,UGA,2020-09-29,73.15
Uganda,UGA,2020-09-30,73.15
Uganda,UGA,2020-10-01,73.15
Uganda,UGA,2020-10-02,73.15
Uganda,UGA,2020-10-03,73.15
Uganda,UGA,2020-10-04,73.15
Uganda,UGA,2020-10-05,73.15
Uganda,UGA,2020-10-06,73.15
Uganda,UGA,2020-10-07,73.15
Uganda,UGA,2020-10-08,73.15
Uganda,UGA,2020-10-09,73.15
Uganda,UGA,2020-10-10,73.15
Uganda,UGA,2020-10-11,73.15
Uganda,UGA,2020-10-12,73.15
Uganda,UGA,2020-10-13,73.15
Uganda,UGA,2020-10-14,73.15
Uganda,UGA,2020-10-15,69.44
Uganda,UGA,2020-10-16,69.44
Uganda,UGA,2020-10-17,69.44
Uganda,UGA,2020-10-18,69.44
Uganda,UGA,2020-10-19,61.11
Uganda,UGA,2020-10-20,61.11
Uganda,UGA,2020-10-21,61.11
Uganda,UGA,2020-10-22,61.11
Uganda,UGA,2020-10-23,61.11
Uganda,UGA,2020-10-24,61.11
Uganda,UGA,2020-10-25,61.11
Uganda,UGA,2020-10-26,61.11
Uganda,UGA,2020-10-27,61.11
Uganda,UGA,2020-10-28,61.11
Uganda,UGA,2020-10-29,61.11
Uganda,UGA,2020-10-30,61.11
Uganda,UGA,2020-10-31,61.11
Uganda,UGA,2020-11-01,61.11
Uganda,UGA,2020-11-02,61.11
Uganda,UGA,2020-11-03,61.11
Uganda,UGA,2020-11-04,61.11
Uganda,UGA,2020-11-05,61.11
Uganda,UGA,2020-11-06,61.11
Uganda,UGA,2020-11-07,61.11
Uganda,UGA,2020-11-08,61.11
Uganda,UGA,2020-11-09,45.37
Uganda,UGA,2020-11-10,45.37
Uganda,UGA,2020-11-11,45.37
Uganda,UGA,2020-11-12,45.37
Uganda,UGA,2020-11-13,45.37
Uganda,UGA,2020-11-14,45.37
Uganda,UGA,2020-11-15,45.37
Uganda,UGA,2020-11-16,45.37
Uganda,UGA,2020-11-17,45.37
Uganda,UGA,2020-11-18,45.37
Uganda,UGA,2020-11-19,45.37
Uganda,UGA,2020-11-20,45.37
Uganda,UGA,2020-11-21,45.37
Uganda,UGA,2020-11-22,45.37
Uganda,UGA,2020-11-23,45.37
Uganda,UGA,2020-11-24,53.7
Uganda,UGA,2020-11-25,53.7
Uganda,UGA,2020-11-26,53.7
Uganda,UGA,2020-11-27,53.7
Uganda,UGA,2020-11-28,53.7
Uganda,UGA,2020-11-29,53.7
Uganda,UGA,2020-11-30,53.7
Uganda,UGA,2020-12-01,53.7
Uganda,UGA,2020-12-02,53.7
Uganda,UGA,2020-12-03,53.7
Uganda,UGA,2020-12-04,53.7
Uganda,UGA,2020-12-05,53.7
Uganda,UGA,2020-12-06,53.7
Uganda,UGA,2020-12-07,53.7
Uganda,UGA,2020-12-08,53.7
Uganda,UGA,2020-12-09,53.7
Uganda,UGA,2020-12-10,53.7
Uganda,UGA,2020-12-11,53.7
Uganda,UGA,2020-12-12,53.7
Uganda,UGA,2020-12-13,53.7
Uganda,UGA,2020-12-14,47.22
Uganda,UGA,2020-12-15,47.22
Uganda,UGA,2020-12-16,47.22
Uganda,UGA,2020-12-17,47.22
Uganda,UGA,2020-12-18,47.22
Uganda,UGA,2020-12-19,47.22
Uganda,UGA,2020-12-20,47.22
Uganda,UGA,2020-12-21,47.22
Uganda,UGA,2020-12-22,47.22
Uganda,UGA,2020-12-23,47.22
Uganda,UGA,2020-12-24,47.22
Uganda,UGA,2020-12-25,47.22
Uganda,UGA,2020-12-26,47.22
Uganda,UGA,2020-12-27,47.22
Uganda,UGA,2020-12-28,47.22
Uganda,UGA,2020-12-29,47.22
Uganda,UGA,2020-12-30,47.22
Uganda,UGA,2020-12-31,47.22
Uganda,UGA,2021-01-01,47.22
Uganda,UGA,2021-01-02,47.22
Uganda,UGA,2021-01-03,47.22
Uganda,UGA,2021-01-04,47.22
Uganda,UGA,2021-01-05,47.22
Uganda,UGA,2021-01-06,47.22
Uganda,UGA,2021-01-07,47.22
Uganda,UGA,2021-01-08,47.22
Uganda,UGA,2021-01-09,47.22
Uganda,UGA,2021-01-10,47.22
Uganda,UGA,2021-01-11,47.22
Uganda,UGA,2021-01-12,51.85
Uganda,UGA,2021-01-13,51.85
Uganda,UGA,2021-01-14,51.85
Uganda,UGA,2021-01-15,51.85
Uganda,UGA,2021-01-16,51.85
Uganda,UGA,2021-01-17,51.85
Uganda,UGA,2021-01-18,51.85
Uganda,UGA,2021-01-19,49.07
Uganda,UGA,2021-01-20,49.07
Uganda,UGA,2021-01-21,49.07
Uganda,UGA,2021-01-22,49.07
Uganda,UGA,2021-01-23,49.07
Uganda,UGA,2021-01-24,49.07
Uganda,UGA,2021-01-25,49.07
Uganda,UGA,2021-01-26,49.07
Uganda,UGA,2021-01-27,49.07
Uganda,UGA,2021-01-28,49.07
Uganda,UGA,2021-01-29,49.07
Uganda,UGA,2021-01-30,49.07
Uganda,UGA,2021-01-31,49.07
Uganda,UGA,2021-02-01,49.07
Uganda,UGA,2021-02-02,47.22
Uganda,UGA,2021-02-03,47.22
Uganda,UGA,2021-02-04,47.22
Uganda,UGA,2021-02-05,47.22
Uganda,UGA,2021-02-06,47.22
Uganda,UGA,2021-02-07,47.22
Uganda,UGA,2021-02-08,47.22
Uganda,UGA,2021-02-09,47.22
Uganda,UGA,2021-02-10,47.22
Uganda,UGA,2021-02-11,47.22
Uganda,UGA,2021-02-12,47.22
Uganda,UGA,2021-02-13,47.22
Uganda,UGA,2021-02-14,47.22
Uganda,UGA,2021-02-15,47.22
Uganda,UGA,2021-02-16,47.22
Uganda,UGA,2021-02-17,47.22
Uganda,UGA,2021-02-18,47.22
Uganda,UGA,2021-02-19,47.22
Uganda,UGA,2021-02-20,47.22
Uganda,UGA,2021-02-21,47.22
Uganda,UGA,2021-02-22,47.22
Uganda,UGA,2021-02-23,53.7
Uganda,UGA,2021-02-24,53.7
Uganda,UGA,2021-02-25,53.7
Uganda,UGA,2021-02-26,53.7
Uganda,UGA,2021-02-27,53.7
Uganda,UGA,2021-02-28,53.7
Uganda,UGA,2021-03-01,53.7
Uganda,UGA,2021-03-02,53.7
Uganda,UGA,2021-03-03,53.7
Ukraine,UKR,2020-01-01,0
Ukraine,UKR,2020-01-02,0
Ukraine,UKR,2020-01-03,0
Ukraine,UKR,2020-01-04,0
Ukraine,UKR,2020-01-05,0
Ukraine,UKR,2020-01-06,0
Ukraine,UKR,2020-01-07,0
Ukraine,UKR,2020-01-08,0
Ukraine,UKR,2020-01-09,0
Ukraine,UKR,2020-01-10,0
Ukraine,UKR,2020-01-11,0
Ukraine,UKR,2020-01-12,0
Ukraine,UKR,2020-01-13,0
Ukraine,UKR,2020-01-14,0
Ukraine,UKR,2020-01-15,0
Ukraine,UKR,2020-01-16,0
Ukraine,UKR,2020-01-17,0
Ukraine,UKR,2020-01-18,0
Ukraine,UKR,2020-01-19,0
Ukraine,UKR,2020-01-20,0
Ukraine,UKR,2020-01-21,0
Ukraine,UKR,2020-01-22,0
Ukraine,UKR,2020-01-23,0
Ukraine,UKR,2020-01-24,0
Ukraine,UKR,2020-01-25,0
Ukraine,UKR,2020-01-26,0
Ukraine,UKR,2020-01-27,0
Ukraine,UKR,2020-01-28,0
Ukraine,UKR,2020-01-29,0
Ukraine,UKR,2020-01-30,0
Ukraine,UKR,2020-01-31,0
Ukraine,UKR,2020-02-01,0
Ukraine,UKR,2020-02-02,0
Ukraine,UKR,2020-02-03,0
Ukraine,UKR,2020-02-04,0
Ukraine,UKR,2020-02-05,0
Ukraine,UKR,2020-02-06,0
Ukraine,UKR,2020-02-07,0
Ukraine,UKR,2020-02-08,0
Ukraine,UKR,2020-02-09,0
Ukraine,UKR,2020-02-10,0
Ukraine,UKR,2020-02-11,0
Ukraine,UKR,2020-02-12,0
Ukraine,UKR,2020-02-13,0
Ukraine,UKR,2020-02-14,0
Ukraine,UKR,2020-02-15,0
Ukraine,UKR,2020-02-16,0
Ukraine,UKR,2020-02-17,0
Ukraine,UKR,2020-02-18,0
Ukraine,UKR,2020-02-19,0
Ukraine,UKR,2020-02-20,0
Ukraine,UKR,2020-02-21,0
Ukraine,UKR,2020-02-22,0
Ukraine,UKR,2020-02-23,0
Ukraine,UKR,2020-02-24,0
Ukraine,UKR,2020-02-25,0
Ukraine,UKR,2020-02-26,0
Ukraine,UKR,2020-02-27,0
Ukraine,UKR,2020-02-28,0
Ukraine,UKR,2020-02-29,0
Ukraine,UKR,2020-03-01,0
Ukraine,UKR,2020-03-02,0
Ukraine,UKR,2020-03-03,11.11
Ukraine,UKR,2020-03-04,11.11
Ukraine,UKR,2020-03-05,11.11
Ukraine,UKR,2020-03-06,11.11
Ukraine,UKR,2020-03-07,11.11
Ukraine,UKR,2020-03-08,11.11
Ukraine,UKR,2020-03-09,11.11
Ukraine,UKR,2020-03-10,11.11
Ukraine,UKR,2020-03-11,11.11
Ukraine,UKR,2020-03-12,50
Ukraine,UKR,2020-03-13,50
Ukraine,UKR,2020-03-14,50
Ukraine,UKR,2020-03-15,50
Ukraine,UKR,2020-03-16,64.81
Ukraine,UKR,2020-03-17,77.78
Ukraine,UKR,2020-03-18,88.89
Ukraine,UKR,2020-03-19,88.89
Ukraine,UKR,2020-03-20,88.89
Ukraine,UKR,2020-03-21,88.89
Ukraine,UKR,2020-03-22,88.89
Ukraine,UKR,2020-03-23,88.89
Ukraine,UKR,2020-03-24,88.89
Ukraine,UKR,2020-03-25,88.89
Ukraine,UKR,2020-03-26,88.89
Ukraine,UKR,2020-03-27,88.89
Ukraine,UKR,2020-03-28,88.89
Ukraine,UKR,2020-03-29,88.89
Ukraine,UKR,2020-03-30,88.89
Ukraine,UKR,2020-03-31,88.89
Ukraine,UKR,2020-04-01,88.89
Ukraine,UKR,2020-04-02,88.89
Ukraine,UKR,2020-04-03,88.89
Ukraine,UKR,2020-04-04,88.89
Ukraine,UKR,2020-04-05,88.89
Ukraine,UKR,2020-04-06,88.89
Ukraine,UKR,2020-04-07,88.89
Ukraine,UKR,2020-04-08,88.89
Ukraine,UKR,2020-04-09,88.89
Ukraine,UKR,2020-04-10,88.89
Ukraine,UKR,2020-04-11,88.89
Ukraine,UKR,2020-04-12,88.89
Ukraine,UKR,2020-04-13,88.89
Ukraine,UKR,2020-04-14,88.89
Ukraine,UKR,2020-04-15,88.89
Ukraine,UKR,2020-04-16,88.89
Ukraine,UKR,2020-04-17,88.89
Ukraine,UKR,2020-04-18,88.89
Ukraine,UKR,2020-04-19,88.89
Ukraine,UKR,2020-04-20,88.89
Ukraine,UKR,2020-04-21,88.89
Ukraine,UKR,2020-04-22,88.89
Ukraine,UKR,2020-04-23,88.89
Ukraine,UKR,2020-04-24,88.89
Ukraine,UKR,2020-04-25,88.89
Ukraine,UKR,2020-04-26,88.89
Ukraine,UKR,2020-04-27,88.89
Ukraine,UKR,2020-04-28,88.89
Ukraine,UKR,2020-04-29,88.89
Ukraine,UKR,2020-04-30,88.89
Ukraine,UKR,2020-05-01,88.89
Ukraine,UKR,2020-05-02,88.89
Ukraine,UKR,2020-05-03,88.89
Ukraine,UKR,2020-05-04,88.89
Ukraine,UKR,2020-05-05,88.89
Ukraine,UKR,2020-05-06,88.89
Ukraine,UKR,2020-05-07,88.89
Ukraine,UKR,2020-05-08,88.89
Ukraine,UKR,2020-05-09,88.89
Ukraine,UKR,2020-05-10,88.89
Ukraine,UKR,2020-05-11,88.89
Ukraine,UKR,2020-05-12,88.89
Ukraine,UKR,2020-05-13,88.89
Ukraine,UKR,2020-05-14,88.89
Ukraine,UKR,2020-05-15,88.89
Ukraine,UKR,2020-05-16,88.89
Ukraine,UKR,2020-05-17,88.89
Ukraine,UKR,2020-05-18,88.89
Ukraine,UKR,2020-05-19,88.89
Ukraine,UKR,2020-05-20,88.89
Ukraine,UKR,2020-05-21,88.89
Ukraine,UKR,2020-05-22,83.33
Ukraine,UKR,2020-05-23,83.33
Ukraine,UKR,2020-05-24,83.33
Ukraine,UKR,2020-05-25,83.33
Ukraine,UKR,2020-05-26,83.33
Ukraine,UKR,2020-05-27,83.33
Ukraine,UKR,2020-05-28,83.33
Ukraine,UKR,2020-05-29,83.33
Ukraine,UKR,2020-05-30,83.33
Ukraine,UKR,2020-05-31,83.33
Ukraine,UKR,2020-06-01,76.39
Ukraine,UKR,2020-06-02,76.39
Ukraine,UKR,2020-06-03,76.39
Ukraine,UKR,2020-06-04,76.39
Ukraine,UKR,2020-06-05,76.39
Ukraine,UKR,2020-06-06,76.39
Ukraine,UKR,2020-06-07,76.39
Ukraine,UKR,2020-06-08,76.39
Ukraine,UKR,2020-06-09,76.39
Ukraine,UKR,2020-06-10,76.39
Ukraine,UKR,2020-06-11,76.39
Ukraine,UKR,2020-06-12,76.39
Ukraine,UKR,2020-06-13,76.39
Ukraine,UKR,2020-06-14,76.39
Ukraine,UKR,2020-06-15,68.06
Ukraine,UKR,2020-06-16,68.06
Ukraine,UKR,2020-06-17,68.06
Ukraine,UKR,2020-06-18,68.06
Ukraine,UKR,2020-06-19,68.06
Ukraine,UKR,2020-06-20,68.06
Ukraine,UKR,2020-06-21,68.06
Ukraine,UKR,2020-06-22,41.67
Ukraine,UKR,2020-06-23,41.67
Ukraine,UKR,2020-06-24,41.67
Ukraine,UKR,2020-06-25,41.67
Ukraine,UKR,2020-06-26,41.67
Ukraine,UKR,2020-06-27,41.67
Ukraine,UKR,2020-06-28,41.67
Ukraine,UKR,2020-06-29,41.67
Ukraine,UKR,2020-06-30,41.67
Ukraine,UKR,2020-07-01,41.67
Ukraine,UKR,2020-07-02,41.67
Ukraine,UKR,2020-07-03,41.67
Ukraine,UKR,2020-07-04,41.67
Ukraine,UKR,2020-07-05,41.67
Ukraine,UKR,2020-07-06,41.67
Ukraine,UKR,2020-07-07,41.67
Ukraine,UKR,2020-07-08,41.67
Ukraine,UKR,2020-07-09,41.67
Ukraine,UKR,2020-07-10,41.67
Ukraine,UKR,2020-07-11,41.67
Ukraine,UKR,2020-07-12,41.67
Ukraine,UKR,2020-07-13,41.67
Ukraine,UKR,2020-07-14,41.67
Ukraine,UKR,2020-07-15,41.67
Ukraine,UKR,2020-07-16,41.67
Ukraine,UKR,2020-07-17,41.67
Ukraine,UKR,2020-07-18,41.67
Ukraine,UKR,2020-07-19,41.67
Ukraine,UKR,2020-07-20,41.67
Ukraine,UKR,2020-07-21,41.67
Ukraine,UKR,2020-07-22,41.67
Ukraine,UKR,2020-07-23,41.67
Ukraine,UKR,2020-07-24,41.67
Ukraine,UKR,2020-07-25,41.67
Ukraine,UKR,2020-07-26,41.67
Ukraine,UKR,2020-07-27,41.67
Ukraine,UKR,2020-07-28,41.67
Ukraine,UKR,2020-07-29,41.67
Ukraine,UKR,2020-07-30,41.67
Ukraine,UKR,2020-07-31,41.67
Ukraine,UKR,2020-08-01,48.61
Ukraine,UKR,2020-08-02,48.61
Ukraine,UKR,2020-08-03,57.87
Ukraine,UKR,2020-08-04,57.87
Ukraine,UKR,2020-08-05,57.87
Ukraine,UKR,2020-08-06,57.87
Ukraine,UKR,2020-08-07,57.87
Ukraine,UKR,2020-08-08,57.87
Ukraine,UKR,2020-08-09,57.87
Ukraine,UKR,2020-08-10,57.87
Ukraine,UKR,2020-08-11,57.87
Ukraine,UKR,2020-08-12,57.87
Ukraine,UKR,2020-08-13,57.87
Ukraine,UKR,2020-08-14,57.87
Ukraine,UKR,2020-08-15,57.87
Ukraine,UKR,2020-08-16,57.87
Ukraine,UKR,2020-08-17,57.87
Ukraine,UKR,2020-08-18,57.87
Ukraine,UKR,2020-08-19,57.87
Ukraine,UKR,2020-08-20,57.87
Ukraine,UKR,2020-08-21,57.87
Ukraine,UKR,2020-08-22,57.87
Ukraine,UKR,2020-08-23,57.87
Ukraine,UKR,2020-08-24,57.87
Ukraine,UKR,2020-08-25,57.87
Ukraine,UKR,2020-08-26,57.87
Ukraine,UKR,2020-08-27,57.87
Ukraine,UKR,2020-08-28,66.2
Ukraine,UKR,2020-08-29,66.2
Ukraine,UKR,2020-08-30,66.2
Ukraine,UKR,2020-08-31,66.2
Ukraine,UKR,2020-09-01,64.35
Ukraine,UKR,2020-09-02,64.35
Ukraine,UKR,2020-09-03,64.35
Ukraine,UKR,2020-09-04,64.35
Ukraine,UKR,2020-09-05,64.35
Ukraine,UKR,2020-09-06,64.35
Ukraine,UKR,2020-09-07,53.24
Ukraine,UKR,2020-09-08,64.35
Ukraine,UKR,2020-09-09,64.35
Ukraine,UKR,2020-09-10,64.35
Ukraine,UKR,2020-09-11,64.35
Ukraine,UKR,2020-09-12,64.35
Ukraine,UKR,2020-09-13,64.35
Ukraine,UKR,2020-09-14,64.35
Ukraine,UKR,2020-09-15,64.35
Ukraine,UKR,2020-09-16,64.35
Ukraine,UKR,2020-09-17,64.35
Ukraine,UKR,2020-09-18,64.35
Ukraine,UKR,2020-09-19,64.35
Ukraine,UKR,2020-09-20,64.35
Ukraine,UKR,2020-09-21,64.35
Ukraine,UKR,2020-09-22,64.35
Ukraine,UKR,2020-09-23,64.35
Ukraine,UKR,2020-09-24,64.35
Ukraine,UKR,2020-09-25,64.35
Ukraine,UKR,2020-09-26,64.35
Ukraine,UKR,2020-09-27,64.35
Ukraine,UKR,2020-09-28,64.35
Ukraine,UKR,2020-09-29,58.8
Ukraine,UKR,2020-09-30,58.8
Ukraine,UKR,2020-10-01,58.8
Ukraine,UKR,2020-10-02,58.8
Ukraine,UKR,2020-10-03,58.8
Ukraine,UKR,2020-10-04,58.8
Ukraine,UKR,2020-10-05,58.8
Ukraine,UKR,2020-10-06,58.8
Ukraine,UKR,2020-10-07,58.8
Ukraine,UKR,2020-10-08,58.8
Ukraine,UKR,2020-10-09,58.8
Ukraine,UKR,2020-10-10,58.8
Ukraine,UKR,2020-10-11,58.8
Ukraine,UKR,2020-10-12,58.8
Ukraine,UKR,2020-10-13,58.8
Ukraine,UKR,2020-10-14,58.8
Ukraine,UKR,2020-10-15,58.8
Ukraine,UKR,2020-10-16,58.8
Ukraine,UKR,2020-10-17,58.8
Ukraine,UKR,2020-10-18,58.8
Ukraine,UKR,2020-10-19,58.8
Ukraine,UKR,2020-10-20,58.8
Ukraine,UKR,2020-10-21,58.8
Ukraine,UKR,2020-10-22,58.8
Ukraine,UKR,2020-10-23,58.8
Ukraine,UKR,2020-10-24,58.8
Ukraine,UKR,2020-10-25,58.8
Ukraine,UKR,2020-10-26,58.8
Ukraine,UKR,2020-10-27,58.8
Ukraine,UKR,2020-10-28,58.8
Ukraine,UKR,2020-10-29,58.8
Ukraine,UKR,2020-10-30,58.8
Ukraine,UKR,2020-10-31,58.8
Ukraine,UKR,2020-11-01,58.8
Ukraine,UKR,2020-11-02,58.8
Ukraine,UKR,2020-11-03,58.8
Ukraine,UKR,2020-11-04,58.8
Ukraine,UKR,2020-11-05,58.8
Ukraine,UKR,2020-11-06,58.8
Ukraine,UKR,2020-11-07,58.8
Ukraine,UKR,2020-11-08,58.8
Ukraine,UKR,2020-11-09,58.8
Ukraine,UKR,2020-11-10,58.8
Ukraine,UKR,2020-11-11,58.8
Ukraine,UKR,2020-11-12,58.8
Ukraine,UKR,2020-11-13,61.57
Ukraine,UKR,2020-11-14,61.57
Ukraine,UKR,2020-11-15,61.57
Ukraine,UKR,2020-11-16,61.57
Ukraine,UKR,2020-11-17,61.57
Ukraine,UKR,2020-11-18,61.57
Ukraine,UKR,2020-11-19,61.57
Ukraine,UKR,2020-11-20,61.57
Ukraine,UKR,2020-11-21,61.57
Ukraine,UKR,2020-11-22,61.57
Ukraine,UKR,2020-11-23,61.57
Ukraine,UKR,2020-11-24,61.57
Ukraine,UKR,2020-11-25,61.57
Ukraine,UKR,2020-11-26,61.57
Ukraine,UKR,2020-11-27,61.57
Ukraine,UKR,2020-11-28,61.57
Ukraine,UKR,2020-11-29,61.57
Ukraine,UKR,2020-11-30,61.57
Ukraine,UKR,2020-12-01,61.57
Ukraine,UKR,2020-12-02,61.57
Ukraine,UKR,2020-12-03,61.57
Ukraine,UKR,2020-12-04,61.57
Ukraine,UKR,2020-12-05,61.57
Ukraine,UKR,2020-12-06,61.57
Ukraine,UKR,2020-12-07,61.57
Ukraine,UKR,2020-12-08,61.57
Ukraine,UKR,2020-12-09,61.57
Ukraine,UKR,2020-12-10,61.57
Ukraine,UKR,2020-12-11,61.57
Ukraine,UKR,2020-12-12,61.57
Ukraine,UKR,2020-12-13,61.57
Ukraine,UKR,2020-12-14,61.57
Ukraine,UKR,2020-12-15,61.57
Ukraine,UKR,2020-12-16,61.57
Ukraine,UKR,2020-12-17,61.57
Ukraine,UKR,2020-12-18,61.57
Ukraine,UKR,2020-12-19,54.63
Ukraine,UKR,2020-12-20,54.63
Ukraine,UKR,2020-12-21,54.63
Ukraine,UKR,2020-12-22,54.63
Ukraine,UKR,2020-12-23,54.63
Ukraine,UKR,2020-12-24,54.63
Ukraine,UKR,2020-12-25,54.63
Ukraine,UKR,2020-12-26,54.63
Ukraine,UKR,2020-12-27,54.63
Ukraine,UKR,2020-12-28,54.63
Ukraine,UKR,2020-12-29,54.63
Ukraine,UKR,2020-12-30,54.63
Ukraine,UKR,2020-12-31,54.63
Ukraine,UKR,2021-01-01,54.63
Ukraine,UKR,2021-01-02,54.63
Ukraine,UKR,2021-01-03,54.63
Ukraine,UKR,2021-01-04,54.63
Ukraine,UKR,2021-01-05,54.63
Ukraine,UKR,2021-01-06,54.63
Ukraine,UKR,2021-01-07,54.63
Ukraine,UKR,2021-01-08,63.89
Ukraine,UKR,2021-01-09,63.89
Ukraine,UKR,2021-01-10,63.89
Ukraine,UKR,2021-01-11,63.89
Ukraine,UKR,2021-01-12,63.89
Ukraine,UKR,2021-01-13,63.89
Ukraine,UKR,2021-01-14,63.89
Ukraine,UKR,2021-01-15,63.89
Ukraine,UKR,2021-01-16,63.89
Ukraine,UKR,2021-01-17,63.89
Ukraine,UKR,2021-01-18,63.89
Ukraine,UKR,2021-01-19,63.89
Ukraine,UKR,2021-01-20,63.89
Ukraine,UKR,2021-01-21,63.89
Ukraine,UKR,2021-01-22,63.89
Ukraine,UKR,2021-01-23,63.89
Ukraine,UKR,2021-01-24,63.89
Ukraine,UKR,2021-01-25,54.63
Ukraine,UKR,2021-01-26,54.63
Ukraine,UKR,2021-01-27,54.63
Ukraine,UKR,2021-01-28,54.63
Ukraine,UKR,2021-01-29,54.63
Ukraine,UKR,2021-01-30,54.63
Ukraine,UKR,2021-01-31,54.63
Ukraine,UKR,2021-02-01,54.63
Ukraine,UKR,2021-02-02,54.63
Ukraine,UKR,2021-02-03,54.63
Ukraine,UKR,2021-02-04,54.63
Ukraine,UKR,2021-02-05,54.63
Ukraine,UKR,2021-02-06,54.63
Ukraine,UKR,2021-02-07,54.63
Ukraine,UKR,2021-02-08,54.63
Ukraine,UKR,2021-02-09,54.63
Ukraine,UKR,2021-02-10,54.63
Ukraine,UKR,2021-02-11,54.63
Ukraine,UKR,2021-02-12,54.63
Ukraine,UKR,2021-02-13,54.63
Ukraine,UKR,2021-02-14,54.63
Ukraine,UKR,2021-02-15,54.63
Ukraine,UKR,2021-02-16,54.63
Ukraine,UKR,2021-02-17,54.63
Ukraine,UKR,2021-02-18,54.63
Ukraine,UKR,2021-02-19,54.63
Ukraine,UKR,2021-02-20,54.63
Ukraine,UKR,2021-02-21,54.63
Ukraine,UKR,2021-02-22,54.63
Ukraine,UKR,2021-02-23,54.63
Ukraine,UKR,2021-02-24,54.63
Ukraine,UKR,2021-02-25,54.63
Ukraine,UKR,2021-02-26,60.19
Ukraine,UKR,2021-02-27,60.19
Ukraine,UKR,2021-02-28,60.19
Ukraine,UKR,2021-03-01,60.19
Ukraine,UKR,2021-03-02,60.19
Ukraine,UKR,2021-03-03,60.19
Ukraine,UKR,2021-03-04,60.19
Ukraine,UKR,2021-03-05,60.19
Ukraine,UKR,2021-03-06,60.19
Ukraine,UKR,2021-03-07,60.19
Ukraine,UKR,2021-03-08,60.19
United Arab Emirates,ARE,2020-01-01,0
United Arab Emirates,ARE,2020-01-02,0
United Arab Emirates,ARE,2020-01-03,0
United Arab Emirates,ARE,2020-01-04,0
United Arab Emirates,ARE,2020-01-05,0
United Arab Emirates,ARE,2020-01-06,0
United Arab Emirates,ARE,2020-01-07,0
United Arab Emirates,ARE,2020-01-08,0
United Arab Emirates,ARE,2020-01-09,0
United Arab Emirates,ARE,2020-01-10,0
United Arab Emirates,ARE,2020-01-11,0
United Arab Emirates,ARE,2020-01-12,0
United Arab Emirates,ARE,2020-01-13,0
United Arab Emirates,ARE,2020-01-14,0
United Arab Emirates,ARE,2020-01-15,0
United Arab Emirates,ARE,2020-01-16,0
United Arab Emirates,ARE,2020-01-17,0
United Arab Emirates,ARE,2020-01-18,0
United Arab Emirates,ARE,2020-01-19,0
United Arab Emirates,ARE,2020-01-20,0
United Arab Emirates,ARE,2020-01-21,0
United Arab Emirates,ARE,2020-01-22,0
United Arab Emirates,ARE,2020-01-23,2.78
United Arab Emirates,ARE,2020-01-24,2.78
United Arab Emirates,ARE,2020-01-25,2.78
United Arab Emirates,ARE,2020-01-26,2.78
United Arab Emirates,ARE,2020-01-27,2.78
United Arab Emirates,ARE,2020-01-28,2.78
United Arab Emirates,ARE,2020-01-29,2.78
United Arab Emirates,ARE,2020-01-30,2.78
United Arab Emirates,ARE,2020-01-31,2.78
United Arab Emirates,ARE,2020-02-01,2.78
United Arab Emirates,ARE,2020-02-02,2.78
United Arab Emirates,ARE,2020-02-03,2.78
United Arab Emirates,ARE,2020-02-04,2.78
United Arab Emirates,ARE,2020-02-05,2.78
United Arab Emirates,ARE,2020-02-06,2.78
United Arab Emirates,ARE,2020-02-07,2.78
United Arab Emirates,ARE,2020-02-08,2.78
United Arab Emirates,ARE,2020-02-09,2.78
United Arab Emirates,ARE,2020-02-10,2.78
United Arab Emirates,ARE,2020-02-11,2.78
United Arab Emirates,ARE,2020-02-12,2.78
United Arab Emirates,ARE,2020-02-13,2.78
United Arab Emirates,ARE,2020-02-14,2.78
United Arab Emirates,ARE,2020-02-15,2.78
United Arab Emirates,ARE,2020-02-16,2.78
United Arab Emirates,ARE,2020-02-17,2.78
United Arab Emirates,ARE,2020-02-18,2.78
United Arab Emirates,ARE,2020-02-19,2.78
United Arab Emirates,ARE,2020-02-20,2.78
United Arab Emirates,ARE,2020-02-21,2.78
United Arab Emirates,ARE,2020-02-22,2.78
United Arab Emirates,ARE,2020-02-23,2.78
United Arab Emirates,ARE,2020-02-24,8.33
United Arab Emirates,ARE,2020-02-25,8.33
United Arab Emirates,ARE,2020-02-26,8.33
United Arab Emirates,ARE,2020-02-27,8.33
United Arab Emirates,ARE,2020-02-28,8.33
United Arab Emirates,ARE,2020-02-29,8.33
United Arab Emirates,ARE,2020-03-01,15.74
United Arab Emirates,ARE,2020-03-02,15.74
United Arab Emirates,ARE,2020-03-03,15.74
United Arab Emirates,ARE,2020-03-04,15.74
United Arab Emirates,ARE,2020-03-05,15.74
United Arab Emirates,ARE,2020-03-06,15.74
United Arab Emirates,ARE,2020-03-07,15.74
United Arab Emirates,ARE,2020-03-08,21.3
United Arab Emirates,ARE,2020-03-09,21.3
United Arab Emirates,ARE,2020-03-10,21.3
United Arab Emirates,ARE,2020-03-11,32.41
United Arab Emirates,ARE,2020-03-12,32.41
United Arab Emirates,ARE,2020-03-13,34.26
United Arab Emirates,ARE,2020-03-14,34.26
United Arab Emirates,ARE,2020-03-15,34.26
United Arab Emirates,ARE,2020-03-16,45.37
United Arab Emirates,ARE,2020-03-17,45.37
United Arab Emirates,ARE,2020-03-18,45.37
United Arab Emirates,ARE,2020-03-19,45.37
United Arab Emirates,ARE,2020-03-20,45.37
United Arab Emirates,ARE,2020-03-21,45.37
United Arab Emirates,ARE,2020-03-22,45.37
United Arab Emirates,ARE,2020-03-23,62.04
United Arab Emirates,ARE,2020-03-24,62.04
United Arab Emirates,ARE,2020-03-25,70.37
United Arab Emirates,ARE,2020-03-26,73.15
United Arab Emirates,ARE,2020-03-27,84.26
United Arab Emirates,ARE,2020-03-28,84.26
United Arab Emirates,ARE,2020-03-29,84.26
United Arab Emirates,ARE,2020-03-30,84.26
United Arab Emirates,ARE,2020-03-31,84.26
United Arab Emirates,ARE,2020-04-01,84.26
United Arab Emirates,ARE,2020-04-02,84.26
United Arab Emirates,ARE,2020-04-03,84.26
United Arab Emirates,ARE,2020-04-04,89.81
United Arab Emirates,ARE,2020-04-05,89.81
United Arab Emirates,ARE,2020-04-06,89.81
United Arab Emirates,ARE,2020-04-07,89.81
United Arab Emirates,ARE,2020-04-08,89.81
United Arab Emirates,ARE,2020-04-09,89.81
United Arab Emirates,ARE,2020-04-10,89.81
United Arab Emirates,ARE,2020-04-11,89.81
United Arab Emirates,ARE,2020-04-12,89.81
United Arab Emirates,ARE,2020-04-13,89.81
United Arab Emirates,ARE,2020-04-14,89.81
United Arab Emirates,ARE,2020-04-15,89.81
United Arab Emirates,ARE,2020-04-16,89.81
United Arab Emirates,ARE,2020-04-17,87.04
United Arab Emirates,ARE,2020-04-18,87.04
United Arab Emirates,ARE,2020-04-19,87.04
United Arab Emirates,ARE,2020-04-20,87.04
United Arab Emirates,ARE,2020-04-21,87.04
United Arab Emirates,ARE,2020-04-22,87.04
United Arab Emirates,ARE,2020-04-23,87.04
United Arab Emirates,ARE,2020-04-24,87.04
United Arab Emirates,ARE,2020-04-25,87.04
United Arab Emirates,ARE,2020-04-26,87.04
United Arab Emirates,ARE,2020-04-27,87.04
United Arab Emirates,ARE,2020-04-28,87.04
United Arab Emirates,ARE,2020-04-29,81.48
United Arab Emirates,ARE,2020-04-30,81.48
United Arab Emirates,ARE,2020-05-01,81.48
United Arab Emirates,ARE,2020-05-02,77.78
United Arab Emirates,ARE,2020-05-03,77.78
United Arab Emirates,ARE,2020-05-04,77.78
United Arab Emirates,ARE,2020-05-05,77.78
United Arab Emirates,ARE,2020-05-06,75.93
United Arab Emirates,ARE,2020-05-07,75.93
United Arab Emirates,ARE,2020-05-08,75.93
United Arab Emirates,ARE,2020-05-09,75.93
United Arab Emirates,ARE,2020-05-10,75.93
United Arab Emirates,ARE,2020-05-11,75.93
United Arab Emirates,ARE,2020-05-12,75.93
United Arab Emirates,ARE,2020-05-13,75.93
United Arab Emirates,ARE,2020-05-14,74.07
United Arab Emirates,ARE,2020-05-15,74.07
United Arab Emirates,ARE,2020-05-16,74.07
United Arab Emirates,ARE,2020-05-17,74.07
United Arab Emirates,ARE,2020-05-18,72.22
United Arab Emirates,ARE,2020-05-19,72.22
United Arab Emirates,ARE,2020-05-20,72.22
United Arab Emirates,ARE,2020-05-21,72.22
United Arab Emirates,ARE,2020-05-22,72.22
United Arab Emirates,ARE,2020-05-23,72.22
United Arab Emirates,ARE,2020-05-24,72.22
United Arab Emirates,ARE,2020-05-25,72.22
United Arab Emirates,ARE,2020-05-26,72.22
United Arab Emirates,ARE,2020-05-27,72.22
United Arab Emirates,ARE,2020-05-28,72.22
United Arab Emirates,ARE,2020-05-29,72.22
United Arab Emirates,ARE,2020-05-30,72.22
United Arab Emirates,ARE,2020-05-31,72.22
United Arab Emirates,ARE,2020-06-01,72.22
United Arab Emirates,ARE,2020-06-02,72.22
United Arab Emirates,ARE,2020-06-03,72.22
United Arab Emirates,ARE,2020-06-04,72.22
United Arab Emirates,ARE,2020-06-05,72.22
United Arab Emirates,ARE,2020-06-06,72.22
United Arab Emirates,ARE,2020-06-07,72.22
United Arab Emirates,ARE,2020-06-08,72.22
United Arab Emirates,ARE,2020-06-09,72.22
United Arab Emirates,ARE,2020-06-10,72.22
United Arab Emirates,ARE,2020-06-11,72.22
United Arab Emirates,ARE,2020-06-12,72.22
United Arab Emirates,ARE,2020-06-13,72.22
United Arab Emirates,ARE,2020-06-14,72.22
United Arab Emirates,ARE,2020-06-15,72.22
United Arab Emirates,ARE,2020-06-16,72.22
United Arab Emirates,ARE,2020-06-17,72.22
United Arab Emirates,ARE,2020-06-18,72.22
United Arab Emirates,ARE,2020-06-19,72.22
United Arab Emirates,ARE,2020-06-20,72.22
United Arab Emirates,ARE,2020-06-21,72.22
United Arab Emirates,ARE,2020-06-22,72.22
United Arab Emirates,ARE,2020-06-23,72.22
United Arab Emirates,ARE,2020-06-24,72.22
United Arab Emirates,ARE,2020-06-25,72.22
United Arab Emirates,ARE,2020-06-26,72.22
United Arab Emirates,ARE,2020-06-27,72.22
United Arab Emirates,ARE,2020-06-28,72.22
United Arab Emirates,ARE,2020-06-29,72.22
United Arab Emirates,ARE,2020-06-30,72.22
United Arab Emirates,ARE,2020-07-01,72.22
United Arab Emirates,ARE,2020-07-02,72.22
United Arab Emirates,ARE,2020-07-03,52.78
United Arab Emirates,ARE,2020-07-04,52.78
United Arab Emirates,ARE,2020-07-05,43.52
United Arab Emirates,ARE,2020-07-06,43.52
United Arab Emirates,ARE,2020-07-07,43.52
United Arab Emirates,ARE,2020-07-08,43.52
United Arab Emirates,ARE,2020-07-09,43.52
United Arab Emirates,ARE,2020-07-10,43.52
United Arab Emirates,ARE,2020-07-11,43.52
United Arab Emirates,ARE,2020-07-12,43.52
United Arab Emirates,ARE,2020-07-13,43.52
United Arab Emirates,ARE,2020-07-14,43.52
United Arab Emirates,ARE,2020-07-15,43.52
United Arab Emirates,ARE,2020-07-16,43.52
United Arab Emirates,ARE,2020-07-17,43.52
United Arab Emirates,ARE,2020-07-18,43.52
United Arab Emirates,ARE,2020-07-19,43.52
United Arab Emirates,ARE,2020-07-20,43.52
United Arab Emirates,ARE,2020-07-21,43.52
United Arab Emirates,ARE,2020-07-22,43.52
United Arab Emirates,ARE,2020-07-23,43.52
United Arab Emirates,ARE,2020-07-24,43.52
United Arab Emirates,ARE,2020-07-25,43.52
United Arab Emirates,ARE,2020-07-26,43.52
United Arab Emirates,ARE,2020-07-27,43.52
United Arab Emirates,ARE,2020-07-28,43.52
United Arab Emirates,ARE,2020-07-29,43.52
United Arab Emirates,ARE,2020-07-30,32.41
United Arab Emirates,ARE,2020-07-31,43.52
United Arab Emirates,ARE,2020-08-01,43.52
United Arab Emirates,ARE,2020-08-02,43.52
United Arab Emirates,ARE,2020-08-03,43.52
United Arab Emirates,ARE,2020-08-04,43.52
United Arab Emirates,ARE,2020-08-05,43.52
United Arab Emirates,ARE,2020-08-06,43.52
United Arab Emirates,ARE,2020-08-07,43.52
United Arab Emirates,ARE,2020-08-08,43.52
United Arab Emirates,ARE,2020-08-09,43.52
United Arab Emirates,ARE,2020-08-10,43.52
United Arab Emirates,ARE,2020-08-11,43.52
United Arab Emirates,ARE,2020-08-12,43.52
United Arab Emirates,ARE,2020-08-13,43.52
United Arab Emirates,ARE,2020-08-14,43.52
United Arab Emirates,ARE,2020-08-15,43.52
United Arab Emirates,ARE,2020-08-16,43.52
United Arab Emirates,ARE,2020-08-17,43.52
United Arab Emirates,ARE,2020-08-18,43.52
United Arab Emirates,ARE,2020-08-19,43.52
United Arab Emirates,ARE,2020-08-20,43.52
United Arab Emirates,ARE,2020-08-21,43.52
United Arab Emirates,ARE,2020-08-22,43.52
United Arab Emirates,ARE,2020-08-23,43.52
United Arab Emirates,ARE,2020-08-24,43.52
United Arab Emirates,ARE,2020-08-25,43.52
United Arab Emirates,ARE,2020-08-26,43.52
United Arab Emirates,ARE,2020-08-27,43.52
United Arab Emirates,ARE,2020-08-28,43.52
United Arab Emirates,ARE,2020-08-29,43.52
United Arab Emirates,ARE,2020-08-30,43.52
United Arab Emirates,ARE,2020-08-31,39.81
United Arab Emirates,ARE,2020-09-01,39.81
United Arab Emirates,ARE,2020-09-02,39.81
United Arab Emirates,ARE,2020-09-03,39.81
United Arab Emirates,ARE,2020-09-04,39.81
United Arab Emirates,ARE,2020-09-05,39.81
United Arab Emirates,ARE,2020-09-06,39.81
United Arab Emirates,ARE,2020-09-07,39.81
United Arab Emirates,ARE,2020-09-08,39.81
United Arab Emirates,ARE,2020-09-09,39.81
United Arab Emirates,ARE,2020-09-10,39.81
United Arab Emirates,ARE,2020-09-11,39.81
United Arab Emirates,ARE,2020-09-12,39.81
United Arab Emirates,ARE,2020-09-13,45.37
United Arab Emirates,ARE,2020-09-14,45.37
United Arab Emirates,ARE,2020-09-15,45.37
United Arab Emirates,ARE,2020-09-16,45.37
United Arab Emirates,ARE,2020-09-17,45.37
United Arab Emirates,ARE,2020-09-18,50.93
United Arab Emirates,ARE,2020-09-19,50.93
United Arab Emirates,ARE,2020-09-20,50.93
United Arab Emirates,ARE,2020-09-21,50.93
United Arab Emirates,ARE,2020-09-22,50.93
United Arab Emirates,ARE,2020-09-23,50.93
United Arab Emirates,ARE,2020-09-24,50.93
United Arab Emirates,ARE,2020-09-25,50.93
United Arab Emirates,ARE,2020-09-26,50.93
United Arab Emirates,ARE,2020-09-27,50.93
United Arab Emirates,ARE,2020-09-28,50.93
United Arab Emirates,ARE,2020-09-29,50.93
United Arab Emirates,ARE,2020-09-30,50.93
United Arab Emirates,ARE,2020-10-01,50.93
United Arab Emirates,ARE,2020-10-02,50.93
United Arab Emirates,ARE,2020-10-03,50.93
United Arab Emirates,ARE,2020-10-04,50.93
United Arab Emirates,ARE,2020-10-05,50.93
United Arab Emirates,ARE,2020-10-06,50.93
United Arab Emirates,ARE,2020-10-07,50.93
United Arab Emirates,ARE,2020-10-08,50.93
United Arab Emirates,ARE,2020-10-09,50.93
United Arab Emirates,ARE,2020-10-10,50.93
United Arab Emirates,ARE,2020-10-11,50.93
United Arab Emirates,ARE,2020-10-12,50.93
United Arab Emirates,ARE,2020-10-13,50.93
United Arab Emirates,ARE,2020-10-14,50.93
United Arab Emirates,ARE,2020-10-15,50.93
United Arab Emirates,ARE,2020-10-16,50.93
United Arab Emirates,ARE,2020-10-17,50.93
United Arab Emirates,ARE,2020-10-18,50.93
United Arab Emirates,ARE,2020-10-19,50.93
United Arab Emirates,ARE,2020-10-20,50.93
United Arab Emirates,ARE,2020-10-21,50.93
United Arab Emirates,ARE,2020-10-22,50.93
United Arab Emirates,ARE,2020-10-23,50.93
United Arab Emirates,ARE,2020-10-24,50.93
United Arab Emirates,ARE,2020-10-25,50.93
United Arab Emirates,ARE,2020-10-26,50.93
United Arab Emirates,ARE,2020-10-27,50.93
United Arab Emirates,ARE,2020-10-28,50.93
United Arab Emirates,ARE,2020-10-29,50.93
United Arab Emirates,ARE,2020-10-30,45.37
United Arab Emirates,ARE,2020-10-31,45.37
United Arab Emirates,ARE,2020-11-01,45.37
United Arab Emirates,ARE,2020-11-02,45.37
United Arab Emirates,ARE,2020-11-03,45.37
United Arab Emirates,ARE,2020-11-04,45.37
United Arab Emirates,ARE,2020-11-05,45.37
United Arab Emirates,ARE,2020-11-06,45.37
United Arab Emirates,ARE,2020-11-07,45.37
United Arab Emirates,ARE,2020-11-08,45.37
United Arab Emirates,ARE,2020-11-09,45.37
United Arab Emirates,ARE,2020-11-10,45.37
United Arab Emirates,ARE,2020-11-11,45.37
United Arab Emirates,ARE,2020-11-12,45.37
United Arab Emirates,ARE,2020-11-13,45.37
United Arab Emirates,ARE,2020-11-14,45.37
United Arab Emirates,ARE,2020-11-15,45.37
United Arab Emirates,ARE,2020-11-16,45.37
United Arab Emirates,ARE,2020-11-17,45.37
United Arab Emirates,ARE,2020-11-18,45.37
United Arab Emirates,ARE,2020-11-19,45.37
United Arab Emirates,ARE,2020-11-20,45.37
United Arab Emirates,ARE,2020-11-21,45.37
United Arab Emirates,ARE,2020-11-22,45.37
United Arab Emirates,ARE,2020-11-23,45.37
United Arab Emirates,ARE,2020-11-24,45.37
United Arab Emirates,ARE,2020-11-25,49.07
United Arab Emirates,ARE,2020-11-26,49.07
United Arab Emirates,ARE,2020-11-27,49.07
United Arab Emirates,ARE,2020-11-28,49.07
United Arab Emirates,ARE,2020-11-29,49.07
United Arab Emirates,ARE,2020-11-30,49.07
United Arab Emirates,ARE,2020-12-01,49.07
United Arab Emirates,ARE,2020-12-02,49.07
United Arab Emirates,ARE,2020-12-03,49.07
United Arab Emirates,ARE,2020-12-04,49.07
United Arab Emirates,ARE,2020-12-05,49.07
United Arab Emirates,ARE,2020-12-06,49.07
United Arab Emirates,ARE,2020-12-07,49.07
United Arab Emirates,ARE,2020-12-08,49.07
United Arab Emirates,ARE,2020-12-09,49.07
United Arab Emirates,ARE,2020-12-10,49.07
United Arab Emirates,ARE,2020-12-11,49.07
United Arab Emirates,ARE,2020-12-12,49.07
United Arab Emirates,ARE,2020-12-13,49.07
United Arab Emirates,ARE,2020-12-14,49.07
United Arab Emirates,ARE,2020-12-15,49.07
United Arab Emirates,ARE,2020-12-16,49.07
United Arab Emirates,ARE,2020-12-17,49.07
United Arab Emirates,ARE,2020-12-18,49.07
United Arab Emirates,ARE,2020-12-19,49.07
United Arab Emirates,ARE,2020-12-20,49.07
United Arab Emirates,ARE,2020-12-21,49.07
United Arab Emirates,ARE,2020-12-22,49.07
United Arab Emirates,ARE,2020-12-23,49.07
United Arab Emirates,ARE,2020-12-24,49.07
United Arab Emirates,ARE,2020-12-25,49.07
United Arab Emirates,ARE,2020-12-26,49.07
United Arab Emirates,ARE,2020-12-27,49.07
United Arab Emirates,ARE,2020-12-28,49.07
United Arab Emirates,ARE,2020-12-29,49.07
United Arab Emirates,ARE,2020-12-30,49.07
United Arab Emirates,ARE,2020-12-31,49.07
United Arab Emirates,ARE,2021-01-01,49.07
United Arab Emirates,ARE,2021-01-02,49.07
United Arab Emirates,ARE,2021-01-03,45.37
United Arab Emirates,ARE,2021-01-04,45.37
United Arab Emirates,ARE,2021-01-05,45.37
United Arab Emirates,ARE,2021-01-06,45.37
United Arab Emirates,ARE,2021-01-07,45.37
United Arab Emirates,ARE,2021-01-08,45.37
United Arab Emirates,ARE,2021-01-09,45.37
United Arab Emirates,ARE,2021-01-10,45.37
United Arab Emirates,ARE,2021-01-11,45.37
United Arab Emirates,ARE,2021-01-12,45.37
United Arab Emirates,ARE,2021-01-13,45.37
United Arab Emirates,ARE,2021-01-14,45.37
United Arab Emirates,ARE,2021-01-15,45.37
United Arab Emirates,ARE,2021-01-16,45.37
United Arab Emirates,ARE,2021-01-17,45.37
United Arab Emirates,ARE,2021-01-18,45.37
United Arab Emirates,ARE,2021-01-19,50.93
United Arab Emirates,ARE,2021-01-20,50.93
United Arab Emirates,ARE,2021-01-21,50.93
United Arab Emirates,ARE,2021-01-22,50.93
United Arab Emirates,ARE,2021-01-23,50.93
United Arab Emirates,ARE,2021-01-24,50.93
United Arab Emirates,ARE,2021-01-25,50.93
United Arab Emirates,ARE,2021-01-26,62.04
United Arab Emirates,ARE,2021-01-27,62.04
United Arab Emirates,ARE,2021-01-28,62.04
United Arab Emirates,ARE,2021-01-29,62.04
United Arab Emirates,ARE,2021-01-30,62.04
United Arab Emirates,ARE,2021-01-31,62.04
United Arab Emirates,ARE,2021-02-01,62.04
United Arab Emirates,ARE,2021-02-02,57.87
United Arab Emirates,ARE,2021-02-03,57.87
United Arab Emirates,ARE,2021-02-04,57.87
United Arab Emirates,ARE,2021-02-05,57.87
United Arab Emirates,ARE,2021-02-06,57.87
United Arab Emirates,ARE,2021-02-07,57.87
United Arab Emirates,ARE,2021-02-08,57.87
United Arab Emirates,ARE,2021-02-09,56.48
United Arab Emirates,ARE,2021-02-10,56.48
United Arab Emirates,ARE,2021-02-11,56.48
United Arab Emirates,ARE,2021-02-12,56.48
United Arab Emirates,ARE,2021-02-13,56.48
United Arab Emirates,ARE,2021-02-14,52.78
United Arab Emirates,ARE,2021-02-15,52.78
United Arab Emirates,ARE,2021-02-16,55.56
United Arab Emirates,ARE,2021-02-17,55.56
United Arab Emirates,ARE,2021-02-18,55.56
United Arab Emirates,ARE,2021-02-19,55.56
United Arab Emirates,ARE,2021-02-20,55.56
United Arab Emirates,ARE,2021-02-21,55.56
United Arab Emirates,ARE,2021-02-22,55.56
United Arab Emirates,ARE,2021-02-23,55.56
United Arab Emirates,ARE,2021-02-24,55.56
United Arab Emirates,ARE,2021-02-25,55.56
United Arab Emirates,ARE,2021-02-26,55.56
United Arab Emirates,ARE,2021-02-27,55.56
United Arab Emirates,ARE,2021-02-28,50
United Arab Emirates,ARE,2021-03-01,50
United Arab Emirates,ARE,2021-03-02,50
United Arab Emirates,ARE,2021-03-03,50
United Arab Emirates,ARE,2021-03-04,50
United Arab Emirates,ARE,2021-03-05,50
United Arab Emirates,ARE,2021-03-06,50
United Arab Emirates,ARE,2021-03-07,50
United Kingdom,GBR,2020-01-01,0
United Kingdom,GBR,2020-01-02,0
United Kingdom,GBR,2020-01-03,0
United Kingdom,GBR,2020-01-04,0
United Kingdom,GBR,2020-01-05,0
United Kingdom,GBR,2020-01-06,0
United Kingdom,GBR,2020-01-07,0
United Kingdom,GBR,2020-01-08,0
United Kingdom,GBR,2020-01-09,0
United Kingdom,GBR,2020-01-10,0
United Kingdom,GBR,2020-01-11,0
United Kingdom,GBR,2020-01-12,0
United Kingdom,GBR,2020-01-13,0
United Kingdom,GBR,2020-01-14,0
United Kingdom,GBR,2020-01-15,0
United Kingdom,GBR,2020-01-16,0
United Kingdom,GBR,2020-01-17,0
United Kingdom,GBR,2020-01-18,0
United Kingdom,GBR,2020-01-19,0
United Kingdom,GBR,2020-01-20,5.56
United Kingdom,GBR,2020-01-21,5.56
United Kingdom,GBR,2020-01-22,5.56
United Kingdom,GBR,2020-01-23,5.56
United Kingdom,GBR,2020-01-24,5.56
United Kingdom,GBR,2020-01-25,5.56
United Kingdom,GBR,2020-01-26,5.56
United Kingdom,GBR,2020-01-27,5.56
United Kingdom,GBR,2020-01-28,5.56
United Kingdom,GBR,2020-01-29,5.56
United Kingdom,GBR,2020-01-30,5.56
United Kingdom,GBR,2020-01-31,8.33
United Kingdom,GBR,2020-02-01,8.33
United Kingdom,GBR,2020-02-02,11.11
United Kingdom,GBR,2020-02-03,11.11
United Kingdom,GBR,2020-02-04,11.11
United Kingdom,GBR,2020-02-05,11.11
United Kingdom,GBR,2020-02-06,11.11
United Kingdom,GBR,2020-02-07,11.11
United Kingdom,GBR,2020-02-08,11.11
United Kingdom,GBR,2020-02-09,11.11
United Kingdom,GBR,2020-02-10,11.11
United Kingdom,GBR,2020-02-11,11.11
United Kingdom,GBR,2020-02-12,11.11
United Kingdom,GBR,2020-02-13,11.11
United Kingdom,GBR,2020-02-14,11.11
United Kingdom,GBR,2020-02-15,11.11
United Kingdom,GBR,2020-02-16,11.11
United Kingdom,GBR,2020-02-17,11.11
United Kingdom,GBR,2020-02-18,11.11
United Kingdom,GBR,2020-02-19,11.11
United Kingdom,GBR,2020-02-20,11.11
United Kingdom,GBR,2020-02-21,11.11
United Kingdom,GBR,2020-02-22,11.11
United Kingdom,GBR,2020-02-23,11.11
United Kingdom,GBR,2020-02-24,11.11
United Kingdom,GBR,2020-02-25,11.11
United Kingdom,GBR,2020-02-26,11.11
United Kingdom,GBR,2020-02-27,11.11
United Kingdom,GBR,2020-02-28,11.11
United Kingdom,GBR,2020-02-29,11.11
United Kingdom,GBR,2020-03-01,11.11
United Kingdom,GBR,2020-03-02,11.11
United Kingdom,GBR,2020-03-03,11.11
United Kingdom,GBR,2020-03-04,11.11
United Kingdom,GBR,2020-03-05,11.11
United Kingdom,GBR,2020-03-06,11.11
United Kingdom,GBR,2020-03-07,11.11
United Kingdom,GBR,2020-03-08,11.11
United Kingdom,GBR,2020-03-09,11.11
United Kingdom,GBR,2020-03-10,11.11
United Kingdom,GBR,2020-03-11,11.11
United Kingdom,GBR,2020-03-12,11.11
United Kingdom,GBR,2020-03-13,12.96
United Kingdom,GBR,2020-03-14,12.96
United Kingdom,GBR,2020-03-15,12.96
United Kingdom,GBR,2020-03-16,16.67
United Kingdom,GBR,2020-03-17,22.22
United Kingdom,GBR,2020-03-18,31.48
United Kingdom,GBR,2020-03-19,31.48
United Kingdom,GBR,2020-03-20,37.04
United Kingdom,GBR,2020-03-21,47.22
United Kingdom,GBR,2020-03-22,62.04
United Kingdom,GBR,2020-03-23,78.24
United Kingdom,GBR,2020-03-24,79.63
United Kingdom,GBR,2020-03-25,79.63
United Kingdom,GBR,2020-03-26,79.63
United Kingdom,GBR,2020-03-27,79.63
United Kingdom,GBR,2020-03-28,79.63
United Kingdom,GBR,2020-03-29,79.63
United Kingdom,GBR,2020-03-30,79.63
United Kingdom,GBR,2020-03-31,79.63
United Kingdom,GBR,2020-04-01,79.63
United Kingdom,GBR,2020-04-02,79.63
United Kingdom,GBR,2020-04-03,79.63
United Kingdom,GBR,2020-04-04,79.63
United Kingdom,GBR,2020-04-05,79.63
United Kingdom,GBR,2020-04-06,79.63
United Kingdom,GBR,2020-04-07,79.63
United Kingdom,GBR,2020-04-08,79.63
United Kingdom,GBR,2020-04-09,79.63
United Kingdom,GBR,2020-04-10,79.63
United Kingdom,GBR,2020-04-11,79.63
United Kingdom,GBR,2020-04-12,79.63
United Kingdom,GBR,2020-04-13,79.63
United Kingdom,GBR,2020-04-14,79.63
United Kingdom,GBR,2020-04-15,79.63
United Kingdom,GBR,2020-04-16,79.63
United Kingdom,GBR,2020-04-17,79.63
United Kingdom,GBR,2020-04-18,79.63
United Kingdom,GBR,2020-04-19,79.63
United Kingdom,GBR,2020-04-20,79.63
United Kingdom,GBR,2020-04-21,79.63
United Kingdom,GBR,2020-04-22,79.63
United Kingdom,GBR,2020-04-23,79.63
United Kingdom,GBR,2020-04-24,79.63
United Kingdom,GBR,2020-04-25,79.63
United Kingdom,GBR,2020-04-26,79.63
United Kingdom,GBR,2020-04-27,79.63
United Kingdom,GBR,2020-04-28,79.63
United Kingdom,GBR,2020-04-29,79.63
United Kingdom,GBR,2020-04-30,79.63
United Kingdom,GBR,2020-05-01,79.63
United Kingdom,GBR,2020-05-02,79.63
United Kingdom,GBR,2020-05-03,79.63
United Kingdom,GBR,2020-05-04,79.63
United Kingdom,GBR,2020-05-05,79.63
United Kingdom,GBR,2020-05-06,79.63
United Kingdom,GBR,2020-05-07,79.63
United Kingdom,GBR,2020-05-08,79.63
United Kingdom,GBR,2020-05-09,79.63
United Kingdom,GBR,2020-05-10,79.63
United Kingdom,GBR,2020-05-11,77.78
United Kingdom,GBR,2020-05-12,77.78
United Kingdom,GBR,2020-05-13,71.3
United Kingdom,GBR,2020-05-14,71.3
United Kingdom,GBR,2020-05-15,71.3
United Kingdom,GBR,2020-05-16,71.3
United Kingdom,GBR,2020-05-17,71.3
United Kingdom,GBR,2020-05-18,71.3
United Kingdom,GBR,2020-05-19,71.3
United Kingdom,GBR,2020-05-20,71.3
United Kingdom,GBR,2020-05-21,71.3
United Kingdom,GBR,2020-05-22,71.3
United Kingdom,GBR,2020-05-23,71.3
United Kingdom,GBR,2020-05-24,71.3
United Kingdom,GBR,2020-05-25,71.3
United Kingdom,GBR,2020-05-26,71.3
United Kingdom,GBR,2020-05-27,71.3
United Kingdom,GBR,2020-05-28,71.3
United Kingdom,GBR,2020-05-29,69.44
United Kingdom,GBR,2020-05-30,69.44
United Kingdom,GBR,2020-05-31,69.44
United Kingdom,GBR,2020-06-01,67.59
United Kingdom,GBR,2020-06-02,67.59
United Kingdom,GBR,2020-06-03,67.59
United Kingdom,GBR,2020-06-04,67.59
United Kingdom,GBR,2020-06-05,67.59
United Kingdom,GBR,2020-06-06,67.59
United Kingdom,GBR,2020-06-07,67.59
United Kingdom,GBR,2020-06-08,73.15
United Kingdom,GBR,2020-06-09,73.15
United Kingdom,GBR,2020-06-10,73.15
United Kingdom,GBR,2020-06-11,73.15
United Kingdom,GBR,2020-06-12,73.15
United Kingdom,GBR,2020-06-13,73.15
United Kingdom,GBR,2020-06-14,73.15
United Kingdom,GBR,2020-06-15,71.3
United Kingdom,GBR,2020-06-16,71.3
United Kingdom,GBR,2020-06-17,71.3
United Kingdom,GBR,2020-06-18,71.3
United Kingdom,GBR,2020-06-19,71.3
United Kingdom,GBR,2020-06-20,71.3
United Kingdom,GBR,2020-06-21,71.3
United Kingdom,GBR,2020-06-22,71.3
United Kingdom,GBR,2020-06-23,71.3
United Kingdom,GBR,2020-06-24,71.3
United Kingdom,GBR,2020-06-25,71.3
United Kingdom,GBR,2020-06-26,71.3
United Kingdom,GBR,2020-06-27,71.3
United Kingdom,GBR,2020-06-28,71.3
United Kingdom,GBR,2020-06-29,71.3
United Kingdom,GBR,2020-06-30,71.3
United Kingdom,GBR,2020-07-01,71.3
United Kingdom,GBR,2020-07-02,71.3
United Kingdom,GBR,2020-07-03,71.3
United Kingdom,GBR,2020-07-04,69.91
United Kingdom,GBR,2020-07-05,69.91
United Kingdom,GBR,2020-07-06,64.35
United Kingdom,GBR,2020-07-07,64.35
United Kingdom,GBR,2020-07-08,64.35
United Kingdom,GBR,2020-07-09,64.35
United Kingdom,GBR,2020-07-10,64.35
United Kingdom,GBR,2020-07-11,64.35
United Kingdom,GBR,2020-07-12,64.35
United Kingdom,GBR,2020-07-13,64.35
United Kingdom,GBR,2020-07-14,64.35
United Kingdom,GBR,2020-07-15,64.35
United Kingdom,GBR,2020-07-16,64.35
United Kingdom,GBR,2020-07-17,64.35
United Kingdom,GBR,2020-07-18,64.35
United Kingdom,GBR,2020-07-19,64.35
United Kingdom,GBR,2020-07-20,64.35
United Kingdom,GBR,2020-07-21,64.35
United Kingdom,GBR,2020-07-22,64.35
United Kingdom,GBR,2020-07-23,64.35
United Kingdom,GBR,2020-07-24,64.35
United Kingdom,GBR,2020-07-25,64.35
United Kingdom,GBR,2020-07-26,64.35
United Kingdom,GBR,2020-07-27,64.35
United Kingdom,GBR,2020-07-28,64.35
United Kingdom,GBR,2020-07-29,64.35
United Kingdom,GBR,2020-07-30,64.35
United Kingdom,GBR,2020-07-31,64.35
United Kingdom,GBR,2020-08-01,69.91
United Kingdom,GBR,2020-08-02,69.91
United Kingdom,GBR,2020-08-03,69.91
United Kingdom,GBR,2020-08-04,69.91
United Kingdom,GBR,2020-08-05,69.91
United Kingdom,GBR,2020-08-06,69.91
United Kingdom,GBR,2020-08-07,69.91
United Kingdom,GBR,2020-08-08,69.91
United Kingdom,GBR,2020-08-09,69.91
United Kingdom,GBR,2020-08-10,69.91
United Kingdom,GBR,2020-08-11,69.91
United Kingdom,GBR,2020-08-12,69.91
United Kingdom,GBR,2020-08-13,66.2
United Kingdom,GBR,2020-08-14,66.2
United Kingdom,GBR,2020-08-15,66.2
United Kingdom,GBR,2020-08-16,66.2
United Kingdom,GBR,2020-08-17,66.2
United Kingdom,GBR,2020-08-18,66.2
United Kingdom,GBR,2020-08-19,66.2
United Kingdom,GBR,2020-08-20,66.2
United Kingdom,GBR,2020-08-21,66.2
United Kingdom,GBR,2020-08-22,66.2
United Kingdom,GBR,2020-08-23,66.2
United Kingdom,GBR,2020-08-24,66.2
United Kingdom,GBR,2020-08-25,66.2
United Kingdom,GBR,2020-08-26,66.2
United Kingdom,GBR,2020-08-27,66.2
United Kingdom,GBR,2020-08-28,66.2
United Kingdom,GBR,2020-08-29,66.2
United Kingdom,GBR,2020-08-30,66.2
United Kingdom,GBR,2020-08-31,66.2
United Kingdom,GBR,2020-09-01,64.35
United Kingdom,GBR,2020-09-02,64.35
United Kingdom,GBR,2020-09-03,64.35
United Kingdom,GBR,2020-09-04,64.35
United Kingdom,GBR,2020-09-05,64.35
United Kingdom,GBR,2020-09-06,64.35
United Kingdom,GBR,2020-09-07,64.35
United Kingdom,GBR,2020-09-08,64.35
United Kingdom,GBR,2020-09-09,64.35
United Kingdom,GBR,2020-09-10,64.35
United Kingdom,GBR,2020-09-11,64.35
United Kingdom,GBR,2020-09-12,64.35
United Kingdom,GBR,2020-09-13,64.35
United Kingdom,GBR,2020-09-14,65.74
United Kingdom,GBR,2020-09-15,65.74
United Kingdom,GBR,2020-09-16,65.74
United Kingdom,GBR,2020-09-17,65.74
United Kingdom,GBR,2020-09-18,65.74
United Kingdom,GBR,2020-09-19,65.74
United Kingdom,GBR,2020-09-20,65.74
United Kingdom,GBR,2020-09-21,65.74
United Kingdom,GBR,2020-09-22,65.74
United Kingdom,GBR,2020-09-23,65.74
United Kingdom,GBR,2020-09-24,67.59
United Kingdom,GBR,2020-09-25,67.59
United Kingdom,GBR,2020-09-26,67.59
United Kingdom,GBR,2020-09-27,67.59
United Kingdom,GBR,2020-09-28,67.59
United Kingdom,GBR,2020-09-29,67.59
United Kingdom,GBR,2020-09-30,67.59
United Kingdom,GBR,2020-10-01,67.59
United Kingdom,GBR,2020-10-02,67.59
United Kingdom,GBR,2020-10-03,67.59
United Kingdom,GBR,2020-10-04,67.59
United Kingdom,GBR,2020-10-05,67.59
United Kingdom,GBR,2020-10-06,67.59
United Kingdom,GBR,2020-10-07,67.59
United Kingdom,GBR,2020-10-08,67.59
United Kingdom,GBR,2020-10-09,67.59
United Kingdom,GBR,2020-10-10,67.59
United Kingdom,GBR,2020-10-11,67.59
United Kingdom,GBR,2020-10-12,60.19
United Kingdom,GBR,2020-10-13,60.19
United Kingdom,GBR,2020-10-14,60.19
United Kingdom,GBR,2020-10-15,60.19
United Kingdom,GBR,2020-10-16,60.19
United Kingdom,GBR,2020-10-17,60.19
United Kingdom,GBR,2020-10-18,60.19
United Kingdom,GBR,2020-10-19,65.74
United Kingdom,GBR,2020-10-20,65.74
United Kingdom,GBR,2020-10-21,65.74
United Kingdom,GBR,2020-10-22,67.59
United Kingdom,GBR,2020-10-23,75
United Kingdom,GBR,2020-10-24,75
United Kingdom,GBR,2020-10-25,75
United Kingdom,GBR,2020-10-26,75
United Kingdom,GBR,2020-10-27,75
United Kingdom,GBR,2020-10-28,75
United Kingdom,GBR,2020-10-29,75
United Kingdom,GBR,2020-10-30,75
United Kingdom,GBR,2020-10-31,75
United Kingdom,GBR,2020-11-01,75
United Kingdom,GBR,2020-11-02,75
United Kingdom,GBR,2020-11-03,75
United Kingdom,GBR,2020-11-04,75
United Kingdom,GBR,2020-11-05,75
United Kingdom,GBR,2020-11-06,72.22
United Kingdom,GBR,2020-11-07,72.22
United Kingdom,GBR,2020-11-08,72.22
United Kingdom,GBR,2020-11-09,66.67
United Kingdom,GBR,2020-11-10,64.81
United Kingdom,GBR,2020-11-11,64.81
United Kingdom,GBR,2020-11-12,64.81
United Kingdom,GBR,2020-11-13,64.81
United Kingdom,GBR,2020-11-14,64.81
United Kingdom,GBR,2020-11-15,64.81
United Kingdom,GBR,2020-11-16,64.81
United Kingdom,GBR,2020-11-17,64.81
United Kingdom,GBR,2020-11-18,64.81
United Kingdom,GBR,2020-11-19,64.81
United Kingdom,GBR,2020-11-20,67.59
United Kingdom,GBR,2020-11-21,67.59
United Kingdom,GBR,2020-11-22,67.59
United Kingdom,GBR,2020-11-23,67.59
United Kingdom,GBR,2020-11-24,67.59
United Kingdom,GBR,2020-11-25,67.59
United Kingdom,GBR,2020-11-26,67.59
United Kingdom,GBR,2020-11-27,67.59
United Kingdom,GBR,2020-11-28,67.59
United Kingdom,GBR,2020-11-29,67.59
United Kingdom,GBR,2020-11-30,67.59
United Kingdom,GBR,2020-12-01,67.59
United Kingdom,GBR,2020-12-02,67.59
United Kingdom,GBR,2020-12-03,63.89
United Kingdom,GBR,2020-12-04,63.89
United Kingdom,GBR,2020-12-05,63.89
United Kingdom,GBR,2020-12-06,63.89
United Kingdom,GBR,2020-12-07,63.89
United Kingdom,GBR,2020-12-08,67.59
United Kingdom,GBR,2020-12-09,67.59
United Kingdom,GBR,2020-12-10,67.59
United Kingdom,GBR,2020-12-11,67.59
United Kingdom,GBR,2020-12-12,67.59
United Kingdom,GBR,2020-12-13,67.59
United Kingdom,GBR,2020-12-14,73.15
United Kingdom,GBR,2020-12-15,73.15
United Kingdom,GBR,2020-12-16,73.15
United Kingdom,GBR,2020-12-17,73.15
United Kingdom,GBR,2020-12-18,73.15
United Kingdom,GBR,2020-12-19,76.85
United Kingdom,GBR,2020-12-20,76.85
United Kingdom,GBR,2020-12-21,76.85
United Kingdom,GBR,2020-12-22,76.85
United Kingdom,GBR,2020-12-23,76.85
United Kingdom,GBR,2020-12-24,79.63
United Kingdom,GBR,2020-12-25,75.46
United Kingdom,GBR,2020-12-26,79.63
United Kingdom,GBR,2020-12-27,79.63
United Kingdom,GBR,2020-12-28,79.63
United Kingdom,GBR,2020-12-29,79.63
United Kingdom,GBR,2020-12-30,79.63
United Kingdom,GBR,2020-12-31,79.63
United Kingdom,GBR,2021-01-01,79.63
United Kingdom,GBR,2021-01-02,79.63
United Kingdom,GBR,2021-01-03,79.63
United Kingdom,GBR,2021-01-04,79.63
United Kingdom,GBR,2021-01-05,87.96
United Kingdom,GBR,2021-01-06,87.96
United Kingdom,GBR,2021-01-07,87.96
United Kingdom,GBR,2021-01-08,87.96
United Kingdom,GBR,2021-01-09,87.96
United Kingdom,GBR,2021-01-10,87.96
United Kingdom,GBR,2021-01-11,87.96
United Kingdom,GBR,2021-01-12,87.96
United Kingdom,GBR,2021-01-13,87.96
United Kingdom,GBR,2021-01-14,87.96
United Kingdom,GBR,2021-01-15,87.96
United Kingdom,GBR,2021-01-16,87.96
United Kingdom,GBR,2021-01-17,87.96
United Kingdom,GBR,2021-01-18,87.96
United Kingdom,GBR,2021-01-19,87.96
United Kingdom,GBR,2021-01-20,87.96
United Kingdom,GBR,2021-01-21,87.96
United Kingdom,GBR,2021-01-22,87.96
United Kingdom,GBR,2021-01-23,87.96
United Kingdom,GBR,2021-01-24,87.96
United Kingdom,GBR,2021-01-25,87.96
United Kingdom,GBR,2021-01-26,87.96
United Kingdom,GBR,2021-01-27,87.96
United Kingdom,GBR,2021-01-28,87.96
United Kingdom,GBR,2021-01-29,87.96
United Kingdom,GBR,2021-01-30,87.96
United Kingdom,GBR,2021-01-31,87.96
United Kingdom,GBR,2021-02-01,87.96
United Kingdom,GBR,2021-02-02,87.96
United Kingdom,GBR,2021-02-03,87.96
United Kingdom,GBR,2021-02-04,87.96
United Kingdom,GBR,2021-02-05,87.96
United Kingdom,GBR,2021-02-06,87.96
United Kingdom,GBR,2021-02-07,87.96
United Kingdom,GBR,2021-02-08,87.96
United Kingdom,GBR,2021-02-09,87.96
United Kingdom,GBR,2021-02-10,87.96
United Kingdom,GBR,2021-02-11,87.96
United Kingdom,GBR,2021-02-12,87.96
United Kingdom,GBR,2021-02-13,87.96
United Kingdom,GBR,2021-02-14,87.96
United Kingdom,GBR,2021-02-15,87.96
United Kingdom,GBR,2021-02-16,87.96
United Kingdom,GBR,2021-02-17,87.96
United Kingdom,GBR,2021-02-18,87.96
United Kingdom,GBR,2021-02-19,87.96
United Kingdom,GBR,2021-02-20,87.96
United Kingdom,GBR,2021-02-21,87.96
United Kingdom,GBR,2021-02-22,87.96
United Kingdom,GBR,2021-02-23,87.96
United Kingdom,GBR,2021-02-24,87.96
United Kingdom,GBR,2021-02-25,87.96
United Kingdom,GBR,2021-02-26,87.96
United States,USA,2020-01-01,0
United States,USA,2020-01-02,0
United States,USA,2020-01-03,0
United States,USA,2020-01-04,0
United States,USA,2020-01-05,0
United States,USA,2020-01-06,0
United States,USA,2020-01-07,0
United States,USA,2020-01-08,0
United States,USA,2020-01-09,0
United States,USA,2020-01-10,0
United States,USA,2020-01-11,0
United States,USA,2020-01-12,0
United States,USA,2020-01-13,0
United States,USA,2020-01-14,0
United States,USA,2020-01-15,0
United States,USA,2020-01-16,0
United States,USA,2020-01-17,0
United States,USA,2020-01-18,0
United States,USA,2020-01-19,0
United States,USA,2020-01-20,0
United States,USA,2020-01-21,0
United States,USA,2020-01-22,0
United States,USA,2020-01-23,0
United States,USA,2020-01-24,0
United States,USA,2020-01-25,0
United States,USA,2020-01-26,0
United States,USA,2020-01-27,0
United States,USA,2020-01-28,0
United States,USA,2020-01-29,0
United States,USA,2020-01-30,0
United States,USA,2020-01-31,0
United States,USA,2020-02-01,0
United States,USA,2020-02-02,5.56
United States,USA,2020-02-03,5.56
United States,USA,2020-02-04,5.56
United States,USA,2020-02-05,5.56
United States,USA,2020-02-06,5.56
United States,USA,2020-02-07,5.56
United States,USA,2020-02-08,5.56
United States,USA,2020-02-09,5.56
United States,USA,2020-02-10,5.56
United States,USA,2020-02-11,5.56
United States,USA,2020-02-12,5.56
United States,USA,2020-02-13,5.56
United States,USA,2020-02-14,5.56
United States,USA,2020-02-15,5.56
United States,USA,2020-02-16,5.56
United States,USA,2020-02-17,5.56
United States,USA,2020-02-18,5.56
United States,USA,2020-02-19,5.56
United States,USA,2020-02-20,5.56
United States,USA,2020-02-21,5.56
United States,USA,2020-02-22,5.56
United States,USA,2020-02-23,5.56
United States,USA,2020-02-24,5.56
United States,USA,2020-02-25,5.56
United States,USA,2020-02-26,5.56
United States,USA,2020-02-27,5.56
United States,USA,2020-02-28,5.56
United States,USA,2020-02-29,5.56
United States,USA,2020-03-01,8.33
United States,USA,2020-03-02,11.11
United States,USA,2020-03-03,11.11
United States,USA,2020-03-04,11.11
United States,USA,2020-03-05,20.37
United States,USA,2020-03-06,20.37
United States,USA,2020-03-07,20.37
United States,USA,2020-03-08,20.37
United States,USA,2020-03-09,20.37
United States,USA,2020-03-10,20.37
United States,USA,2020-03-11,21.76
United States,USA,2020-03-12,30.09
United States,USA,2020-03-13,30.09
United States,USA,2020-03-14,35.65
United States,USA,2020-03-15,41.2
United States,USA,2020-03-16,52.31
United States,USA,2020-03-17,55.09
United States,USA,2020-03-18,55.09
United States,USA,2020-03-19,67.13
United States,USA,2020-03-20,67.13
United States,USA,2020-03-21,72.69
United States,USA,2020-03-22,72.69
United States,USA,2020-03-23,72.69
United States,USA,2020-03-24,72.69
United States,USA,2020-03-25,72.69
United States,USA,2020-03-26,72.69
United States,USA,2020-03-27,72.69
United States,USA,2020-03-28,72.69
United States,USA,2020-03-29,72.69
United States,USA,2020-03-30,72.69
United States,USA,2020-03-31,72.69
United States,USA,2020-04-01,72.69
United States,USA,2020-04-02,72.69
United States,USA,2020-04-03,72.69
United States,USA,2020-04-04,72.69
United States,USA,2020-04-05,72.69
United States,USA,2020-04-06,72.69
United States,USA,2020-04-07,72.69
United States,USA,2020-04-08,72.69
United States,USA,2020-04-09,72.69
United States,USA,2020-04-10,72.69
United States,USA,2020-04-11,72.69
United States,USA,2020-04-12,72.69
United States,USA,2020-04-13,72.69
United States,USA,2020-04-14,72.69
United States,USA,2020-04-15,72.69
United States,USA,2020-04-16,72.69
United States,USA,2020-04-17,72.69
United States,USA,2020-04-18,72.69
United States,USA,2020-04-19,72.69
United States,USA,2020-04-20,72.69
United States,USA,2020-04-21,72.69
United States,USA,2020-04-22,72.69
United States,USA,2020-04-23,72.69
United States,USA,2020-04-24,72.69
United States,USA,2020-04-25,72.69
United States,USA,2020-04-26,72.69
United States,USA,2020-04-27,72.69
United States,USA,2020-04-28,72.69
United States,USA,2020-04-29,72.69
United States,USA,2020-04-30,72.69
United States,USA,2020-05-01,72.69
United States,USA,2020-05-02,72.69
United States,USA,2020-05-03,72.69
United States,USA,2020-05-04,72.69
United States,USA,2020-05-05,72.69
United States,USA,2020-05-06,72.69
United States,USA,2020-05-07,72.69
United States,USA,2020-05-08,72.69
United States,USA,2020-05-09,72.69
United States,USA,2020-05-10,72.69
United States,USA,2020-05-11,72.69
United States,USA,2020-05-12,72.69
United States,USA,2020-05-13,72.69
United States,USA,2020-05-14,72.69
United States,USA,2020-05-15,72.69
United States,USA,2020-05-16,72.69
United States,USA,2020-05-17,72.69
United States,USA,2020-05-18,72.69
United States,USA,2020-05-19,72.69
United States,USA,2020-05-20,72.69
United States,USA,2020-05-21,72.69
United States,USA,2020-05-22,72.69
United States,USA,2020-05-23,72.69
United States,USA,2020-05-24,72.69
United States,USA,2020-05-25,72.69
United States,USA,2020-05-26,72.69
United States,USA,2020-05-27,72.69
United States,USA,2020-05-28,72.69
United States,USA,2020-05-29,72.69
United States,USA,2020-05-30,72.69
United States,USA,2020-05-31,72.69
United States,USA,2020-06-01,72.69
United States,USA,2020-06-02,72.69
United States,USA,2020-06-03,72.69
United States,USA,2020-06-04,72.69
United States,USA,2020-06-05,72.69
United States,USA,2020-06-06,72.69
United States,USA,2020-06-07,72.69
United States,USA,2020-06-08,72.69
United States,USA,2020-06-09,72.69
United States,USA,2020-06-10,72.69
United States,USA,2020-06-11,72.69
United States,USA,2020-06-12,72.69
United States,USA,2020-06-13,72.69
United States,USA,2020-06-14,72.69
United States,USA,2020-06-15,68.98
United States,USA,2020-06-16,68.98
United States,USA,2020-06-17,68.98
United States,USA,2020-06-18,68.98
United States,USA,2020-06-19,68.98
United States,USA,2020-06-20,68.98
United States,USA,2020-06-21,68.98
United States,USA,2020-06-22,68.98
United States,USA,2020-06-23,68.98
United States,USA,2020-06-24,68.98
United States,USA,2020-06-25,68.98
United States,USA,2020-06-26,68.98
United States,USA,2020-06-27,68.98
United States,USA,2020-06-28,68.98
United States,USA,2020-06-29,68.98
United States,USA,2020-06-30,68.98
United States,USA,2020-07-01,68.98
United States,USA,2020-07-02,68.98
United States,USA,2020-07-03,68.98
United States,USA,2020-07-04,68.98
United States,USA,2020-07-05,68.98
United States,USA,2020-07-06,68.98
United States,USA,2020-07-07,68.98
United States,USA,2020-07-08,68.98
United States,USA,2020-07-09,68.98
United States,USA,2020-07-10,68.98
United States,USA,2020-07-11,68.98
United States,USA,2020-07-12,68.98
United States,USA,2020-07-13,68.98
United States,USA,2020-07-14,68.98
United States,USA,2020-07-15,68.98
United States,USA,2020-07-16,68.98
United States,USA,2020-07-17,68.98
United States,USA,2020-07-18,68.98
United States,USA,2020-07-19,68.98
United States,USA,2020-07-20,67.13
United States,USA,2020-07-21,67.13
United States,USA,2020-07-22,67.13
United States,USA,2020-07-23,67.13
United States,USA,2020-07-24,67.13
United States,USA,2020-07-25,67.13
United States,USA,2020-07-26,67.13
United States,USA,2020-07-27,67.13
United States,USA,2020-07-28,67.13
United States,USA,2020-07-29,67.13
United States,USA,2020-07-30,67.13
United States,USA,2020-07-31,67.13
United States,USA,2020-08-01,67.13
United States,USA,2020-08-02,67.13
United States,USA,2020-08-03,67.13
United States,USA,2020-08-04,67.13
United States,USA,2020-08-05,67.13
United States,USA,2020-08-06,67.13
United States,USA,2020-08-07,67.13
United States,USA,2020-08-08,67.13
United States,USA,2020-08-09,67.13
United States,USA,2020-08-10,67.13
United States,USA,2020-08-11,67.13
United States,USA,2020-08-12,67.13
United States,USA,2020-08-13,67.13
United States,USA,2020-08-14,67.13
United States,USA,2020-08-15,67.13
United States,USA,2020-08-16,67.13
United States,USA,2020-08-17,67.13
United States,USA,2020-08-18,67.13
United States,USA,2020-08-19,67.13
United States,USA,2020-08-20,67.13
United States,USA,2020-08-21,67.13
United States,USA,2020-08-22,67.13
United States,USA,2020-08-23,67.13
United States,USA,2020-08-24,67.13
United States,USA,2020-08-25,67.13
United States,USA,2020-08-26,67.13
United States,USA,2020-08-27,67.13
United States,USA,2020-08-28,67.13
United States,USA,2020-08-29,67.13
United States,USA,2020-08-30,67.13
United States,USA,2020-08-31,67.13
United States,USA,2020-09-01,67.13
United States,USA,2020-09-02,67.13
United States,USA,2020-09-03,67.13
United States,USA,2020-09-04,67.13
United States,USA,2020-09-05,67.13
United States,USA,2020-09-06,67.13
United States,USA,2020-09-07,67.13
United States,USA,2020-09-08,67.13
United States,USA,2020-09-09,67.13
United States,USA,2020-09-10,67.13
United States,USA,2020-09-11,67.13
United States,USA,2020-09-12,62.5
United States,USA,2020-09-13,62.5
United States,USA,2020-09-14,62.5
United States,USA,2020-09-15,62.5
United States,USA,2020-09-16,62.5
United States,USA,2020-09-17,62.5
United States,USA,2020-09-18,62.5
United States,USA,2020-09-19,62.5
United States,USA,2020-09-20,62.5
United States,USA,2020-09-21,62.5
United States,USA,2020-09-22,62.5
United States,USA,2020-09-23,62.5
United States,USA,2020-09-24,62.5
United States,USA,2020-09-25,62.5
United States,USA,2020-09-26,62.5
United States,USA,2020-09-27,62.5
United States,USA,2020-09-28,62.5
United States,USA,2020-09-29,62.5
United States,USA,2020-09-30,62.5
United States,USA,2020-10-01,62.5
United States,USA,2020-10-02,62.5
United States,USA,2020-10-03,62.5
United States,USA,2020-10-04,62.5
United States,USA,2020-10-05,62.5
United States,USA,2020-10-06,62.5
United States,USA,2020-10-07,62.5
United States,USA,2020-10-08,62.5
United States,USA,2020-10-09,62.5
United States,USA,2020-10-10,62.5
United States,USA,2020-10-11,62.5
United States,USA,2020-10-12,62.5
United States,USA,2020-10-13,66.2
United States,USA,2020-10-14,66.2
United States,USA,2020-10-15,66.2
United States,USA,2020-10-16,66.2
United States,USA,2020-10-17,66.2
United States,USA,2020-10-18,66.2
United States,USA,2020-10-19,66.2
United States,USA,2020-10-20,66.2
United States,USA,2020-10-21,66.2
United States,USA,2020-10-22,66.2
United States,USA,2020-10-23,66.2
United States,USA,2020-10-24,66.2
United States,USA,2020-10-25,66.2
United States,USA,2020-10-26,62.5
United States,USA,2020-10-27,62.5
United States,USA,2020-10-28,62.5
United States,USA,2020-10-29,62.5
United States,USA,2020-10-30,62.5
United States,USA,2020-10-31,62.5
United States,USA,2020-11-01,62.5
United States,USA,2020-11-02,62.5
United States,USA,2020-11-03,62.5
United States,USA,2020-11-04,62.5
United States,USA,2020-11-05,62.5
United States,USA,2020-11-06,62.5
United States,USA,2020-11-07,62.5
United States,USA,2020-11-08,62.5
United States,USA,2020-11-09,65.28
United States,USA,2020-11-10,65.28
United States,USA,2020-11-11,65.28
United States,USA,2020-11-12,65.28
United States,USA,2020-11-13,65.28
United States,USA,2020-11-14,65.28
United States,USA,2020-11-15,65.28
United States,USA,2020-11-16,75.46
United States,USA,2020-11-17,75.46
United States,USA,2020-11-18,75.46
United States,USA,2020-11-19,75.46
United States,USA,2020-11-20,75.46
United States,USA,2020-11-21,75.46
United States,USA,2020-11-22,75.46
United States,USA,2020-11-23,75.46
United States,USA,2020-11-24,75.46
United States,USA,2020-11-25,75.46
United States,USA,2020-11-26,75.46
United States,USA,2020-11-27,75.46
United States,USA,2020-11-28,75.46
United States,USA,2020-11-29,75.46
United States,USA,2020-11-30,75.46
United States,USA,2020-12-01,75.46
United States,USA,2020-12-02,71.76
United States,USA,2020-12-03,71.76
United States,USA,2020-12-04,71.76
United States,USA,2020-12-05,71.76
United States,USA,2020-12-06,71.76
United States,USA,2020-12-07,71.76
United States,USA,2020-12-08,71.76
United States,USA,2020-12-09,71.76
United States,USA,2020-12-10,71.76
United States,USA,2020-12-11,71.76
United States,USA,2020-12-12,71.76
United States,USA,2020-12-13,71.76
United States,USA,2020-12-14,71.76
United States,USA,2020-12-15,71.76
United States,USA,2020-12-16,71.76
United States,USA,2020-12-17,71.76
United States,USA,2020-12-18,71.76
United States,USA,2020-12-19,71.76
United States,USA,2020-12-20,71.76
United States,USA,2020-12-21,71.76
United States,USA,2020-12-22,71.76
United States,USA,2020-12-23,71.76
United States,USA,2020-12-24,71.76
United States,USA,2020-12-25,71.76
United States,USA,2020-12-26,71.76
United States,USA,2020-12-27,71.76
United States,USA,2020-12-28,71.76
United States,USA,2020-12-29,71.76
United States,USA,2020-12-30,71.76
United States,USA,2020-12-31,71.76
United States,USA,2021-01-01,71.76
United States,USA,2021-01-02,71.76
United States,USA,2021-01-03,71.76
United States,USA,2021-01-04,71.76
United States,USA,2021-01-05,71.76
United States,USA,2021-01-06,71.76
United States,USA,2021-01-07,71.76
United States,USA,2021-01-08,71.76
United States,USA,2021-01-09,71.76
United States,USA,2021-01-10,71.76
United States,USA,2021-01-11,71.76
United States,USA,2021-01-12,71.76
United States,USA,2021-01-13,71.76
United States,USA,2021-01-14,71.76
United States,USA,2021-01-15,71.76
United States,USA,2021-01-16,71.76
United States,USA,2021-01-17,71.76
United States,USA,2021-01-18,71.76
United States,USA,2021-01-19,71.76
United States,USA,2021-01-20,71.76
United States,USA,2021-01-21,71.76
United States,USA,2021-01-22,71.76
United States,USA,2021-01-23,71.76
United States,USA,2021-01-24,71.76
United States,USA,2021-01-25,71.76
United States,USA,2021-01-26,71.76
United States,USA,2021-01-27,71.76
United States,USA,2021-01-28,71.76
United States,USA,2021-01-29,71.76
United States,USA,2021-01-30,71.76
United States,USA,2021-01-31,71.76
United States,USA,2021-02-01,71.76
United States,USA,2021-02-02,71.76
United States,USA,2021-02-03,68.06
United States,USA,2021-02-04,68.06
United States,USA,2021-02-05,68.06
United States,USA,2021-02-06,68.06
United States,USA,2021-02-07,68.06
United States,USA,2021-02-08,68.06
United States,USA,2021-02-09,68.06
United States,USA,2021-02-10,68.06
United States,USA,2021-02-11,68.06
United States,USA,2021-02-12,68.06
United States,USA,2021-02-13,68.06
United States,USA,2021-02-14,68.06
United States,USA,2021-02-15,68.06
United States,USA,2021-02-16,68.06
United States,USA,2021-02-17,68.06
United States,USA,2021-02-18,68.06
United States,USA,2021-02-19,68.06
United States,USA,2021-02-20,68.06
United States,USA,2021-02-21,68.06
United States,USA,2021-02-22,68.06
United States,USA,2021-02-23,68.06
United States,USA,2021-02-24,68.06
United States,USA,2021-02-25,68.06
United States,USA,2021-02-26,68.06
United States,USA,2021-02-27,68.06
United States,USA,2021-02-28,68.06
United States,USA,2021-03-01,68.06
United States,USA,2021-03-02,68.06
United States,USA,2021-03-03,68.06
United States,USA,2021-03-04,64.35
United States,USA,2021-03-05,64.35
United States,USA,2021-03-06,64.35
United States,USA,2021-03-07,64.35
United States,USA,2021-03-08,64.35
United States Virgin Islands,VIR,2020-01-01,0
United States Virgin Islands,VIR,2020-01-02,0
United States Virgin Islands,VIR,2020-01-03,0
United States Virgin Islands,VIR,2020-01-04,0
United States Virgin Islands,VIR,2020-01-05,0
United States Virgin Islands,VIR,2020-01-06,0
United States Virgin Islands,VIR,2020-01-07,0
United States Virgin Islands,VIR,2020-01-08,0
United States Virgin Islands,VIR,2020-01-09,0
United States Virgin Islands,VIR,2020-01-10,0
United States Virgin Islands,VIR,2020-01-11,0
United States Virgin Islands,VIR,2020-01-12,0
United States Virgin Islands,VIR,2020-01-13,0
United States Virgin Islands,VIR,2020-01-14,0
United States Virgin Islands,VIR,2020-01-15,0
United States Virgin Islands,VIR,2020-01-16,0
United States Virgin Islands,VIR,2020-01-17,0
United States Virgin Islands,VIR,2020-01-18,0
United States Virgin Islands,VIR,2020-01-19,0
United States Virgin Islands,VIR,2020-01-20,0
United States Virgin Islands,VIR,2020-01-21,0
United States Virgin Islands,VIR,2020-01-22,0
United States Virgin Islands,VIR,2020-01-23,0
United States Virgin Islands,VIR,2020-01-24,0
United States Virgin Islands,VIR,2020-01-25,0
United States Virgin Islands,VIR,2020-01-26,0
United States Virgin Islands,VIR,2020-01-27,0
United States Virgin Islands,VIR,2020-01-28,0
United States Virgin Islands,VIR,2020-01-29,0
United States Virgin Islands,VIR,2020-01-30,0
United States Virgin Islands,VIR,2020-01-31,0
United States Virgin Islands,VIR,2020-02-01,0
United States Virgin Islands,VIR,2020-02-02,0
United States Virgin Islands,VIR,2020-02-03,0
United States Virgin Islands,VIR,2020-02-04,0
United States Virgin Islands,VIR,2020-02-05,0
United States Virgin Islands,VIR,2020-02-06,0
United States Virgin Islands,VIR,2020-02-07,0
United States Virgin Islands,VIR,2020-02-08,0
United States Virgin Islands,VIR,2020-02-09,0
United States Virgin Islands,VIR,2020-02-10,0
United States Virgin Islands,VIR,2020-02-11,0
United States Virgin Islands,VIR,2020-02-12,0
United States Virgin Islands,VIR,2020-02-13,0
United States Virgin Islands,VIR,2020-02-14,0
United States Virgin Islands,VIR,2020-02-15,0
United States Virgin Islands,VIR,2020-02-16,0
United States Virgin Islands,VIR,2020-02-17,0
United States Virgin Islands,VIR,2020-02-18,0
United States Virgin Islands,VIR,2020-02-19,0
United States Virgin Islands,VIR,2020-02-20,0
United States Virgin Islands,VIR,2020-02-21,0
United States Virgin Islands,VIR,2020-02-22,0
United States Virgin Islands,VIR,2020-02-23,0
United States Virgin Islands,VIR,2020-02-24,0
United States Virgin Islands,VIR,2020-02-25,0
United States Virgin Islands,VIR,2020-02-26,0
United States Virgin Islands,VIR,2020-02-27,0
United States Virgin Islands,VIR,2020-02-28,0
United States Virgin Islands,VIR,2020-02-29,0
United States Virgin Islands,VIR,2020-03-01,0
United States Virgin Islands,VIR,2020-03-02,0
United States Virgin Islands,VIR,2020-03-03,0
United States Virgin Islands,VIR,2020-03-04,0
United States Virgin Islands,VIR,2020-03-05,0
United States Virgin Islands,VIR,2020-03-06,0
United States Virgin Islands,VIR,2020-03-07,0
United States Virgin Islands,VIR,2020-03-08,0
United States Virgin Islands,VIR,2020-03-09,0
United States Virgin Islands,VIR,2020-03-10,0
United States Virgin Islands,VIR,2020-03-11,0
United States Virgin Islands,VIR,2020-03-12,0
United States Virgin Islands,VIR,2020-03-13,11.11
United States Virgin Islands,VIR,2020-03-14,11.11
United States Virgin Islands,VIR,2020-03-15,11.11
United States Virgin Islands,VIR,2020-03-16,11.11
United States Virgin Islands,VIR,2020-03-17,11.11
United States Virgin Islands,VIR,2020-03-18,22.22
United States Virgin Islands,VIR,2020-03-19,22.22
United States Virgin Islands,VIR,2020-03-20,22.22
United States Virgin Islands,VIR,2020-03-21,30.56
United States Virgin Islands,VIR,2020-03-22,30.56
United States Virgin Islands,VIR,2020-03-23,47.22
United States Virgin Islands,VIR,2020-03-24,47.22
United States Virgin Islands,VIR,2020-03-25,60.19
United States Virgin Islands,VIR,2020-03-26,60.19
United States Virgin Islands,VIR,2020-03-27,60.19
United States Virgin Islands,VIR,2020-03-28,60.19
United States Virgin Islands,VIR,2020-03-29,60.19
United States Virgin Islands,VIR,2020-03-30,60.19
United States Virgin Islands,VIR,2020-03-31,60.19
United States Virgin Islands,VIR,2020-04-01,60.19
United States Virgin Islands,VIR,2020-04-02,60.19
United States Virgin Islands,VIR,2020-04-03,60.19
United States Virgin Islands,VIR,2020-04-04,60.19
United States Virgin Islands,VIR,2020-04-05,60.19
United States Virgin Islands,VIR,2020-04-06,60.19
United States Virgin Islands,VIR,2020-04-07,60.19
United States Virgin Islands,VIR,2020-04-08,60.19
United States Virgin Islands,VIR,2020-04-09,60.19
United States Virgin Islands,VIR,2020-04-10,60.19
United States Virgin Islands,VIR,2020-04-11,60.19
United States Virgin Islands,VIR,2020-04-12,60.19
United States Virgin Islands,VIR,2020-04-13,60.19
United States Virgin Islands,VIR,2020-04-14,60.19
United States Virgin Islands,VIR,2020-04-15,60.19
United States Virgin Islands,VIR,2020-04-16,60.19
United States Virgin Islands,VIR,2020-04-17,60.19
United States Virgin Islands,VIR,2020-04-18,60.19
United States Virgin Islands,VIR,2020-04-19,60.19
United States Virgin Islands,VIR,2020-04-20,60.19
United States Virgin Islands,VIR,2020-04-21,60.19
United States Virgin Islands,VIR,2020-04-22,60.19
United States Virgin Islands,VIR,2020-04-23,60.19
United States Virgin Islands,VIR,2020-04-24,60.19
United States Virgin Islands,VIR,2020-04-25,60.19
United States Virgin Islands,VIR,2020-04-26,60.19
United States Virgin Islands,VIR,2020-04-27,60.19
United States Virgin Islands,VIR,2020-04-28,60.19
United States Virgin Islands,VIR,2020-04-29,60.19
United States Virgin Islands,VIR,2020-04-30,60.19
United States Virgin Islands,VIR,2020-05-01,60.19
United States Virgin Islands,VIR,2020-05-02,60.19
United States Virgin Islands,VIR,2020-05-03,60.19
United States Virgin Islands,VIR,2020-05-04,39.81
United States Virgin Islands,VIR,2020-05-05,39.81
United States Virgin Islands,VIR,2020-05-06,39.81
United States Virgin Islands,VIR,2020-05-07,39.81
United States Virgin Islands,VIR,2020-05-08,39.81
United States Virgin Islands,VIR,2020-05-09,39.81
United States Virgin Islands,VIR,2020-05-10,39.81
United States Virgin Islands,VIR,2020-05-11,39.81
United States Virgin Islands,VIR,2020-05-12,39.81
United States Virgin Islands,VIR,2020-05-13,39.81
United States Virgin Islands,VIR,2020-05-14,39.81
United States Virgin Islands,VIR,2020-05-15,39.81
United States Virgin Islands,VIR,2020-05-16,39.81
United States Virgin Islands,VIR,2020-05-17,39.81
United States Virgin Islands,VIR,2020-05-18,39.81
United States Virgin Islands,VIR,2020-05-19,39.81
United States Virgin Islands,VIR,2020-05-20,39.81
United States Virgin Islands,VIR,2020-05-21,39.81
United States Virgin Islands,VIR,2020-05-22,39.81
United States Virgin Islands,VIR,2020-05-23,39.81
United States Virgin Islands,VIR,2020-05-24,39.81
United States Virgin Islands,VIR,2020-05-25,39.81
United States Virgin Islands,VIR,2020-05-26,39.81
United States Virgin Islands,VIR,2020-05-27,39.81
United States Virgin Islands,VIR,2020-05-28,39.81
United States Virgin Islands,VIR,2020-05-29,39.81
United States Virgin Islands,VIR,2020-05-30,39.81
United States Virgin Islands,VIR,2020-05-31,39.81
United States Virgin Islands,VIR,2020-06-01,36.11
United States Virgin Islands,VIR,2020-06-02,36.11
United States Virgin Islands,VIR,2020-06-03,36.11
United States Virgin Islands,VIR,2020-06-04,36.11
United States Virgin Islands,VIR,2020-06-05,36.11
United States Virgin Islands,VIR,2020-06-06,36.11
United States Virgin Islands,VIR,2020-06-07,36.11
United States Virgin Islands,VIR,2020-06-08,36.11
United States Virgin Islands,VIR,2020-06-09,36.11
United States Virgin Islands,VIR,2020-06-10,36.11
United States Virgin Islands,VIR,2020-06-11,36.11
United States Virgin Islands,VIR,2020-06-12,36.11
United States Virgin Islands,VIR,2020-06-13,36.11
United States Virgin Islands,VIR,2020-06-14,36.11
United States Virgin Islands,VIR,2020-06-15,36.11
United States Virgin Islands,VIR,2020-06-16,36.11
United States Virgin Islands,VIR,2020-06-17,36.11
United States Virgin Islands,VIR,2020-06-18,36.11
United States Virgin Islands,VIR,2020-06-19,36.11
United States Virgin Islands,VIR,2020-06-20,36.11
United States Virgin Islands,VIR,2020-06-21,36.11
United States Virgin Islands,VIR,2020-06-22,36.11
United States Virgin Islands,VIR,2020-06-23,36.11
United States Virgin Islands,VIR,2020-06-24,36.11
United States Virgin Islands,VIR,2020-06-25,36.11
United States Virgin Islands,VIR,2020-06-26,36.11
United States Virgin Islands,VIR,2020-06-27,36.11
United States Virgin Islands,VIR,2020-06-28,36.11
United States Virgin Islands,VIR,2020-06-29,36.11
United States Virgin Islands,VIR,2020-06-30,36.11
United States Virgin Islands,VIR,2020-07-01,36.11
United States Virgin Islands,VIR,2020-07-02,36.11
United States Virgin Islands,VIR,2020-07-03,36.11
United States Virgin Islands,VIR,2020-07-04,36.11
United States Virgin Islands,VIR,2020-07-05,36.11
United States Virgin Islands,VIR,2020-07-06,36.11
United States Virgin Islands,VIR,2020-07-07,36.11
United States Virgin Islands,VIR,2020-07-08,36.11
United States Virgin Islands,VIR,2020-07-09,47.22
United States Virgin Islands,VIR,2020-07-10,47.22
United States Virgin Islands,VIR,2020-07-11,47.22
United States Virgin Islands,VIR,2020-07-12,47.22
United States Virgin Islands,VIR,2020-07-13,47.22
United States Virgin Islands,VIR,2020-07-14,47.22
United States Virgin Islands,VIR,2020-07-15,47.22
United States Virgin Islands,VIR,2020-07-16,47.22
United States Virgin Islands,VIR,2020-07-17,47.22
United States Virgin Islands,VIR,2020-07-18,47.22
United States Virgin Islands,VIR,2020-07-19,47.22
United States Virgin Islands,VIR,2020-07-20,47.22
United States Virgin Islands,VIR,2020-07-21,47.22
United States Virgin Islands,VIR,2020-07-22,47.22
United States Virgin Islands,VIR,2020-07-23,47.22
United States Virgin Islands,VIR,2020-07-24,47.22
United States Virgin Islands,VIR,2020-07-25,47.22
United States Virgin Islands,VIR,2020-07-26,47.22
United States Virgin Islands,VIR,2020-07-27,47.22
United States Virgin Islands,VIR,2020-07-28,47.22
United States Virgin Islands,VIR,2020-07-29,47.22
United States Virgin Islands,VIR,2020-07-30,47.22
United States Virgin Islands,VIR,2020-07-31,47.22
United States Virgin Islands,VIR,2020-08-01,47.22
United States Virgin Islands,VIR,2020-08-02,47.22
United States Virgin Islands,VIR,2020-08-03,47.22
United States Virgin Islands,VIR,2020-08-04,47.22
United States Virgin Islands,VIR,2020-08-05,47.22
United States Virgin Islands,VIR,2020-08-06,47.22
United States Virgin Islands,VIR,2020-08-07,47.22
United States Virgin Islands,VIR,2020-08-08,47.22
United States Virgin Islands,VIR,2020-08-09,47.22
United States Virgin Islands,VIR,2020-08-10,47.22
United States Virgin Islands,VIR,2020-08-11,47.22
United States Virgin Islands,VIR,2020-08-12,47.22
United States Virgin Islands,VIR,2020-08-13,58.33
United States Virgin Islands,VIR,2020-08-14,58.33
United States Virgin Islands,VIR,2020-08-15,58.33
United States Virgin Islands,VIR,2020-08-16,58.33
United States Virgin Islands,VIR,2020-08-17,65.74
United States Virgin Islands,VIR,2020-08-18,65.74
United States Virgin Islands,VIR,2020-08-19,65.74
United States Virgin Islands,VIR,2020-08-20,65.74
United States Virgin Islands,VIR,2020-08-21,65.74
United States Virgin Islands,VIR,2020-08-22,65.74
United States Virgin Islands,VIR,2020-08-23,65.74
United States Virgin Islands,VIR,2020-08-24,65.74
United States Virgin Islands,VIR,2020-08-25,65.74
United States Virgin Islands,VIR,2020-08-26,65.74
United States Virgin Islands,VIR,2020-08-27,65.74
United States Virgin Islands,VIR,2020-08-28,65.74
United States Virgin Islands,VIR,2020-08-29,65.74
United States Virgin Islands,VIR,2020-08-30,65.74
United States Virgin Islands,VIR,2020-08-31,65.74
United States Virgin Islands,VIR,2020-09-01,65.74
United States Virgin Islands,VIR,2020-09-02,65.74
United States Virgin Islands,VIR,2020-09-03,65.74
United States Virgin Islands,VIR,2020-09-04,65.74
United States Virgin Islands,VIR,2020-09-05,65.74
United States Virgin Islands,VIR,2020-09-06,65.74
United States Virgin Islands,VIR,2020-09-07,65.74
United States Virgin Islands,VIR,2020-09-08,60.19
United States Virgin Islands,VIR,2020-09-09,60.19
United States Virgin Islands,VIR,2020-09-10,60.19
United States Virgin Islands,VIR,2020-09-11,60.19
United States Virgin Islands,VIR,2020-09-12,60.19
United States Virgin Islands,VIR,2020-09-13,60.19
United States Virgin Islands,VIR,2020-09-14,60.19
United States Virgin Islands,VIR,2020-09-15,60.19
United States Virgin Islands,VIR,2020-09-16,60.19
United States Virgin Islands,VIR,2020-09-17,60.19
United States Virgin Islands,VIR,2020-09-18,60.19
United States Virgin Islands,VIR,2020-09-19,60.19
United States Virgin Islands,VIR,2020-09-20,60.19
United States Virgin Islands,VIR,2020-09-21,60.19
United States Virgin Islands,VIR,2020-09-22,60.19
United States Virgin Islands,VIR,2020-09-23,60.19
United States Virgin Islands,VIR,2020-09-24,60.19
United States Virgin Islands,VIR,2020-09-25,60.19
United States Virgin Islands,VIR,2020-09-26,60.19
United States Virgin Islands,VIR,2020-09-27,60.19
United States Virgin Islands,VIR,2020-09-28,60.19
United States Virgin Islands,VIR,2020-09-29,60.19
United States Virgin Islands,VIR,2020-09-30,60.19
United States Virgin Islands,VIR,2020-10-01,60.19
United States Virgin Islands,VIR,2020-10-02,60.19
United States Virgin Islands,VIR,2020-10-03,60.19
United States Virgin Islands,VIR,2020-10-04,60.19
United States Virgin Islands,VIR,2020-10-05,60.19
United States Virgin Islands,VIR,2020-10-06,56.48
United States Virgin Islands,VIR,2020-10-07,56.48
United States Virgin Islands,VIR,2020-10-08,56.48
United States Virgin Islands,VIR,2020-10-09,56.48
United States Virgin Islands,VIR,2020-10-10,56.48
United States Virgin Islands,VIR,2020-10-11,56.48
United States Virgin Islands,VIR,2020-10-12,56.48
United States Virgin Islands,VIR,2020-10-13,56.48
United States Virgin Islands,VIR,2020-10-14,56.48
United States Virgin Islands,VIR,2020-10-15,56.48
United States Virgin Islands,VIR,2020-10-16,56.48
United States Virgin Islands,VIR,2020-10-17,56.48
United States Virgin Islands,VIR,2020-10-18,56.48
United States Virgin Islands,VIR,2020-10-19,56.48
United States Virgin Islands,VIR,2020-10-20,56.48
United States Virgin Islands,VIR,2020-10-21,56.48
United States Virgin Islands,VIR,2020-10-22,56.48
United States Virgin Islands,VIR,2020-10-23,56.48
United States Virgin Islands,VIR,2020-10-24,56.48
United States Virgin Islands,VIR,2020-10-25,56.48
United States Virgin Islands,VIR,2020-10-26,56.48
United States Virgin Islands,VIR,2020-10-27,56.48
United States Virgin Islands,VIR,2020-10-28,56.48
United States Virgin Islands,VIR,2020-10-29,56.48
United States Virgin Islands,VIR,2020-10-30,56.48
United States Virgin Islands,VIR,2020-10-31,49.07
United States Virgin Islands,VIR,2020-11-01,49.07
United States Virgin Islands,VIR,2020-11-02,49.07
United States Virgin Islands,VIR,2020-11-03,49.07
United States Virgin Islands,VIR,2020-11-04,49.07
United States Virgin Islands,VIR,2020-11-05,49.07
United States Virgin Islands,VIR,2020-11-06,49.07
United States Virgin Islands,VIR,2020-11-07,49.07
United States Virgin Islands,VIR,2020-11-08,49.07
United States Virgin Islands,VIR,2020-11-09,56.48
United States Virgin Islands,VIR,2020-11-10,56.48
United States Virgin Islands,VIR,2020-11-11,56.48
United States Virgin Islands,VIR,2020-11-12,56.48
United States Virgin Islands,VIR,2020-11-13,56.48
United States Virgin Islands,VIR,2020-11-14,56.48
United States Virgin Islands,VIR,2020-11-15,56.48
United States Virgin Islands,VIR,2020-11-16,53.7
United States Virgin Islands,VIR,2020-11-17,53.7
United States Virgin Islands,VIR,2020-11-18,53.7
United States Virgin Islands,VIR,2020-11-19,53.7
United States Virgin Islands,VIR,2020-11-20,53.7
United States Virgin Islands,VIR,2020-11-21,46.3
United States Virgin Islands,VIR,2020-11-22,42.59
United States Virgin Islands,VIR,2020-11-23,42.59
United States Virgin Islands,VIR,2020-11-24,42.59
United States Virgin Islands,VIR,2020-11-25,42.59
United States Virgin Islands,VIR,2020-11-26,42.59
United States Virgin Islands,VIR,2020-11-27,42.59
United States Virgin Islands,VIR,2020-11-28,42.59
United States Virgin Islands,VIR,2020-11-29,42.59
United States Virgin Islands,VIR,2020-11-30,42.59
United States Virgin Islands,VIR,2020-12-01,42.59
United States Virgin Islands,VIR,2020-12-02,42.59
United States Virgin Islands,VIR,2020-12-03,42.59
United States Virgin Islands,VIR,2020-12-04,42.59
United States Virgin Islands,VIR,2020-12-05,42.59
United States Virgin Islands,VIR,2020-12-06,42.59
United States Virgin Islands,VIR,2020-12-07,42.59
United States Virgin Islands,VIR,2020-12-08,42.59
United States Virgin Islands,VIR,2020-12-09,42.59
United States Virgin Islands,VIR,2020-12-10,42.59
United States Virgin Islands,VIR,2020-12-11,42.59
United States Virgin Islands,VIR,2020-12-12,42.59
United States Virgin Islands,VIR,2020-12-13,42.59
United States Virgin Islands,VIR,2020-12-14,42.59
United States Virgin Islands,VIR,2020-12-15,42.59
United States Virgin Islands,VIR,2020-12-16,42.59
United States Virgin Islands,VIR,2020-12-17,42.59
United States Virgin Islands,VIR,2020-12-18,42.59
United States Virgin Islands,VIR,2020-12-19,42.59
United States Virgin Islands,VIR,2020-12-20,42.59
United States Virgin Islands,VIR,2020-12-21,42.59
United States Virgin Islands,VIR,2020-12-22,42.59
United States Virgin Islands,VIR,2020-12-23,42.59
United States Virgin Islands,VIR,2020-12-24,42.59
United States Virgin Islands,VIR,2020-12-25,42.59
United States Virgin Islands,VIR,2020-12-26,42.59
United States Virgin Islands,VIR,2020-12-27,42.59
United States Virgin Islands,VIR,2020-12-28,42.59
United States Virgin Islands,VIR,2020-12-29,42.59
United States Virgin Islands,VIR,2020-12-30,42.59
United States Virgin Islands,VIR,2020-12-31,42.59
United States Virgin Islands,VIR,2021-01-01,42.59
United States Virgin Islands,VIR,2021-01-02,42.59
United States Virgin Islands,VIR,2021-01-03,42.59
United States Virgin Islands,VIR,2021-01-04,42.59
United States Virgin Islands,VIR,2021-01-05,42.59
United States Virgin Islands,VIR,2021-01-06,42.59
United States Virgin Islands,VIR,2021-01-07,42.59
United States Virgin Islands,VIR,2021-01-08,42.59
United States Virgin Islands,VIR,2021-01-09,42.59
United States Virgin Islands,VIR,2021-01-10,42.59
United States Virgin Islands,VIR,2021-01-11,42.59
United States Virgin Islands,VIR,2021-01-12,42.59
United States Virgin Islands,VIR,2021-01-13,42.59
United States Virgin Islands,VIR,2021-01-14,42.59
United States Virgin Islands,VIR,2021-01-15,42.59
United States Virgin Islands,VIR,2021-01-16,42.59
United States Virgin Islands,VIR,2021-01-17,42.59
United States Virgin Islands,VIR,2021-01-18,42.59
United States Virgin Islands,VIR,2021-01-19,42.59
United States Virgin Islands,VIR,2021-01-20,42.59
United States Virgin Islands,VIR,2021-01-21,42.59
United States Virgin Islands,VIR,2021-01-22,42.59
United States Virgin Islands,VIR,2021-01-23,42.59
United States Virgin Islands,VIR,2021-01-24,42.59
United States Virgin Islands,VIR,2021-01-25,42.59
United States Virgin Islands,VIR,2021-01-26,42.59
United States Virgin Islands,VIR,2021-01-27,42.59
United States Virgin Islands,VIR,2021-01-28,42.59
United States Virgin Islands,VIR,2021-01-29,42.59
United States Virgin Islands,VIR,2021-01-30,42.59
United States Virgin Islands,VIR,2021-01-31,42.59
United States Virgin Islands,VIR,2021-02-01,42.59
United States Virgin Islands,VIR,2021-02-02,42.59
United States Virgin Islands,VIR,2021-02-03,42.59
United States Virgin Islands,VIR,2021-02-04,42.59
United States Virgin Islands,VIR,2021-02-05,42.59
United States Virgin Islands,VIR,2021-02-06,42.59
United States Virgin Islands,VIR,2021-02-07,42.59
United States Virgin Islands,VIR,2021-02-08,42.59
United States Virgin Islands,VIR,2021-02-09,42.59
United States Virgin Islands,VIR,2021-02-10,42.59
United States Virgin Islands,VIR,2021-02-11,42.59
United States Virgin Islands,VIR,2021-02-12,42.59
United States Virgin Islands,VIR,2021-02-13,42.59
United States Virgin Islands,VIR,2021-02-14,42.59
United States Virgin Islands,VIR,2021-02-15,42.59
United States Virgin Islands,VIR,2021-02-16,42.59
United States Virgin Islands,VIR,2021-02-17,42.59
United States Virgin Islands,VIR,2021-02-18,42.59
United States Virgin Islands,VIR,2021-02-19,45.37
United States Virgin Islands,VIR,2021-02-20,45.37
United States Virgin Islands,VIR,2021-02-21,45.37
United States Virgin Islands,VIR,2021-02-22,45.37
United States Virgin Islands,VIR,2021-02-23,45.37
United States Virgin Islands,VIR,2021-02-24,45.37
United States Virgin Islands,VIR,2021-02-25,45.37
United States Virgin Islands,VIR,2021-02-26,45.37
United States Virgin Islands,VIR,2021-02-27,45.37
United States Virgin Islands,VIR,2021-02-28,45.37
United States Virgin Islands,VIR,2021-03-01,45.37
United States Virgin Islands,VIR,2021-03-02,45.37
United States Virgin Islands,VIR,2021-03-03,45.37
United States Virgin Islands,VIR,2021-03-04,45.37
United States Virgin Islands,VIR,2021-03-05,45.37
Uruguay,URY,2020-01-01,0
Uruguay,URY,2020-01-02,0
Uruguay,URY,2020-01-03,0
Uruguay,URY,2020-01-04,0
Uruguay,URY,2020-01-05,0
Uruguay,URY,2020-01-06,0
Uruguay,URY,2020-01-07,0
Uruguay,URY,2020-01-08,0
Uruguay,URY,2020-01-09,0
Uruguay,URY,2020-01-10,0
Uruguay,URY,2020-01-11,0
Uruguay,URY,2020-01-12,0
Uruguay,URY,2020-01-13,0
Uruguay,URY,2020-01-14,0
Uruguay,URY,2020-01-15,0
Uruguay,URY,2020-01-16,0
Uruguay,URY,2020-01-17,0
Uruguay,URY,2020-01-18,0
Uruguay,URY,2020-01-19,0
Uruguay,URY,2020-01-20,0
Uruguay,URY,2020-01-21,0
Uruguay,URY,2020-01-22,0
Uruguay,URY,2020-01-23,0
Uruguay,URY,2020-01-24,0
Uruguay,URY,2020-01-25,0
Uruguay,URY,2020-01-26,0
Uruguay,URY,2020-01-27,0
Uruguay,URY,2020-01-28,0
Uruguay,URY,2020-01-29,0
Uruguay,URY,2020-01-30,0
Uruguay,URY,2020-01-31,0
Uruguay,URY,2020-02-01,0
Uruguay,URY,2020-02-02,0
Uruguay,URY,2020-02-03,0
Uruguay,URY,2020-02-04,0
Uruguay,URY,2020-02-05,0
Uruguay,URY,2020-02-06,0
Uruguay,URY,2020-02-07,0
Uruguay,URY,2020-02-08,0
Uruguay,URY,2020-02-09,0
Uruguay,URY,2020-02-10,0
Uruguay,URY,2020-02-11,0
Uruguay,URY,2020-02-12,0
Uruguay,URY,2020-02-13,0
Uruguay,URY,2020-02-14,0
Uruguay,URY,2020-02-15,0
Uruguay,URY,2020-02-16,0
Uruguay,URY,2020-02-17,0
Uruguay,URY,2020-02-18,0
Uruguay,URY,2020-02-19,0
Uruguay,URY,2020-02-20,0
Uruguay,URY,2020-02-21,0
Uruguay,URY,2020-02-22,0
Uruguay,URY,2020-02-23,0
Uruguay,URY,2020-02-24,0
Uruguay,URY,2020-02-25,0
Uruguay,URY,2020-02-26,0
Uruguay,URY,2020-02-27,0
Uruguay,URY,2020-02-28,0
Uruguay,URY,2020-02-29,0
Uruguay,URY,2020-03-01,0
Uruguay,URY,2020-03-02,0
Uruguay,URY,2020-03-03,0
Uruguay,URY,2020-03-04,0
Uruguay,URY,2020-03-05,0
Uruguay,URY,2020-03-06,0
Uruguay,URY,2020-03-07,0
Uruguay,URY,2020-03-08,0
Uruguay,URY,2020-03-09,0
Uruguay,URY,2020-03-10,0
Uruguay,URY,2020-03-11,0
Uruguay,URY,2020-03-12,0
Uruguay,URY,2020-03-13,25.93
Uruguay,URY,2020-03-14,48.15
Uruguay,URY,2020-03-15,51.85
Uruguay,URY,2020-03-16,54.63
Uruguay,URY,2020-03-17,54.63
Uruguay,URY,2020-03-18,54.63
Uruguay,URY,2020-03-19,54.63
Uruguay,URY,2020-03-20,54.63
Uruguay,URY,2020-03-21,54.63
Uruguay,URY,2020-03-22,54.63
Uruguay,URY,2020-03-23,54.63
Uruguay,URY,2020-03-24,57.41
Uruguay,URY,2020-03-25,57.41
Uruguay,URY,2020-03-26,57.41
Uruguay,URY,2020-03-27,62.96
Uruguay,URY,2020-03-28,62.96
Uruguay,URY,2020-03-29,62.96
Uruguay,URY,2020-03-30,62.96
Uruguay,URY,2020-03-31,62.96
Uruguay,URY,2020-04-01,68.52
Uruguay,URY,2020-04-02,72.22
Uruguay,URY,2020-04-03,72.22
Uruguay,URY,2020-04-04,72.22
Uruguay,URY,2020-04-05,72.22
Uruguay,URY,2020-04-06,72.22
Uruguay,URY,2020-04-07,72.22
Uruguay,URY,2020-04-08,72.22
Uruguay,URY,2020-04-09,72.22
Uruguay,URY,2020-04-10,72.22
Uruguay,URY,2020-04-11,72.22
Uruguay,URY,2020-04-12,72.22
Uruguay,URY,2020-04-13,62.96
Uruguay,URY,2020-04-14,62.96
Uruguay,URY,2020-04-15,62.96
Uruguay,URY,2020-04-16,62.96
Uruguay,URY,2020-04-17,62.96
Uruguay,URY,2020-04-18,62.96
Uruguay,URY,2020-04-19,62.96
Uruguay,URY,2020-04-20,62.96
Uruguay,URY,2020-04-21,62.96
Uruguay,URY,2020-04-22,61.11
Uruguay,URY,2020-04-23,61.11
Uruguay,URY,2020-04-24,61.11
Uruguay,URY,2020-04-25,61.11
Uruguay,URY,2020-04-26,61.11
Uruguay,URY,2020-04-27,61.11
Uruguay,URY,2020-04-28,61.11
Uruguay,URY,2020-04-29,61.11
Uruguay,URY,2020-04-30,61.11
Uruguay,URY,2020-05-01,61.11
Uruguay,URY,2020-05-02,61.11
Uruguay,URY,2020-05-03,61.11
Uruguay,URY,2020-05-04,61.11
Uruguay,URY,2020-05-05,61.11
Uruguay,URY,2020-05-06,61.11
Uruguay,URY,2020-05-07,61.11
Uruguay,URY,2020-05-08,61.11
Uruguay,URY,2020-05-09,61.11
Uruguay,URY,2020-05-10,61.11
Uruguay,URY,2020-05-11,61.11
Uruguay,URY,2020-05-12,61.11
Uruguay,URY,2020-05-13,61.11
Uruguay,URY,2020-05-14,61.11
Uruguay,URY,2020-05-15,61.11
Uruguay,URY,2020-05-16,61.11
Uruguay,URY,2020-05-17,61.11
Uruguay,URY,2020-05-18,61.11
Uruguay,URY,2020-05-19,61.11
Uruguay,URY,2020-05-20,61.11
Uruguay,URY,2020-05-21,61.11
Uruguay,URY,2020-05-22,61.11
Uruguay,URY,2020-05-23,61.11
Uruguay,URY,2020-05-24,61.11
Uruguay,URY,2020-05-25,61.11
Uruguay,URY,2020-05-26,61.11
Uruguay,URY,2020-05-27,61.11
Uruguay,URY,2020-05-28,61.11
Uruguay,URY,2020-05-29,61.11
Uruguay,URY,2020-05-30,61.11
Uruguay,URY,2020-05-31,61.11
Uruguay,URY,2020-06-01,61.11
Uruguay,URY,2020-06-02,61.11
Uruguay,URY,2020-06-03,61.11
Uruguay,URY,2020-06-04,61.11
Uruguay,URY,2020-06-05,61.11
Uruguay,URY,2020-06-06,61.11
Uruguay,URY,2020-06-07,61.11
Uruguay,URY,2020-06-08,61.11
Uruguay,URY,2020-06-09,61.11
Uruguay,URY,2020-06-10,61.11
Uruguay,URY,2020-06-11,61.11
Uruguay,URY,2020-06-12,61.11
Uruguay,URY,2020-06-13,61.11
Uruguay,URY,2020-06-14,61.11
Uruguay,URY,2020-06-15,57.41
Uruguay,URY,2020-06-16,57.41
Uruguay,URY,2020-06-17,57.41
Uruguay,URY,2020-06-18,57.41
Uruguay,URY,2020-06-19,57.41
Uruguay,URY,2020-06-20,57.41
Uruguay,URY,2020-06-21,57.41
Uruguay,URY,2020-06-22,57.41
Uruguay,URY,2020-06-23,57.41
Uruguay,URY,2020-06-24,57.41
Uruguay,URY,2020-06-25,57.41
Uruguay,URY,2020-06-26,57.41
Uruguay,URY,2020-06-27,46.3
Uruguay,URY,2020-06-28,46.3
Uruguay,URY,2020-06-29,46.3
Uruguay,URY,2020-06-30,46.3
Uruguay,URY,2020-07-01,46.3
Uruguay,URY,2020-07-02,46.3
Uruguay,URY,2020-07-03,46.3
Uruguay,URY,2020-07-04,43.52
Uruguay,URY,2020-07-05,43.52
Uruguay,URY,2020-07-06,43.52
Uruguay,URY,2020-07-07,43.52
Uruguay,URY,2020-07-08,43.52
Uruguay,URY,2020-07-09,43.52
Uruguay,URY,2020-07-10,25
Uruguay,URY,2020-07-11,23.15
Uruguay,URY,2020-07-12,23.15
Uruguay,URY,2020-07-13,23.15
Uruguay,URY,2020-07-14,23.15
Uruguay,URY,2020-07-15,23.15
Uruguay,URY,2020-07-16,23.15
Uruguay,URY,2020-07-17,23.15
Uruguay,URY,2020-07-18,23.15
Uruguay,URY,2020-07-19,23.15
Uruguay,URY,2020-07-20,23.15
Uruguay,URY,2020-07-21,23.15
Uruguay,URY,2020-07-22,23.15
Uruguay,URY,2020-07-23,23.15
Uruguay,URY,2020-07-24,23.15
Uruguay,URY,2020-07-25,23.15
Uruguay,URY,2020-07-26,23.15
Uruguay,URY,2020-07-27,23.15
Uruguay,URY,2020-07-28,23.15
Uruguay,URY,2020-07-29,23.15
Uruguay,URY,2020-07-30,23.15
Uruguay,URY,2020-07-31,23.15
Uruguay,URY,2020-08-01,23.15
Uruguay,URY,2020-08-02,23.15
Uruguay,URY,2020-08-03,26.85
Uruguay,URY,2020-08-04,26.85
Uruguay,URY,2020-08-05,26.85
Uruguay,URY,2020-08-06,26.85
Uruguay,URY,2020-08-07,26.85
Uruguay,URY,2020-08-08,26.85
Uruguay,URY,2020-08-09,26.85
Uruguay,URY,2020-08-10,26.85
Uruguay,URY,2020-08-11,26.85
Uruguay,URY,2020-08-12,26.85
Uruguay,URY,2020-08-13,26.85
Uruguay,URY,2020-08-14,26.85
Uruguay,URY,2020-08-15,26.85
Uruguay,URY,2020-08-16,26.85
Uruguay,URY,2020-08-17,32.41
Uruguay,URY,2020-08-18,32.41
Uruguay,URY,2020-08-19,32.41
Uruguay,URY,2020-08-20,32.41
Uruguay,URY,2020-08-21,32.41
Uruguay,URY,2020-08-22,32.41
Uruguay,URY,2020-08-23,32.41
Uruguay,URY,2020-08-24,36.11
Uruguay,URY,2020-08-25,32.41
Uruguay,URY,2020-08-26,32.41
Uruguay,URY,2020-08-27,32.41
Uruguay,URY,2020-08-28,32.41
Uruguay,URY,2020-08-29,32.41
Uruguay,URY,2020-08-30,32.41
Uruguay,URY,2020-08-31,32.41
Uruguay,URY,2020-09-01,32.41
Uruguay,URY,2020-09-02,32.41
Uruguay,URY,2020-09-03,32.41
Uruguay,URY,2020-09-04,32.41
Uruguay,URY,2020-09-05,32.41
Uruguay,URY,2020-09-06,32.41
Uruguay,URY,2020-09-07,32.41
Uruguay,URY,2020-09-08,32.41
Uruguay,URY,2020-09-09,32.41
Uruguay,URY,2020-09-10,32.41
Uruguay,URY,2020-09-11,32.41
Uruguay,URY,2020-09-12,32.41
Uruguay,URY,2020-09-13,32.41
Uruguay,URY,2020-09-14,32.41
Uruguay,URY,2020-09-15,32.41
Uruguay,URY,2020-09-16,43.52
Uruguay,URY,2020-09-17,43.52
Uruguay,URY,2020-09-18,43.52
Uruguay,URY,2020-09-19,43.52
Uruguay,URY,2020-09-20,43.52
Uruguay,URY,2020-09-21,43.52
Uruguay,URY,2020-09-22,43.52
Uruguay,URY,2020-09-23,43.52
Uruguay,URY,2020-09-24,43.52
Uruguay,URY,2020-09-25,43.52
Uruguay,URY,2020-09-26,43.52
Uruguay,URY,2020-09-27,43.52
Uruguay,URY,2020-09-28,43.52
Uruguay,URY,2020-09-29,43.52
Uruguay,URY,2020-09-30,43.52
Uruguay,URY,2020-10-01,43.52
Uruguay,URY,2020-10-02,43.52
Uruguay,URY,2020-10-03,43.52
Uruguay,URY,2020-10-04,43.52
Uruguay,URY,2020-10-05,43.52
Uruguay,URY,2020-10-06,43.52
Uruguay,URY,2020-10-07,43.52
Uruguay,URY,2020-10-08,43.52
Uruguay,URY,2020-10-09,43.52
Uruguay,URY,2020-10-10,43.52
Uruguay,URY,2020-10-11,43.52
Uruguay,URY,2020-10-12,43.52
Uruguay,URY,2020-10-13,43.52
Uruguay,URY,2020-10-14,43.52
Uruguay,URY,2020-10-15,43.52
Uruguay,URY,2020-10-16,43.52
Uruguay,URY,2020-10-17,43.52
Uruguay,URY,2020-10-18,43.52
Uruguay,URY,2020-10-19,43.52
Uruguay,URY,2020-10-20,43.52
Uruguay,URY,2020-10-21,43.52
Uruguay,URY,2020-10-22,43.52
Uruguay,URY,2020-10-23,43.52
Uruguay,URY,2020-10-24,43.52
Uruguay,URY,2020-10-25,43.52
Uruguay,URY,2020-10-26,43.52
Uruguay,URY,2020-10-27,43.52
Uruguay,URY,2020-10-28,43.52
Uruguay,URY,2020-10-29,43.52
Uruguay,URY,2020-10-30,43.52
Uruguay,URY,2020-10-31,43.52
Uruguay,URY,2020-11-01,43.52
Uruguay,URY,2020-11-02,43.52
Uruguay,URY,2020-11-03,43.52
Uruguay,URY,2020-11-04,43.52
Uruguay,URY,2020-11-05,43.52
Uruguay,URY,2020-11-06,43.52
Uruguay,URY,2020-11-07,43.52
Uruguay,URY,2020-11-08,43.52
Uruguay,URY,2020-11-09,43.52
Uruguay,URY,2020-11-10,43.52
Uruguay,URY,2020-11-11,43.52
Uruguay,URY,2020-11-12,43.52
Uruguay,URY,2020-11-13,43.52
Uruguay,URY,2020-11-14,43.52
Uruguay,URY,2020-11-15,43.52
Uruguay,URY,2020-11-16,43.52
Uruguay,URY,2020-11-17,43.52
Uruguay,URY,2020-11-18,43.52
Uruguay,URY,2020-11-19,43.52
Uruguay,URY,2020-11-20,43.52
Uruguay,URY,2020-11-21,43.52
Uruguay,URY,2020-11-22,43.52
Uruguay,URY,2020-11-23,43.52
Uruguay,URY,2020-11-24,43.52
Uruguay,URY,2020-11-25,43.52
Uruguay,URY,2020-11-26,43.52
Uruguay,URY,2020-11-27,43.52
Uruguay,URY,2020-11-28,43.52
Uruguay,URY,2020-11-29,43.52
Uruguay,URY,2020-11-30,43.52
Uruguay,URY,2020-12-01,43.52
Uruguay,URY,2020-12-02,50
Uruguay,URY,2020-12-03,50
Uruguay,URY,2020-12-04,50
Uruguay,URY,2020-12-05,50
Uruguay,URY,2020-12-06,50
Uruguay,URY,2020-12-07,50
Uruguay,URY,2020-12-08,50
Uruguay,URY,2020-12-09,50
Uruguay,URY,2020-12-10,50
Uruguay,URY,2020-12-11,50
Uruguay,URY,2020-12-12,50
Uruguay,URY,2020-12-13,50
Uruguay,URY,2020-12-14,50
Uruguay,URY,2020-12-15,50
Uruguay,URY,2020-12-16,53.7
Uruguay,URY,2020-12-17,53.7
Uruguay,URY,2020-12-18,53.7
Uruguay,URY,2020-12-19,53.7
Uruguay,URY,2020-12-20,53.7
Uruguay,URY,2020-12-21,70.37
Uruguay,URY,2020-12-22,70.37
Uruguay,URY,2020-12-23,70.37
Uruguay,URY,2020-12-24,70.37
Uruguay,URY,2020-12-25,70.37
Uruguay,URY,2020-12-26,70.37
Uruguay,URY,2020-12-27,70.37
Uruguay,URY,2020-12-28,70.37
Uruguay,URY,2020-12-29,70.37
Uruguay,URY,2020-12-30,70.37
Uruguay,URY,2020-12-31,70.37
Uruguay,URY,2021-01-01,70.37
Uruguay,URY,2021-01-02,70.37
Uruguay,URY,2021-01-03,70.37
Uruguay,URY,2021-01-04,70.37
Uruguay,URY,2021-01-05,70.37
Uruguay,URY,2021-01-06,70.37
Uruguay,URY,2021-01-07,70.37
Uruguay,URY,2021-01-08,70.37
Uruguay,URY,2021-01-09,70.37
Uruguay,URY,2021-01-10,70.37
Uruguay,URY,2021-01-11,70.37
Uruguay,URY,2021-01-12,64.81
Uruguay,URY,2021-01-13,64.81
Uruguay,URY,2021-01-14,64.81
Uruguay,URY,2021-01-15,64.81
Uruguay,URY,2021-01-16,64.81
Uruguay,URY,2021-01-17,64.81
Uruguay,URY,2021-01-18,64.81
Uruguay,URY,2021-01-19,64.81
Uruguay,URY,2021-01-20,64.81
Uruguay,URY,2021-01-21,64.81
Uruguay,URY,2021-01-22,64.81
Uruguay,URY,2021-01-23,64.81
Uruguay,URY,2021-01-24,64.81
Uruguay,URY,2021-01-25,64.81
Uruguay,URY,2021-01-26,64.81
Uruguay,URY,2021-01-27,64.81
Uruguay,URY,2021-01-28,64.81
Uruguay,URY,2021-01-29,64.81
Uruguay,URY,2021-01-30,64.81
Uruguay,URY,2021-01-31,64.81
Uruguay,URY,2021-02-01,64.81
Uruguay,URY,2021-02-02,64.81
Uruguay,URY,2021-02-03,64.81
Uruguay,URY,2021-02-04,64.81
Uruguay,URY,2021-02-05,64.81
Uruguay,URY,2021-02-06,64.81
Uruguay,URY,2021-02-07,64.81
Uruguay,URY,2021-02-08,64.81
Uruguay,URY,2021-02-09,64.81
Uruguay,URY,2021-02-10,64.81
Uruguay,URY,2021-02-11,64.81
Uruguay,URY,2021-02-12,64.81
Uruguay,URY,2021-02-13,64.81
Uruguay,URY,2021-02-14,64.81
Uruguay,URY,2021-02-15,64.81
Uruguay,URY,2021-02-16,64.81
Uruguay,URY,2021-02-17,64.81
Uruguay,URY,2021-02-18,64.81
Uruguay,URY,2021-02-19,64.81
Uruguay,URY,2021-02-20,64.81
Uruguay,URY,2021-02-21,68.52
Uruguay,URY,2021-02-22,68.52
Uruguay,URY,2021-02-23,68.52
Uruguay,URY,2021-02-24,68.52
Uruguay,URY,2021-02-25,68.52
Uruguay,URY,2021-02-26,68.52
Uruguay,URY,2021-02-27,68.52
Uruguay,URY,2021-02-28,68.52
Uruguay,URY,2021-03-01,68.52
Uruguay,URY,2021-03-02,68.52
Uruguay,URY,2021-03-03,68.52
Uruguay,URY,2021-03-04,68.52
Uruguay,URY,2021-03-05,68.52
Uzbekistan,UZB,2020-01-01,0
Uzbekistan,UZB,2020-01-02,0
Uzbekistan,UZB,2020-01-03,0
Uzbekistan,UZB,2020-01-04,0
Uzbekistan,UZB,2020-01-05,0
Uzbekistan,UZB,2020-01-06,0
Uzbekistan,UZB,2020-01-07,0
Uzbekistan,UZB,2020-01-08,0
Uzbekistan,UZB,2020-01-09,0
Uzbekistan,UZB,2020-01-10,0
Uzbekistan,UZB,2020-01-11,0
Uzbekistan,UZB,2020-01-12,0
Uzbekistan,UZB,2020-01-13,0
Uzbekistan,UZB,2020-01-14,0
Uzbekistan,UZB,2020-01-15,0
Uzbekistan,UZB,2020-01-16,0
Uzbekistan,UZB,2020-01-17,0
Uzbekistan,UZB,2020-01-18,0
Uzbekistan,UZB,2020-01-19,0
Uzbekistan,UZB,2020-01-20,0
Uzbekistan,UZB,2020-01-21,11.11
Uzbekistan,UZB,2020-01-22,11.11
Uzbekistan,UZB,2020-01-23,11.11
Uzbekistan,UZB,2020-01-24,11.11
Uzbekistan,UZB,2020-01-25,11.11
Uzbekistan,UZB,2020-01-26,11.11
Uzbekistan,UZB,2020-01-27,11.11
Uzbekistan,UZB,2020-01-28,11.11
Uzbekistan,UZB,2020-01-29,11.11
Uzbekistan,UZB,2020-01-30,11.11
Uzbekistan,UZB,2020-01-31,11.11
Uzbekistan,UZB,2020-02-01,11.11
Uzbekistan,UZB,2020-02-02,11.11
Uzbekistan,UZB,2020-02-03,11.11
Uzbekistan,UZB,2020-02-04,11.11
Uzbekistan,UZB,2020-02-05,11.11
Uzbekistan,UZB,2020-02-06,11.11
Uzbekistan,UZB,2020-02-07,11.11
Uzbekistan,UZB,2020-02-08,11.11
Uzbekistan,UZB,2020-02-09,11.11
Uzbekistan,UZB,2020-02-10,11.11
Uzbekistan,UZB,2020-02-11,11.11
Uzbekistan,UZB,2020-02-12,11.11
Uzbekistan,UZB,2020-02-13,11.11
Uzbekistan,UZB,2020-02-14,11.11
Uzbekistan,UZB,2020-02-15,11.11
Uzbekistan,UZB,2020-02-16,11.11
Uzbekistan,UZB,2020-02-17,11.11
Uzbekistan,UZB,2020-02-18,11.11
Uzbekistan,UZB,2020-02-19,11.11
Uzbekistan,UZB,2020-02-20,11.11
Uzbekistan,UZB,2020-02-21,11.11
Uzbekistan,UZB,2020-02-22,11.11
Uzbekistan,UZB,2020-02-23,11.11
Uzbekistan,UZB,2020-02-24,11.11
Uzbekistan,UZB,2020-02-25,11.11
Uzbekistan,UZB,2020-02-26,11.11
Uzbekistan,UZB,2020-02-27,11.11
Uzbekistan,UZB,2020-02-28,11.11
Uzbekistan,UZB,2020-02-29,11.11
Uzbekistan,UZB,2020-03-01,16.67
Uzbekistan,UZB,2020-03-02,16.67
Uzbekistan,UZB,2020-03-03,16.67
Uzbekistan,UZB,2020-03-04,16.67
Uzbekistan,UZB,2020-03-05,16.67
Uzbekistan,UZB,2020-03-06,16.67
Uzbekistan,UZB,2020-03-07,16.67
Uzbekistan,UZB,2020-03-08,16.67
Uzbekistan,UZB,2020-03-09,16.67
Uzbekistan,UZB,2020-03-10,16.67
Uzbekistan,UZB,2020-03-11,16.67
Uzbekistan,UZB,2020-03-12,16.67
Uzbekistan,UZB,2020-03-13,16.67
Uzbekistan,UZB,2020-03-14,16.67
Uzbekistan,UZB,2020-03-15,16.67
Uzbekistan,UZB,2020-03-16,60.19
Uzbekistan,UZB,2020-03-17,60.19
Uzbekistan,UZB,2020-03-18,60.19
Uzbekistan,UZB,2020-03-19,60.19
Uzbekistan,UZB,2020-03-20,60.19
Uzbekistan,UZB,2020-03-21,63.89
Uzbekistan,UZB,2020-03-22,63.89
Uzbekistan,UZB,2020-03-23,72.22
Uzbekistan,UZB,2020-03-24,80.56
Uzbekistan,UZB,2020-03-25,80.56
Uzbekistan,UZB,2020-03-26,80.56
Uzbekistan,UZB,2020-03-27,90.74
Uzbekistan,UZB,2020-03-28,90.74
Uzbekistan,UZB,2020-03-29,90.74
Uzbekistan,UZB,2020-03-30,90.74
Uzbekistan,UZB,2020-03-31,90.74
Uzbekistan,UZB,2020-04-01,90.74
Uzbekistan,UZB,2020-04-02,90.74
Uzbekistan,UZB,2020-04-03,90.74
Uzbekistan,UZB,2020-04-04,90.74
Uzbekistan,UZB,2020-04-05,90.74
Uzbekistan,UZB,2020-04-06,90.74
Uzbekistan,UZB,2020-04-07,90.74
Uzbekistan,UZB,2020-04-08,90.74
Uzbekistan,UZB,2020-04-09,90.74
Uzbekistan,UZB,2020-04-10,90.74
Uzbekistan,UZB,2020-04-11,90.74
Uzbekistan,UZB,2020-04-12,90.74
Uzbekistan,UZB,2020-04-13,90.74
Uzbekistan,UZB,2020-04-14,90.74
Uzbekistan,UZB,2020-04-15,90.74
Uzbekistan,UZB,2020-04-16,90.74
Uzbekistan,UZB,2020-04-17,90.74
Uzbekistan,UZB,2020-04-18,90.74
Uzbekistan,UZB,2020-04-19,90.74
Uzbekistan,UZB,2020-04-20,90.74
Uzbekistan,UZB,2020-04-21,90.74
Uzbekistan,UZB,2020-04-22,90.74
Uzbekistan,UZB,2020-04-23,90.74
Uzbekistan,UZB,2020-04-24,90.74
Uzbekistan,UZB,2020-04-25,90.74
Uzbekistan,UZB,2020-04-26,90.74
Uzbekistan,UZB,2020-04-27,90.74
Uzbekistan,UZB,2020-04-28,96.3
Uzbekistan,UZB,2020-04-29,96.3
Uzbekistan,UZB,2020-04-30,96.3
Uzbekistan,UZB,2020-05-01,96.3
Uzbekistan,UZB,2020-05-02,96.3
Uzbekistan,UZB,2020-05-03,96.3
Uzbekistan,UZB,2020-05-04,96.3
Uzbekistan,UZB,2020-05-05,96.3
Uzbekistan,UZB,2020-05-06,96.3
Uzbekistan,UZB,2020-05-07,96.3
Uzbekistan,UZB,2020-05-08,88.89
Uzbekistan,UZB,2020-05-09,88.89
Uzbekistan,UZB,2020-05-10,88.89
Uzbekistan,UZB,2020-05-11,88.89
Uzbekistan,UZB,2020-05-12,88.89
Uzbekistan,UZB,2020-05-13,88.89
Uzbekistan,UZB,2020-05-14,88.89
Uzbekistan,UZB,2020-05-15,88.89
Uzbekistan,UZB,2020-05-16,88.89
Uzbekistan,UZB,2020-05-17,88.89
Uzbekistan,UZB,2020-05-18,86.11
Uzbekistan,UZB,2020-05-19,86.11
Uzbekistan,UZB,2020-05-20,86.11
Uzbekistan,UZB,2020-05-21,86.11
Uzbekistan,UZB,2020-05-22,86.11
Uzbekistan,UZB,2020-05-23,86.11
Uzbekistan,UZB,2020-05-24,86.11
Uzbekistan,UZB,2020-05-25,86.11
Uzbekistan,UZB,2020-05-26,86.11
Uzbekistan,UZB,2020-05-27,86.11
Uzbekistan,UZB,2020-05-28,86.11
Uzbekistan,UZB,2020-05-29,86.11
Uzbekistan,UZB,2020-05-30,86.11
Uzbekistan,UZB,2020-05-31,86.11
Uzbekistan,UZB,2020-06-01,81.94
Uzbekistan,UZB,2020-06-02,81.94
Uzbekistan,UZB,2020-06-03,81.94
Uzbekistan,UZB,2020-06-04,81.94
Uzbekistan,UZB,2020-06-05,76.39
Uzbekistan,UZB,2020-06-06,76.39
Uzbekistan,UZB,2020-06-07,76.39
Uzbekistan,UZB,2020-06-08,76.39
Uzbekistan,UZB,2020-06-09,76.39
Uzbekistan,UZB,2020-06-10,76.39
Uzbekistan,UZB,2020-06-11,76.39
Uzbekistan,UZB,2020-06-12,76.39
Uzbekistan,UZB,2020-06-13,76.39
Uzbekistan,UZB,2020-06-14,76.39
Uzbekistan,UZB,2020-06-15,68.98
Uzbekistan,UZB,2020-06-16,68.98
Uzbekistan,UZB,2020-06-17,68.98
Uzbekistan,UZB,2020-06-18,68.98
Uzbekistan,UZB,2020-06-19,66.2
Uzbekistan,UZB,2020-06-20,66.2
Uzbekistan,UZB,2020-06-21,66.2
Uzbekistan,UZB,2020-06-22,66.2
Uzbekistan,UZB,2020-06-23,66.2
Uzbekistan,UZB,2020-06-24,66.2
Uzbekistan,UZB,2020-06-25,66.2
Uzbekistan,UZB,2020-06-26,66.2
Uzbekistan,UZB,2020-06-27,66.2
Uzbekistan,UZB,2020-06-28,66.2
Uzbekistan,UZB,2020-06-29,66.2
Uzbekistan,UZB,2020-06-30,66.2
Uzbekistan,UZB,2020-07-01,66.2
Uzbekistan,UZB,2020-07-02,66.2
Uzbekistan,UZB,2020-07-03,66.2
Uzbekistan,UZB,2020-07-04,66.2
Uzbekistan,UZB,2020-07-05,66.2
Uzbekistan,UZB,2020-07-06,66.2
Uzbekistan,UZB,2020-07-07,66.2
Uzbekistan,UZB,2020-07-08,66.2
Uzbekistan,UZB,2020-07-09,66.2
Uzbekistan,UZB,2020-07-10,68.06
Uzbekistan,UZB,2020-07-11,68.06
Uzbekistan,UZB,2020-07-12,68.06
Uzbekistan,UZB,2020-07-13,71.3
Uzbekistan,UZB,2020-07-14,71.3
Uzbekistan,UZB,2020-07-15,71.3
Uzbekistan,UZB,2020-07-16,71.3
Uzbekistan,UZB,2020-07-17,71.3
Uzbekistan,UZB,2020-07-18,71.3
Uzbekistan,UZB,2020-07-19,71.3
Uzbekistan,UZB,2020-07-20,71.3
Uzbekistan,UZB,2020-07-21,71.3
Uzbekistan,UZB,2020-07-22,71.3
Uzbekistan,UZB,2020-07-23,71.3
Uzbekistan,UZB,2020-07-24,71.3
Uzbekistan,UZB,2020-07-25,71.3
Uzbekistan,UZB,2020-07-26,71.3
Uzbekistan,UZB,2020-07-27,73.15
Uzbekistan,UZB,2020-07-28,73.15
Uzbekistan,UZB,2020-07-29,73.15
Uzbekistan,UZB,2020-07-30,73.15
Uzbekistan,UZB,2020-07-31,73.15
Uzbekistan,UZB,2020-08-01,73.15
Uzbekistan,UZB,2020-08-02,73.15
Uzbekistan,UZB,2020-08-03,73.15
Uzbekistan,UZB,2020-08-04,73.15
Uzbekistan,UZB,2020-08-05,73.15
Uzbekistan,UZB,2020-08-06,73.15
Uzbekistan,UZB,2020-08-07,73.15
Uzbekistan,UZB,2020-08-08,73.15
Uzbekistan,UZB,2020-08-09,73.15
Uzbekistan,UZB,2020-08-10,73.15
Uzbekistan,UZB,2020-08-11,73.15
Uzbekistan,UZB,2020-08-12,73.15
Uzbekistan,UZB,2020-08-13,73.15
Uzbekistan,UZB,2020-08-14,73.15
Uzbekistan,UZB,2020-08-15,51.85
Uzbekistan,UZB,2020-08-16,51.85
Uzbekistan,UZB,2020-08-17,51.85
Uzbekistan,UZB,2020-08-18,51.85
Uzbekistan,UZB,2020-08-19,51.85
Uzbekistan,UZB,2020-08-20,51.85
Uzbekistan,UZB,2020-08-21,51.85
Uzbekistan,UZB,2020-08-22,51.85
Uzbekistan,UZB,2020-08-23,51.85
Uzbekistan,UZB,2020-08-24,51.85
Uzbekistan,UZB,2020-08-25,51.85
Uzbekistan,UZB,2020-08-26,51.85
Uzbekistan,UZB,2020-08-27,51.85
Uzbekistan,UZB,2020-08-28,51.85
Uzbekistan,UZB,2020-08-29,51.85
Uzbekistan,UZB,2020-08-30,51.85
Uzbekistan,UZB,2020-08-31,51.85
Uzbekistan,UZB,2020-09-01,49.07
Uzbekistan,UZB,2020-09-02,49.07
Uzbekistan,UZB,2020-09-03,49.07
Uzbekistan,UZB,2020-09-04,49.07
Uzbekistan,UZB,2020-09-05,45.37
Uzbekistan,UZB,2020-09-06,45.37
Uzbekistan,UZB,2020-09-07,43.52
Uzbekistan,UZB,2020-09-08,43.52
Uzbekistan,UZB,2020-09-09,43.52
Uzbekistan,UZB,2020-09-10,43.52
Uzbekistan,UZB,2020-09-11,43.52
Uzbekistan,UZB,2020-09-12,43.52
Uzbekistan,UZB,2020-09-13,43.52
Uzbekistan,UZB,2020-09-14,43.52
Uzbekistan,UZB,2020-09-15,43.52
Uzbekistan,UZB,2020-09-16,43.52
Uzbekistan,UZB,2020-09-17,43.52
Uzbekistan,UZB,2020-09-18,43.52
Uzbekistan,UZB,2020-09-19,43.52
Uzbekistan,UZB,2020-09-20,43.52
Uzbekistan,UZB,2020-09-21,43.52
Uzbekistan,UZB,2020-09-22,43.52
Uzbekistan,UZB,2020-09-23,43.52
Uzbekistan,UZB,2020-09-24,43.52
Uzbekistan,UZB,2020-09-25,43.52
Uzbekistan,UZB,2020-09-26,43.52
Uzbekistan,UZB,2020-09-27,43.52
Uzbekistan,UZB,2020-09-28,43.52
Uzbekistan,UZB,2020-09-29,43.52
Uzbekistan,UZB,2020-09-30,43.52
Uzbekistan,UZB,2020-10-01,43.52
Uzbekistan,UZB,2020-10-02,43.52
Uzbekistan,UZB,2020-10-03,43.52
Uzbekistan,UZB,2020-10-04,43.52
Uzbekistan,UZB,2020-10-05,43.52
Uzbekistan,UZB,2020-10-06,43.52
Uzbekistan,UZB,2020-10-07,43.52
Uzbekistan,UZB,2020-10-08,43.52
Uzbekistan,UZB,2020-10-09,43.52
Uzbekistan,UZB,2020-10-10,43.52
Uzbekistan,UZB,2020-10-11,43.52
Uzbekistan,UZB,2020-10-12,43.52
Uzbekistan,UZB,2020-10-13,43.52
Uzbekistan,UZB,2020-10-14,43.52
Uzbekistan,UZB,2020-10-15,43.52
Uzbekistan,UZB,2020-10-16,43.52
Uzbekistan,UZB,2020-10-17,43.52
Uzbekistan,UZB,2020-10-18,43.52
Uzbekistan,UZB,2020-10-19,39.81
Uzbekistan,UZB,2020-10-20,39.81
Uzbekistan,UZB,2020-10-21,39.81
Uzbekistan,UZB,2020-10-22,39.81
Uzbekistan,UZB,2020-10-23,39.81
Uzbekistan,UZB,2020-10-24,39.81
Uzbekistan,UZB,2020-10-25,39.81
Uzbekistan,UZB,2020-10-26,39.81
Uzbekistan,UZB,2020-10-27,39.81
Uzbekistan,UZB,2020-10-28,39.81
Uzbekistan,UZB,2020-10-29,39.81
Uzbekistan,UZB,2020-10-30,39.81
Uzbekistan,UZB,2020-10-31,39.81
Uzbekistan,UZB,2020-11-01,39.81
Uzbekistan,UZB,2020-11-02,39.81
Uzbekistan,UZB,2020-11-03,39.81
Uzbekistan,UZB,2020-11-04,39.81
Uzbekistan,UZB,2020-11-05,39.81
Uzbekistan,UZB,2020-11-06,39.81
Uzbekistan,UZB,2020-11-07,39.81
Uzbekistan,UZB,2020-11-08,39.81
Uzbekistan,UZB,2020-11-09,39.81
Uzbekistan,UZB,2020-11-10,39.81
Uzbekistan,UZB,2020-11-11,39.81
Uzbekistan,UZB,2020-11-12,39.81
Uzbekistan,UZB,2020-11-13,39.81
Uzbekistan,UZB,2020-11-14,39.81
Uzbekistan,UZB,2020-11-15,39.81
Uzbekistan,UZB,2020-11-16,39.81
Uzbekistan,UZB,2020-11-17,39.81
Uzbekistan,UZB,2020-11-18,39.81
Uzbekistan,UZB,2020-11-19,39.81
Uzbekistan,UZB,2020-11-20,39.81
Uzbekistan,UZB,2020-11-21,39.81
Uzbekistan,UZB,2020-11-22,39.81
Uzbekistan,UZB,2020-11-23,39.81
Uzbekistan,UZB,2020-11-24,39.81
Uzbekistan,UZB,2020-11-25,39.81
Uzbekistan,UZB,2020-11-26,39.81
Uzbekistan,UZB,2020-11-27,39.81
Uzbekistan,UZB,2020-11-28,39.81
Uzbekistan,UZB,2020-11-29,39.81
Uzbekistan,UZB,2020-11-30,39.81
Uzbekistan,UZB,2020-12-01,39.81
Uzbekistan,UZB,2020-12-02,39.81
Uzbekistan,UZB,2020-12-03,39.81
Uzbekistan,UZB,2020-12-04,39.81
Uzbekistan,UZB,2020-12-05,39.81
Uzbekistan,UZB,2020-12-06,39.81
Uzbekistan,UZB,2020-12-07,39.81
Uzbekistan,UZB,2020-12-08,39.81
Uzbekistan,UZB,2020-12-09,39.81
Uzbekistan,UZB,2020-12-10,39.81
Uzbekistan,UZB,2020-12-11,39.81
Uzbekistan,UZB,2020-12-12,39.81
Uzbekistan,UZB,2020-12-13,39.81
Uzbekistan,UZB,2020-12-14,39.81
Uzbekistan,UZB,2020-12-15,39.81
Uzbekistan,UZB,2020-12-16,39.81
Uzbekistan,UZB,2020-12-17,39.81
Uzbekistan,UZB,2020-12-18,39.81
Uzbekistan,UZB,2020-12-19,39.81
Uzbekistan,UZB,2020-12-20,39.81
Uzbekistan,UZB,2020-12-21,39.81
Uzbekistan,UZB,2020-12-22,42.59
Uzbekistan,UZB,2020-12-23,42.59
Uzbekistan,UZB,2020-12-24,42.59
Uzbekistan,UZB,2020-12-25,42.59
Uzbekistan,UZB,2020-12-26,42.59
Uzbekistan,UZB,2020-12-27,42.59
Uzbekistan,UZB,2020-12-28,42.59
Uzbekistan,UZB,2020-12-29,42.59
Uzbekistan,UZB,2020-12-30,42.59
Uzbekistan,UZB,2020-12-31,42.59
Uzbekistan,UZB,2021-01-01,42.59
Uzbekistan,UZB,2021-01-02,42.59
Uzbekistan,UZB,2021-01-03,42.59
Uzbekistan,UZB,2021-01-04,38.89
Uzbekistan,UZB,2021-01-05,38.89
Uzbekistan,UZB,2021-01-06,38.89
Uzbekistan,UZB,2021-01-07,38.89
Uzbekistan,UZB,2021-01-08,38.89
Uzbekistan,UZB,2021-01-09,38.89
Uzbekistan,UZB,2021-01-10,38.89
Uzbekistan,UZB,2021-01-11,40.74
Uzbekistan,UZB,2021-01-12,40.74
Uzbekistan,UZB,2021-01-13,40.74
Uzbekistan,UZB,2021-01-14,40.74
Uzbekistan,UZB,2021-01-15,40.74
Uzbekistan,UZB,2021-01-16,40.74
Uzbekistan,UZB,2021-01-17,40.74
Uzbekistan,UZB,2021-01-18,40.74
Uzbekistan,UZB,2021-01-19,42.59
Uzbekistan,UZB,2021-01-20,42.59
Uzbekistan,UZB,2021-01-21,42.59
Uzbekistan,UZB,2021-01-22,42.59
Uzbekistan,UZB,2021-01-23,42.59
Uzbekistan,UZB,2021-01-24,42.59
Uzbekistan,UZB,2021-01-25,42.59
Uzbekistan,UZB,2021-01-26,42.59
Uzbekistan,UZB,2021-01-27,42.59
Uzbekistan,UZB,2021-01-28,34.26
Uzbekistan,UZB,2021-01-29,34.26
Uzbekistan,UZB,2021-01-30,34.26
Uzbekistan,UZB,2021-01-31,34.26
Uzbekistan,UZB,2021-02-01,34.26
Uzbekistan,UZB,2021-02-02,34.26
Uzbekistan,UZB,2021-02-03,34.26
Uzbekistan,UZB,2021-02-04,34.26
Uzbekistan,UZB,2021-02-05,34.26
Uzbekistan,UZB,2021-02-06,34.26
Uzbekistan,UZB,2021-02-07,34.26
Uzbekistan,UZB,2021-02-08,34.26
Uzbekistan,UZB,2021-02-09,34.26
Uzbekistan,UZB,2021-02-10,28.7
Uzbekistan,UZB,2021-02-11,28.7
Uzbekistan,UZB,2021-02-12,28.7
Uzbekistan,UZB,2021-02-13,37.04
Uzbekistan,UZB,2021-02-14,37.04
Uzbekistan,UZB,2021-02-15,37.04
Uzbekistan,UZB,2021-02-16,37.04
Uzbekistan,UZB,2021-02-17,37.04
Uzbekistan,UZB,2021-02-18,37.04
Uzbekistan,UZB,2021-02-19,37.04
Uzbekistan,UZB,2021-02-20,37.04
Uzbekistan,UZB,2021-02-21,37.04
Uzbekistan,UZB,2021-02-22,37.04
Uzbekistan,UZB,2021-02-23,37.04
Uzbekistan,UZB,2021-02-24,37.04
Uzbekistan,UZB,2021-02-25,37.04
Uzbekistan,UZB,2021-02-26,37.04
Uzbekistan,UZB,2021-02-27,37.04
Uzbekistan,UZB,2021-02-28,37.04
Uzbekistan,UZB,2021-03-01,37.04
Vanuatu,VUT,2020-01-01,0
Vanuatu,VUT,2020-01-02,0
Vanuatu,VUT,2020-01-03,0
Vanuatu,VUT,2020-01-04,0
Vanuatu,VUT,2020-01-05,0
Vanuatu,VUT,2020-01-06,0
Vanuatu,VUT,2020-01-07,0
Vanuatu,VUT,2020-01-08,0
Vanuatu,VUT,2020-01-09,0
Vanuatu,VUT,2020-01-10,0
Vanuatu,VUT,2020-01-11,0
Vanuatu,VUT,2020-01-12,0
Vanuatu,VUT,2020-01-13,0
Vanuatu,VUT,2020-01-14,0
Vanuatu,VUT,2020-01-15,0
Vanuatu,VUT,2020-01-16,0
Vanuatu,VUT,2020-01-17,0
Vanuatu,VUT,2020-01-18,0
Vanuatu,VUT,2020-01-19,0
Vanuatu,VUT,2020-01-20,0
Vanuatu,VUT,2020-01-21,0
Vanuatu,VUT,2020-01-22,0
Vanuatu,VUT,2020-01-23,0
Vanuatu,VUT,2020-01-24,0
Vanuatu,VUT,2020-01-25,0
Vanuatu,VUT,2020-01-26,0
Vanuatu,VUT,2020-01-27,0
Vanuatu,VUT,2020-01-28,0
Vanuatu,VUT,2020-01-29,0
Vanuatu,VUT,2020-01-30,0
Vanuatu,VUT,2020-01-31,0
Vanuatu,VUT,2020-02-01,0
Vanuatu,VUT,2020-02-02,0
Vanuatu,VUT,2020-02-03,0
Vanuatu,VUT,2020-02-04,0
Vanuatu,VUT,2020-02-05,0
Vanuatu,VUT,2020-02-06,0
Vanuatu,VUT,2020-02-07,0
Vanuatu,VUT,2020-02-08,0
Vanuatu,VUT,2020-02-09,0
Vanuatu,VUT,2020-02-10,0
Vanuatu,VUT,2020-02-11,0
Vanuatu,VUT,2020-02-12,0
Vanuatu,VUT,2020-02-13,0
Vanuatu,VUT,2020-02-14,0
Vanuatu,VUT,2020-02-15,0
Vanuatu,VUT,2020-02-16,0
Vanuatu,VUT,2020-02-17,0
Vanuatu,VUT,2020-02-18,0
Vanuatu,VUT,2020-02-19,0
Vanuatu,VUT,2020-02-20,0
Vanuatu,VUT,2020-02-21,0
Vanuatu,VUT,2020-02-22,0
Vanuatu,VUT,2020-02-23,0
Vanuatu,VUT,2020-02-24,0
Vanuatu,VUT,2020-02-25,0
Vanuatu,VUT,2020-02-26,0
Vanuatu,VUT,2020-02-27,0
Vanuatu,VUT,2020-02-28,0
Vanuatu,VUT,2020-02-29,0
Vanuatu,VUT,2020-03-01,0
Vanuatu,VUT,2020-03-02,0
Vanuatu,VUT,2020-03-03,0
Vanuatu,VUT,2020-03-04,0
Vanuatu,VUT,2020-03-05,0
Vanuatu,VUT,2020-03-06,0
Vanuatu,VUT,2020-03-07,0
Vanuatu,VUT,2020-03-08,0
Vanuatu,VUT,2020-03-09,0
Vanuatu,VUT,2020-03-10,0
Vanuatu,VUT,2020-03-11,0
Vanuatu,VUT,2020-03-12,0
Vanuatu,VUT,2020-03-13,0
Vanuatu,VUT,2020-03-14,0
Vanuatu,VUT,2020-03-15,0
Vanuatu,VUT,2020-03-16,0
Vanuatu,VUT,2020-03-17,0
Vanuatu,VUT,2020-03-18,0
Vanuatu,VUT,2020-03-19,0
Vanuatu,VUT,2020-03-20,0
Vanuatu,VUT,2020-03-21,0
Vanuatu,VUT,2020-03-22,0
Vanuatu,VUT,2020-03-23,0
Vanuatu,VUT,2020-03-24,0
Vanuatu,VUT,2020-03-25,0
Vanuatu,VUT,2020-03-26,83.33
Vanuatu,VUT,2020-03-27,83.33
Vanuatu,VUT,2020-03-28,83.33
Vanuatu,VUT,2020-03-29,83.33
Vanuatu,VUT,2020-03-30,83.33
Vanuatu,VUT,2020-03-31,83.33
Vanuatu,VUT,2020-04-01,83.33
Vanuatu,VUT,2020-04-02,83.33
Vanuatu,VUT,2020-04-03,83.33
Vanuatu,VUT,2020-04-04,83.33
Vanuatu,VUT,2020-04-05,72.22
Vanuatu,VUT,2020-04-06,72.22
Vanuatu,VUT,2020-04-07,72.22
Vanuatu,VUT,2020-04-08,72.22
Vanuatu,VUT,2020-04-09,72.22
Vanuatu,VUT,2020-04-10,72.22
Vanuatu,VUT,2020-04-11,77.78
Vanuatu,VUT,2020-04-12,77.78
Vanuatu,VUT,2020-04-13,77.78
Vanuatu,VUT,2020-04-14,77.78
Vanuatu,VUT,2020-04-15,77.78
Vanuatu,VUT,2020-04-16,77.78
Vanuatu,VUT,2020-04-17,77.78
Vanuatu,VUT,2020-04-18,77.78
Vanuatu,VUT,2020-04-19,77.78
Vanuatu,VUT,2020-04-20,77.78
Vanuatu,VUT,2020-04-21,77.78
Vanuatu,VUT,2020-04-22,77.78
Vanuatu,VUT,2020-04-23,77.78
Vanuatu,VUT,2020-04-24,77.78
Vanuatu,VUT,2020-04-25,77.78
Vanuatu,VUT,2020-04-26,77.78
Vanuatu,VUT,2020-04-27,77.78
Vanuatu,VUT,2020-04-28,77.78
Vanuatu,VUT,2020-04-29,77.78
Vanuatu,VUT,2020-04-30,77.78
Vanuatu,VUT,2020-05-01,77.78
Vanuatu,VUT,2020-05-02,77.78
Vanuatu,VUT,2020-05-03,77.78
Vanuatu,VUT,2020-05-04,77.78
Vanuatu,VUT,2020-05-05,77.78
Vanuatu,VUT,2020-05-06,77.78
Vanuatu,VUT,2020-05-07,77.78
Vanuatu,VUT,2020-05-08,77.78
Vanuatu,VUT,2020-05-09,77.78
Vanuatu,VUT,2020-05-10,77.78
Vanuatu,VUT,2020-05-11,77.78
Vanuatu,VUT,2020-05-12,77.78
Vanuatu,VUT,2020-05-13,77.78
Vanuatu,VUT,2020-05-14,77.78
Vanuatu,VUT,2020-05-15,77.78
Vanuatu,VUT,2020-05-16,77.78
Vanuatu,VUT,2020-05-17,77.78
Vanuatu,VUT,2020-05-18,66.67
Vanuatu,VUT,2020-05-19,66.67
Vanuatu,VUT,2020-05-20,66.67
Vanuatu,VUT,2020-05-21,66.67
Vanuatu,VUT,2020-05-22,66.67
Vanuatu,VUT,2020-05-23,66.67
Vanuatu,VUT,2020-05-24,66.67
Vanuatu,VUT,2020-05-25,66.67
Vanuatu,VUT,2020-05-26,66.67
Vanuatu,VUT,2020-05-27,66.67
Vanuatu,VUT,2020-05-28,66.67
Vanuatu,VUT,2020-05-29,66.67
Vanuatu,VUT,2020-05-30,66.67
Vanuatu,VUT,2020-05-31,66.67
Vanuatu,VUT,2020-06-01,66.67
Vanuatu,VUT,2020-06-02,66.67
Vanuatu,VUT,2020-06-03,66.67
Vanuatu,VUT,2020-06-04,66.67
Vanuatu,VUT,2020-06-05,66.67
Vanuatu,VUT,2020-06-06,66.67
Vanuatu,VUT,2020-06-07,66.67
Vanuatu,VUT,2020-06-08,66.67
Vanuatu,VUT,2020-06-09,66.67
Vanuatu,VUT,2020-06-10,66.67
Vanuatu,VUT,2020-06-11,66.67
Vanuatu,VUT,2020-06-12,66.67
Vanuatu,VUT,2020-06-13,66.67
Vanuatu,VUT,2020-06-14,66.67
Vanuatu,VUT,2020-06-15,66.67
Vanuatu,VUT,2020-06-16,66.67
Vanuatu,VUT,2020-06-17,66.67
Vanuatu,VUT,2020-06-18,66.67
Vanuatu,VUT,2020-06-19,66.67
Vanuatu,VUT,2020-06-20,66.67
Vanuatu,VUT,2020-06-21,66.67
Vanuatu,VUT,2020-06-22,66.67
Vanuatu,VUT,2020-06-23,66.67
Vanuatu,VUT,2020-06-24,66.67
Vanuatu,VUT,2020-06-25,66.67
Vanuatu,VUT,2020-06-26,66.67
Vanuatu,VUT,2020-06-27,66.67
Vanuatu,VUT,2020-06-28,66.67
Vanuatu,VUT,2020-06-29,66.67
Vanuatu,VUT,2020-06-30,66.67
Vanuatu,VUT,2020-07-01,66.67
Vanuatu,VUT,2020-07-02,66.67
Vanuatu,VUT,2020-07-03,66.67
Vanuatu,VUT,2020-07-04,66.67
Vanuatu,VUT,2020-07-05,66.67
Vanuatu,VUT,2020-07-06,66.67
Vanuatu,VUT,2020-07-07,66.67
Vanuatu,VUT,2020-07-08,66.67
Vanuatu,VUT,2020-07-09,66.67
Vanuatu,VUT,2020-07-10,66.67
Vanuatu,VUT,2020-07-11,66.67
Vanuatu,VUT,2020-07-12,66.67
Vanuatu,VUT,2020-07-13,66.67
Vanuatu,VUT,2020-07-14,66.67
Vanuatu,VUT,2020-07-15,66.67
Vanuatu,VUT,2020-07-16,66.67
Vanuatu,VUT,2020-07-17,66.67
Vanuatu,VUT,2020-07-18,66.67
Vanuatu,VUT,2020-07-19,66.67
Vanuatu,VUT,2020-07-20,66.67
Vanuatu,VUT,2020-07-21,66.67
Vanuatu,VUT,2020-07-22,66.67
Vanuatu,VUT,2020-07-23,66.67
Vanuatu,VUT,2020-07-24,66.67
Vanuatu,VUT,2020-07-25,66.67
Vanuatu,VUT,2020-07-26,66.67
Vanuatu,VUT,2020-07-27,66.67
Vanuatu,VUT,2020-07-28,66.67
Vanuatu,VUT,2020-07-29,66.67
Vanuatu,VUT,2020-07-30,66.67
Vanuatu,VUT,2020-07-31,66.67
Vanuatu,VUT,2020-08-01,66.67
Vanuatu,VUT,2020-08-02,66.67
Vanuatu,VUT,2020-08-03,66.67
Vanuatu,VUT,2020-08-04,66.67
Vanuatu,VUT,2020-08-05,66.67
Vanuatu,VUT,2020-08-06,66.67
Vanuatu,VUT,2020-08-07,66.67
Vanuatu,VUT,2020-08-08,66.67
Vanuatu,VUT,2020-08-09,66.67
Vanuatu,VUT,2020-08-10,66.67
Vanuatu,VUT,2020-08-11,66.67
Vanuatu,VUT,2020-08-12,66.67
Vanuatu,VUT,2020-08-13,66.67
Vanuatu,VUT,2020-08-14,66.67
Vanuatu,VUT,2020-08-15,66.67
Vanuatu,VUT,2020-08-16,66.67
Vanuatu,VUT,2020-08-17,66.67
Vanuatu,VUT,2020-08-18,66.67
Vanuatu,VUT,2020-08-19,66.67
Vanuatu,VUT,2020-08-20,66.67
Vanuatu,VUT,2020-08-21,66.67
Vanuatu,VUT,2020-08-22,66.67
Vanuatu,VUT,2020-08-23,66.67
Vanuatu,VUT,2020-08-24,66.67
Vanuatu,VUT,2020-08-25,66.67
Vanuatu,VUT,2020-08-26,66.67
Vanuatu,VUT,2020-08-27,66.67
Vanuatu,VUT,2020-08-28,22.22
Vanuatu,VUT,2020-08-29,22.22
Vanuatu,VUT,2020-08-30,22.22
Vanuatu,VUT,2020-08-31,22.22
Vanuatu,VUT,2020-09-01,22.22
Vanuatu,VUT,2020-09-02,22.22
Vanuatu,VUT,2020-09-03,22.22
Vanuatu,VUT,2020-09-04,22.22
Vanuatu,VUT,2020-09-05,22.22
Vanuatu,VUT,2020-09-06,22.22
Vanuatu,VUT,2020-09-07,22.22
Vanuatu,VUT,2020-09-08,22.22
Vanuatu,VUT,2020-09-09,22.22
Vanuatu,VUT,2020-09-10,22.22
Vanuatu,VUT,2020-09-11,22.22
Vanuatu,VUT,2020-09-12,22.22
Vanuatu,VUT,2020-09-13,22.22
Vanuatu,VUT,2020-09-14,22.22
Vanuatu,VUT,2020-09-15,22.22
Vanuatu,VUT,2020-09-16,22.22
Vanuatu,VUT,2020-09-17,22.22
Vanuatu,VUT,2020-09-18,22.22
Vanuatu,VUT,2020-09-19,22.22
Vanuatu,VUT,2020-09-20,22.22
Vanuatu,VUT,2020-09-21,22.22
Vanuatu,VUT,2020-09-22,22.22
Vanuatu,VUT,2020-09-23,22.22
Vanuatu,VUT,2020-09-24,22.22
Vanuatu,VUT,2020-09-25,22.22
Vanuatu,VUT,2020-09-26,22.22
Vanuatu,VUT,2020-09-27,22.22
Vanuatu,VUT,2020-09-28,22.22
Vanuatu,VUT,2020-09-29,22.22
Vanuatu,VUT,2020-09-30,22.22
Vanuatu,VUT,2020-10-01,22.22
Vanuatu,VUT,2020-10-02,22.22
Vanuatu,VUT,2020-10-03,22.22
Vanuatu,VUT,2020-10-04,22.22
Vanuatu,VUT,2020-10-05,22.22
Vanuatu,VUT,2020-10-06,22.22
Vanuatu,VUT,2020-10-07,22.22
Vanuatu,VUT,2020-10-08,22.22
Vanuatu,VUT,2020-10-09,22.22
Vanuatu,VUT,2020-10-10,22.22
Vanuatu,VUT,2020-10-11,22.22
Vanuatu,VUT,2020-10-12,22.22
Vanuatu,VUT,2020-10-13,22.22
Vanuatu,VUT,2020-10-14,22.22
Vanuatu,VUT,2020-10-15,22.22
Vanuatu,VUT,2020-10-16,22.22
Vanuatu,VUT,2020-10-17,22.22
Vanuatu,VUT,2020-10-18,22.22
Vanuatu,VUT,2020-10-19,22.22
Vanuatu,VUT,2020-10-20,22.22
Vanuatu,VUT,2020-10-21,22.22
Vanuatu,VUT,2020-10-22,22.22
Vanuatu,VUT,2020-10-23,22.22
Vanuatu,VUT,2020-10-24,22.22
Vanuatu,VUT,2020-10-25,22.22
Vanuatu,VUT,2020-10-26,22.22
Vanuatu,VUT,2020-10-27,22.22
Vanuatu,VUT,2020-10-28,22.22
Vanuatu,VUT,2020-10-29,22.22
Vanuatu,VUT,2020-10-30,22.22
Vanuatu,VUT,2020-10-31,22.22
Vanuatu,VUT,2020-11-01,22.22
Vanuatu,VUT,2020-11-02,22.22
Vanuatu,VUT,2020-11-03,22.22
Vanuatu,VUT,2020-11-04,22.22
Vanuatu,VUT,2020-11-05,22.22
Vanuatu,VUT,2020-11-06,22.22
Vanuatu,VUT,2020-11-07,22.22
Vanuatu,VUT,2020-11-08,22.22
Vanuatu,VUT,2020-11-09,22.22
Vanuatu,VUT,2020-11-10,22.22
Vanuatu,VUT,2020-11-11,22.22
Vanuatu,VUT,2020-11-12,30.56
Vanuatu,VUT,2020-11-13,30.56
Vanuatu,VUT,2020-11-14,30.56
Vanuatu,VUT,2020-11-15,30.56
Vanuatu,VUT,2020-11-16,30.56
Vanuatu,VUT,2020-11-17,30.56
Vanuatu,VUT,2020-11-18,30.56
Vanuatu,VUT,2020-11-19,30.56
Vanuatu,VUT,2020-11-20,30.56
Vanuatu,VUT,2020-11-21,30.56
Vanuatu,VUT,2020-11-22,30.56
Vanuatu,VUT,2020-11-23,30.56
Vanuatu,VUT,2020-11-24,30.56
Vanuatu,VUT,2020-11-25,30.56
Vanuatu,VUT,2020-11-26,30.56
Vanuatu,VUT,2020-11-27,30.56
Vanuatu,VUT,2020-11-28,30.56
Vanuatu,VUT,2020-11-29,30.56
Vanuatu,VUT,2020-11-30,30.56
Vanuatu,VUT,2020-12-01,30.56
Vanuatu,VUT,2020-12-02,30.56
Vanuatu,VUT,2020-12-03,30.56
Vanuatu,VUT,2020-12-04,30.56
Vanuatu,VUT,2020-12-05,30.56
Vanuatu,VUT,2020-12-06,30.56
Vanuatu,VUT,2020-12-07,30.56
Vanuatu,VUT,2020-12-08,30.56
Vanuatu,VUT,2020-12-09,30.56
Vanuatu,VUT,2020-12-10,30.56
Vanuatu,VUT,2020-12-11,30.56
Vanuatu,VUT,2020-12-12,30.56
Vanuatu,VUT,2020-12-13,30.56
Vanuatu,VUT,2020-12-14,30.56
Vanuatu,VUT,2020-12-15,30.56
Vanuatu,VUT,2020-12-16,30.56
Vanuatu,VUT,2020-12-17,30.56
Vanuatu,VUT,2020-12-18,30.56
Vanuatu,VUT,2020-12-19,30.56
Vanuatu,VUT,2020-12-20,30.56
Vanuatu,VUT,2020-12-21,30.56
Vanuatu,VUT,2020-12-22,30.56
Vanuatu,VUT,2020-12-23,30.56
Vanuatu,VUT,2020-12-24,30.56
Vanuatu,VUT,2020-12-25,30.56
Vanuatu,VUT,2020-12-26,30.56
Vanuatu,VUT,2020-12-27,30.56
Vanuatu,VUT,2020-12-28,30.56
Vanuatu,VUT,2020-12-29,30.56
Vanuatu,VUT,2020-12-30,22.22
Vanuatu,VUT,2020-12-31,22.22
Vanuatu,VUT,2021-01-01,22.22
Vanuatu,VUT,2021-01-02,22.22
Vanuatu,VUT,2021-01-03,22.22
Vanuatu,VUT,2021-01-04,22.22
Vanuatu,VUT,2021-01-05,22.22
Vanuatu,VUT,2021-01-06,22.22
Vanuatu,VUT,2021-01-07,22.22
Vanuatu,VUT,2021-01-08,22.22
Vanuatu,VUT,2021-01-09,22.22
Vanuatu,VUT,2021-01-10,22.22
Vanuatu,VUT,2021-01-11,22.22
Vanuatu,VUT,2021-01-12,22.22
Vanuatu,VUT,2021-01-13,22.22
Vanuatu,VUT,2021-01-14,22.22
Vanuatu,VUT,2021-01-15,22.22
Vanuatu,VUT,2021-01-16,22.22
Vanuatu,VUT,2021-01-17,22.22
Vanuatu,VUT,2021-01-18,22.22
Vanuatu,VUT,2021-01-19,22.22
Vanuatu,VUT,2021-01-20,22.22
Vanuatu,VUT,2021-01-21,22.22
Vanuatu,VUT,2021-01-22,22.22
Vanuatu,VUT,2021-01-23,22.22
Vanuatu,VUT,2021-01-24,22.22
Vanuatu,VUT,2021-01-25,22.22
Vanuatu,VUT,2021-01-26,22.22
Vanuatu,VUT,2021-01-27,22.22
Vanuatu,VUT,2021-01-28,22.22
Vanuatu,VUT,2021-01-29,22.22
Vanuatu,VUT,2021-01-30,22.22
Vanuatu,VUT,2021-01-31,22.22
Vanuatu,VUT,2021-02-01,22.22
Vanuatu,VUT,2021-02-02,22.22
Vanuatu,VUT,2021-02-03,22.22
Vanuatu,VUT,2021-02-04,22.22
Vanuatu,VUT,2021-02-05,22.22
Vanuatu,VUT,2021-02-06,22.22
Vanuatu,VUT,2021-02-07,22.22
Vanuatu,VUT,2021-02-08,22.22
Vanuatu,VUT,2021-02-09,22.22
Vanuatu,VUT,2021-02-10,22.22
Vanuatu,VUT,2021-02-11,22.22
Vanuatu,VUT,2021-02-12,22.22
Vanuatu,VUT,2021-02-13,22.22
Vanuatu,VUT,2021-02-14,22.22
Vanuatu,VUT,2021-02-15,22.22
Vanuatu,VUT,2021-02-16,22.22
Vanuatu,VUT,2021-02-17,22.22
Vanuatu,VUT,2021-02-18,22.22
Vanuatu,VUT,2021-02-19,22.22
Vanuatu,VUT,2021-02-20,22.22
Vanuatu,VUT,2021-02-21,22.22
Vanuatu,VUT,2021-02-22,22.22
Vanuatu,VUT,2021-02-23,22.22
Vanuatu,VUT,2021-02-24,22.22
Vanuatu,VUT,2021-02-25,22.22
Vanuatu,VUT,2021-02-26,22.22
Vanuatu,VUT,2021-02-27,22.22
Vanuatu,VUT,2021-02-28,22.22
Vanuatu,VUT,2021-03-01,22.22
Venezuela,VEN,2020-01-01,0
Venezuela,VEN,2020-01-02,0
Venezuela,VEN,2020-01-03,0
Venezuela,VEN,2020-01-04,0
Venezuela,VEN,2020-01-05,0
Venezuela,VEN,2020-01-06,0
Venezuela,VEN,2020-01-07,0
Venezuela,VEN,2020-01-08,0
Venezuela,VEN,2020-01-09,0
Venezuela,VEN,2020-01-10,0
Venezuela,VEN,2020-01-11,0
Venezuela,VEN,2020-01-12,0
Venezuela,VEN,2020-01-13,0
Venezuela,VEN,2020-01-14,0
Venezuela,VEN,2020-01-15,0
Venezuela,VEN,2020-01-16,0
Venezuela,VEN,2020-01-17,0
Venezuela,VEN,2020-01-18,0
Venezuela,VEN,2020-01-19,0
Venezuela,VEN,2020-01-20,0
Venezuela,VEN,2020-01-21,0
Venezuela,VEN,2020-01-22,0
Venezuela,VEN,2020-01-23,0
Venezuela,VEN,2020-01-24,0
Venezuela,VEN,2020-01-25,0
Venezuela,VEN,2020-01-26,0
Venezuela,VEN,2020-01-27,0
Venezuela,VEN,2020-01-28,0
Venezuela,VEN,2020-01-29,0
Venezuela,VEN,2020-01-30,0
Venezuela,VEN,2020-01-31,0
Venezuela,VEN,2020-02-01,0
Venezuela,VEN,2020-02-02,0
Venezuela,VEN,2020-02-03,0
Venezuela,VEN,2020-02-04,0
Venezuela,VEN,2020-02-05,0
Venezuela,VEN,2020-02-06,0
Venezuela,VEN,2020-02-07,0
Venezuela,VEN,2020-02-08,0
Venezuela,VEN,2020-02-09,0
Venezuela,VEN,2020-02-10,0
Venezuela,VEN,2020-02-11,0
Venezuela,VEN,2020-02-12,0
Venezuela,VEN,2020-02-13,0
Venezuela,VEN,2020-02-14,0
Venezuela,VEN,2020-02-15,0
Venezuela,VEN,2020-02-16,0
Venezuela,VEN,2020-02-17,0
Venezuela,VEN,2020-02-18,0
Venezuela,VEN,2020-02-19,0
Venezuela,VEN,2020-02-20,0
Venezuela,VEN,2020-02-21,0
Venezuela,VEN,2020-02-22,0
Venezuela,VEN,2020-02-23,0
Venezuela,VEN,2020-02-24,0
Venezuela,VEN,2020-02-25,0
Venezuela,VEN,2020-02-26,0
Venezuela,VEN,2020-02-27,0
Venezuela,VEN,2020-02-28,11.11
Venezuela,VEN,2020-02-29,11.11
Venezuela,VEN,2020-03-01,11.11
Venezuela,VEN,2020-03-02,11.11
Venezuela,VEN,2020-03-03,11.11
Venezuela,VEN,2020-03-04,11.11
Venezuela,VEN,2020-03-05,11.11
Venezuela,VEN,2020-03-06,11.11
Venezuela,VEN,2020-03-07,11.11
Venezuela,VEN,2020-03-08,11.11
Venezuela,VEN,2020-03-09,11.11
Venezuela,VEN,2020-03-10,11.11
Venezuela,VEN,2020-03-11,11.11
Venezuela,VEN,2020-03-12,33.33
Venezuela,VEN,2020-03-13,51.85
Venezuela,VEN,2020-03-14,51.85
Venezuela,VEN,2020-03-15,51.85
Venezuela,VEN,2020-03-16,72.22
Venezuela,VEN,2020-03-17,79.63
Venezuela,VEN,2020-03-18,82.41
Venezuela,VEN,2020-03-19,82.41
Venezuela,VEN,2020-03-20,82.41
Venezuela,VEN,2020-03-21,82.41
Venezuela,VEN,2020-03-22,82.41
Venezuela,VEN,2020-03-23,82.41
Venezuela,VEN,2020-03-24,82.41
Venezuela,VEN,2020-03-25,82.41
Venezuela,VEN,2020-03-26,82.41
Venezuela,VEN,2020-03-27,82.41
Venezuela,VEN,2020-03-28,82.41
Venezuela,VEN,2020-03-29,82.41
Venezuela,VEN,2020-03-30,82.41
Venezuela,VEN,2020-03-31,82.41
Venezuela,VEN,2020-04-01,82.41
Venezuela,VEN,2020-04-02,82.41
Venezuela,VEN,2020-04-03,82.41
Venezuela,VEN,2020-04-04,82.41
Venezuela,VEN,2020-04-05,82.41
Venezuela,VEN,2020-04-06,82.41
Venezuela,VEN,2020-04-07,82.41
Venezuela,VEN,2020-04-08,82.41
Venezuela,VEN,2020-04-09,82.41
Venezuela,VEN,2020-04-10,82.41
Venezuela,VEN,2020-04-11,82.41
Venezuela,VEN,2020-04-12,82.41
Venezuela,VEN,2020-04-13,82.41
Venezuela,VEN,2020-04-14,82.41
Venezuela,VEN,2020-04-15,82.41
Venezuela,VEN,2020-04-16,82.41
Venezuela,VEN,2020-04-17,82.41
Venezuela,VEN,2020-04-18,82.41
Venezuela,VEN,2020-04-19,82.41
Venezuela,VEN,2020-04-20,82.41
Venezuela,VEN,2020-04-21,82.41
Venezuela,VEN,2020-04-22,82.41
Venezuela,VEN,2020-04-23,82.41
Venezuela,VEN,2020-04-24,82.41
Venezuela,VEN,2020-04-25,82.41
Venezuela,VEN,2020-04-26,82.41
Venezuela,VEN,2020-04-27,82.41
Venezuela,VEN,2020-04-28,82.41
Venezuela,VEN,2020-04-29,82.41
Venezuela,VEN,2020-04-30,82.41
Venezuela,VEN,2020-05-01,82.41
Venezuela,VEN,2020-05-02,82.41
Venezuela,VEN,2020-05-03,82.41
Venezuela,VEN,2020-05-04,82.41
Venezuela,VEN,2020-05-05,82.41
Venezuela,VEN,2020-05-06,82.41
Venezuela,VEN,2020-05-07,82.41
Venezuela,VEN,2020-05-08,82.41
Venezuela,VEN,2020-05-09,82.41
Venezuela,VEN,2020-05-10,82.41
Venezuela,VEN,2020-05-11,82.41
Venezuela,VEN,2020-05-12,82.41
Venezuela,VEN,2020-05-13,85.19
Venezuela,VEN,2020-05-14,85.19
Venezuela,VEN,2020-05-15,85.19
Venezuela,VEN,2020-05-16,85.19
Venezuela,VEN,2020-05-17,85.19
Venezuela,VEN,2020-05-18,85.19
Venezuela,VEN,2020-05-19,85.19
Venezuela,VEN,2020-05-20,85.19
Venezuela,VEN,2020-05-21,85.19
Venezuela,VEN,2020-05-22,85.19
Venezuela,VEN,2020-05-23,85.19
Venezuela,VEN,2020-05-24,85.19
Venezuela,VEN,2020-05-25,85.19
Venezuela,VEN,2020-05-26,85.19
Venezuela,VEN,2020-05-27,85.19
Venezuela,VEN,2020-05-28,85.19
Venezuela,VEN,2020-05-29,85.19
Venezuela,VEN,2020-05-30,85.19
Venezuela,VEN,2020-05-31,85.19
Venezuela,VEN,2020-06-01,85.19
Venezuela,VEN,2020-06-02,81.48
Venezuela,VEN,2020-06-03,81.48
Venezuela,VEN,2020-06-04,81.48
Venezuela,VEN,2020-06-05,81.48
Venezuela,VEN,2020-06-06,81.48
Venezuela,VEN,2020-06-07,81.48
Venezuela,VEN,2020-06-08,81.48
Venezuela,VEN,2020-06-09,81.48
Venezuela,VEN,2020-06-10,81.48
Venezuela,VEN,2020-06-11,81.48
Venezuela,VEN,2020-06-12,81.48
Venezuela,VEN,2020-06-13,81.48
Venezuela,VEN,2020-06-14,81.48
Venezuela,VEN,2020-06-15,72.22
Venezuela,VEN,2020-06-16,72.22
Venezuela,VEN,2020-06-17,72.22
Venezuela,VEN,2020-06-18,72.22
Venezuela,VEN,2020-06-19,72.22
Venezuela,VEN,2020-06-20,72.22
Venezuela,VEN,2020-06-21,72.22
Venezuela,VEN,2020-06-22,87.04
Venezuela,VEN,2020-06-23,87.04
Venezuela,VEN,2020-06-24,87.04
Venezuela,VEN,2020-06-25,87.04
Venezuela,VEN,2020-06-26,87.04
Venezuela,VEN,2020-06-27,87.04
Venezuela,VEN,2020-06-28,87.04
Venezuela,VEN,2020-06-29,87.04
Venezuela,VEN,2020-06-30,87.04
Venezuela,VEN,2020-07-01,87.04
Venezuela,VEN,2020-07-02,87.04
Venezuela,VEN,2020-07-03,87.04
Venezuela,VEN,2020-07-04,87.04
Venezuela,VEN,2020-07-05,87.04
Venezuela,VEN,2020-07-06,87.04
Venezuela,VEN,2020-07-07,87.04
Venezuela,VEN,2020-07-08,87.04
Venezuela,VEN,2020-07-09,87.04
Venezuela,VEN,2020-07-10,87.04
Venezuela,VEN,2020-07-11,87.04
Venezuela,VEN,2020-07-12,87.04
Venezuela,VEN,2020-07-13,87.04
Venezuela,VEN,2020-07-14,87.04
Venezuela,VEN,2020-07-15,87.04
Venezuela,VEN,2020-07-16,87.04
Venezuela,VEN,2020-07-17,87.04
Venezuela,VEN,2020-07-18,87.04
Venezuela,VEN,2020-07-19,87.04
Venezuela,VEN,2020-07-20,87.04
Venezuela,VEN,2020-07-21,87.04
Venezuela,VEN,2020-07-22,86.11
Venezuela,VEN,2020-07-23,86.11
Venezuela,VEN,2020-07-24,86.11
Venezuela,VEN,2020-07-25,86.11
Venezuela,VEN,2020-07-26,86.11
Venezuela,VEN,2020-07-27,86.11
Venezuela,VEN,2020-07-28,86.11
Venezuela,VEN,2020-07-29,86.11
Venezuela,VEN,2020-07-30,86.11
Venezuela,VEN,2020-07-31,86.11
Venezuela,VEN,2020-08-01,86.11
Venezuela,VEN,2020-08-02,86.11
Venezuela,VEN,2020-08-03,86.11
Venezuela,VEN,2020-08-04,86.11
Venezuela,VEN,2020-08-05,86.11
Venezuela,VEN,2020-08-06,86.11
Venezuela,VEN,2020-08-07,86.11
Venezuela,VEN,2020-08-08,86.11
Venezuela,VEN,2020-08-09,86.11
Venezuela,VEN,2020-08-10,86.11
Venezuela,VEN,2020-08-11,86.11
Venezuela,VEN,2020-08-12,86.11
Venezuela,VEN,2020-08-13,86.11
Venezuela,VEN,2020-08-14,86.11
Venezuela,VEN,2020-08-15,86.11
Venezuela,VEN,2020-08-16,86.11
Venezuela,VEN,2020-08-17,86.11
Venezuela,VEN,2020-08-18,86.11
Venezuela,VEN,2020-08-19,86.11
Venezuela,VEN,2020-08-20,86.11
Venezuela,VEN,2020-08-21,86.11
Venezuela,VEN,2020-08-22,86.11
Venezuela,VEN,2020-08-23,82.41
Venezuela,VEN,2020-08-24,82.41
Venezuela,VEN,2020-08-25,82.41
Venezuela,VEN,2020-08-26,82.41
Venezuela,VEN,2020-08-27,82.41
Venezuela,VEN,2020-08-28,82.41
Venezuela,VEN,2020-08-29,82.41
Venezuela,VEN,2020-08-30,82.41
Venezuela,VEN,2020-08-31,82.41
Venezuela,VEN,2020-09-01,82.41
Venezuela,VEN,2020-09-02,82.41
Venezuela,VEN,2020-09-03,82.41
Venezuela,VEN,2020-09-04,82.41
Venezuela,VEN,2020-09-05,82.41
Venezuela,VEN,2020-09-06,82.41
Venezuela,VEN,2020-09-07,82.41
Venezuela,VEN,2020-09-08,82.41
Venezuela,VEN,2020-09-09,82.41
Venezuela,VEN,2020-09-10,82.41
Venezuela,VEN,2020-09-11,82.41
Venezuela,VEN,2020-09-12,82.41
Venezuela,VEN,2020-09-13,82.41
Venezuela,VEN,2020-09-14,82.41
Venezuela,VEN,2020-09-15,82.41
Venezuela,VEN,2020-09-16,82.41
Venezuela,VEN,2020-09-17,82.41
Venezuela,VEN,2020-09-18,82.41
Venezuela,VEN,2020-09-19,82.41
Venezuela,VEN,2020-09-20,82.41
Venezuela,VEN,2020-09-21,82.41
Venezuela,VEN,2020-09-22,82.41
Venezuela,VEN,2020-09-23,82.41
Venezuela,VEN,2020-09-24,82.41
Venezuela,VEN,2020-09-25,82.41
Venezuela,VEN,2020-09-26,82.41
Venezuela,VEN,2020-09-27,82.41
Venezuela,VEN,2020-09-28,87.96
Venezuela,VEN,2020-09-29,87.96
Venezuela,VEN,2020-09-30,87.96
Venezuela,VEN,2020-10-01,87.96
Venezuela,VEN,2020-10-02,87.96
Venezuela,VEN,2020-10-03,87.96
Venezuela,VEN,2020-10-04,87.96
Venezuela,VEN,2020-10-05,84.26
Venezuela,VEN,2020-10-06,84.26
Venezuela,VEN,2020-10-07,84.26
Venezuela,VEN,2020-10-08,84.26
Venezuela,VEN,2020-10-09,84.26
Venezuela,VEN,2020-10-10,84.26
Venezuela,VEN,2020-10-11,84.26
Venezuela,VEN,2020-10-12,87.96
Venezuela,VEN,2020-10-13,87.96
Venezuela,VEN,2020-10-14,87.96
Venezuela,VEN,2020-10-15,87.96
Venezuela,VEN,2020-10-16,87.96
Venezuela,VEN,2020-10-17,87.96
Venezuela,VEN,2020-10-18,87.96
Venezuela,VEN,2020-10-19,84.26
Venezuela,VEN,2020-10-20,84.26
Venezuela,VEN,2020-10-21,84.26
Venezuela,VEN,2020-10-22,84.26
Venezuela,VEN,2020-10-23,84.26
Venezuela,VEN,2020-10-24,84.26
Venezuela,VEN,2020-10-25,84.26
Venezuela,VEN,2020-10-26,87.96
Venezuela,VEN,2020-10-27,87.96
Venezuela,VEN,2020-10-28,87.96
Venezuela,VEN,2020-10-29,87.96
Venezuela,VEN,2020-10-30,87.96
Venezuela,VEN,2020-10-31,87.96
Venezuela,VEN,2020-11-01,87.96
Venezuela,VEN,2020-11-02,84.26
Venezuela,VEN,2020-11-03,84.26
Venezuela,VEN,2020-11-04,84.26
Venezuela,VEN,2020-11-05,84.26
Venezuela,VEN,2020-11-06,84.26
Venezuela,VEN,2020-11-07,84.26
Venezuela,VEN,2020-11-08,84.26
Venezuela,VEN,2020-11-09,87.96
Venezuela,VEN,2020-11-10,87.96
Venezuela,VEN,2020-11-11,87.96
Venezuela,VEN,2020-11-12,87.96
Venezuela,VEN,2020-11-13,87.96
Venezuela,VEN,2020-11-14,87.96
Venezuela,VEN,2020-11-15,87.96
Venezuela,VEN,2020-11-16,84.26
Venezuela,VEN,2020-11-17,84.26
Venezuela,VEN,2020-11-18,84.26
Venezuela,VEN,2020-11-19,84.26
Venezuela,VEN,2020-11-20,84.26
Venezuela,VEN,2020-11-21,84.26
Venezuela,VEN,2020-11-22,84.26
Venezuela,VEN,2020-11-23,87.96
Venezuela,VEN,2020-11-24,87.96
Venezuela,VEN,2020-11-25,87.96
Venezuela,VEN,2020-11-26,87.96
Venezuela,VEN,2020-11-27,87.96
Venezuela,VEN,2020-11-28,87.96
Venezuela,VEN,2020-11-29,87.96
Venezuela,VEN,2020-11-30,84.26
Venezuela,VEN,2020-12-01,84.26
Venezuela,VEN,2020-12-02,84.26
Venezuela,VEN,2020-12-03,84.26
Venezuela,VEN,2020-12-04,84.26
Venezuela,VEN,2020-12-05,84.26
Venezuela,VEN,2020-12-06,84.26
Venezuela,VEN,2020-12-07,87.96
Venezuela,VEN,2020-12-08,87.96
Venezuela,VEN,2020-12-09,87.96
Venezuela,VEN,2020-12-10,87.96
Venezuela,VEN,2020-12-11,87.96
Venezuela,VEN,2020-12-12,87.96
Venezuela,VEN,2020-12-13,87.96
Venezuela,VEN,2020-12-14,84.26
Venezuela,VEN,2020-12-15,84.26
Venezuela,VEN,2020-12-16,84.26
Venezuela,VEN,2020-12-17,84.26
Venezuela,VEN,2020-12-18,84.26
Venezuela,VEN,2020-12-19,84.26
Venezuela,VEN,2020-12-20,84.26
Venezuela,VEN,2020-12-21,87.96
Venezuela,VEN,2020-12-22,87.96
Venezuela,VEN,2020-12-23,87.96
Venezuela,VEN,2020-12-24,87.96
Venezuela,VEN,2020-12-25,87.96
Venezuela,VEN,2020-12-26,87.96
Venezuela,VEN,2020-12-27,87.96
Venezuela,VEN,2020-12-28,84.26
Venezuela,VEN,2020-12-29,84.26
Venezuela,VEN,2020-12-30,84.26
Venezuela,VEN,2020-12-31,84.26
Venezuela,VEN,2021-01-01,84.26
Venezuela,VEN,2021-01-02,84.26
Venezuela,VEN,2021-01-03,84.26
Venezuela,VEN,2021-01-04,90.74
Venezuela,VEN,2021-01-05,90.74
Venezuela,VEN,2021-01-06,90.74
Venezuela,VEN,2021-01-07,90.74
Venezuela,VEN,2021-01-08,90.74
Venezuela,VEN,2021-01-09,90.74
Venezuela,VEN,2021-01-10,90.74
Venezuela,VEN,2021-01-11,84.26
Venezuela,VEN,2021-01-12,84.26
Venezuela,VEN,2021-01-13,84.26
Venezuela,VEN,2021-01-14,84.26
Venezuela,VEN,2021-01-15,84.26
Venezuela,VEN,2021-01-16,84.26
Venezuela,VEN,2021-01-17,84.26
Venezuela,VEN,2021-01-18,87.96
Venezuela,VEN,2021-01-19,87.96
Venezuela,VEN,2021-01-20,87.96
Venezuela,VEN,2021-01-21,87.96
Venezuela,VEN,2021-01-22,87.96
Venezuela,VEN,2021-01-23,87.96
Venezuela,VEN,2021-01-24,87.96
Venezuela,VEN,2021-01-25,84.26
Venezuela,VEN,2021-01-26,84.26
Venezuela,VEN,2021-01-27,84.26
Venezuela,VEN,2021-01-28,84.26
Venezuela,VEN,2021-01-29,84.26
Venezuela,VEN,2021-01-30,84.26
Venezuela,VEN,2021-01-31,84.26
Venezuela,VEN,2021-02-01,87.96
Venezuela,VEN,2021-02-02,87.96
Venezuela,VEN,2021-02-03,87.96
Venezuela,VEN,2021-02-04,87.96
Venezuela,VEN,2021-02-05,87.96
Venezuela,VEN,2021-02-06,87.96
Venezuela,VEN,2021-02-07,87.96
Venezuela,VEN,2021-02-08,84.26
Venezuela,VEN,2021-02-09,84.26
Venezuela,VEN,2021-02-10,84.26
Venezuela,VEN,2021-02-11,84.26
Venezuela,VEN,2021-02-12,84.26
Venezuela,VEN,2021-02-13,84.26
Venezuela,VEN,2021-02-14,84.26
Venezuela,VEN,2021-02-15,87.96
Venezuela,VEN,2021-02-16,87.96
Venezuela,VEN,2021-02-17,87.96
Venezuela,VEN,2021-02-18,87.96
Venezuela,VEN,2021-02-19,87.96
Venezuela,VEN,2021-02-20,87.96
Venezuela,VEN,2021-02-21,87.96
Venezuela,VEN,2021-02-22,84.26
Venezuela,VEN,2021-02-23,84.26
Venezuela,VEN,2021-02-24,84.26
Venezuela,VEN,2021-02-25,84.26
Venezuela,VEN,2021-02-26,84.26
Venezuela,VEN,2021-02-27,84.26
Venezuela,VEN,2021-02-28,84.26
Venezuela,VEN,2021-03-01,87.96
Venezuela,VEN,2021-03-02,87.96
Venezuela,VEN,2021-03-03,87.96
Venezuela,VEN,2021-03-04,87.96
Venezuela,VEN,2021-03-05,87.96
Venezuela,VEN,2021-03-06,87.96
Venezuela,VEN,2021-03-07,87.96
Vietnam,VNM,2020-01-01,0
Vietnam,VNM,2020-01-02,0
Vietnam,VNM,2020-01-03,0
Vietnam,VNM,2020-01-04,0
Vietnam,VNM,2020-01-05,0
Vietnam,VNM,2020-01-06,0
Vietnam,VNM,2020-01-07,0
Vietnam,VNM,2020-01-08,0
Vietnam,VNM,2020-01-09,0
Vietnam,VNM,2020-01-10,0
Vietnam,VNM,2020-01-11,0
Vietnam,VNM,2020-01-12,0
Vietnam,VNM,2020-01-13,0
Vietnam,VNM,2020-01-14,0
Vietnam,VNM,2020-01-15,0
Vietnam,VNM,2020-01-16,0
Vietnam,VNM,2020-01-17,0
Vietnam,VNM,2020-01-18,0
Vietnam,VNM,2020-01-19,0
Vietnam,VNM,2020-01-20,0
Vietnam,VNM,2020-01-21,0
Vietnam,VNM,2020-01-22,0
Vietnam,VNM,2020-01-23,0
Vietnam,VNM,2020-01-24,0
Vietnam,VNM,2020-01-25,2.78
Vietnam,VNM,2020-01-26,2.78
Vietnam,VNM,2020-01-27,2.78
Vietnam,VNM,2020-01-28,2.78
Vietnam,VNM,2020-01-29,23.15
Vietnam,VNM,2020-01-30,25.93
Vietnam,VNM,2020-01-31,25.93
Vietnam,VNM,2020-02-01,28.7
Vietnam,VNM,2020-02-02,28.7
Vietnam,VNM,2020-02-03,28.7
Vietnam,VNM,2020-02-04,28.7
Vietnam,VNM,2020-02-05,28.7
Vietnam,VNM,2020-02-06,28.7
Vietnam,VNM,2020-02-07,28.7
Vietnam,VNM,2020-02-08,37.04
Vietnam,VNM,2020-02-09,37.04
Vietnam,VNM,2020-02-10,37.04
Vietnam,VNM,2020-02-11,37.04
Vietnam,VNM,2020-02-12,37.04
Vietnam,VNM,2020-02-13,45.37
Vietnam,VNM,2020-02-14,45.37
Vietnam,VNM,2020-02-15,47.22
Vietnam,VNM,2020-02-16,47.22
Vietnam,VNM,2020-02-17,47.22
Vietnam,VNM,2020-02-18,47.22
Vietnam,VNM,2020-02-19,47.22
Vietnam,VNM,2020-02-20,47.22
Vietnam,VNM,2020-02-21,47.22
Vietnam,VNM,2020-02-22,47.22
Vietnam,VNM,2020-02-23,47.22
Vietnam,VNM,2020-02-24,47.22
Vietnam,VNM,2020-02-25,47.22
Vietnam,VNM,2020-02-26,47.22
Vietnam,VNM,2020-02-27,47.22
Vietnam,VNM,2020-02-28,47.22
Vietnam,VNM,2020-02-29,47.22
Vietnam,VNM,2020-03-01,47.22
Vietnam,VNM,2020-03-02,47.22
Vietnam,VNM,2020-03-03,47.22
Vietnam,VNM,2020-03-04,47.22
Vietnam,VNM,2020-03-05,47.22
Vietnam,VNM,2020-03-06,47.22
Vietnam,VNM,2020-03-07,47.22
Vietnam,VNM,2020-03-08,47.22
Vietnam,VNM,2020-03-09,47.22
Vietnam,VNM,2020-03-10,47.22
Vietnam,VNM,2020-03-11,47.22
Vietnam,VNM,2020-03-12,47.22
Vietnam,VNM,2020-03-13,47.22
Vietnam,VNM,2020-03-14,47.22
Vietnam,VNM,2020-03-15,47.22
Vietnam,VNM,2020-03-16,47.22
Vietnam,VNM,2020-03-17,47.22
Vietnam,VNM,2020-03-18,47.22
Vietnam,VNM,2020-03-19,47.22
Vietnam,VNM,2020-03-20,47.22
Vietnam,VNM,2020-03-21,47.22
Vietnam,VNM,2020-03-22,50
Vietnam,VNM,2020-03-23,50
Vietnam,VNM,2020-03-24,50
Vietnam,VNM,2020-03-25,55.56
Vietnam,VNM,2020-03-26,61.11
Vietnam,VNM,2020-03-27,66.67
Vietnam,VNM,2020-03-28,83.33
Vietnam,VNM,2020-03-29,83.33
Vietnam,VNM,2020-03-30,83.33
Vietnam,VNM,2020-03-31,83.33
Vietnam,VNM,2020-04-01,96.3
Vietnam,VNM,2020-04-02,96.3
Vietnam,VNM,2020-04-03,96.3
Vietnam,VNM,2020-04-04,96.3
Vietnam,VNM,2020-04-05,96.3
Vietnam,VNM,2020-04-06,96.3
Vietnam,VNM,2020-04-07,96.3
Vietnam,VNM,2020-04-08,96.3
Vietnam,VNM,2020-04-09,96.3
Vietnam,VNM,2020-04-10,96.3
Vietnam,VNM,2020-04-11,96.3
Vietnam,VNM,2020-04-12,96.3
Vietnam,VNM,2020-04-13,96.3
Vietnam,VNM,2020-04-14,96.3
Vietnam,VNM,2020-04-15,88.43
Vietnam,VNM,2020-04-16,88.43
Vietnam,VNM,2020-04-17,88.43
Vietnam,VNM,2020-04-18,88.43
Vietnam,VNM,2020-04-19,88.43
Vietnam,VNM,2020-04-20,88.43
Vietnam,VNM,2020-04-21,88.43
Vietnam,VNM,2020-04-22,79.63
Vietnam,VNM,2020-04-23,79.63
Vietnam,VNM,2020-04-24,79.63
Vietnam,VNM,2020-04-25,74.07
Vietnam,VNM,2020-04-26,76.85
Vietnam,VNM,2020-04-27,76.85
Vietnam,VNM,2020-04-28,76.85
Vietnam,VNM,2020-04-29,76.85
Vietnam,VNM,2020-04-30,76.85
Vietnam,VNM,2020-05-01,76.85
Vietnam,VNM,2020-05-02,76.85
Vietnam,VNM,2020-05-03,76.85
Vietnam,VNM,2020-05-04,73.15
Vietnam,VNM,2020-05-05,73.15
Vietnam,VNM,2020-05-06,73.15
Vietnam,VNM,2020-05-07,73.15
Vietnam,VNM,2020-05-08,73.15
Vietnam,VNM,2020-05-09,73.15
Vietnam,VNM,2020-05-10,73.15
Vietnam,VNM,2020-05-11,73.15
Vietnam,VNM,2020-05-12,73.15
Vietnam,VNM,2020-05-13,73.15
Vietnam,VNM,2020-05-14,73.15
Vietnam,VNM,2020-05-15,69.44
Vietnam,VNM,2020-05-16,69.44
Vietnam,VNM,2020-05-17,69.44
Vietnam,VNM,2020-05-18,69.44
Vietnam,VNM,2020-05-19,69.44
Vietnam,VNM,2020-05-20,69.44
Vietnam,VNM,2020-05-21,69.44
Vietnam,VNM,2020-05-22,69.44
Vietnam,VNM,2020-05-23,69.44
Vietnam,VNM,2020-05-24,69.44
Vietnam,VNM,2020-05-25,69.44
Vietnam,VNM,2020-05-26,69.44
Vietnam,VNM,2020-05-27,69.44
Vietnam,VNM,2020-05-28,69.44
Vietnam,VNM,2020-05-29,69.44
Vietnam,VNM,2020-05-30,69.44
Vietnam,VNM,2020-05-31,69.44
Vietnam,VNM,2020-06-01,69.44
Vietnam,VNM,2020-06-02,69.44
Vietnam,VNM,2020-06-03,69.44
Vietnam,VNM,2020-06-04,69.44
Vietnam,VNM,2020-06-05,69.44
Vietnam,VNM,2020-06-06,69.44
Vietnam,VNM,2020-06-07,69.44
Vietnam,VNM,2020-06-08,69.44
Vietnam,VNM,2020-06-09,69.44
Vietnam,VNM,2020-06-10,69.44
Vietnam,VNM,2020-06-11,69.44
Vietnam,VNM,2020-06-12,69.44
Vietnam,VNM,2020-06-13,69.44
Vietnam,VNM,2020-06-14,69.44
Vietnam,VNM,2020-06-15,69.44
Vietnam,VNM,2020-06-16,58.33
Vietnam,VNM,2020-06-17,58.33
Vietnam,VNM,2020-06-18,58.33
Vietnam,VNM,2020-06-19,58.33
Vietnam,VNM,2020-06-20,58.33
Vietnam,VNM,2020-06-21,58.33
Vietnam,VNM,2020-06-22,58.33
Vietnam,VNM,2020-06-23,58.33
Vietnam,VNM,2020-06-24,58.33
Vietnam,VNM,2020-06-25,55.56
Vietnam,VNM,2020-06-26,55.56
Vietnam,VNM,2020-06-27,55.56
Vietnam,VNM,2020-06-28,55.56
Vietnam,VNM,2020-06-29,55.56
Vietnam,VNM,2020-06-30,55.56
Vietnam,VNM,2020-07-01,55.56
Vietnam,VNM,2020-07-02,55.56
Vietnam,VNM,2020-07-03,55.56
Vietnam,VNM,2020-07-04,55.56
Vietnam,VNM,2020-07-05,55.56
Vietnam,VNM,2020-07-06,55.56
Vietnam,VNM,2020-07-07,55.56
Vietnam,VNM,2020-07-08,55.56
Vietnam,VNM,2020-07-09,55.56
Vietnam,VNM,2020-07-10,55.56
Vietnam,VNM,2020-07-11,55.56
Vietnam,VNM,2020-07-12,55.56
Vietnam,VNM,2020-07-13,55.56
Vietnam,VNM,2020-07-14,55.56
Vietnam,VNM,2020-07-15,55.56
Vietnam,VNM,2020-07-16,55.56
Vietnam,VNM,2020-07-17,55.56
Vietnam,VNM,2020-07-18,55.56
Vietnam,VNM,2020-07-19,55.56
Vietnam,VNM,2020-07-20,55.56
Vietnam,VNM,2020-07-21,55.56
Vietnam,VNM,2020-07-22,55.56
Vietnam,VNM,2020-07-23,55.56
Vietnam,VNM,2020-07-24,55.56
Vietnam,VNM,2020-07-25,55.56
Vietnam,VNM,2020-07-26,55.56
Vietnam,VNM,2020-07-27,69.44
Vietnam,VNM,2020-07-28,75
Vietnam,VNM,2020-07-29,75
Vietnam,VNM,2020-07-30,75.46
Vietnam,VNM,2020-07-31,75.46
Vietnam,VNM,2020-08-01,75.46
Vietnam,VNM,2020-08-02,75.46
Vietnam,VNM,2020-08-03,75.46
Vietnam,VNM,2020-08-04,75.46
Vietnam,VNM,2020-08-05,75.46
Vietnam,VNM,2020-08-06,75.46
Vietnam,VNM,2020-08-07,75.46
Vietnam,VNM,2020-08-08,75.46
Vietnam,VNM,2020-08-09,75.46
Vietnam,VNM,2020-08-10,75.46
Vietnam,VNM,2020-08-11,75.46
Vietnam,VNM,2020-08-12,78.24
Vietnam,VNM,2020-08-13,78.24
Vietnam,VNM,2020-08-14,78.24
Vietnam,VNM,2020-08-15,78.24
Vietnam,VNM,2020-08-16,78.24
Vietnam,VNM,2020-08-17,78.24
Vietnam,VNM,2020-08-18,78.24
Vietnam,VNM,2020-08-19,78.24
Vietnam,VNM,2020-08-20,78.24
Vietnam,VNM,2020-08-21,78.24
Vietnam,VNM,2020-08-22,78.24
Vietnam,VNM,2020-08-23,78.24
Vietnam,VNM,2020-08-24,78.24
Vietnam,VNM,2020-08-25,78.24
Vietnam,VNM,2020-08-26,78.24
Vietnam,VNM,2020-08-27,78.24
Vietnam,VNM,2020-08-28,78.24
Vietnam,VNM,2020-08-29,78.24
Vietnam,VNM,2020-08-30,78.24
Vietnam,VNM,2020-08-31,78.24
Vietnam,VNM,2020-09-01,78.24
Vietnam,VNM,2020-09-02,74.54
Vietnam,VNM,2020-09-03,74.54
Vietnam,VNM,2020-09-04,74.54
Vietnam,VNM,2020-09-05,74.54
Vietnam,VNM,2020-09-06,78.24
Vietnam,VNM,2020-09-07,78.24
Vietnam,VNM,2020-09-08,78.24
Vietnam,VNM,2020-09-09,78.24
Vietnam,VNM,2020-09-10,78.24
Vietnam,VNM,2020-09-11,78.24
Vietnam,VNM,2020-09-12,78.24
Vietnam,VNM,2020-09-13,78.24
Vietnam,VNM,2020-09-14,74.54
Vietnam,VNM,2020-09-15,74.54
Vietnam,VNM,2020-09-16,74.54
Vietnam,VNM,2020-09-17,74.54
Vietnam,VNM,2020-09-18,74.54
Vietnam,VNM,2020-09-19,74.54
Vietnam,VNM,2020-09-20,74.54
Vietnam,VNM,2020-09-21,72.69
Vietnam,VNM,2020-09-22,72.69
Vietnam,VNM,2020-09-23,72.69
Vietnam,VNM,2020-09-24,72.69
Vietnam,VNM,2020-09-25,72.69
Vietnam,VNM,2020-09-26,55.56
Vietnam,VNM,2020-09-27,55.56
Vietnam,VNM,2020-09-28,55.56
Vietnam,VNM,2020-09-29,55.56
Vietnam,VNM,2020-09-30,55.56
Vietnam,VNM,2020-10-01,55.56
Vietnam,VNM,2020-10-02,55.56
Vietnam,VNM,2020-10-03,55.56
Vietnam,VNM,2020-10-04,55.56
Vietnam,VNM,2020-10-05,55.56
Vietnam,VNM,2020-10-06,55.56
Vietnam,VNM,2020-10-07,55.56
Vietnam,VNM,2020-10-08,55.56
Vietnam,VNM,2020-10-09,55.56
Vietnam,VNM,2020-10-10,55.56
Vietnam,VNM,2020-10-11,55.56
Vietnam,VNM,2020-10-12,55.56
Vietnam,VNM,2020-10-13,55.56
Vietnam,VNM,2020-10-14,55.56
Vietnam,VNM,2020-10-15,55.56
Vietnam,VNM,2020-10-16,55.56
Vietnam,VNM,2020-10-17,55.56
Vietnam,VNM,2020-10-18,55.56
Vietnam,VNM,2020-10-19,55.56
Vietnam,VNM,2020-10-20,55.56
Vietnam,VNM,2020-10-21,55.56
Vietnam,VNM,2020-10-22,55.56
Vietnam,VNM,2020-10-23,55.56
Vietnam,VNM,2020-10-24,55.56
Vietnam,VNM,2020-10-25,55.56
Vietnam,VNM,2020-10-26,55.56
Vietnam,VNM,2020-10-27,55.56
Vietnam,VNM,2020-10-28,55.56
Vietnam,VNM,2020-10-29,55.56
Vietnam,VNM,2020-10-30,55.56
Vietnam,VNM,2020-10-31,55.56
Vietnam,VNM,2020-11-01,55.56
Vietnam,VNM,2020-11-02,55.56
Vietnam,VNM,2020-11-03,43.06
Vietnam,VNM,2020-11-04,43.06
Vietnam,VNM,2020-11-05,43.06
Vietnam,VNM,2020-11-06,43.06
Vietnam,VNM,2020-11-07,43.06
Vietnam,VNM,2020-11-08,43.06
Vietnam,VNM,2020-11-09,43.06
Vietnam,VNM,2020-11-10,43.06
Vietnam,VNM,2020-11-11,43.06
Vietnam,VNM,2020-11-12,43.06
Vietnam,VNM,2020-11-13,43.06
Vietnam,VNM,2020-11-14,43.06
Vietnam,VNM,2020-11-15,43.06
Vietnam,VNM,2020-11-16,43.06
Vietnam,VNM,2020-11-17,46.76
Vietnam,VNM,2020-11-18,46.76
Vietnam,VNM,2020-11-19,46.76
Vietnam,VNM,2020-11-20,46.76
Vietnam,VNM,2020-11-21,46.76
Vietnam,VNM,2020-11-22,46.76
Vietnam,VNM,2020-11-23,46.76
Vietnam,VNM,2020-11-24,46.76
Vietnam,VNM,2020-11-25,46.76
Vietnam,VNM,2020-11-26,46.76
Vietnam,VNM,2020-11-27,46.76
Vietnam,VNM,2020-11-28,46.76
Vietnam,VNM,2020-11-29,46.76
Vietnam,VNM,2020-11-30,46.76
Vietnam,VNM,2020-12-01,46.76
Vietnam,VNM,2020-12-02,46.76
Vietnam,VNM,2020-12-03,52.31
Vietnam,VNM,2020-12-04,52.31
Vietnam,VNM,2020-12-05,52.31
Vietnam,VNM,2020-12-06,52.31
Vietnam,VNM,2020-12-07,52.31
Vietnam,VNM,2020-12-08,52.31
Vietnam,VNM,2020-12-09,52.31
Vietnam,VNM,2020-12-10,52.31
Vietnam,VNM,2020-12-11,52.31
Vietnam,VNM,2020-12-12,52.31
Vietnam,VNM,2020-12-13,52.31
Vietnam,VNM,2020-12-14,52.31
Vietnam,VNM,2020-12-15,55.09
Vietnam,VNM,2020-12-16,55.09
Vietnam,VNM,2020-12-17,55.09
Vietnam,VNM,2020-12-18,55.09
Vietnam,VNM,2020-12-19,55.09
Vietnam,VNM,2020-12-20,55.09
Vietnam,VNM,2020-12-21,55.09
Vietnam,VNM,2020-12-22,55.09
Vietnam,VNM,2020-12-23,55.09
Vietnam,VNM,2020-12-24,55.09
Vietnam,VNM,2020-12-25,55.09
Vietnam,VNM,2020-12-26,55.09
Vietnam,VNM,2020-12-27,55.09
Vietnam,VNM,2020-12-28,55.09
Vietnam,VNM,2020-12-29,55.09
Vietnam,VNM,2020-12-30,55.09
Vietnam,VNM,2020-12-31,55.09
Vietnam,VNM,2021-01-01,55.09
Vietnam,VNM,2021-01-02,55.09
Vietnam,VNM,2021-01-03,55.09
Vietnam,VNM,2021-01-04,55.09
Vietnam,VNM,2021-01-05,56.48
Vietnam,VNM,2021-01-06,56.48
Vietnam,VNM,2021-01-07,56.48
Vietnam,VNM,2021-01-08,56.48
Vietnam,VNM,2021-01-09,56.48
Vietnam,VNM,2021-01-10,56.48
Vietnam,VNM,2021-01-11,56.48
Vietnam,VNM,2021-01-12,56.48
Vietnam,VNM,2021-01-13,56.48
Vietnam,VNM,2021-01-14,56.48
Vietnam,VNM,2021-01-15,56.48
Vietnam,VNM,2021-01-16,56.48
Vietnam,VNM,2021-01-17,56.48
Vietnam,VNM,2021-01-18,56.48
Vietnam,VNM,2021-01-19,56.48
Vietnam,VNM,2021-01-20,56.48
Vietnam,VNM,2021-01-21,56.48
Vietnam,VNM,2021-01-22,56.48
Vietnam,VNM,2021-01-23,56.48
Vietnam,VNM,2021-01-24,56.48
Vietnam,VNM,2021-01-25,56.48
Vietnam,VNM,2021-01-26,67.59
Vietnam,VNM,2021-01-27,67.59
Vietnam,VNM,2021-01-28,67.59
Vietnam,VNM,2021-01-29,67.59
Vietnam,VNM,2021-01-30,67.59
Vietnam,VNM,2021-01-31,67.59
Vietnam,VNM,2021-02-01,67.59
Vietnam,VNM,2021-02-02,76.85
Vietnam,VNM,2021-02-03,76.85
Vietnam,VNM,2021-02-04,76.85
Vietnam,VNM,2021-02-05,76.85
Vietnam,VNM,2021-02-06,76.85
Vietnam,VNM,2021-02-07,76.85
Vietnam,VNM,2021-02-08,76.85
Vietnam,VNM,2021-02-09,76.85
Vietnam,VNM,2021-02-10,76.85
Vietnam,VNM,2021-02-11,76.85
Vietnam,VNM,2021-02-12,76.85
Vietnam,VNM,2021-02-13,76.85
Vietnam,VNM,2021-02-14,76.85
Vietnam,VNM,2021-02-15,76.85
Vietnam,VNM,2021-02-16,64.81
Vietnam,VNM,2021-02-17,64.81
Vietnam,VNM,2021-02-18,64.81
Vietnam,VNM,2021-02-19,64.81
Vietnam,VNM,2021-02-20,64.81
Vietnam,VNM,2021-02-21,64.81
Vietnam,VNM,2021-02-22,64.81
Vietnam,VNM,2021-02-23,64.81
Vietnam,VNM,2021-02-24,64.81
Vietnam,VNM,2021-02-25,64.81
Vietnam,VNM,2021-02-26,64.81
Vietnam,VNM,2021-02-27,64.81
Vietnam,VNM,2021-02-28,64.81
Vietnam,VNM,2021-03-01,64.81
Yemen,YEM,2020-01-01,0
Yemen,YEM,2020-01-02,0
Yemen,YEM,2020-01-03,0
Yemen,YEM,2020-01-04,0
Yemen,YEM,2020-01-05,0
Yemen,YEM,2020-01-06,0
Yemen,YEM,2020-01-07,0
Yemen,YEM,2020-01-08,0
Yemen,YEM,2020-01-09,0
Yemen,YEM,2020-01-10,0
Yemen,YEM,2020-01-11,0
Yemen,YEM,2020-01-12,0
Yemen,YEM,2020-01-13,0
Yemen,YEM,2020-01-14,0
Yemen,YEM,2020-01-15,0
Yemen,YEM,2020-01-16,0
Yemen,YEM,2020-01-17,0
Yemen,YEM,2020-01-18,0
Yemen,YEM,2020-01-19,0
Yemen,YEM,2020-01-20,0
Yemen,YEM,2020-01-21,0
Yemen,YEM,2020-01-22,0
Yemen,YEM,2020-01-23,0
Yemen,YEM,2020-01-24,0
Yemen,YEM,2020-01-25,0
Yemen,YEM,2020-01-26,0
Yemen,YEM,2020-01-27,0
Yemen,YEM,2020-01-28,0
Yemen,YEM,2020-01-29,0
Yemen,YEM,2020-01-30,0
Yemen,YEM,2020-01-31,0
Yemen,YEM,2020-02-01,0
Yemen,YEM,2020-02-02,0
Yemen,YEM,2020-02-03,0
Yemen,YEM,2020-02-04,0
Yemen,YEM,2020-02-05,0
Yemen,YEM,2020-02-06,0
Yemen,YEM,2020-02-07,0
Yemen,YEM,2020-02-08,0
Yemen,YEM,2020-02-09,0
Yemen,YEM,2020-02-10,0
Yemen,YEM,2020-02-11,0
Yemen,YEM,2020-02-12,0
Yemen,YEM,2020-02-13,0
Yemen,YEM,2020-02-14,0
Yemen,YEM,2020-02-15,0
Yemen,YEM,2020-02-16,0
Yemen,YEM,2020-02-17,0
Yemen,YEM,2020-02-18,0
Yemen,YEM,2020-02-19,0
Yemen,YEM,2020-02-20,0
Yemen,YEM,2020-02-21,0
Yemen,YEM,2020-02-22,0
Yemen,YEM,2020-02-23,0
Yemen,YEM,2020-02-24,0
Yemen,YEM,2020-02-25,0
Yemen,YEM,2020-02-26,0
Yemen,YEM,2020-02-27,0
Yemen,YEM,2020-02-28,0
Yemen,YEM,2020-02-29,0
Yemen,YEM,2020-03-01,0
Yemen,YEM,2020-03-02,0
Yemen,YEM,2020-03-03,0
Yemen,YEM,2020-03-04,0
Yemen,YEM,2020-03-05,0
Yemen,YEM,2020-03-06,0
Yemen,YEM,2020-03-07,0
Yemen,YEM,2020-03-08,0
Yemen,YEM,2020-03-09,0
Yemen,YEM,2020-03-10,0
Yemen,YEM,2020-03-11,0
Yemen,YEM,2020-03-12,0
Yemen,YEM,2020-03-13,0
Yemen,YEM,2020-03-14,0
Yemen,YEM,2020-03-15,11.11
Yemen,YEM,2020-03-16,11.11
Yemen,YEM,2020-03-17,22.22
Yemen,YEM,2020-03-18,33.33
Yemen,YEM,2020-03-19,33.33
Yemen,YEM,2020-03-20,33.33
Yemen,YEM,2020-03-21,38.89
Yemen,YEM,2020-03-22,38.89
Yemen,YEM,2020-03-23,38.89
Yemen,YEM,2020-03-24,38.89
Yemen,YEM,2020-03-25,38.89
Yemen,YEM,2020-03-26,38.89
Yemen,YEM,2020-03-27,38.89
Yemen,YEM,2020-03-28,38.89
Yemen,YEM,2020-03-29,38.89
Yemen,YEM,2020-03-30,38.89
Yemen,YEM,2020-03-31,38.89
Yemen,YEM,2020-04-01,38.89
Yemen,YEM,2020-04-02,38.89
Yemen,YEM,2020-04-03,38.89
Yemen,YEM,2020-04-04,38.89
Yemen,YEM,2020-04-05,38.89
Yemen,YEM,2020-04-06,38.89
Yemen,YEM,2020-04-07,38.89
Yemen,YEM,2020-04-08,38.89
Yemen,YEM,2020-04-09,38.89
Yemen,YEM,2020-04-10,40.74
Yemen,YEM,2020-04-11,40.74
Yemen,YEM,2020-04-12,40.74
Yemen,YEM,2020-04-13,40.74
Yemen,YEM,2020-04-14,40.74
Yemen,YEM,2020-04-15,40.74
Yemen,YEM,2020-04-16,40.74
Yemen,YEM,2020-04-17,40.74
Yemen,YEM,2020-04-18,40.74
Yemen,YEM,2020-04-19,40.74
Yemen,YEM,2020-04-20,40.74
Yemen,YEM,2020-04-21,40.74
Yemen,YEM,2020-04-22,40.74
Yemen,YEM,2020-04-23,40.74
Yemen,YEM,2020-04-24,40.74
Yemen,YEM,2020-04-25,40.74
Yemen,YEM,2020-04-26,40.74
Yemen,YEM,2020-04-27,40.74
Yemen,YEM,2020-04-28,40.74
Yemen,YEM,2020-04-29,40.74
Yemen,YEM,2020-04-30,52.78
Yemen,YEM,2020-05-01,58.33
Yemen,YEM,2020-05-02,58.33
Yemen,YEM,2020-05-03,58.33
Yemen,YEM,2020-05-04,58.33
Yemen,YEM,2020-05-05,56.48
Yemen,YEM,2020-05-06,56.48
Yemen,YEM,2020-05-07,56.48
Yemen,YEM,2020-05-08,56.48
Yemen,YEM,2020-05-09,56.48
Yemen,YEM,2020-05-10,56.48
Yemen,YEM,2020-05-11,56.48
Yemen,YEM,2020-05-12,56.48
Yemen,YEM,2020-05-13,56.48
Yemen,YEM,2020-05-14,56.48
Yemen,YEM,2020-05-15,56.48
Yemen,YEM,2020-05-16,56.48
Yemen,YEM,2020-05-17,56.48
Yemen,YEM,2020-05-18,56.48
Yemen,YEM,2020-05-19,56.48
Yemen,YEM,2020-05-20,56.48
Yemen,YEM,2020-05-21,56.48
Yemen,YEM,2020-05-22,56.48
Yemen,YEM,2020-05-23,56.48
Yemen,YEM,2020-05-24,56.48
Yemen,YEM,2020-05-25,56.48
Yemen,YEM,2020-05-26,56.48
Yemen,YEM,2020-05-27,56.48
Yemen,YEM,2020-05-28,58.33
Yemen,YEM,2020-05-29,58.33
Yemen,YEM,2020-05-30,58.33
Yemen,YEM,2020-05-31,58.33
Yemen,YEM,2020-06-01,58.33
Yemen,YEM,2020-06-02,58.33
Yemen,YEM,2020-06-03,58.33
Yemen,YEM,2020-06-04,58.33
Yemen,YEM,2020-06-05,58.33
Yemen,YEM,2020-06-06,58.33
Yemen,YEM,2020-06-07,58.33
Yemen,YEM,2020-06-08,58.33
Yemen,YEM,2020-06-09,58.33
Yemen,YEM,2020-06-10,58.33
Yemen,YEM,2020-06-11,58.33
Yemen,YEM,2020-06-12,58.33
Yemen,YEM,2020-06-13,58.33
Yemen,YEM,2020-06-14,58.33
Yemen,YEM,2020-06-15,58.33
Yemen,YEM,2020-06-16,58.33
Yemen,YEM,2020-06-17,58.33
Yemen,YEM,2020-06-18,58.33
Yemen,YEM,2020-06-19,58.33
Yemen,YEM,2020-06-20,58.33
Yemen,YEM,2020-06-21,58.33
Yemen,YEM,2020-06-22,58.33
Yemen,YEM,2020-06-23,58.33
Yemen,YEM,2020-06-24,58.33
Yemen,YEM,2020-06-25,58.33
Yemen,YEM,2020-06-26,58.33
Yemen,YEM,2020-06-27,58.33
Yemen,YEM,2020-06-28,58.33
Yemen,YEM,2020-06-29,58.33
Yemen,YEM,2020-06-30,58.33
Yemen,YEM,2020-07-01,58.33
Yemen,YEM,2020-07-02,58.33
Yemen,YEM,2020-07-03,58.33
Yemen,YEM,2020-07-04,58.33
Yemen,YEM,2020-07-05,58.33
Yemen,YEM,2020-07-06,58.33
Yemen,YEM,2020-07-07,58.33
Yemen,YEM,2020-07-08,58.33
Yemen,YEM,2020-07-09,58.33
Yemen,YEM,2020-07-10,58.33
Yemen,YEM,2020-07-11,58.33
Yemen,YEM,2020-07-12,58.33
Yemen,YEM,2020-07-13,31.48
Yemen,YEM,2020-07-14,31.48
Yemen,YEM,2020-07-15,31.48
Yemen,YEM,2020-07-16,31.48
Yemen,YEM,2020-07-17,31.48
Yemen,YEM,2020-07-18,31.48
Yemen,YEM,2020-07-19,31.48
Yemen,YEM,2020-07-20,31.48
Yemen,YEM,2020-07-21,31.48
Yemen,YEM,2020-07-22,31.48
Yemen,YEM,2020-07-23,31.48
Yemen,YEM,2020-07-24,31.48
Yemen,YEM,2020-07-25,31.48
Yemen,YEM,2020-07-26,31.48
Yemen,YEM,2020-07-27,31.48
Yemen,YEM,2020-07-28,31.48
Yemen,YEM,2020-07-29,31.48
Yemen,YEM,2020-07-30,31.48
Yemen,YEM,2020-07-31,31.48
Yemen,YEM,2020-08-01,31.48
Yemen,YEM,2020-08-02,31.48
Yemen,YEM,2020-08-03,31.48
Yemen,YEM,2020-08-04,31.48
Yemen,YEM,2020-08-05,31.48
Yemen,YEM,2020-08-06,31.48
Yemen,YEM,2020-08-07,31.48
Yemen,YEM,2020-08-08,31.48
Yemen,YEM,2020-08-09,31.48
Yemen,YEM,2020-08-10,31.48
Yemen,YEM,2020-08-11,31.48
Yemen,YEM,2020-08-12,31.48
Yemen,YEM,2020-08-13,31.48
Yemen,YEM,2020-08-14,31.48
Yemen,YEM,2020-08-15,31.48
Yemen,YEM,2020-08-16,31.48
Yemen,YEM,2020-08-17,31.48
Yemen,YEM,2020-08-18,31.48
Yemen,YEM,2020-08-19,31.48
Yemen,YEM,2020-08-20,31.48
Yemen,YEM,2020-08-21,31.48
Yemen,YEM,2020-08-22,31.48
Yemen,YEM,2020-08-23,31.48
Yemen,YEM,2020-08-24,31.48
Yemen,YEM,2020-08-25,31.48
Yemen,YEM,2020-08-26,31.48
Yemen,YEM,2020-08-27,31.48
Yemen,YEM,2020-08-28,31.48
Yemen,YEM,2020-08-29,31.48
Yemen,YEM,2020-08-30,31.48
Yemen,YEM,2020-08-31,31.48
Yemen,YEM,2020-09-01,31.48
Yemen,YEM,2020-09-02,31.48
Yemen,YEM,2020-09-03,31.48
Yemen,YEM,2020-09-04,31.48
Yemen,YEM,2020-09-05,31.48
Yemen,YEM,2020-09-06,27.78
Yemen,YEM,2020-09-07,27.78
Yemen,YEM,2020-09-08,27.78
Yemen,YEM,2020-09-09,27.78
Yemen,YEM,2020-09-10,27.78
Yemen,YEM,2020-09-11,27.78
Yemen,YEM,2020-09-12,27.78
Yemen,YEM,2020-09-13,27.78
Yemen,YEM,2020-09-14,27.78
Yemen,YEM,2020-09-15,27.78
Yemen,YEM,2020-09-16,27.78
Yemen,YEM,2020-09-17,27.78
Yemen,YEM,2020-09-18,27.78
Yemen,YEM,2020-09-19,27.78
Yemen,YEM,2020-09-20,27.78
Yemen,YEM,2020-09-21,27.78
Yemen,YEM,2020-09-22,27.78
Yemen,YEM,2020-09-23,27.78
Yemen,YEM,2020-09-24,27.78
Yemen,YEM,2020-09-25,27.78
Yemen,YEM,2020-09-26,27.78
Yemen,YEM,2020-09-27,27.78
Yemen,YEM,2020-09-28,27.78
Yemen,YEM,2020-09-29,41.67
Yemen,YEM,2020-09-30,41.67
Yemen,YEM,2020-10-01,41.67
Yemen,YEM,2020-10-02,41.67
Yemen,YEM,2020-10-03,41.67
Yemen,YEM,2020-10-04,34.26
Yemen,YEM,2020-10-05,34.26
Yemen,YEM,2020-10-06,34.26
Yemen,YEM,2020-10-07,34.26
Yemen,YEM,2020-10-08,34.26
Yemen,YEM,2020-10-09,34.26
Yemen,YEM,2020-10-10,34.26
Yemen,YEM,2020-10-11,34.26
Yemen,YEM,2020-10-12,34.26
Yemen,YEM,2020-10-13,33.33
Yemen,YEM,2020-10-14,33.33
Yemen,YEM,2020-10-15,33.33
Yemen,YEM,2020-10-16,33.33
Yemen,YEM,2020-10-17,33.33
Yemen,YEM,2020-10-18,33.33
Yemen,YEM,2020-10-19,33.33
Yemen,YEM,2020-10-20,33.33
Yemen,YEM,2020-10-21,33.33
Yemen,YEM,2020-10-22,33.33
Yemen,YEM,2020-10-23,33.33
Yemen,YEM,2020-10-24,33.33
Yemen,YEM,2020-10-25,33.33
Yemen,YEM,2020-10-26,33.33
Yemen,YEM,2020-10-27,22.22
Yemen,YEM,2020-10-28,22.22
Yemen,YEM,2020-10-29,22.22
Yemen,YEM,2020-10-30,16.67
Yemen,YEM,2020-10-31,16.67
Yemen,YEM,2020-11-01,16.67
Yemen,YEM,2020-11-02,16.67
Yemen,YEM,2020-11-03,16.67
Yemen,YEM,2020-11-04,16.67
Yemen,YEM,2020-11-05,16.67
Yemen,YEM,2020-11-06,16.67
Yemen,YEM,2020-11-07,16.67
Yemen,YEM,2020-11-08,16.67
Yemen,YEM,2020-11-09,16.67
Yemen,YEM,2020-11-10,16.67
Yemen,YEM,2020-11-11,16.67
Yemen,YEM,2020-11-12,16.67
Yemen,YEM,2020-11-13,16.67
Yemen,YEM,2020-11-14,16.67
Yemen,YEM,2020-11-15,16.67
Yemen,YEM,2020-11-16,16.67
Yemen,YEM,2020-11-17,16.67
Yemen,YEM,2020-11-18,16.67
Yemen,YEM,2020-11-19,16.67
Yemen,YEM,2020-11-20,16.67
Yemen,YEM,2020-11-21,16.67
Yemen,YEM,2020-11-22,16.67
Yemen,YEM,2020-11-23,16.67
Yemen,YEM,2020-11-24,16.67
Yemen,YEM,2020-11-25,16.67
Yemen,YEM,2020-11-26,16.67
Yemen,YEM,2020-11-27,16.67
Yemen,YEM,2020-11-28,16.67
Yemen,YEM,2020-11-29,16.67
Yemen,YEM,2020-11-30,16.67
Yemen,YEM,2020-12-01,16.67
Yemen,YEM,2020-12-02,16.67
Yemen,YEM,2020-12-03,16.67
Yemen,YEM,2020-12-04,16.67
Yemen,YEM,2020-12-05,16.67
Yemen,YEM,2020-12-06,16.67
Yemen,YEM,2020-12-07,16.67
Yemen,YEM,2020-12-08,16.67
Yemen,YEM,2020-12-09,16.67
Yemen,YEM,2020-12-10,16.67
Yemen,YEM,2020-12-11,16.67
Yemen,YEM,2020-12-12,16.67
Yemen,YEM,2020-12-13,16.67
Yemen,YEM,2020-12-14,16.67
Yemen,YEM,2020-12-15,16.67
Yemen,YEM,2020-12-16,22.22
Yemen,YEM,2020-12-17,22.22
Yemen,YEM,2020-12-18,22.22
Yemen,YEM,2020-12-19,22.22
Yemen,YEM,2020-12-20,27.78
Yemen,YEM,2020-12-21,27.78
Yemen,YEM,2020-12-22,27.78
Yemen,YEM,2020-12-23,27.78
Yemen,YEM,2020-12-24,27.78
Yemen,YEM,2020-12-25,27.78
Yemen,YEM,2020-12-26,27.78
Yemen,YEM,2020-12-27,27.78
Yemen,YEM,2020-12-28,27.78
Yemen,YEM,2020-12-29,27.78
Yemen,YEM,2020-12-30,27.78
Yemen,YEM,2020-12-31,27.78
Yemen,YEM,2021-01-01,27.78
Yemen,YEM,2021-01-02,27.78
Yemen,YEM,2021-01-03,27.78
Yemen,YEM,2021-01-04,27.78
Yemen,YEM,2021-01-05,27.78
Yemen,YEM,2021-01-06,27.78
Yemen,YEM,2021-01-07,27.78
Yemen,YEM,2021-01-08,27.78
Yemen,YEM,2021-01-09,25
Yemen,YEM,2021-01-10,25
Yemen,YEM,2021-01-11,25
Yemen,YEM,2021-01-12,25
Yemen,YEM,2021-01-13,25
Yemen,YEM,2021-01-14,25
Yemen,YEM,2021-01-15,25
Yemen,YEM,2021-01-16,25
Yemen,YEM,2021-01-17,25
Yemen,YEM,2021-01-18,25
Yemen,YEM,2021-01-19,25
Yemen,YEM,2021-01-20,25
Yemen,YEM,2021-01-21,25
Yemen,YEM,2021-01-22,25
Yemen,YEM,2021-01-23,25
Yemen,YEM,2021-01-24,25
Yemen,YEM,2021-01-25,25
Yemen,YEM,2021-01-26,25
Yemen,YEM,2021-01-27,25
Yemen,YEM,2021-01-28,25
Yemen,YEM,2021-01-29,25
Yemen,YEM,2021-01-30,25
Yemen,YEM,2021-01-31,25
Yemen,YEM,2021-02-01,25
Yemen,YEM,2021-02-02,25
Yemen,YEM,2021-02-03,25
Yemen,YEM,2021-02-04,25
Yemen,YEM,2021-02-05,25
Yemen,YEM,2021-02-06,25
Yemen,YEM,2021-02-07,25
Yemen,YEM,2021-02-08,25
Yemen,YEM,2021-02-09,25
Yemen,YEM,2021-02-10,25
Yemen,YEM,2021-02-11,25
Yemen,YEM,2021-02-12,25
Yemen,YEM,2021-02-13,25
Yemen,YEM,2021-02-14,25
Yemen,YEM,2021-02-15,25
Yemen,YEM,2021-02-16,25
Yemen,YEM,2021-02-17,25
Yemen,YEM,2021-02-18,25
Yemen,YEM,2021-02-19,25
Yemen,YEM,2021-02-20,25
Yemen,YEM,2021-02-21,25
Yemen,YEM,2021-02-22,25
Yemen,YEM,2021-02-23,25
Yemen,YEM,2021-02-24,25
Yemen,YEM,2021-02-25,25
Yemen,YEM,2021-02-26,25
Yemen,YEM,2021-02-27,25
Yemen,YEM,2021-02-28,25
Yemen,YEM,2021-03-01,25
Yemen,YEM,2021-03-02,25
Yemen,YEM,2021-03-03,25
Yemen,YEM,2021-03-04,25
Yemen,YEM,2021-03-05,25
Yemen,YEM,2021-03-06,25
Yemen,YEM,2021-03-07,25
Yemen,YEM,2021-03-08,25
Zambia,ZMB,2020-01-01,0
Zambia,ZMB,2020-01-02,0
Zambia,ZMB,2020-01-03,0
Zambia,ZMB,2020-01-04,0
Zambia,ZMB,2020-01-05,0
Zambia,ZMB,2020-01-06,0
Zambia,ZMB,2020-01-07,0
Zambia,ZMB,2020-01-08,0
Zambia,ZMB,2020-01-09,0
Zambia,ZMB,2020-01-10,0
Zambia,ZMB,2020-01-11,0
Zambia,ZMB,2020-01-12,0
Zambia,ZMB,2020-01-13,0
Zambia,ZMB,2020-01-14,0
Zambia,ZMB,2020-01-15,0
Zambia,ZMB,2020-01-16,0
Zambia,ZMB,2020-01-17,0
Zambia,ZMB,2020-01-18,0
Zambia,ZMB,2020-01-19,0
Zambia,ZMB,2020-01-20,0
Zambia,ZMB,2020-01-21,0
Zambia,ZMB,2020-01-22,0
Zambia,ZMB,2020-01-23,0
Zambia,ZMB,2020-01-24,0
Zambia,ZMB,2020-01-25,0
Zambia,ZMB,2020-01-26,0
Zambia,ZMB,2020-01-27,0
Zambia,ZMB,2020-01-28,0
Zambia,ZMB,2020-01-29,0
Zambia,ZMB,2020-01-30,0
Zambia,ZMB,2020-01-31,0
Zambia,ZMB,2020-02-01,0
Zambia,ZMB,2020-02-02,0
Zambia,ZMB,2020-02-03,0
Zambia,ZMB,2020-02-04,0
Zambia,ZMB,2020-02-05,0
Zambia,ZMB,2020-02-06,0
Zambia,ZMB,2020-02-07,0
Zambia,ZMB,2020-02-08,0
Zambia,ZMB,2020-02-09,0
Zambia,ZMB,2020-02-10,0
Zambia,ZMB,2020-02-11,0
Zambia,ZMB,2020-02-12,0
Zambia,ZMB,2020-02-13,0
Zambia,ZMB,2020-02-14,0
Zambia,ZMB,2020-02-15,0
Zambia,ZMB,2020-02-16,0
Zambia,ZMB,2020-02-17,0
Zambia,ZMB,2020-02-18,0
Zambia,ZMB,2020-02-19,0
Zambia,ZMB,2020-02-20,0
Zambia,ZMB,2020-02-21,16.67
Zambia,ZMB,2020-02-22,16.67
Zambia,ZMB,2020-02-23,16.67
Zambia,ZMB,2020-02-24,16.67
Zambia,ZMB,2020-02-25,16.67
Zambia,ZMB,2020-02-26,16.67
Zambia,ZMB,2020-02-27,16.67
Zambia,ZMB,2020-02-28,16.67
Zambia,ZMB,2020-02-29,16.67
Zambia,ZMB,2020-03-01,16.67
Zambia,ZMB,2020-03-02,16.67
Zambia,ZMB,2020-03-03,16.67
Zambia,ZMB,2020-03-04,16.67
Zambia,ZMB,2020-03-05,16.67
Zambia,ZMB,2020-03-06,16.67
Zambia,ZMB,2020-03-07,16.67
Zambia,ZMB,2020-03-08,16.67
Zambia,ZMB,2020-03-09,16.67
Zambia,ZMB,2020-03-10,16.67
Zambia,ZMB,2020-03-11,16.67
Zambia,ZMB,2020-03-12,16.67
Zambia,ZMB,2020-03-13,16.67
Zambia,ZMB,2020-03-14,16.67
Zambia,ZMB,2020-03-15,16.67
Zambia,ZMB,2020-03-16,16.67
Zambia,ZMB,2020-03-17,16.67
Zambia,ZMB,2020-03-18,16.67
Zambia,ZMB,2020-03-19,16.67
Zambia,ZMB,2020-03-20,27.78
Zambia,ZMB,2020-03-21,27.78
Zambia,ZMB,2020-03-22,27.78
Zambia,ZMB,2020-03-23,27.78
Zambia,ZMB,2020-03-24,27.78
Zambia,ZMB,2020-03-25,27.78
Zambia,ZMB,2020-03-26,36.11
Zambia,ZMB,2020-03-27,41.67
Zambia,ZMB,2020-03-28,41.67
Zambia,ZMB,2020-03-29,47.22
Zambia,ZMB,2020-03-30,47.22
Zambia,ZMB,2020-03-31,47.22
Zambia,ZMB,2020-04-01,47.22
Zambia,ZMB,2020-04-02,47.22
Zambia,ZMB,2020-04-03,47.22
Zambia,ZMB,2020-04-04,47.22
Zambia,ZMB,2020-04-05,47.22
Zambia,ZMB,2020-04-06,47.22
Zambia,ZMB,2020-04-07,47.22
Zambia,ZMB,2020-04-08,47.22
Zambia,ZMB,2020-04-09,50.93
Zambia,ZMB,2020-04-10,50.93
Zambia,ZMB,2020-04-11,50.93
Zambia,ZMB,2020-04-12,50.93
Zambia,ZMB,2020-04-13,50.93
Zambia,ZMB,2020-04-14,53.7
Zambia,ZMB,2020-04-15,65.28
Zambia,ZMB,2020-04-16,65.28
Zambia,ZMB,2020-04-17,65.28
Zambia,ZMB,2020-04-18,65.28
Zambia,ZMB,2020-04-19,65.28
Zambia,ZMB,2020-04-20,65.28
Zambia,ZMB,2020-04-21,65.28
Zambia,ZMB,2020-04-22,65.28
Zambia,ZMB,2020-04-23,65.28
Zambia,ZMB,2020-04-24,65.28
Zambia,ZMB,2020-04-25,65.28
Zambia,ZMB,2020-04-26,65.28
Zambia,ZMB,2020-04-27,65.28
Zambia,ZMB,2020-04-28,65.28
Zambia,ZMB,2020-04-29,65.28
Zambia,ZMB,2020-04-30,65.28
Zambia,ZMB,2020-05-01,65.28
Zambia,ZMB,2020-05-02,70.83
Zambia,ZMB,2020-05-03,70.83
Zambia,ZMB,2020-05-04,70.83
Zambia,ZMB,2020-05-05,70.83
Zambia,ZMB,2020-05-06,70.83
Zambia,ZMB,2020-05-07,70.83
Zambia,ZMB,2020-05-08,43.52
Zambia,ZMB,2020-05-09,43.52
Zambia,ZMB,2020-05-10,43.52
Zambia,ZMB,2020-05-11,43.52
Zambia,ZMB,2020-05-12,43.52
Zambia,ZMB,2020-05-13,43.52
Zambia,ZMB,2020-05-14,43.52
Zambia,ZMB,2020-05-15,43.52
Zambia,ZMB,2020-05-16,43.52
Zambia,ZMB,2020-05-17,43.52
Zambia,ZMB,2020-05-18,43.52
Zambia,ZMB,2020-05-19,43.52
Zambia,ZMB,2020-05-20,43.52
Zambia,ZMB,2020-05-21,43.52
Zambia,ZMB,2020-05-22,43.52
Zambia,ZMB,2020-05-23,43.52
Zambia,ZMB,2020-05-24,43.52
Zambia,ZMB,2020-05-25,43.52
Zambia,ZMB,2020-05-26,43.52
Zambia,ZMB,2020-05-27,43.52
Zambia,ZMB,2020-05-28,43.52
Zambia,ZMB,2020-05-29,43.52
Zambia,ZMB,2020-05-30,43.52
Zambia,ZMB,2020-05-31,43.52
Zambia,ZMB,2020-06-01,39.81
Zambia,ZMB,2020-06-02,39.81
Zambia,ZMB,2020-06-03,39.81
Zambia,ZMB,2020-06-04,39.81
Zambia,ZMB,2020-06-05,39.81
Zambia,ZMB,2020-06-06,39.81
Zambia,ZMB,2020-06-07,39.81
Zambia,ZMB,2020-06-08,39.81
Zambia,ZMB,2020-06-09,39.81
Zambia,ZMB,2020-06-10,39.81
Zambia,ZMB,2020-06-11,39.81
Zambia,ZMB,2020-06-12,39.81
Zambia,ZMB,2020-06-13,39.81
Zambia,ZMB,2020-06-14,39.81
Zambia,ZMB,2020-06-15,39.81
Zambia,ZMB,2020-06-16,39.81
Zambia,ZMB,2020-06-17,39.81
Zambia,ZMB,2020-06-18,39.81
Zambia,ZMB,2020-06-19,39.81
Zambia,ZMB,2020-06-20,39.81
Zambia,ZMB,2020-06-21,39.81
Zambia,ZMB,2020-06-22,39.81
Zambia,ZMB,2020-06-23,39.81
Zambia,ZMB,2020-06-24,39.81
Zambia,ZMB,2020-06-25,50.93
Zambia,ZMB,2020-06-26,50.93
Zambia,ZMB,2020-06-27,50.93
Zambia,ZMB,2020-06-28,50.93
Zambia,ZMB,2020-06-29,50.93
Zambia,ZMB,2020-06-30,50.93
Zambia,ZMB,2020-07-01,50.93
Zambia,ZMB,2020-07-02,50.93
Zambia,ZMB,2020-07-03,50.93
Zambia,ZMB,2020-07-04,50.93
Zambia,ZMB,2020-07-05,50.93
Zambia,ZMB,2020-07-06,50.93
Zambia,ZMB,2020-07-07,50.93
Zambia,ZMB,2020-07-08,50.93
Zambia,ZMB,2020-07-09,50.93
Zambia,ZMB,2020-07-10,50.93
Zambia,ZMB,2020-07-11,50.93
Zambia,ZMB,2020-07-12,50.93
Zambia,ZMB,2020-07-13,50.93
Zambia,ZMB,2020-07-14,50.93
Zambia,ZMB,2020-07-15,50.93
Zambia,ZMB,2020-07-16,50.93
Zambia,ZMB,2020-07-17,50.93
Zambia,ZMB,2020-07-18,50.93
Zambia,ZMB,2020-07-19,50.93
Zambia,ZMB,2020-07-20,50.93
Zambia,ZMB,2020-07-21,50.93
Zambia,ZMB,2020-07-22,50.93
Zambia,ZMB,2020-07-23,50.93
Zambia,ZMB,2020-07-24,50.93
Zambia,ZMB,2020-07-25,50.93
Zambia,ZMB,2020-07-26,50.93
Zambia,ZMB,2020-07-27,50.93
Zambia,ZMB,2020-07-28,50.93
Zambia,ZMB,2020-07-29,50.93
Zambia,ZMB,2020-07-30,50.93
Zambia,ZMB,2020-07-31,50.93
Zambia,ZMB,2020-08-01,50.93
Zambia,ZMB,2020-08-02,50.93
Zambia,ZMB,2020-08-03,50.93
Zambia,ZMB,2020-08-04,50.93
Zambia,ZMB,2020-08-05,50.93
Zambia,ZMB,2020-08-06,50.93
Zambia,ZMB,2020-08-07,50.93
Zambia,ZMB,2020-08-08,50.93
Zambia,ZMB,2020-08-09,50.93
Zambia,ZMB,2020-08-10,50.93
Zambia,ZMB,2020-08-11,50.93
Zambia,ZMB,2020-08-12,50.93
Zambia,ZMB,2020-08-13,50.93
Zambia,ZMB,2020-08-14,50.93
Zambia,ZMB,2020-08-15,50.93
Zambia,ZMB,2020-08-16,50.93
Zambia,ZMB,2020-08-17,50.93
Zambia,ZMB,2020-08-18,50.93
Zambia,ZMB,2020-08-19,50.93
Zambia,ZMB,2020-08-20,49.07
Zambia,ZMB,2020-08-21,49.07
Zambia,ZMB,2020-08-22,49.07
Zambia,ZMB,2020-08-23,49.07
Zambia,ZMB,2020-08-24,49.07
Zambia,ZMB,2020-08-25,49.07
Zambia,ZMB,2020-08-26,49.07
Zambia,ZMB,2020-08-27,49.07
Zambia,ZMB,2020-08-28,49.07
Zambia,ZMB,2020-08-29,49.07
Zambia,ZMB,2020-08-30,49.07
Zambia,ZMB,2020-08-31,49.07
Zambia,ZMB,2020-09-01,50.93
Zambia,ZMB,2020-09-02,50.93
Zambia,ZMB,2020-09-03,50.93
Zambia,ZMB,2020-09-04,50.93
Zambia,ZMB,2020-09-05,50.93
Zambia,ZMB,2020-09-06,50.93
Zambia,ZMB,2020-09-07,50.93
Zambia,ZMB,2020-09-08,50.93
Zambia,ZMB,2020-09-09,50.93
Zambia,ZMB,2020-09-10,50.93
Zambia,ZMB,2020-09-11,50.93
Zambia,ZMB,2020-09-12,50.93
Zambia,ZMB,2020-09-13,50.93
Zambia,ZMB,2020-09-14,47.22
Zambia,ZMB,2020-09-15,47.22
Zambia,ZMB,2020-09-16,47.22
Zambia,ZMB,2020-09-17,47.22
Zambia,ZMB,2020-09-18,47.22
Zambia,ZMB,2020-09-19,47.22
Zambia,ZMB,2020-09-20,47.22
Zambia,ZMB,2020-09-21,47.22
Zambia,ZMB,2020-09-22,47.22
Zambia,ZMB,2020-09-23,47.22
Zambia,ZMB,2020-09-24,47.22
Zambia,ZMB,2020-09-25,47.22
Zambia,ZMB,2020-09-26,48.15
Zambia,ZMB,2020-09-27,48.15
Zambia,ZMB,2020-09-28,48.15
Zambia,ZMB,2020-09-29,48.15
Zambia,ZMB,2020-09-30,48.15
Zambia,ZMB,2020-10-01,48.15
Zambia,ZMB,2020-10-02,48.15
Zambia,ZMB,2020-10-03,48.15
Zambia,ZMB,2020-10-04,48.15
Zambia,ZMB,2020-10-05,48.15
Zambia,ZMB,2020-10-06,45.37
Zambia,ZMB,2020-10-07,45.37
Zambia,ZMB,2020-10-08,45.37
Zambia,ZMB,2020-10-09,45.37
Zambia,ZMB,2020-10-10,45.37
Zambia,ZMB,2020-10-11,45.37
Zambia,ZMB,2020-10-12,45.37
Zambia,ZMB,2020-10-13,45.37
Zambia,ZMB,2020-10-14,45.37
Zambia,ZMB,2020-10-15,45.37
Zambia,ZMB,2020-10-16,45.37
Zambia,ZMB,2020-10-17,45.37
Zambia,ZMB,2020-10-18,45.37
Zambia,ZMB,2020-10-19,45.37
Zambia,ZMB,2020-10-20,45.37
Zambia,ZMB,2020-10-21,45.37
Zambia,ZMB,2020-10-22,45.37
Zambia,ZMB,2020-10-23,45.37
Zambia,ZMB,2020-10-24,45.37
Zambia,ZMB,2020-10-25,45.37
Zambia,ZMB,2020-10-26,45.37
Zambia,ZMB,2020-10-27,45.37
Zambia,ZMB,2020-10-28,45.37
Zambia,ZMB,2020-10-29,45.37
Zambia,ZMB,2020-10-30,45.37
Zambia,ZMB,2020-10-31,45.37
Zambia,ZMB,2020-11-01,45.37
Zambia,ZMB,2020-11-02,45.37
Zambia,ZMB,2020-11-03,45.37
Zambia,ZMB,2020-11-04,45.37
Zambia,ZMB,2020-11-05,45.37
Zambia,ZMB,2020-11-06,45.37
Zambia,ZMB,2020-11-07,45.37
Zambia,ZMB,2020-11-08,45.37
Zambia,ZMB,2020-11-09,45.37
Zambia,ZMB,2020-11-10,45.37
Zambia,ZMB,2020-11-11,45.37
Zambia,ZMB,2020-11-12,45.37
Zambia,ZMB,2020-11-13,45.37
Zambia,ZMB,2020-11-14,45.37
Zambia,ZMB,2020-11-15,45.37
Zambia,ZMB,2020-11-16,45.37
Zambia,ZMB,2020-11-17,45.37
Zambia,ZMB,2020-11-18,45.37
Zambia,ZMB,2020-11-19,45.37
Zambia,ZMB,2020-11-20,45.37
Zambia,ZMB,2020-11-21,45.37
Zambia,ZMB,2020-11-22,45.37
Zambia,ZMB,2020-11-23,45.37
Zambia,ZMB,2020-11-24,45.37
Zambia,ZMB,2020-11-25,45.37
Zambia,ZMB,2020-11-26,45.37
Zambia,ZMB,2020-11-27,45.37
Zambia,ZMB,2020-11-28,45.37
Zambia,ZMB,2020-11-29,45.37
Zambia,ZMB,2020-11-30,45.37
Zambia,ZMB,2020-12-01,45.37
Zambia,ZMB,2020-12-02,45.37
Zambia,ZMB,2020-12-03,45.37
Zambia,ZMB,2020-12-04,45.37
Zambia,ZMB,2020-12-05,45.37
Zambia,ZMB,2020-12-06,45.37
Zambia,ZMB,2020-12-07,45.37
Zambia,ZMB,2020-12-08,45.37
Zambia,ZMB,2020-12-09,45.37
Zambia,ZMB,2020-12-10,45.37
Zambia,ZMB,2020-12-11,45.37
Zambia,ZMB,2020-12-12,45.37
Zambia,ZMB,2020-12-13,45.37
Zambia,ZMB,2020-12-14,49.07
Zambia,ZMB,2020-12-15,49.07
Zambia,ZMB,2020-12-16,49.07
Zambia,ZMB,2020-12-17,49.07
Zambia,ZMB,2020-12-18,49.07
Zambia,ZMB,2020-12-19,49.07
Zambia,ZMB,2020-12-20,49.07
Zambia,ZMB,2020-12-21,49.07
Zambia,ZMB,2020-12-22,49.07
Zambia,ZMB,2020-12-23,49.07
Zambia,ZMB,2020-12-24,49.07
Zambia,ZMB,2020-12-25,49.07
Zambia,ZMB,2020-12-26,49.07
Zambia,ZMB,2020-12-27,49.07
Zambia,ZMB,2020-12-28,49.07
Zambia,ZMB,2020-12-29,49.07
Zambia,ZMB,2020-12-30,49.07
Zambia,ZMB,2020-12-31,49.07
Zambia,ZMB,2021-01-01,49.07
Zambia,ZMB,2021-01-02,49.07
Zambia,ZMB,2021-01-03,49.07
Zambia,ZMB,2021-01-04,49.07
Zambia,ZMB,2021-01-05,49.07
Zambia,ZMB,2021-01-06,49.07
Zambia,ZMB,2021-01-07,49.07
Zambia,ZMB,2021-01-08,49.07
Zambia,ZMB,2021-01-09,49.07
Zambia,ZMB,2021-01-10,49.07
Zambia,ZMB,2021-01-11,49.07
Zambia,ZMB,2021-01-12,49.07
Zambia,ZMB,2021-01-13,49.07
Zambia,ZMB,2021-01-14,49.07
Zambia,ZMB,2021-01-15,49.07
Zambia,ZMB,2021-01-16,49.07
Zambia,ZMB,2021-01-17,49.07
Zambia,ZMB,2021-01-18,49.07
Zambia,ZMB,2021-01-19,49.07
Zambia,ZMB,2021-01-20,49.07
Zambia,ZMB,2021-01-21,49.07
Zambia,ZMB,2021-01-22,49.07
Zambia,ZMB,2021-01-23,49.07
Zambia,ZMB,2021-01-24,49.07
Zambia,ZMB,2021-01-25,49.07
Zambia,ZMB,2021-01-26,49.07
Zambia,ZMB,2021-01-27,49.07
Zambia,ZMB,2021-01-28,49.07
Zambia,ZMB,2021-01-29,49.07
Zambia,ZMB,2021-01-30,49.07
Zambia,ZMB,2021-01-31,43.52
Zambia,ZMB,2021-02-01,36.11
Zambia,ZMB,2021-02-02,36.11
Zambia,ZMB,2021-02-03,36.11
Zambia,ZMB,2021-02-04,36.11
Zambia,ZMB,2021-02-05,36.11
Zambia,ZMB,2021-02-06,36.11
Zambia,ZMB,2021-02-07,36.11
Zambia,ZMB,2021-02-08,36.11
Zambia,ZMB,2021-02-09,36.11
Zambia,ZMB,2021-02-10,36.11
Zambia,ZMB,2021-02-11,36.11
Zambia,ZMB,2021-02-12,36.11
Zambia,ZMB,2021-02-13,36.11
Zambia,ZMB,2021-02-14,36.11
Zambia,ZMB,2021-02-15,36.11
Zambia,ZMB,2021-02-16,36.11
Zambia,ZMB,2021-02-17,36.11
Zambia,ZMB,2021-02-18,36.11
Zambia,ZMB,2021-02-19,36.11
Zambia,ZMB,2021-02-20,36.11
Zambia,ZMB,2021-02-21,36.11
Zambia,ZMB,2021-02-22,36.11
Zambia,ZMB,2021-02-23,36.11
Zambia,ZMB,2021-02-24,36.11
Zambia,ZMB,2021-02-25,36.11
Zambia,ZMB,2021-02-26,36.11
Zambia,ZMB,2021-02-27,36.11
Zambia,ZMB,2021-02-28,36.11
Zambia,ZMB,2021-03-01,36.11
Zambia,ZMB,2021-03-02,36.11
Zambia,ZMB,2021-03-03,36.11
Zambia,ZMB,2021-03-04,36.11
Zambia,ZMB,2021-03-05,36.11
Zambia,ZMB,2021-03-06,36.11
Zambia,ZMB,2021-03-07,36.11
Zambia,ZMB,2021-03-08,36.11
Zimbabwe,ZWE,2020-01-01,0
Zimbabwe,ZWE,2020-01-02,0
Zimbabwe,ZWE,2020-01-03,0
Zimbabwe,ZWE,2020-01-04,0
Zimbabwe,ZWE,2020-01-05,0
Zimbabwe,ZWE,2020-01-06,0
Zimbabwe,ZWE,2020-01-07,0
Zimbabwe,ZWE,2020-01-08,0
Zimbabwe,ZWE,2020-01-09,0
Zimbabwe,ZWE,2020-01-10,0
Zimbabwe,ZWE,2020-01-11,0
Zimbabwe,ZWE,2020-01-12,0
Zimbabwe,ZWE,2020-01-13,0
Zimbabwe,ZWE,2020-01-14,0
Zimbabwe,ZWE,2020-01-15,0
Zimbabwe,ZWE,2020-01-16,0
Zimbabwe,ZWE,2020-01-17,0
Zimbabwe,ZWE,2020-01-18,0
Zimbabwe,ZWE,2020-01-19,0
Zimbabwe,ZWE,2020-01-20,0
Zimbabwe,ZWE,2020-01-21,0
Zimbabwe,ZWE,2020-01-22,0
Zimbabwe,ZWE,2020-01-23,0
Zimbabwe,ZWE,2020-01-24,0
Zimbabwe,ZWE,2020-01-25,0
Zimbabwe,ZWE,2020-01-26,0
Zimbabwe,ZWE,2020-01-27,5.56
Zimbabwe,ZWE,2020-01-28,8.33
Zimbabwe,ZWE,2020-01-29,8.33
Zimbabwe,ZWE,2020-01-30,8.33
Zimbabwe,ZWE,2020-01-31,8.33
Zimbabwe,ZWE,2020-02-01,8.33
Zimbabwe,ZWE,2020-02-02,8.33
Zimbabwe,ZWE,2020-02-03,8.33
Zimbabwe,ZWE,2020-02-04,8.33
Zimbabwe,ZWE,2020-02-05,8.33
Zimbabwe,ZWE,2020-02-06,8.33
Zimbabwe,ZWE,2020-02-07,8.33
Zimbabwe,ZWE,2020-02-08,8.33
Zimbabwe,ZWE,2020-02-09,8.33
Zimbabwe,ZWE,2020-02-10,8.33
Zimbabwe,ZWE,2020-02-11,8.33
Zimbabwe,ZWE,2020-02-12,8.33
Zimbabwe,ZWE,2020-02-13,8.33
Zimbabwe,ZWE,2020-02-14,8.33
Zimbabwe,ZWE,2020-02-15,8.33
Zimbabwe,ZWE,2020-02-16,8.33
Zimbabwe,ZWE,2020-02-17,8.33
Zimbabwe,ZWE,2020-02-18,8.33
Zimbabwe,ZWE,2020-02-19,8.33
Zimbabwe,ZWE,2020-02-20,8.33
Zimbabwe,ZWE,2020-02-21,8.33
Zimbabwe,ZWE,2020-02-22,8.33
Zimbabwe,ZWE,2020-02-23,8.33
Zimbabwe,ZWE,2020-02-24,8.33
Zimbabwe,ZWE,2020-02-25,8.33
Zimbabwe,ZWE,2020-02-26,8.33
Zimbabwe,ZWE,2020-02-27,8.33
Zimbabwe,ZWE,2020-02-28,8.33
Zimbabwe,ZWE,2020-02-29,8.33
Zimbabwe,ZWE,2020-03-01,8.33
Zimbabwe,ZWE,2020-03-02,8.33
Zimbabwe,ZWE,2020-03-03,8.33
Zimbabwe,ZWE,2020-03-04,8.33
Zimbabwe,ZWE,2020-03-05,8.33
Zimbabwe,ZWE,2020-03-06,8.33
Zimbabwe,ZWE,2020-03-07,8.33
Zimbabwe,ZWE,2020-03-08,8.33
Zimbabwe,ZWE,2020-03-09,8.33
Zimbabwe,ZWE,2020-03-10,8.33
Zimbabwe,ZWE,2020-03-11,8.33
Zimbabwe,ZWE,2020-03-12,8.33
Zimbabwe,ZWE,2020-03-13,8.33
Zimbabwe,ZWE,2020-03-14,8.33
Zimbabwe,ZWE,2020-03-15,8.33
Zimbabwe,ZWE,2020-03-16,8.33
Zimbabwe,ZWE,2020-03-17,27.78
Zimbabwe,ZWE,2020-03-18,27.78
Zimbabwe,ZWE,2020-03-19,27.78
Zimbabwe,ZWE,2020-03-20,27.78
Zimbabwe,ZWE,2020-03-21,27.78
Zimbabwe,ZWE,2020-03-22,27.78
Zimbabwe,ZWE,2020-03-23,45.37
Zimbabwe,ZWE,2020-03-24,56.48
Zimbabwe,ZWE,2020-03-25,56.48
Zimbabwe,ZWE,2020-03-26,56.48
Zimbabwe,ZWE,2020-03-27,62.04
Zimbabwe,ZWE,2020-03-28,62.04
Zimbabwe,ZWE,2020-03-29,62.04
Zimbabwe,ZWE,2020-03-30,87.96
Zimbabwe,ZWE,2020-03-31,87.96
Zimbabwe,ZWE,2020-04-01,87.96
Zimbabwe,ZWE,2020-04-02,87.96
Zimbabwe,ZWE,2020-04-03,87.96
Zimbabwe,ZWE,2020-04-04,87.96
Zimbabwe,ZWE,2020-04-05,87.96
Zimbabwe,ZWE,2020-04-06,87.96
Zimbabwe,ZWE,2020-04-07,87.96
Zimbabwe,ZWE,2020-04-08,87.96
Zimbabwe,ZWE,2020-04-09,87.96
Zimbabwe,ZWE,2020-04-10,87.96
Zimbabwe,ZWE,2020-04-11,87.96
Zimbabwe,ZWE,2020-04-12,87.96
Zimbabwe,ZWE,2020-04-13,87.96
Zimbabwe,ZWE,2020-04-14,87.96
Zimbabwe,ZWE,2020-04-15,87.96
Zimbabwe,ZWE,2020-04-16,87.96
Zimbabwe,ZWE,2020-04-17,87.96
Zimbabwe,ZWE,2020-04-18,87.96
Zimbabwe,ZWE,2020-04-19,87.96
Zimbabwe,ZWE,2020-04-20,87.96
Zimbabwe,ZWE,2020-04-21,87.96
Zimbabwe,ZWE,2020-04-22,87.96
Zimbabwe,ZWE,2020-04-23,87.96
Zimbabwe,ZWE,2020-04-24,87.96
Zimbabwe,ZWE,2020-04-25,87.96
Zimbabwe,ZWE,2020-04-26,87.96
Zimbabwe,ZWE,2020-04-27,87.96
Zimbabwe,ZWE,2020-04-28,87.96
Zimbabwe,ZWE,2020-04-29,87.96
Zimbabwe,ZWE,2020-04-30,87.96
Zimbabwe,ZWE,2020-05-01,87.96
Zimbabwe,ZWE,2020-05-02,87.96
Zimbabwe,ZWE,2020-05-03,87.96
Zimbabwe,ZWE,2020-05-04,87.96
Zimbabwe,ZWE,2020-05-05,87.96
Zimbabwe,ZWE,2020-05-06,87.96
Zimbabwe,ZWE,2020-05-07,87.96
Zimbabwe,ZWE,2020-05-08,87.96
Zimbabwe,ZWE,2020-05-09,87.96
Zimbabwe,ZWE,2020-05-10,87.96
Zimbabwe,ZWE,2020-05-11,87.96
Zimbabwe,ZWE,2020-05-12,87.96
Zimbabwe,ZWE,2020-05-13,87.96
Zimbabwe,ZWE,2020-05-14,87.96
Zimbabwe,ZWE,2020-05-15,87.96
Zimbabwe,ZWE,2020-05-16,87.96
Zimbabwe,ZWE,2020-05-17,87.96
Zimbabwe,ZWE,2020-05-18,87.96
Zimbabwe,ZWE,2020-05-19,87.96
Zimbabwe,ZWE,2020-05-20,87.96
Zimbabwe,ZWE,2020-05-21,87.96
Zimbabwe,ZWE,2020-05-22,87.96
Zimbabwe,ZWE,2020-05-23,87.96
Zimbabwe,ZWE,2020-05-24,87.96
Zimbabwe,ZWE,2020-05-25,87.96
Zimbabwe,ZWE,2020-05-26,87.96
Zimbabwe,ZWE,2020-05-27,87.96
Zimbabwe,ZWE,2020-05-28,87.96
Zimbabwe,ZWE,2020-05-29,87.96
Zimbabwe,ZWE,2020-05-30,87.96
Zimbabwe,ZWE,2020-05-31,87.96
Zimbabwe,ZWE,2020-06-01,87.96
Zimbabwe,ZWE,2020-06-02,87.96
Zimbabwe,ZWE,2020-06-03,87.96
Zimbabwe,ZWE,2020-06-04,87.96
Zimbabwe,ZWE,2020-06-05,70.37
Zimbabwe,ZWE,2020-06-06,70.37
Zimbabwe,ZWE,2020-06-07,70.37
Zimbabwe,ZWE,2020-06-08,70.37
Zimbabwe,ZWE,2020-06-09,70.37
Zimbabwe,ZWE,2020-06-10,70.37
Zimbabwe,ZWE,2020-06-11,70.37
Zimbabwe,ZWE,2020-06-12,70.37
Zimbabwe,ZWE,2020-06-13,70.37
Zimbabwe,ZWE,2020-06-14,70.37
Zimbabwe,ZWE,2020-06-15,70.37
Zimbabwe,ZWE,2020-06-16,70.37
Zimbabwe,ZWE,2020-06-17,70.37
Zimbabwe,ZWE,2020-06-18,70.37
Zimbabwe,ZWE,2020-06-19,70.37
Zimbabwe,ZWE,2020-06-20,70.37
Zimbabwe,ZWE,2020-06-21,70.37
Zimbabwe,ZWE,2020-06-22,70.37
Zimbabwe,ZWE,2020-06-23,70.37
Zimbabwe,ZWE,2020-06-24,70.37
Zimbabwe,ZWE,2020-06-25,70.37
Zimbabwe,ZWE,2020-06-26,70.37
Zimbabwe,ZWE,2020-06-27,70.37
Zimbabwe,ZWE,2020-06-28,70.37
Zimbabwe,ZWE,2020-06-29,70.37
Zimbabwe,ZWE,2020-06-30,70.37
Zimbabwe,ZWE,2020-07-01,70.37
Zimbabwe,ZWE,2020-07-02,70.37
Zimbabwe,ZWE,2020-07-03,70.37
Zimbabwe,ZWE,2020-07-04,70.37
Zimbabwe,ZWE,2020-07-05,70.37
Zimbabwe,ZWE,2020-07-06,70.37
Zimbabwe,ZWE,2020-07-07,70.37
Zimbabwe,ZWE,2020-07-08,73.15
Zimbabwe,ZWE,2020-07-09,73.15
Zimbabwe,ZWE,2020-07-10,73.15
Zimbabwe,ZWE,2020-07-11,73.15
Zimbabwe,ZWE,2020-07-12,73.15
Zimbabwe,ZWE,2020-07-13,73.15
Zimbabwe,ZWE,2020-07-14,73.15
Zimbabwe,ZWE,2020-07-15,73.15
Zimbabwe,ZWE,2020-07-16,73.15
Zimbabwe,ZWE,2020-07-17,73.15
Zimbabwe,ZWE,2020-07-18,73.15
Zimbabwe,ZWE,2020-07-19,73.15
Zimbabwe,ZWE,2020-07-20,73.15
Zimbabwe,ZWE,2020-07-21,73.15
Zimbabwe,ZWE,2020-07-22,76.85
Zimbabwe,ZWE,2020-07-23,76.85
Zimbabwe,ZWE,2020-07-24,80.56
Zimbabwe,ZWE,2020-07-25,80.56
Zimbabwe,ZWE,2020-07-26,80.56
Zimbabwe,ZWE,2020-07-27,80.56
Zimbabwe,ZWE,2020-07-28,80.56
Zimbabwe,ZWE,2020-07-29,80.56
Zimbabwe,ZWE,2020-07-30,80.56
Zimbabwe,ZWE,2020-07-31,80.56
Zimbabwe,ZWE,2020-08-01,80.56
Zimbabwe,ZWE,2020-08-02,80.56
Zimbabwe,ZWE,2020-08-03,80.56
Zimbabwe,ZWE,2020-08-04,80.56
Zimbabwe,ZWE,2020-08-05,80.56
Zimbabwe,ZWE,2020-08-06,80.56
Zimbabwe,ZWE,2020-08-07,80.56
Zimbabwe,ZWE,2020-08-08,80.56
Zimbabwe,ZWE,2020-08-09,80.56
Zimbabwe,ZWE,2020-08-10,80.56
Zimbabwe,ZWE,2020-08-11,80.56
Zimbabwe,ZWE,2020-08-12,80.56
Zimbabwe,ZWE,2020-08-13,80.56
Zimbabwe,ZWE,2020-08-14,80.56
Zimbabwe,ZWE,2020-08-15,80.56
Zimbabwe,ZWE,2020-08-16,80.56
Zimbabwe,ZWE,2020-08-17,80.56
Zimbabwe,ZWE,2020-08-18,80.56
Zimbabwe,ZWE,2020-08-19,80.56
Zimbabwe,ZWE,2020-08-20,80.56
Zimbabwe,ZWE,2020-08-21,80.56
Zimbabwe,ZWE,2020-08-22,80.56
Zimbabwe,ZWE,2020-08-23,80.56
Zimbabwe,ZWE,2020-08-24,80.56
Zimbabwe,ZWE,2020-08-25,80.56
Zimbabwe,ZWE,2020-08-26,80.56
Zimbabwe,ZWE,2020-08-27,80.56
Zimbabwe,ZWE,2020-08-28,80.56
Zimbabwe,ZWE,2020-08-29,80.56
Zimbabwe,ZWE,2020-08-30,80.56
Zimbabwe,ZWE,2020-08-31,80.56
Zimbabwe,ZWE,2020-09-01,80.56
Zimbabwe,ZWE,2020-09-02,80.56
Zimbabwe,ZWE,2020-09-03,80.56
Zimbabwe,ZWE,2020-09-04,80.56
Zimbabwe,ZWE,2020-09-05,80.56
Zimbabwe,ZWE,2020-09-06,80.56
Zimbabwe,ZWE,2020-09-07,80.56
Zimbabwe,ZWE,2020-09-08,80.56
Zimbabwe,ZWE,2020-09-09,80.56
Zimbabwe,ZWE,2020-09-10,80.56
Zimbabwe,ZWE,2020-09-11,80.56
Zimbabwe,ZWE,2020-09-12,80.56
Zimbabwe,ZWE,2020-09-13,80.56
Zimbabwe,ZWE,2020-09-14,76.85
Zimbabwe,ZWE,2020-09-15,76.85
Zimbabwe,ZWE,2020-09-16,76.85
Zimbabwe,ZWE,2020-09-17,76.85
Zimbabwe,ZWE,2020-09-18,76.85
Zimbabwe,ZWE,2020-09-19,76.85
Zimbabwe,ZWE,2020-09-20,76.85
Zimbabwe,ZWE,2020-09-21,76.85
Zimbabwe,ZWE,2020-09-22,76.85
Zimbabwe,ZWE,2020-09-23,76.85
Zimbabwe,ZWE,2020-09-24,76.85
Zimbabwe,ZWE,2020-09-25,76.85
Zimbabwe,ZWE,2020-09-26,76.85
Zimbabwe,ZWE,2020-09-27,76.85
Zimbabwe,ZWE,2020-09-28,76.85
Zimbabwe,ZWE,2020-09-29,76.85
Zimbabwe,ZWE,2020-09-30,76.85
Zimbabwe,ZWE,2020-10-01,71.3
Zimbabwe,ZWE,2020-10-02,71.3
Zimbabwe,ZWE,2020-10-03,71.3
Zimbabwe,ZWE,2020-10-04,71.3
Zimbabwe,ZWE,2020-10-05,71.3
Zimbabwe,ZWE,2020-10-06,71.3
Zimbabwe,ZWE,2020-10-07,71.3
Zimbabwe,ZWE,2020-10-08,71.3
Zimbabwe,ZWE,2020-10-09,71.3
Zimbabwe,ZWE,2020-10-10,71.3
Zimbabwe,ZWE,2020-10-11,71.3
Zimbabwe,ZWE,2020-10-12,71.3
Zimbabwe,ZWE,2020-10-13,71.3
Zimbabwe,ZWE,2020-10-14,71.3
Zimbabwe,ZWE,2020-10-15,71.3
Zimbabwe,ZWE,2020-10-16,71.3
Zimbabwe,ZWE,2020-10-17,71.3
Zimbabwe,ZWE,2020-10-18,71.3
Zimbabwe,ZWE,2020-10-19,71.3
Zimbabwe,ZWE,2020-10-20,71.3
Zimbabwe,ZWE,2020-10-21,71.3
Zimbabwe,ZWE,2020-10-22,71.3
Zimbabwe,ZWE,2020-10-23,71.3
Zimbabwe,ZWE,2020-10-24,71.3
Zimbabwe,ZWE,2020-10-25,71.3
Zimbabwe,ZWE,2020-10-26,71.3
Zimbabwe,ZWE,2020-10-27,71.3
Zimbabwe,ZWE,2020-10-28,71.3
Zimbabwe,ZWE,2020-10-29,71.3
Zimbabwe,ZWE,2020-10-30,71.3
Zimbabwe,ZWE,2020-10-31,71.3
Zimbabwe,ZWE,2020-11-01,71.3
Zimbabwe,ZWE,2020-11-02,71.3
Zimbabwe,ZWE,2020-11-03,71.3
Zimbabwe,ZWE,2020-11-04,71.3
Zimbabwe,ZWE,2020-11-05,71.3
Zimbabwe,ZWE,2020-11-06,71.3
Zimbabwe,ZWE,2020-11-07,71.3
Zimbabwe,ZWE,2020-11-08,71.3
Zimbabwe,ZWE,2020-11-09,67.59
Zimbabwe,ZWE,2020-11-10,67.59
Zimbabwe,ZWE,2020-11-11,67.59
Zimbabwe,ZWE,2020-11-12,67.59
Zimbabwe,ZWE,2020-11-13,67.59
Zimbabwe,ZWE,2020-11-14,67.59
Zimbabwe,ZWE,2020-11-15,67.59
Zimbabwe,ZWE,2020-11-16,67.59
Zimbabwe,ZWE,2020-11-17,67.59
Zimbabwe,ZWE,2020-11-18,67.59
Zimbabwe,ZWE,2020-11-19,67.59
Zimbabwe,ZWE,2020-11-20,67.59
Zimbabwe,ZWE,2020-11-21,67.59
Zimbabwe,ZWE,2020-11-22,67.59
Zimbabwe,ZWE,2020-11-23,67.59
Zimbabwe,ZWE,2020-11-24,67.59
Zimbabwe,ZWE,2020-11-25,67.59
Zimbabwe,ZWE,2020-11-26,67.59
Zimbabwe,ZWE,2020-11-27,67.59
Zimbabwe,ZWE,2020-11-28,67.59
Zimbabwe,ZWE,2020-11-29,67.59
Zimbabwe,ZWE,2020-11-30,67.59
Zimbabwe,ZWE,2020-12-01,67.59
Zimbabwe,ZWE,2020-12-02,67.59
Zimbabwe,ZWE,2020-12-03,67.59
Zimbabwe,ZWE,2020-12-04,67.59
Zimbabwe,ZWE,2020-12-05,67.59
Zimbabwe,ZWE,2020-12-06,67.59
Zimbabwe,ZWE,2020-12-07,67.59
Zimbabwe,ZWE,2020-12-08,67.59
Zimbabwe,ZWE,2020-12-09,67.59
Zimbabwe,ZWE,2020-12-10,67.59
Zimbabwe,ZWE,2020-12-11,67.59
Zimbabwe,ZWE,2020-12-12,67.59
Zimbabwe,ZWE,2020-12-13,67.59
Zimbabwe,ZWE,2020-12-14,67.59
Zimbabwe,ZWE,2020-12-15,67.59
Zimbabwe,ZWE,2020-12-16,67.59
Zimbabwe,ZWE,2020-12-17,67.59
Zimbabwe,ZWE,2020-12-18,69.44
Zimbabwe,ZWE,2020-12-19,69.44
Zimbabwe,ZWE,2020-12-20,69.44
Zimbabwe,ZWE,2020-12-21,69.44
Zimbabwe,ZWE,2020-12-22,69.44
Zimbabwe,ZWE,2020-12-23,69.44
Zimbabwe,ZWE,2020-12-24,69.44
Zimbabwe,ZWE,2020-12-25,69.44
Zimbabwe,ZWE,2020-12-26,69.44
Zimbabwe,ZWE,2020-12-27,69.44
Zimbabwe,ZWE,2020-12-28,69.44
Zimbabwe,ZWE,2020-12-29,69.44
Zimbabwe,ZWE,2020-12-30,69.44
Zimbabwe,ZWE,2020-12-31,69.44
Zimbabwe,ZWE,2021-01-01,69.44
Zimbabwe,ZWE,2021-01-02,69.44
Zimbabwe,ZWE,2021-01-03,69.44
Zimbabwe,ZWE,2021-01-04,69.44
Zimbabwe,ZWE,2021-01-05,87.04
Zimbabwe,ZWE,2021-01-06,87.04
Zimbabwe,ZWE,2021-01-07,87.04
Zimbabwe,ZWE,2021-01-08,87.04
Zimbabwe,ZWE,2021-01-09,87.04
Zimbabwe,ZWE,2021-01-10,87.04
Zimbabwe,ZWE,2021-01-11,87.04
Zimbabwe,ZWE,2021-01-12,87.04
Zimbabwe,ZWE,2021-01-13,87.04
Zimbabwe,ZWE,2021-01-14,87.04
Zimbabwe,ZWE,2021-01-15,87.04
Zimbabwe,ZWE,2021-01-16,87.04
Zimbabwe,ZWE,2021-01-17,87.04
Zimbabwe,ZWE,2021-01-18,84.26
Zimbabwe,ZWE,2021-01-19,84.26
Zimbabwe,ZWE,2021-01-20,84.26
Zimbabwe,ZWE,2021-01-21,84.26
Zimbabwe,ZWE,2021-01-22,84.26
Zimbabwe,ZWE,2021-01-23,84.26
Zimbabwe,ZWE,2021-01-24,84.26
Zimbabwe,ZWE,2021-01-25,84.26
Zimbabwe,ZWE,2021-01-26,84.26
Zimbabwe,ZWE,2021-01-27,84.26
Zimbabwe,ZWE,2021-01-28,84.26
Zimbabwe,ZWE,2021-01-29,84.26
Zimbabwe,ZWE,2021-01-30,84.26
Zimbabwe,ZWE,2021-01-31,84.26
Zimbabwe,ZWE,2021-02-01,84.26
Zimbabwe,ZWE,2021-02-02,84.26
Zimbabwe,ZWE,2021-02-03,84.26
Zimbabwe,ZWE,2021-02-04,84.26
Zimbabwe,ZWE,2021-02-05,84.26
Zimbabwe,ZWE,2021-02-06,84.26
Zimbabwe,ZWE,2021-02-07,84.26
Zimbabwe,ZWE,2021-02-08,84.26
Zimbabwe,ZWE,2021-02-09,84.26
Zimbabwe,ZWE,2021-02-10,84.26
Zimbabwe,ZWE,2021-02-11,84.26
Zimbabwe,ZWE,2021-02-12,84.26
Zimbabwe,ZWE,2021-02-13,84.26
Zimbabwe,ZWE,2021-02-14,84.26
Zimbabwe,ZWE,2021-02-15,84.26
Zimbabwe,ZWE,2021-02-16,87.96
Zimbabwe,ZWE,2021-02-17,87.96
Zimbabwe,ZWE,2021-02-18,87.96
Zimbabwe,ZWE,2021-02-19,87.96
Zimbabwe,ZWE,2021-02-20,87.96
Zimbabwe,ZWE,2021-02-21,87.96
Zimbabwe,ZWE,2021-02-22,87.96
Zimbabwe,ZWE,2021-02-23,87.96
Zimbabwe,ZWE,2021-02-24,87.96
Zimbabwe,ZWE,2021-02-25,87.96
Zimbabwe,ZWE,2021-02-26,87.96
Zimbabwe,ZWE,2021-02-27,87.96
Zimbabwe,ZWE,2021-02-28,87.96
Zimbabwe,ZWE,2021-03-01,87.96
Zimbabwe,ZWE,2021-03-02,35.19
Zimbabwe,ZWE,2021-03-03,35.19
Zimbabwe,ZWE,2021-03-04,35.19
Zimbabwe,ZWE,2021-03-05,35.19
Zimbabwe,ZWE,2021-03-06,35.19
Zimbabwe,ZWE,2021-03-07,35.19
Zimbabwe,ZWE,2021-03-08,35.19